1 3 1183 1185 1190 1195
2






4 128 1187 1189 1193
5 127
6 126
7 125
8 124
9 123
10 122
11 121
12 120
13 119
14 118
15 117
16 116
17 115
18 114
19 113
20 112
21 111
22 110
23 109
24 108
25 107
26 106
27 105
28 104
29 103
30 102
31 101
32 100
33 99
34 98
35 97
36 96
37 95
38 94
39 93
40 92
41 91
42 90
43 89
44 88
45 87
46 86
47 85
48 84
49 83
50 82
51 81
52 80
53 79
54 78
55 77
56 76
57 75
58 74
59 73
60 72
61 71
62 70
63 69
64 68
65 67
66
129 788 1184 1192
130 787
131 786
132 785
133 784
134 407
135 406
136 405
137 404
138 403
139 402
140 401
141 400
142 399
143 398
144 397
145 396
146
147 395
148 394
149 393
150 392
151 391
152 275
153 274
154 273
155 272
156 271
157 270
158 269
159 268
160 267
161 266
162 265
163 264
164 263
165 262
166 261
167 260
168 259
169 258
170 257
171 256
172 255
173 254
174 253
175 252
176 251
177 250
178 249
179 248
180 247
181 246
182 245
183 244
184 243
185 209
186 208
187 207
188 206
189 205
190 204
191 203
192 202
193 201
194 200
195 199
196 198
197
210 242
211 241
212 240
213 239
214 238
215 237
216 236
217 235
218 234
219 233
220 232
221 231
222 230
223 229
224 228
225 227
226
276 390
277 389
278 388
279 387
280 386
281 385
282 384
283 383
284 382
285 381
286 380
287 379
288 378
289 377
290 376
291 375
292 374
293 373
294 372
295 371
296 370
297 369
298 368
299 367
300 366
301 365
302 364
303 363
304 362
305 361
306 360
307 359
308 358
309 357
310 356
311 355
312 354
313 353
314 352
315 351
316 350
317 349
318 348
319 347
320 346
321 345
322 344
323 343
324 342
325 341
326 340
327 339
328 338
329 337
330 336
331 335
332 334
333
408 783
409 782
410 781
411 780
412 779
413 765
414 764
415 624
416 623
417 622
418 621
419 620
420 619
421 618
422 617
423 616
424 615
425 614
426 613
427 612
428 611
429 610
430 609
431 608
432 607
433 606
434 605
435 604
436 603
437 543
438 542
439 541
440 540
441 539
442 538
443 537
444 536
445 526
446 525
447 524
448 523
449 522
450 521
451 520
452 519
453 518
454 517
455 516
456 515
457 514
458 513
459 512
460 511
461 510
462 509
463 508
464 507
465 506
466 505
467 504
468 503
469 502
470 501
471 479
472 478
473 477
474 476
475
480 500
481 499
482 498
483 497
484 496
485 495
486 494
487 493
488 492
489 491
490
527 535
528 534
529 533
530 532
531
544 602
545 601
546 600
547 599
548 598
549 597
550 596
551 595
552 594
553 593
554 592
555 591
556 590
557 589
558 588
559 587
560 586
561 585
562 584
563 583
564 582
565 581
566 580
567 579
568 578
569 577
570 576
571 575
572 574
573
625 763
626 762
627 761
628 760
629 759
630 758
631 757
632 756
633 755
634 754
635 753
636 752
637 751
638
639 750
640 749
641 748
642 747
643 746
644 745
645 744
646 743
647 742
648 741
649 740
650 739
651 738
652 737
653 736
654 735
655 734
656 733
657 732
658 731
659 730
660 729
661 728
662 727
663 710
664 709
665 708
666 707
667 706
668 705
669 704
670 703
671 702
672 701
673 687
674 686
675 685
676 684
677 683
678 682
679 681
680
688 700
689 699
690 698
691 697
692 696
693 695
694
711 726
712 725
713 724
714 723
715 722
716
717 721
718 720
719
766 778
767 777
768 776
769 775
770 774
771 773
772
789 1067 1186 1194
790 1066
791 1065
792 1064
793 1063
794 1062
795 1061
796 1060
797 1059
798 1058
799 1057
800 949
801 948
802 947
803 946
804 945
805 944
806 874
807 873
808 872
809 871
810 870
811 869
812 868
813 867
814 866
815 865
816 864
817 863
818 862
819 861
820 860
821 859
822 858
823 857
824 856
825 855
826 854
827 853
828 852
829 851
830 850
831 849
832 848
833 847
834 846
835 845
836 844
837 843
838 842
839 841
840
875 943
876 942
877 941
878 940
879 939
880 938
881 937
882 936
883 935
884 934
885 933
886 932
887 931
888 930
889 929
890 928
891 927
892 926
893 925
894 924
895 923
896 922
897 921
898 920
899 919
900 918
901 917
902 916
903 915
904 914
905 913
906 912
907 911
908 910
909
950 1056
951 1055
952 1054
953 1053
954 1052
955 1051
956 1050
957 1049
958 1048
959 1047
960 1046
961 1045
962 1044
963 1043
964 1042
965 1041
966 1040
967 1039
968 1038
969 1037
970 1036
971 1035
972 1034
973 1033
974 1032
975 1031
976 1030
977 1029
978 1028
979 1027
980 1026
981 1025
982 1024
983 1023
984 1022
985 1021
986 1020
987 1019
988 1018
989 1017
990 1016
991 1015
992 1014
993 1013
994 1012
995 1011
996 1010
997 1009
998 1008
999 1007
1000 1006
1001 1005
1002 1004
1003
1068 1182 1188 1191
1069 1181
1070 1180
1071 1179
1072 1178
1073 1177
1074 1176
1075 1175
1076 1174
1077 1173
1078 1172
1079 1081
1080
1082 1171
1083 1170
1084 1169
1085 1168
1086 1106
1087 1105
1088 1104
1089 1103
1090 1102
1091 1101
1092 1100
1093 1099
1094 1098
1095 1097
1096
1107 1167
1108 1166
1109 1165
1110 1164
1111 1163
1112 1162
1113 1161
1114 1160
1115 1159
1116 1158
1117 1157
1118 1156
1119 1155
1120 1154
1121 1153
1122 1152
1123 1151
1124 1150
1125 1149
1126 1148
1127 1147
1128 1146
1129 1145
1130 1144
1131 1143
1132 1142
1133 1141
1134 1140
1135 1139
1136 1138
1137
