"V1" "V2" "V3" "V4" "V5" "V6" "V7" "V8" "V9" "V10" "V11" "V12" "V13" "V14" "V15" "V16"
"1" -12.8577866543908 3.41401940503633 0.239573587989181 -0.0242884827616194 8.11012663213966 -2.81491822894883 -0.0235190764359956 0.191322614946912 7.8307826698646 3.21010555901312 0.0127408161571498 -0.29738627881693 -9.54002597322417 -2.09236188332005 0.341926692269737 0.647521780198986
"2" -17.40376238657 4.43154888151392 0.268551589485071 -0.639140590703562 13.8142615177078 -3.2874968338573 -0.0327975450956774 0.759120319823239 9.88809468091848 3.26726393423928 0.0145472650229834 0.0011957626406911 -15.674540781145 -1.33327222844409 0.460967299267168 0.168016899305712
"3" -13.2816467926518 3.34853719232927 0.0970112737358235 -1.54661036732762 15.3511780157642 -2.16872931468806 -0.027389093302709 1.45209334582626 6.7036278293861 1.37998332925693 0.0156242788315666 0.589120234629263 -16.4249952282225 0.637038851058897 0.349487697392306 -0.9266184032208
"4" -6.54696914671988 1.97320535392666 -0.0770010677750506 -1.83619125097107 12.1677991761918 -1.45013042102583 -0.0163551955265646 1.59450048435636 3.02160102964855 0.522840452409426 0.0238071895237866 0.755385100761487 -11.9814579201944 0.722992110897451 0.169145495552698 -1.32196377858099
"5" 3.15422832191116 0.20811807825234 -0.253719789174191 -1.30560310988403 3.19042155918632 -1.31191847364052 0.0011945760717289 0.999939842951505 -0.828197999751152 1.02074939166238 0.0397665352358025 0.371130198046558 -0.89896517478023 -1.7491444883026 -0.101924263065143 -0.80721727368973
"6" 9.39214653693486 -1.62285413033894 -0.290416191842553 -0.0726052100889092 -5.77145424178626 -0.76584399049932 0.0136934364612387 -0.146380011035205 -2.37813715083945 1.08050255599842 0.030503319413782 -0.260961031202896 9.64588399890336 -3.63201696825601 -0.328016894720349 0.195859596710761
"7" 11.3497067995723 -4.221011687388 -0.204727187094015 1.11574506105353 -10.3494653407194 1.83703944137729 0.0184035084703495 -1.19779851349134 -2.75941981867586 -2.01553637845238 -0.0254137770520941 -0.570112459530037 14.8166288035515 -1.1845750746348 -0.527316982364937 0.68288101165399
"8" 9.70664085183609 -7.36148080178759 -0.029854000224887 1.95457182573955 -10.309412713625 6.1838599452758 0.0168685772655763 -1.89490448095677 -2.52617912751256 -7.87325382894736 -0.115586014461243 -0.503395451820779 14.4580083160066 5.22280829329886 -0.706089929861832 0.533283139725881
"9" 5.6763798163536 -10.1396519512011 0.187945527304088 2.51618521734525 -7.50547712758236 10.7060375380489 0.0125430029131124 -2.31075633440463 -1.6824149588725 -14.1324729227099 -0.208633404996672 -0.264091709493641 10.6717776091175 12.6872123451804 -0.816973279442436 0.119877895945592
"10" 0.777642087621761 -11.6406923051888 0.38612312401505 2.90971978358664 -3.65797217744516 13.788608980131 0.00906209968147387 -2.56107317013445 -0.474254765986027 -18.3656931388615 -0.272619435832667 -0.00703455667462549 5.45528903485999 18.2153324530666 -0.788906910205355 -0.239159717993971
"11" -3.58655845412326 -11.2555726506478 0.507191693499657 3.17416881653384 0.118099057731145 14.3093191556437 0.00915345154561109 -2.70274914444747 0.662119983698349 -18.8981779896086 -0.284479018287435 0.197703187388925 0.17712126967556 19.7291760499854 -0.569166357473136 -0.383960897875113
"12" -6.51695637732239 -8.83838958684603 0.520686250758096 3.2649650307194 3.17062220130096 11.8945423600942 0.0140972140196656 -2.71197336025939 1.39386017934444 -15.180441885717 -0.235191445671418 0.326876591411747 -4.31344836130974 16.4831764347237 -0.160905009073076 -0.281248994238467
"13" -7.74605164816419 -4.75609421127888 0.431067660351459 3.05557499533694 5.20509544894029 6.99576859332941 0.0235853848237504 -2.48179855576808 1.60835135763631 -7.89631952535241 -0.1313905927787 0.384429873500949 -7.58932306481903 9.17765430525944 0.362760312840919 -0.00277136599743244
"14" -7.53030529067933 0.232269439604693 0.271220263945089 2.38826471621286 6.20757182234419 0.695232953025908 0.0358863420221098 -1.86893850976794 1.3871139509687 1.33292413239381 0.00761814052643572 0.390859302320905 -9.56361938218948 -0.389069238891754 0.880399234257766 0.312491779843185
"15" -6.40799392747815 5.22606688165567 0.0872333346304472 1.1632730915349 6.34670835733561 -5.69194639986359 0.0482583649473529 -0.777489699624155 0.916072814517915 10.5497684164088 0.156271110893684 0.371394161587887 -10.3794537536839 -10.0199191417133 1.26789609301835 0.519326698785335
"16" -4.94425574576782 9.44313361448823 -0.077730560226307 -0.587201675211645 5.86952771809427 -11.0273673788495 0.0575319142815314 0.77077055652758 0.389462297863647 18.0768413026923 0.289786483035066 0.345367148115201 -10.2905709433517 -17.8339215978212 1.44231279192871 0.523109951456263
"17" -3.55878033725133 12.3850327755268 -0.194156682940374 -2.68265473794867 5.0197190071301 -14.6055732953931 0.0607313947602695 2.61914802491029 -0.0543371913854616 22.8986791826419 0.389305846142317 0.320806170781907 -9.56596458528862 -22.7066728781059 1.38352146404463 0.307022960168069
"18" -2.46682341283788 13.8743671840998 -0.249385615285313 -4.83754105566743 3.99231902003378 -16.2073322952266 0.0556142826886639 4.51415942416723 -0.3533378790722 24.7351417811217 0.444098622107372 0.294630124993546 -8.4347928009223 -24.3514186915086 1.12937000033185 -0.0745083003848777
"19" -1.70489144310803 13.9956221691964 -0.244918035254045 -6.7337490943948 2.9203399343618 -16.0069983834014 0.0411035329190454 6.17157504005775 -0.510205269284853 23.8949617065134 0.451229282830461 0.254481539825974 -7.06765000724868 -23.1422350527635 0.753726702086794 -0.520532878912491
"20" -1.18840277246128 12.9941391776719 -0.190009641072947 -8.08697134248314 1.87845273182569 -14.4359492843998 0.0177391607276629 7.33870370330909 -0.568299273381596 21.0658056427013 0.413715074987181 0.172974503321711 -5.57807134473872 -19.8529191115398 0.340099903559917 -0.900066877767586
"21" -0.763279765887596 11.1734375326383 -0.0931176881846341 -8.68826159260198 0.89016250329416 -12.0797925321123 -0.0115827674018529 7.83635195433439 -0.590540510934959 17.159121381711 0.337980718580653 -0.0121843326483031 -4.02689387106638 -15.4391732782007 -0.0408508638758462 -1.04317690942435
"22" -0.253092417709198 8.80667353218652 0.0449026000683972 -8.42653844787424 -0.05658311569087 -9.59623267071027 -0.0407785783442733 7.58254223332509 -0.643838119269006 13.1876121234376 0.230991017260436 -0.407872554192636 -2.43400461649256 -10.8601871508589 -0.345044090552506 -0.741504702488328
"23" 0.465497252054206 6.07148783251805 0.227089387908848 -7.30900596262654 -0.973718592490883 -7.5434844609425 -0.0611133959943508 6.60530175279841 -0.775530656482481 10.0031849182542 0.0978104972957894 -1.10671320571555 -0.816820773489219 -6.82348983914594 -0.556292388464954 0.155476738861125
"24" 1.34244850929363 3.0658602152163 0.441758827414283 -5.50543600439084 -1.82494038537634 -6.11084672401229 -0.0644649772928538 5.06444666940963 -0.969205504658396 7.87960127470906 -0.0570971189132443 -2.04645784629975 0.747021181396754 -3.49184847635539 -0.675937042306032 1.5302569070368
"25" 2.16543385738731 -0.257517336726551 0.659226051704479 -3.22352708266169 -2.5483274505612 -4.964198502148 -0.0471243697258465 3.13022225491922 -1.14537359876729 6.27973822659006 -0.234411257866064 -2.9841813317089 2.17769533860127 -0.327370219149053 -0.708247909901729 2.97928672613625
"26" 2.6351322992043 -3.73770036752916 0.822395551452146 -0.745598240158188 -3.03213172513684 -3.63494644925058 -0.0111138665241484 1.0161249173364 -1.20432974245558 4.45122879384314 -0.42363232050462 -3.53142335042548 3.32547277954645 3.18653870621478 -0.640557655213115 3.90060313839649
"27" 2.61380634124819 -7.14764782705188 0.886006576492406 1.76945592413927 -3.23234897530063 -1.85302943163506 0.0379550221932909 -1.17098213493345 -1.1033582533426 1.95130799789275 -0.610904596264842 -3.42648365516561 4.12848926223747 7.21464094581383 -0.461242775700271 3.91405763841658
"28" 2.1573509617306 -10.2042754953119 0.831735492729344 4.23592873018151 -3.17559933772446 0.288126557983517 0.094053537234366 -3.37126585618134 -0.865352506993686 -1.09739672853625 -0.777844815064036 -2.62623542826213 4.59458869151257 11.4284832615984 -0.180048859419458 2.98303768748792
"29" 1.42769383795516 -12.6502421123983 0.669077703085243 6.55922160559487 -2.93050873423741 2.48857744249838 0.15151852338802 -5.49895492807873 -0.549423570737696 -4.25088591226961 -0.903448137468256 -1.27043717285869 4.77137610786355 15.288984355836 0.154645033867496 1.33531034363887
"30" 0.597680283952677 -14.2986837727414 0.427822718855751 8.57867075332229 -2.57487994827688 4.43524664671077 0.204481967865934 -7.39821903982109 -0.220047875198359 -7.04441949762145 -0.965370397406183 0.395561499409723 4.71507579889668 18.3226310508213 0.452185430259078 -0.667168817109996
"31" -0.192550764288157 -15.039526156598 0.150941893964919 10.0599824957193 -2.17982704316365 5.89274590747554 0.246447580018 -8.84162978288791 0.0672708032640674 -9.13330616132845 -0.941014238369782 2.0732559535445 4.4771436475755 20.2303100649412 0.587444261747351 -2.60833547814264
"32" -0.843121615636953 -14.831292516261 -0.11125038352673 10.7236438193348 -1.80570890774393 6.71698919162286 0.270533698985094 -9.55829147892322 0.269484675248634 -10.3128152052848 -0.809502973322864 3.44355118051135 4.10305836333606 20.8850998696807 0.417860639799756 -4.06169790490276
"33" -1.29072547493884 -13.6937896937167 -0.30793733527986 10.2995543393014 -1.50002465873612 6.84457475779999 0.2703434592392 -9.28509377512233 0.357086875285093 -10.4990210482209 -0.555539933954101 4.20428733305016 3.63333852454309 20.2952566933582 -0.18805000252064 -4.63842423476126
"34" -1.50485819061416 -11.7068976390027 -0.397101929247924 8.60801704962091 -1.2923432432542 6.28267102131647 0.241369339064409 -7.84278863819301 0.31682165962002 -9.70853530916619 -0.175845357842398 4.12779840824851 3.10197986321992 18.564018592998 -1.30719431865737 -4.06307941731484
"35" -1.48631724978033 -9.01545154936161 -0.357052244649722 5.66391004521586 -1.185484215557 5.10459800637517 0.182763186986453 -5.23444872260455 0.156726105332236 -8.04529711903467 0.312045666465529 3.13923624942481 2.53142289693797 15.852728904957 -2.90451570736809 -2.27834159787471
"36" -1.26683266414201 -5.83573203489726 -0.19760025000825 1.78004191299976 -1.14577732003741 3.44838996607415 0.0990220321605051 -1.74366539914467 -0.0883047041030132 -5.69190567576919 0.860975666303148 1.39660511751936 1.92599731062609 12.3489814910069 -4.77571655759743 0.447819399105356
"37" -0.906748561007028 -2.45368550479787 0.0345462298813288 -2.38669323028864 -1.09943627869813 1.51116675222275 0.000745505531352109 2.02122020438225 -0.354935642307598 -2.89843830043978 1.39079242035194 -0.672237280688023 1.2688258764499 8.24425393027963 -6.52299820528276 3.47444595030993
"38" -0.486818757455588 0.797939428630457 0.263003015989113 -5.92100439271951 -0.944403888574939 -0.469824567038629 -0.0965518261934228 5.20813087478797 -0.559765485519213 0.0399909026743899 1.79757421735945 -2.43420838797783 0.528824712288696 3.72795758378336 -7.60729019107021 5.88030755784712
"39" -0.0920784384699402 3.59021558516542 0.40480838686139 -7.90441894655362 -0.582450223714314 -2.25431958327732 -0.176043761913867 6.96355561151037 -0.620721973647402 2.82163246281343 1.97907480079495 -3.2465339651194 -0.318811210515079 -0.998805297885845 -7.49889994849559 6.737457617166
"40" 0.209010642742491 5.66571191806986 0.403176790921549 -7.7724095739627 0.0367817203117475 -3.64716972332644 -0.224688502245836 6.77154774239929 -0.486223770785319 5.18627055133967 1.86997381314977 -2.73012588444817 -1.26449447583387 -5.69801211278769 -5.88730502272199 5.49258443358849
"41" 0.381562471635227 6.89449574117947 0.254052556333789 -5.59722411516282 0.881576986331577 -4.5380425692766 -0.237495566197136 4.72100959213839 -0.158264455316774 6.95575092895209 1.47017427414771 -0.983291686894518 -2.24383636750743 -10.0782366887958 -2.84775838106816 2.26674642116359
"42" 0.428758759635784 7.28937186021051 0.0106070242660508 -2.11987968533401 1.83557813479211 -4.91295682451748 -0.218638421595578 1.53263808799696 0.30445530321682 8.04906280594565 0.849344626830479 1.40140633186274 -3.14015617946659 -13.8066690647843 1.13768051190618 -2.11551687668361
"43" 0.382063571613742 6.97413774711424 -0.237703227940543 1.50404885349758 2.73088174770832 -4.83349453163351 -0.178886783515704 -1.68789130140831 0.806019408156734 8.46803751165461 0.124342891720552 3.54340588532114 -3.81236449762983 -16.5527763331416 5.32473623195278 -6.40394196672423
"44" 0.28382615580054 6.12668565901379 -0.399644058688168 4.10762658960402 3.39923509348615 -4.39863380278184 -0.131032736270722 -3.83871492000856 1.24442287111037 8.26679252399234 -0.577436162480765 4.59471727617711 -4.13521709151209 -18.0466610298067 8.93679104246735 -9.35748150949894
"45" 0.171799972989376 4.92831595922513 -0.412976381793086 4.86701596587636 3.71642391392677 -3.71057830700693 -0.0857598360360932 -4.1629899514669 1.53870498666156 7.52372943798795 -1.15015487190648 4.01975309612499 -4.03372150554877 -18.1280857472161 11.3654623793467 -10.1235527558665
"46" 0.0712564645663321 3.53778875992975 -0.261153563756949 3.49090676477124 3.62506488627032 -2.85732713417777 -0.0494455974087202 -2.43094513475808 1.6428193754313 6.32737726762554 -1.52599051824914 1.74167378321272 -3.50083136661215 -16.7721841074122 12.2737116391296 -8.43388370480625
"47" -0.00544617573333994 2.0893137864399 0.0238610141290536 0.250080626805811 3.13621407369114 -1.91165561291055 -0.0239070096401193 1.03249621978182 1.54652886668079 4.77589752291698 -1.67628022819319 -1.84341891085023 -2.5985924678368 -14.0926529687037 11.6032663808951 -4.61825930816121
"48" -0.0552224196861886 0.703049327929762 0.367058350968122 -4.08700916204066 2.31844918439464 -0.938739177988822 -0.00726831404890049 5.41134075036265 1.26883503634635 2.9832305995036 -1.60393242119275 -5.93193931955739 -1.4489238294948 -10.3301254437087 9.52642878060283 0.49045960280182
"49" -0.0798780792074751 -0.503070583712883 0.658606230272554 -8.34749355699023 1.28313770213696 -0.00495326132947582 0.00485900009658025 9.49119736705271 0.849435902214239 1.08533260165018 -1.33364220049902 -9.40733175289733 -0.220378740452546 -5.8340086789367 6.38201561149776 5.6889960671806
"50" -0.0828687361745466 -1.40734573129561 0.763358585168277 -11.0555597575533 0.170398917984016 0.81652790686482 0.0182638104734991 11.7630101963558 0.341275203119164 -0.757394442674951 -0.903716835282907 -10.9507813409818 0.886591402928843 -1.04187526817006 2.6166115244614 9.54840486879584
"51" -0.0677302079182454 -1.89259483484977 0.540080521539693 -10.6263019756273 -0.865827156650241 1.44744840189259 0.0388933093499304 10.6269317507007 -0.195184841274187 -2.36668832286193 -0.36167733992982 -9.24293746095009 1.66274072724372 3.54900159076655 -1.26703993842989 10.6312444653067
"52" -0.0378739331498821 -1.88892826148327 -0.101481146132372 -5.94240789673563 -1.68395340413874 1.82331365252247 0.0705518557141858 4.99860051544078 -0.697254776849462 -3.57656179946576 0.233192564717257 -3.50117083133227 1.94746733365346 7.44173961114464 -4.76898657305424 7.98953166099636
"53" 0.000729720485907137 -1.46873564028613 -1.07803771919839 2.39319839950417 -2.20200048600202 1.93929140874309 0.11068064124261 -4.38071103185916 -1.10576111442744 -4.30270900988592 0.798047147086365 5.41909255960491 1.74401041450488 10.2599950403556 -7.47552948209659 2.1341218041307
"54" 0.0357648277721694 -0.928134202673391 -2.02458495214032 10.9246484893054 -2.44119938893441 1.89439408670606 0.146944431150118 -13.7718717084803 -1.37075607280192 -4.61270803215723 1.21814195299036 14.0931546242646 1.31857829383151 11.8766196332095 -9.14123163250338 -4.16071728292991
"55" 0.0530948243527405 -0.677835717686662 -2.42658306096916 14.6163278089109 -2.49914737310449 1.85121060141191 0.162046527582433 -17.8056038280621 -1.45940995876775 -4.68260508706078 1.3753045094472 17.7898216853318 1.09165594551433 12.3859906735151 -9.68957688686692 -6.94851771619869
"56" 0.0428404289022382 -0.920202783697732 -2.02881813912211 10.9446360823747 -2.43549723099773 1.89398708754413 0.147465076694367 -13.8031356576124 -1.36400632496756 -4.61169154143238 1.2168530777123 14.1810692922372 1.29151944755213 11.8716673245924 -9.11889101228894 -4.27541526150708
"57" 0.00747037293058384 -1.45770778070869 -1.08346083615757 2.41285743782146 -2.19641107470774 1.9393356377991 0.111426220717583 -4.41693942935331 -1.09974182330323 -4.30249074105626 0.796252300216381 5.54117388308168 1.72009183217077 10.2531262588767 -7.44481582401795 1.97203623686619
"58" -0.0345764192957319 -1.88196000362274 -0.10466129048018 -5.93467643987105 -1.68181431585646 1.82364728871872 0.0710390641131511 4.97981273398079 -0.6952118185331 -3.57700944206556 0.232014909010815 -3.42352922868213 1.93924374872529 7.43724556433359 -4.74938646498299 7.88463547727497
"59" -0.066717702930049 -1.8905263626786 0.539167754409121 -10.6247952989283 -0.865491962465299 1.44759187244037 0.0390435327537375 10.6220149491689 -0.194931035698982 -2.36687662282043 -0.362077519383959 -9.21946107038093 1.66161052892907 3.54738919520409 -1.26085992572712 10.5990198003637
"60" -0.0826923025983177 -1.40706955187051 0.763231459011251 -11.0553009149148 0.170436005475203 0.816541100955106 0.0182848637569251 11.7622997349131 0.341285998835925 -0.757389643313047 -0.903794112626272 -10.9475343716158 0.886531295247522 -1.04224091733126 2.61760666047394 9.54385266809095
"61" -0.0798634991382414 -0.503057658580246 0.658600224708692 -8.34747205658982 1.28314509905578 -0.00495450844570655 0.00486012210637199 9.49115814807598 0.849438371391894 1.08534131965791 -1.33365180448894 -9.40716829451048 -0.220382749501013 -5.83406075187876 6.38210328415835 5.68874074113501
"62" -0.055221766518784 0.703048838493146 0.367059305648411 -4.08701760462873 2.31844958338926 -0.938739281972687 -0.00726833698487894 5.41134991937889 1.26883532386411 2.98323141554019 -1.60393318819527 -5.93194598899663 -1.44892340742393 -10.3301289481791 9.52643294281074 0.490461686443268
"63" -0.005445374430181 2.08931443430447 0.0238594148158597 0.250103342805005 3.13621376663967 -1.911657421931 -0.0239070341915024 1.03247575774265 1.54652885009939 4.77590098532988 -1.67628048566883 -1.84341663034684 -2.59859102478637 -14.0926604174532 11.6032685361229 -4.61825636552567
"64" 0.0712589257196328 3.53779188166595 -0.261168793912191 3.49111613149989 3.62506956668886 -2.85733812901545 -0.0494456664128471 -2.43113579805507 1.64282144069104 6.32740002132377 -1.52599266168683 1.74170847667301 -3.5008330795139 -16.7722369030919 12.2737305520335 -8.43387274125962
"65" 0.171805072993664 4.92832365115697 -0.413026006195238 4.86769994168333 3.71644552769358 -3.71061092272566 -0.0857600167409558 -4.1636131007098 1.53871334431323 7.52379884090436 -1.15016198522581 4.01986942310305 -4.03373912855277 -18.1282496374169 11.3655245200367 -10.1235209968436
"66" 0.283832327819283 6.1266959524163 -0.399718330728675 4.10865204357231 3.39927097071907 -4.39868125548271 -0.131032993825684 -3.83964921397231 1.24443621474136 8.26689443683821 -0.577446853929658 4.59489234442799 -4.13525017318251 -18.0469025710125 8.93688414448081 -9.35743468868986
"67" 0.38206750304326 6.97414463451634 -0.237755074898146 1.50476523704856 2.73090772246584 -4.83352735414368 -0.178886961160295 -1.68854398765066 0.806028939215826 8.46810822606128 0.124335420204133 3.54352820648182 -3.81238936026651 -16.5529440561726 5.3248012183335 -6.4039092413841
"68" 0.42875999832809 7.28937407353436 0.0105901371125583 -2.11964629018939 1.83558669611561 -4.91296748552701 -0.218638479269117 1.53242544755852 0.30445843151495 8.04908579683365 0.849342192741943 1.40144617894475 -3.14016447012426 -13.8067236026134 1.13770167601695 -2.11550620292564
"69" 0.38156272056424 6.89449614019765 0.254049979675187 -5.59718863717467 0.88157812146785 -4.5380442452042 -0.237495575086061 4.72097725947324 -0.158264012052959 6.9557545037263 1.47017390466105 -0.983285585368321 -2.24383730987806 -10.0782451599161 -2.84775514657929 2.26674797731903
"70" 0.209011055893122 5.6657123493755 0.403176535765482 -7.77240690641133 0.0367807251011278 -3.64717020439463 -0.224688503666897 6.77154524281096 -0.486223944336693 5.18627133591977 1.86997378358918 -2.73012509065438 -1.26449247141768 -5.69801393645179 -5.88730463159015 5.49258403837484
"71" -0.0920772681755224 3.59021677293856 0.404808163711678 -7.90441829730105 -0.582453403936842 -2.25432065707903 -0.176043765127051 6.96355480308364 -0.620722569903279 2.82163404998562 1.9790747790293 -3.24653277577499 -0.318805061466776 -0.998808996038342 -7.49889938257877 6.73745597754078
"72" -0.486817161726663 0.797941038374518 0.263002717772309 -5.92100343269362 -0.944408229156856 -0.469826025339856 -0.0965518326279913 5.20812968603454 -0.559766286586568 0.0399930708103682 1.79757417314736 -2.43420665132498 0.528833135231679 3.72795247059592 -7.60728931607321 5.88030513601825
"73" -0.906747547754833 -2.45368449006816 0.0345460397521862 -2.38669246966822 -1.09943903254331 1.51116582649597 0.000745499528964189 2.02121929923865 -0.354936139771961 -2.89843691076459 1.39079237988799 -0.672236084566066 1.26883124805158 8.24425060446296 -6.52299756103162 3.47444428695508
"74" -1.26683236671885 -5.83573174046842 -0.197600305839913 1.78004219406273 -1.14577812922969 3.4483896952613 0.0990220295882054 -1.74366572172244 -0.0883048456545392 -5.69190526387089 0.860975649336588 1.39660550058261 1.9259989003628 12.348980483039 -4.77571633326318 0.447818866371563
"75" -1.48631721232406 -9.01545151384187 -0.357052251695649 5.66391009062261 -1.18548432156669 5.10459797462296 0.182763186489531 -5.23444877341524 0.15672608840495 -8.04529706972633 0.312045663005414 3.13923630553018 2.53142310781439 15.852728772739 -2.90451567076832 -2.27834167752553
"76" -1.50485817601754 -11.7068976471347 -0.397101929338859 8.60801705306517 -1.29234325132244 6.28267102810459 0.241369338958989 -7.84278864149266 0.316821652274502 -9.70853531944149 -0.175845358371213 4.1277984074095 3.1019798766493 18.5640186014713 -1.30719431813657 -4.06307941707746
"77" -1.29072487490319 -13.6937899812298 -0.307937336924738 10.299554488319 -1.5000248209493 6.84457492187985 0.270343456299955 -9.28509388605792 0.357086568834445 -10.4990212952079 -0.555539937092639 4.20428709965836 3.63333872213666 20.2952569841197 -0.188050086863996 -4.63842388395824
"78" -0.843110214507369 -14.8312979056741 -0.111250521366692 10.7236473233544 -1.80571239164011 6.71699271021539 0.270533636944279 -9.55829416649163 0.269478832513157 -10.312820498888 -0.80950302635663 3.44354668847609 4.10306298047988 20.8851053776347 0.417859015743602 -4.06169099669933
"79" -0.192453998849722 -15.039578378243 0.150939066403865 10.0600195302493 -2.17986119197825 5.89279940309254 0.246446765515667 -8.84165961817405 0.0672201218630057 -9.1333875235681 -0.941014835572915 2.07322127681573 4.47719339840474 20.2303831744522 0.58742943980792 -2.60828077766973
"80" 0.597973439835279 -14.299007385364 0.427790983952114 8.5788649311346 -2.57501261149239 4.43591199948428 0.204473566748558 -7.39839922437912 -0.220222391411291 -7.04544206986813 -0.965376833175334 0.395555090522521 4.71531299943296 18.323480272871 0.45212434832888 -0.667141659632307
"81" 1.42707017705612 -12.6521926096399 0.66881141854369 6.56003745948851 -2.93046805959321 2.49509137171739 0.151440071480042 -5.49995534510258 -0.549355898139 -4.26093049907382 -0.903514483309671 -1.26877772130183 4.77180339410098 15.2971457583283 0.154583175886501 1.33291359096211
"82" 2.14839322659193 -10.2168601793759 0.829988218064557 4.24143199558102 -3.17341295429732 0.33512207296306 0.0934540389792851 -3.37848275703877 -0.862381890087248 -1.16984665163542 -0.778371202486159 -2.61221523247195 4.59494501817182 11.486691001846 -0.179494684992392 2.96269785097593
"83" 2.56663393164241 -7.21646683547462 0.877635998841242 1.80588223246389 -3.22328080662173 -1.60487924716671 0.0345678029709369 -1.2158109401803 -1.08661428727054 1.56910420701597 -0.613964403675769 -3.35607956005788 4.13577230449262 7.51958174562784 -0.457466517693547 3.81283023285141
"84" 2.46436109312751 -4.0265830191461 0.793542075483849 -0.572758377826062 -3.01504364733347 -2.6653072733432 -0.0250731498202725 0.814237826001246 -1.14262717819791 2.95912087783927 -0.436808507486013 -3.27920739149795 3.3911343016001 4.37509666654018 -0.626366953350953 3.54154706174813
"85" 1.72782714718073 -1.17122288102902 0.586060984863167 -2.62306769702309 -2.55304786420426 -2.12334193024019 -0.0900992682167114 2.45631733775741 -0.98735924011938 1.91163390395519 -0.276790549664682 -2.31645460359823 2.47826404936675 3.15190595004821 -0.669898776269406 2.04120918003537
"86" 0.532524447176577 0.870908493022341 0.301016761286292 -3.91650253443493 -1.95805715560188 0.27566882367632 -0.166635221207532 3.33830660850994 -0.669069955732956 -1.93455890279138 -0.160517111546405 -0.711732404638951 1.64209696042282 4.3077076405892 -0.595182714012822 -0.305058240831386
"87" 0.13180854995818 1.31449464495415 0.206472006625454 -4.09589729989091 -1.7753407355646 1.33610324809284 -0.193629586049198 3.40129891105379 -0.55466331371907 -3.59817775069573 -0.134996968884074 -0.156049047366196 1.43632843731053 5.06632559648935 -0.55009322974729 -1.08828802580683
"88" -0.910810113596987 2.16998387520886 -0.0670595324139853 -3.83009409440524 -1.32703131709662 5.02579576292185 -0.285533736056319 2.8549147827524 -0.233634664909969 -9.3143479601863 -0.0859155756243659 1.42025266961537 1.06062811083028 7.89415612932883 -0.358897667628071 -3.17921431019204
"89" -1.28988980115945 2.53019161322666 -0.262524764874087 -2.43117466540559 -1.1656306574231 8.23084578675048 -0.379640726971491 1.34198160909794 -0.0817902960879646 -14.1943475586793 -0.0662577472721182 2.3343811066029 1.11254071257542 10.0488413735728 -0.135731199882002 -4.11199464250876
"90" -0.938064273008408 2.82442128024078 -0.36912042501838 -0.340267499977699 -1.24705369720138 10.1560048960359 -0.464030481973499 -0.702687044962644 -0.152998349599549 -17.036092762542 -0.0499663341243277 2.3957664402501 1.4459746414978 10.5059076935775 0.0639636110636275 -3.65723046269841
"91" -0.0787823165327879 3.25140311597087 -0.412198425649301 1.92521577581522 -1.44274253051463 10.722553720198 -0.526868866714249 -2.80142308521785 -0.401176342287791 -17.7468972758422 -0.0222577308941823 1.72111214974075 1.85563359917226 9.27440389424116 0.194884178477537 -2.07836060087357
"92" 1.01027401017698 3.78138118728111 -0.432889822463153 3.96288933649703 -1.65883761594509 10.2442962857181 -0.556441862283471 -4.59169589662075 -0.737875243446938 -16.8343436140258 0.0177983230549934 0.557871207409335 2.20367143286236 6.94137355304724 0.231583916736781 0.165401251700132
"93" 2.09559508870793 4.30538102614656 -0.480467384204495 5.52619871396803 -1.83821883869477 9.09117357791177 -0.540457441323166 -5.85329002968793 -1.08445929974099 -14.8865328719173 0.0630817680575326 -0.8146155493273 2.42247342860697 4.16200298542279 0.17727959367835 2.58967259674591
"94" 3.00454430986098 4.73150462369398 -0.611267584600483 6.49112083044861 -1.94492287543435 7.5620913225663 -0.466182557099462 -6.47687640224341 -1.3849925055498 -12.3781314990704 0.103511389018145 -2.10689589136564 2.48198805982707 1.45356217952204 0.063524777486009 4.72225617974482
"95" 3.61895142623596 5.00701849023298 -0.883602433627715 6.82086323081421 -1.95848642785181 5.87668812135477 -0.321893648560884 -6.43393699006431 -1.60187712682029 -9.65873091565865 0.128618307265722 -3.03186538684031 2.3716931472666 -0.823236377349097 -0.0583166801227435 6.11863224362287
"96" 3.86808500478146 5.11099725225156 -1.34456659532929 6.54324424010156 -1.86989782269483 4.19130239257133 -0.100092889153277 -5.75976602337145 -1.71200168701263 -6.97667045699993 0.129292010954583 -3.33720521297482 2.09424503276084 -2.44385409086151 -0.130019362737244 6.40697104146329
"97" 3.72557954836157 5.04037145088398 -2.00719570342601 5.73298832964667 -1.67842138494162 2.61235190964615 0.197020518675458 -4.54329508786655 -1.70371005182622 -4.4972871732104 0.0998602858714648 -2.86284123119367 1.66424357250619 -3.30862014271697 -0.103161524411007 5.37128985105483
"98" 3.20808979983856 4.79484369766789 -2.81985640111232 4.49456615587644 -1.38856013468831 1.20561633455264 0.550218041975825 -2.91959082512044 -1.57322742847038 -2.31368448902754 0.0406045376397515 -1.61728561155633 1.10889765009462 -3.44353979557282 0.0416540542713619 3.06308642593876
"99" 2.37342295517715 4.36398235901112 -3.63900262030169 2.94641345902744 -1.00728686539709 0.00318938101844424 0.916769688281327 -1.06256961394615 -1.32108783224508 -0.454255747184988 -0.0400899051765435 0.154150722671602 0.468787041849595 -3.00300091042605 0.278254794919349 -0.0994292539585331
"100" 1.31574076080584 3.7227884504652 -4.22846060247318 1.21034582796528 -0.542951435030421 -0.989873755222348 1.23050236112869 0.82552743040705 -0.950676416979858 1.10675638463505 -0.125571888766444 1.96363601298344 -0.203328425137954 -2.25507353069447 0.531379571483512 -3.32628167004304
"101" 0.155577448562447 2.84258653636931 -4.3097949656447 -0.589946034810737 -0.00754056626233535 -1.7874080693276 1.41439843663129 2.53175863910593 -0.471271934592458 2.42949262272879 -0.194418630663463 3.19475458895067 -0.847640706025615 -1.52934443362895 0.69686431046739 -5.63079962619213
"102" -0.975645893615827 1.7170135531631 -3.66367854752575 -2.32236361687933 0.577793739616421 -2.41212392439286 1.40573788829781 3.85817067868106 0.094504244517184 3.57890402960874 -0.227551211088638 3.33582046015135 -1.40650942823646 -1.12632667085866 0.685211089050426 -6.18461525941075
"103" -1.9535843117663 0.390099841064966 -2.23839679534396 -3.84107870200785 1.17725877413827 -2.88571357442534 1.18310324221169 4.65081953332384 0.703412410653618 4.59442068024069 -0.215968981389516 2.23052728364519 -1.83470526124222 -1.22131087888167 0.468998138162078 -4.69979374524792
"104" -2.67631629603914 -1.03334822698827 -0.198252001331426 -4.99523646633622 1.73998908964434 -3.22237941195657 0.778843837353705 4.82359274935953 1.29136447222463 5.47316801340617 -0.164521031041097 0.189548080221812 -2.10584317363212 -1.81393898061349 0.104393465261751 -1.60356388673154
"105" -3.07360322979968 -2.40544396003452 2.12384575988021 -5.65680396852235 2.20710075037044 -3.42765412131017 0.268230063075809 4.3707546145647 1.78357125680205 6.17453184982529 -0.0892411032220011 -2.12043684179298 -2.21223194491544 -2.75145429043481 -0.289182031494079 2.12019068145946
"106" -3.11061086316064 -3.57204336537524 4.34009909806868 -5.75834576178363 2.52357638454291 -3.50124638973752 -0.257629119987584 3.36867021235079 2.11133276670793 6.64010723000587 -0.0101478111477462 -3.94278141415134 -2.15983043882505 -3.8045000372169 -0.578685784177765 5.32275355443471
"107" -2.78912305980019 -4.40848489766108 6.12020372337106 -5.32301519190685 2.64940528883361 -3.44078700205105 -0.718761043281589 1.97087097671383 2.22767285001564 6.81499390986528 0.0560077585545571 -4.6959478990866 -1.96266333634027 -4.74560604322398 -0.667021346169577 7.08343025752492
"108" -2.14835621348313 -4.83940400124288 7.2525829196661 -4.47241459281383 2.56591193154251 -3.24419644104991 -1.06118898694455 0.39827717008643 2.11606895802023 6.66019627326295 0.099719031044593 -4.12252611475833 -1.6399121479847 -5.39405611363847 -0.520708895641633 6.93246639266636
"109" -1.26511177258342 -4.84100390275859 7.64896087630794 -3.40729566434118 2.27683935785893 -2.9105107894414 -1.25842223867117 -1.07848336181721 1.79152110924496 6.15525953235257 0.119021940088608 -2.30920268374575 -1.21600696960095 -5.62419874700923 -0.172890656402615 4.88573945234475
"110" -0.251854717914284 -4.43273925471129 7.31535877698372 -2.36257638036614 1.80620432582372 -2.44034667073811 -1.30524594075637 -2.17042646430627 1.29658422749589 5.29628468389001 0.11759732176403 0.369546249884479 -0.722286397691363 -5.35554520853833 0.288773069838271 1.3711710274265
"111" 0.748085680659862 -3.66591225382126 6.3141590443054 -1.53898272803519 1.19528751042174 -1.83723668908912 -1.20982886269073 -2.62075200582464 0.695462355420718 4.09476286640302 0.102251466433501 3.32811517853816 -0.19891159660574 -4.54381213052913 0.739156443438105 -2.86858059467795
"112" 1.56795392158261 -2.61333933269606 4.7305423591019 -1.01183659586388 0.500363534363622 -1.11054159367136 -0.987375863521194 -2.27860557784376 0.0681817057227327 2.58030260941956 0.0805729156361892 5.83879995612142 0.303370666811375 -3.18323996942439 1.03274199581699 -6.85427279054693
"113" 2.02840498583499 -1.3615057596171 2.64818520086055 -0.622918983068416 -0.208374615526598 -0.280292414914356 -0.656300077543481 -1.19488282620509 -0.49479376437891 0.808428745758306 0.058907562123899 7.09686080378469 0.721946753597734 -1.32277794431991 1.02158241497409 -9.43364888377801
"114" 1.96133604342809 -0.00676086660263309 0.144198097650658 0.0939151128114872 -0.848949164470131 0.615627316264579 -0.237991397145318 0.28941303021756 -0.900885233797689 -1.12587328477011 0.0407051004880401 6.33339380744701 0.98529186852987 0.906311131735301 0.582946110895023 -9.41015854639318
"115" 1.2784813267153 1.33941899279154 -2.66264481408925 1.7736464297061 -1.33949850561191 1.51177938244088 0.235968040133205 1.57569967197944 -1.07830246130459 -3.06907400111149 0.0259385520821525 3.11882308448548 1.03363696380163 3.26241002341124 -0.321134270311745 -5.96578537257119
"116" 0.115581034345162 2.53175970105889 -5.47367765021458 4.62366301427392 -1.63141525092866 2.30644034271771 0.705633600001011 2.13529526234339 -1.02610802727798 -4.79261762944225 0.0129915714240028 -2.0143847471395 0.873142127387936 5.39278907154372 -1.53688753684196 0.393511966962251
"117" -1.04409699469571 3.37891864161065 -7.68014155116541 7.663133396994 -1.74832058559568 2.8676222198395 1.06831606394347 2.01557244597751 -0.861687246092696 -6.00799790589735 0.00248764187462314 -7.04472709629181 0.631880966377622 6.89483156131517 -2.64264238438909 6.96507978453428
"118" -1.54048023505132 3.68932910110777 -8.53488336193077 9.01446276052548 -1.77072123778213 3.0721888249537 1.20731025239194 1.84373048753656 -0.773588311623051 -6.4503863993574 -0.00177744116165712 -9.18690397773298 0.514087532065716 7.43914584948574 -3.09913294009129 9.8218322415596
"119" -1.04813018461392 3.378711243358 -7.68101320568486 7.66547731618664 -1.74618483166583 2.86803460601048 1.06846179928 2.0173774782379 -0.859396049262388 -6.0086790140023 0.00256985060502046 -7.06139728477592 0.627020800430984 6.89678659491638 -2.64584148609561 6.9875144578009
"120" 0.111255980748169 2.53166209835666 -5.47441868429003 4.62516476323208 -1.62923830272875 2.30684052115971 0.705768356717297 2.13753155181405 -1.02377149989591 -4.79329288358889 0.0130779860545474 -2.02967161836068 0.868480397475992 5.39478066880958 -1.53987604737449 0.413932449262575
"121" 1.27637225676291 1.33943759378735 -2.66295259147597 1.77407574299002 -1.33849719017845 1.51195819423542 0.236028411040046 1.57679062793119 -1.07722948483074 -3.06938360427958 0.0259782805260969 3.112630671229 1.0316449321512 3.26332473856127 -0.322374717472599 -5.95755885132894
"122" 1.96081971927474 -0.00673520635336899 0.144103552039212 0.0941057037330211 -0.848715883445156 0.615668480214509 -0.237974019341557 0.289563629761801 -0.900637072573209 -1.1259462916239 0.0407128771399741 6.33214769071719 0.984856855543384 0.906513424048626 0.582692843909513 -9.40848204410759
"123" 2.02834118843344 -1.36149675907939 2.64816126011478 -0.622836306981981 -0.208346852174053 -0.280287840265458 -0.656296410328739 -1.19491739865592 -0.494764805895779 0.808420354134853 0.0589077505590723 7.09674593058526 0.721897026291586 -1.32276021449614 1.02156017450363 -9.43348059480104
"124" 1.56794775428081 -2.61333704654038 4.73053827975924 -1.01181861451403 0.500365823256551 -1.11054193329981 -0.987375314444208 -2.27861817049251 0.068184411803319 2.58030306108614 0.0805727852326825 5.83879558417084 0.303366980179931 -3.183241241201 1.03274175498859 -6.85426323985121
"125" 0.748080445758809 -3.66591017994591 6.3141588984692 -1.53898088758058 1.19528900486845 -1.83723822962271 -1.209828842538 -2.62075329929758 0.69546494983434 4.09476532801958 0.10225146311636 3.3281144466373 -0.198913173465172 -4.54381521974858 0.739156878459426 -2.86857919421345
"126" -0.251860112635029 -4.43273695189913 7.31535908273133 -2.36257625364567 1.80620568793699 -2.44034859731759 -1.30524598473855 -2.17042655719084 1.29658695349831 5.29628776447672 0.117597338064918 0.369545768659918 -0.722287585350841 -5.3555490626343 0.288773608666475 1.37117175873664
"127" -1.26511333804311 -4.84100287827602 7.64896116392122 -3.40729642564054 2.27683916912051 -2.91051189179494 -1.25842228260521 -1.07848276006095 1.79152189819339 6.15526127057956 0.11902195935879 -2.30920309692101 -1.21600606223772 -5.62420109150315 -0.172890464812781 4.88573984130016
"128" -2.14835444029413 -4.83940417975055 7.25258318070597 -4.47241654665743 2.56591041421291 -3.24419665929527 -1.06118902242132 0.398278767126413 2.11606803474756 6.66019656096367 0.0997190567015309 -4.12252642019985 -1.63990949550548 -5.39405671096054 -0.520709071895681 6.93246629996884
"129" -2.78912107454004 -4.4084852659584 6.12020387460365 -5.32301708650562 2.64940391500668 -3.44078688226902 -0.718761059138231 1.97087253485066 2.22767180939856 6.81499364815832 0.0560077812012381 -4.69594787743017 -1.96266109236055 -4.74560588946633 -0.667021554976145 7.08342972926766
"130" -3.11061012741452 -3.57204351542282 4.34009914102426 -5.75834681216304 2.5235758647744 -3.50124619385608 -0.257629119147108 3.3686710035027 2.11133237261658 6.64010688239716 -0.0101478088928104 -3.94278074147951 -2.15982959698795 -3.80449969252949 -0.578685753396826 5.32275234590634
"131" -3.07360391292472 -2.40544394718302 2.12384576492943 -5.6568050465952 2.20710103659195 -3.42765352485263 0.268230082152368 4.37075500172367 1.78357159494972 6.17453092285513 -0.08924115891611 -2.12043319991972 -2.21223228140499 -2.75145329417105 -0.289181229519954 2.12018533198261
"132" -2.67631895942261 -1.033348123358 -0.198251972972756 -4.99523925521953 1.73999031532101 -3.22237770920928 0.778843892006723 4.82359355846751 1.29136580648319 5.47316540178662 -0.164521203839101 0.189558782777567 -2.10584473173766 -1.81393612012251 0.10439590163719 -1.60357951256992
"133" -1.95358826552843 0.390099948572527 -2.23839668590956 -3.84108308079533 1.17726055538337 -2.88571116270757 1.18310331535762 4.65082108718693 0.703414377651171 4.59441697940284 -0.215969220069624 2.23054216377341 -1.83470750805883 -1.22130671767368 0.46900150721126 -4.6998156049749
"134" -0.975648653648904 1.71701359178644 -3.66367841774522 -2.32236692091317 0.577794949531974 -2.41212231957931 1.40573793384147 3.85817208598439 0.0945056055055655 3.57890156304276 -0.227551364151644 3.33583010999746 -1.40651093921289 -1.12632380545676 0.685213254697373 -6.18462956115309
"135" 0.155576534455847 2.84258653873042 -4.3097949057382 -0.589947217707049 -0.00754017695122755 -1.78740756852706 1.41439845024716 2.53175922342382 -0.471271488445977 2.42949185106275 -0.194418676439817 3.19475751402115 -0.8476411881269 -1.52934350118376 0.696864959729737 -5.63080401125535
"136" 1.31574061463809 3.72278845136111 -4.22846059151981 1.21034562783711 -0.54295137350891 -0.989873681860971 1.23050236331837 0.825527540546744 -0.950676346239041 1.1067562711703 -0.125571895392419 1.96363643830182 -0.203328501815861 -2.2550733875255 0.531379665443296 -3.32628231590843
"137" 2.3734229431191 4.36398236040651 -3.63900262001149 2.94641344878016 -1.00728685973992 0.00318938517359868 0.916769688500487 -1.0625696098831 -1.32108782617513 -0.454255753432903 -0.040089905809225 0.154150755775845 0.468787034510527 -3.00300090312911 0.278254803319101 -0.0994293031517373
"138" 3.20808979829682 4.79484369880524 -2.81985640149342 4.49456616359907 -1.38856013399581 1.20561633307103 0.550218041941882 -2.91959083186816 -1.57322742746626 -2.31368448642206 0.0406045375370212 -1.61728561212112 1.10889764949448 -3.44353979996228 0.0416540552453171 3.06308642862268
"139" 3.72557954646929 5.0403714521928 -2.00719570368468 5.73298833406341 -1.6784213843272 2.61235190903962 0.197020518633391 -4.54329509163713 -1.70371005083731 -4.49728717211079 0.0998602858575026 -2.86284123202722 1.66424357199264 -3.30862014544306 -0.103161524013444 5.37128985336949
"140" 3.86808498227563 5.11099726421298 -1.34456659852849 6.54324422235482 -1.86989781264438 4.1913024231654 -0.100092889423472 -5.75976600966247 -1.71200168000193 -6.9766705052923 0.129292011734815 -3.33720519172766 2.09424501957247 -2.44385405976733 -0.130019362300573 6.40697100840543
"141" 3.61895072228888 5.00701883600553 -0.883602522825107 6.82086258794175 -1.95848611173712 5.87668907721746 -0.321893656614559 -6.4339364808968 -1.60187691895703 -9.65873242556941 0.128618332532106 -3.03186474804943 2.37169274327376 -0.82323536065612 -0.0583166842103537 6.11863122420482
"142" 3.00452819806358 4.7315120863405 -0.611269418303635 6.4911057920915 -1.94491536518293 7.56211182772593 -0.466182714786196 -6.47686437178083 -1.38498790673071 -12.378163914439 0.103511953666921 -2.10688196087131 2.48197863306796 1.45358462376544 0.0635245501733834 4.72223375808744
"143" 2.09534206897504 4.30550031095385 -0.480494375685147 5.52595348810246 -1.83809796086194 9.09147366627013 -0.540459505376685 -5.85309167852446 -1.0843864781869 -14.8870083289843 0.0630908861321657 -0.814404504605136 2.42231784150137 4.16233630129212 0.177274137889867 2.58933029284981
"144" 1.00765647267745 3.78282837777326 -0.433178653058349 3.96015788214254 -1.65762660837016 10.2471999218846 -0.556460352143141 -4.58946656611931 -0.737044571581039 -16.8389653395985 0.0179043532695786 0.560078215567501 2.20195241188506 6.94450747655122 0.231521757392215 0.16180704319504
"145" -0.0965232712722184 3.26444276836457 -0.414443221605175 1.90446041085545 -1.43505270577528 10.7407430098155 -0.526985008631584 -2.78438982002166 -0.394676334132944 -17.7760909166806 -0.0213738650433335 1.73717206724359 1.84277117620461 9.29207970887784 0.194565823372841 -2.10444572011329
"146" -1.02141066263619 2.90940732827448 -0.381654043084524 -0.450046838019716 -1.21053259019402 10.2285812182207 -0.464554274015967 -0.612332465538969 -0.119992671260924 -17.1543561358875 -0.0446680482378916 2.47854862154782 1.37655165187891 10.5594190073853 0.0638224503838956 -3.79028926837645
"147" -1.58341894398053 2.92918461725853 -0.312747939476949 -2.85055286993361 -1.01706952526295 8.40504984515525 -0.381365566151946 1.68826694244522 0.0279830191991195 -14.4880683159655 -0.0430752940838772 2.64169217201743 0.830537642844249 10.0792980880196 -0.129333574305861 -4.5984653172718
"148" -1.70198767725321 3.53793611250379 -0.214093200879944 -5.03945463246055 -0.849352296793302 5.20053962579811 -0.289723973595756 3.8591643760445 0.0223996360309187 -9.65722241038776 -0.0101615500919578 2.25692897453428 0.198520725174681 7.44664207054866 -0.324172642616077 -4.4836106861103
"149" -1.48096978657639 4.85001167574018 -0.118987371433683 -6.82645310613179 -0.642186834253998 0.960616361314727 -0.20142022825609 5.68666990990567 -0.105551901482205 -3.18395713026254 0.0553480886922912 1.55837803318082 -0.574231510126815 2.83343822939804 -0.449500797610426 -3.72495099860726
"150" -1.17212503558602 6.74707024533839 -0.0678532243262211 -8.086754963506 -0.305234528419909 -3.56532670369622 -0.126341527171917 7.01202331866301 -0.27570287061641 3.78795145789246 0.145048304874116 0.886051928317556 -1.5371040629761 -2.91286009837124 -0.451187849850385 -2.79977736113688
"151" -0.987088025246479 8.99844474730455 -0.0766113754348154 -8.78204934170014 0.236614011936556 -7.85762688707587 -0.0656729709889241 7.78299559032138 -0.422562707506357 10.4739073987923 0.246825142621745 0.444895517295663 -2.73634295502823 -9.03973664177432 -0.308743889069774 -2.02361724094544
"152" -1.01442891125793 11.2114653088367 -0.131439244481051 -8.81240122960281 0.986517928793251 -11.5005605786016 -0.0190046751224084 7.91072874387892 -0.515582107303617 16.2555753574141 0.342148919727418 0.26454193603422 -4.12042161968125 -14.8048852661419 -0.0322988235951698 -1.46433716433239
"153" -1.25235494783684 12.9985532376811 -0.199061803232297 -8.11911549266915 1.9014049956746 -14.2920549227708 0.0160577071267376 7.35890692729463 -0.549152483654471 20.8414341690855 0.414556612644148 0.239630039961412 -5.59876351519095 -19.6900696782834 0.341281338161764 -1.00264202125209
"154" -1.7166078209606 13.9957243675057 -0.246503094021435 -6.73971360285498 2.92429319325648 -15.9809411970527 0.0408228482054334 6.17543728242805 -0.506646942158875 23.8543442491005 0.451354542585708 0.266292290173624 -7.0710397107298 -23.1120310185709 0.753816234993621 -0.538854781039845
"155" -2.46830942090444 13.8743277138566 -0.249611518122983 -4.83825431673017 3.99281526015943 -16.2039534819736 0.0555839878051305 4.51461345613629 -0.352883838056661 24.72987483979 0.444110476298981 0.296215558874337 -8.4352303758883 -24.3474423246675 1.12939141247773 -0.0769533530110493
"156" -3.55883516969627 12.38505012116 -0.19422829397331 -2.68251206808583 5.01974250973252 -14.6052704777248 0.0607351135927505 2.61901162049359 -0.0543330881864197 22.8982049806247 0.389303971306077 0.321046525692054 -9.56599118616176 -22.7063494441205 1.38355140017222 0.306715475518104
"157" -4.94415260063121 9.44316530438982 -0.0777969628056283 -0.586915669713051 5.86949836939359 -11.0273599974354 0.0575392030393971 0.770524117419427 0.389413265157833 18.0768274290636 0.289783131099814 0.345487486135426 -10.2905480665308 -17.8339684384671 1.44234778006552 0.523011400141513
"158" -6.40792118298602 5.22608700222648 0.0871928032969365 1.16345745070174 6.34668593979416 -5.69195434759398 0.0482628748543128 -0.777648212754698 0.91603971021733 10.5497794365164 0.156269027374659 0.371462145408714 -10.3794345317883 -10.019965540045 1.26791768432167 0.519277017535387
"159" -7.53023800488986 0.232274003435208 0.27120684402167 2.38832600398422 6.20752241675354 0.695218233104839 0.035887715423863 -1.86899190704472 1.38709378021752 1.33294699719259 0.00761774903975621 0.390874571200129 -9.56355495776248 -0.389116923245826 0.880404672239649 0.312485221949828
"160" -7.74537451212644 -4.75610738378734 0.431045819381261 3.05565651870614 5.20444957789162 6.99557828455363 0.0235863384203778 -2.48187921312767 1.60820937932497 -7.89601984131725 -0.131386789942933 0.384365913546617 -7.58844368872752 9.17714007199586 0.362745963628868 -0.00266561150328926
"161" -6.51005304179453 -8.83844320746329 0.520485787216579 3.26548759981893 3.16385885984062 11.8924771898852 0.0141073973936532 -2.71253827482174 1.39258165296319 -15.1772140705222 -0.235146355137434 0.326275419316744 -4.30436067431229 16.4777590201592 -0.161060486153644 -0.280309129022498
"162" -3.53593855583864 -11.2553418555442 0.505757715280033 3.17674532986376 0.0672516612105429 14.2933619937649 0.0092375676780776 -2.70585324412517 0.654131950261547 -18.8734368831472 -0.284121153746426 0.193699098172146 0.244163968687822 19.6883291502026 -0.570298100535069 -0.377893607012993
"163" 1.0423986320201 -11.6361289594928 0.378695045972343 2.91987541775131 -3.93069896346333 13.700550352064 0.00951581730625328 -2.57448942934515 -0.508543876018827 -18.2302585269878 -0.270638593072256 -0.0277253462577391 5.80795741358708 17.9950972515426 -0.794915137532712 -0.208361715483989
"164" 6.64837049753289 -10.1060849946165 0.16045132185593 2.5498024832134 -8.5318218114327 10.3573280583376 0.0142167994083806 -2.35665106542844 -1.78676470035348 -13.6001429863318 -0.200869410547551 -0.344168092450218 11.9878127102221 11.8372205705277 -0.83925554065803 0.238931717338801
"165" 12.2083031296509 -7.21434886553533 -0.102284763294875 2.04912523780325 -13.0243708957303 5.18982345333949 0.0212163595194887 -2.01909631137281 -2.7613044409629 -6.36392967459899 -0.0938531427826774 -0.729525035720599 17.9590446207484 2.86417855928367 -0.762472545729452 0.873741617575433
"166" 16.0339672952595 -3.83789462788533 -0.342808555570407 1.33035872498795 -15.593283548884 -0.187489321199472 0.026655514849999 -1.45976111697514 -3.17725078107063 1.05799886695559 0.0182767605764944 -1.03617853406422 21.6086754318692 -5.90382783897274 -0.629991837615307 1.39666635714366
"167" 16.4364331549856 -1.12652038507571 -0.490607943550643 0.282263877004084 -13.6709610508893 -3.60328999118697 0.0262849543192765 -0.56022958759327 -3.25243392967824 5.45358279248532 0.0934617866591907 -0.950031045558717 19.7338941756465 -10.3766935048287 -0.482198066969545 1.2577096713062
"168" 13.1575583927652 0.0376136250991692 -0.498759563648562 -0.88625322107282 -7.0620073785701 -3.68369550728005 0.0193491190236905 0.499914551380314 -3.36942766265567 4.96965516419723 0.103134141641451 -0.335085264576264 11.7656238092086 -8.37504316473265 -0.334957622726165 0.248112219279392
"169" 7.9201846870465 -0.00997356501659397 -0.367636088522985 -1.41140192673822 -0.507675937827662 -1.71387792835284 0.0100666794799373 1.04444542104198 -3.06909926890175 1.85182447402666 0.0641567639747329 0.286227474000498 3.1176767660748 -3.22414990492404 -0.197235743406225 -0.718671919256849
"170" 4.45236452703898 -0.154469063298109 -0.232158345874623 -1.16332275013281 1.4267785590577 -0.544918322560395 0.00494717115221022 0.899964773086772 -2.26282524950205 0.268270384448122 0.0333132889472303 0.395332868881496 -0.0789895615333052 -0.701092645397802 -0.114318618269294 -0.819651091927653
