"V1" "V2" "V3" "V4" "V5" "V6" "V7" "V8" "V9" "V10" "V11" "V12" "V13" "V14" "V15" "V16"
"1" -0.79996274350557 0.480765508358251 -0.0988703494926897 -0.285262663758292 2.01700624244919 -1.4208167187325 -0.0141135527759326 0.167388370707615 1.83641922920416 0.938904055307035 -0.00428156880344721 -0.0212729742680438 -0.633137559275708 -0.727698002200651 -0.254908936530015 0.0368502472088323
"2" -0.909240733696985 0.739477059824942 -0.230849587217161 -0.432518600006325 3.29142970243133 -1.83988580694412 -0.0244334261461656 0.260127999239418 2.66400730161417 0.86150158861618 -0.00381627395231199 0.00197683663571979 -0.998206685422983 -0.854433086585557 -0.399487122098854 -0.0221802098269563
"3" -0.325570978184505 0.722341277366205 -0.362690476911618 -0.454729393207664 3.63542817705573 -1.46075204310406 -0.0260565280764378 0.286214084795375 2.52564307132191 0.140201597969734 0.00475124503997915 0.0506663066899478 -0.92734183434662 -0.625721988130179 -0.448266789089701 -0.127129578141307
"4" 0.307058714518069 0.495944526004319 -0.391007145317734 -0.407330939921565 3.12731899785226 -1.03222951064566 -0.0175048284287254 0.266611244561927 2.00348215159708 -0.209246005815187 0.0156875052237364 0.0710125493574196 -0.492326996672309 -0.551887552768485 -0.431002505620171 -0.158566125721393
"5" 1.04628506134671 -0.0909830296579841 -0.299499167237077 -0.285321765788687 1.72560578203954 -0.579921439050168 0.00435349289600451 0.190312006022151 1.19840294615241 -0.0966831399946528 0.029648286731919 0.0526333038459086 0.480827722481139 -0.758932864382018 -0.352480482628167 -0.101880069477033
"6" 1.38877755640814 -0.921357132081477 -0.112533746698462 -0.082805443715948 0.284182341952293 -0.014314010866963 0.0229755233493611 0.0316423108770385 0.599234098118942 -0.0032998440919183 0.0276317745135568 -0.00479311680663841 1.39111840279304 -0.858024895414425 -0.191262937237319 -0.0126455443453892
"7" 1.37572830634996 -1.90650416216837 0.0847582021548261 0.211868505536408 -0.636548391261182 1.08789235460985 0.0265851890934823 -0.217069513858742 0.206179757988004 -0.778722912680752 0.00212903610556792 -0.07066144231473 1.86381005455896 -0.319052777775063 0.063319112765754 0.00891487438690319
"8" 1.0855106397832 -2.91147341368412 0.258723841604469 0.552701571575206 -0.998126954910781 2.61674720382504 0.0165308115759515 -0.510125835568301 -0.0312738065745665 -2.33145661039498 -0.0401463020596893 -0.130970874056146 1.87399715016383 0.791072564637947 0.371185197960592 -0.0418838089707947
"9" 0.595680998315546 -3.7438497219083 0.401105894672881 0.861846880514669 -1.00252789819228 4.11036542628726 0.00135602610982355 -0.774129757718535 -0.146584712655494 -3.98663547546055 -0.084044014038382 -0.177823217855206 1.55629632856944 2.01366435517804 0.663328362955824 -0.116909111241057
"10" 0.0204053883246536 -4.19459907230239 0.496841403424493 1.06204671873831 -0.828030848839982 5.10112969839942 -0.0103339598955197 -0.936126069017731 -0.190167975753817 -5.0661128525753 -0.113376897455315 -0.199135985820078 1.03523146820708 2.86166854062455 0.871888611230396 -0.173001042136548
"11" -0.518841047194701 -4.10525710548344 0.527510776314163 1.09646345645587 -0.582632812202709 5.26819024956092 -0.0126355312148243 -0.942413515281317 -0.217337066575511 -5.11552603478124 -0.116014713690331 -0.183041961772176 0.399110891045916 2.99102758993456 0.947030603527949 -0.18549081219777
"12" -0.935625984331586 -3.4276379658569 0.483105716174368 0.942979280967215 -0.333044163905996 4.50946571907932 -0.00327658101079975 -0.772284335959371 -0.266315065103078 -3.99288218153305 -0.0872748864681561 -0.124608523092604 -0.279427689751631 2.28828268902524 0.866646927339808 -0.147469277413109
"13" -1.19440728924218 -2.24554342079782 0.367058843541596 0.619356724555942 -0.123074276129029 2.96360716018527 0.0161835043350682 -0.442875786826047 -0.351501491521214 -1.89205446955567 -0.031056694105819 -0.0285210862742531 -0.931745410121938 0.897800296010346 0.639636416097744 -0.0684412662877207
"14" -1.30382854430254 -0.748311032712797 0.195476667318707 0.176613297637992 0.0209719462778158 0.954561727531251 0.0411241951881711 -0.00315237711940153 -0.467092700683121 0.738498093054547 0.0417804689901455 0.092098671414675 -1.4947581795436 -0.841248520042534 0.301813535880861 0.030422811798303
"15" -1.29871725222513 0.828704188912603 -0.00670821540805466 -0.316192424497935 0.0885292908797788 -1.1226340874653 0.0654337084580274 0.480051377357251 -0.595527676540556 3.35871140577197 0.11700975708651 0.219206187714093 -1.91893316631758 -2.52426177292794 -0.0938684105546628 0.12460036418048
"16" -1.22068984091673 2.26798433951734 -0.210933586056437 -0.789206989946514 0.0825985989130325 -2.92035160647252 0.0832421392939426 0.938154152887599 -0.716616465502456 5.50425870487915 0.180987420685326 0.33406815071811 -2.17579048746501 -3.81285624212425 -0.48931140884671 0.194424546326957
"17" -1.10448566819092 3.41352848989459 -0.390112570976102 -1.18518136072625 0.0162242483221134 -4.21394729177379 0.0902054061810991 1.31379449808769 -0.814138311924534 6.89080900716535 0.223532618884493 0.420837128798638 -2.26038088103561 -4.51446977621591 -0.831989889465461 0.229796380887649
"18" -0.97244708912317 4.18531323164321 -0.522543174715559 -1.46628590935654 -0.0919253504656654 -4.91979578866036 0.0840949880216542 1.56799121181076 -0.878691189747258 7.43517907405994 0.239143401445545 0.468678311969711 -2.18799351031214 -4.59439135205007 -1.08220716939719 0.230559952960164
"19" -0.835440566224205 4.56919372510174 -0.593989945621011 -1.61484400356105 -0.221873765244109 -5.07181583571571 0.0648732877980438 1.68179978673284 -0.907430429764438 7.21782062304317 0.226733827539455 0.472256382288208 -1.9873090391238 -4.13924937379807 -1.21646458425264 0.204050974446034
"20" -0.697141849657777 4.59022997348741 -0.597306292925279 -1.63055106205282 -0.355745047238712 -4.78672676711611 0.034727026633965 1.65477957620324 -0.901905252842049 6.4315256384928 0.188324389998054 0.430473894919743 -1.69279357938447 -3.30312004093336 -1.22792573962188 0.162435500368417
"21" -0.559689947726656 4.27471593084676 -0.52953408821556 -1.52667419822406 -0.48005342476043 -4.24205866623513 -0.0014321416751697 1.50289483716119 -0.864910022981521 5.35149884818691 0.126972945693314 0.343533210462795 -1.33776511439898 -2.25811577679295 -1.12531854448365 0.121442880602956
"22" -0.429287101895955 3.61449815167902 -0.389171523007221 -1.32545453870523 -0.586488326546199 -3.65948374672947 -0.0353687493879513 1.25598112344838 -0.797684353073519 4.31381863343627 0.0445379557743975 0.210514850662861 -0.949296382046659 -1.15294931098175 -0.929897086277315 0.0978427059132514
"23" -0.318344887101727 2.56912204921437 -0.179704454427302 -1.05026728648311 -0.671395837978845 -3.24722677364943 -0.0568464535769526 0.950685512194882 -0.699596520508013 3.62976992281971 -0.0589688143028404 0.0320994115657527 -0.546247324346261 -0.0737414497166524 -0.668112584053958 0.100091951873139
"24" -0.242588302529003 1.14419626847866 0.076767207774707 -0.719710173341191 -0.73467395806388 -3.08827560460325 -0.0582504376688684 0.621292446419119 -0.572139767878277 3.41399145821209 -0.181556842755437 -0.17860868620312 -0.144065861877194 0.972155773699154 -0.364407285573492 0.114049301549926
"25" -0.210991807421489 -0.606552323312886 0.346468514180415 -0.329361539077333 -0.779981525102051 -3.07862609696756 -0.0386476091903787 0.275526722860915 -0.416881170372701 3.49191169754793 -0.32107359765387 -0.400245599071781 0.258244365489293 2.07338293690738 -0.0218728396467753 0.101309271910054
"26" -0.224323940953375 -2.46420835490932 0.575676586835001 0.113432244056504 -0.80741375019497 -3.02294012550488 -0.0036884301050506 -0.0770262930388341 -0.247795114894809 3.5443498574734 -0.463880080261935 -0.592941983721801 0.641120377672292 3.2510523179605 0.346542534299928 0.018655964393588
"27" -0.270823913762052 -4.21213304014548 0.727954679529545 0.597186589759602 -0.81715256107761 -2.78279041109168 0.0389672069921412 -0.433076237073562 -0.0800065567161023 3.33985325688896 -0.594858342632171 -0.725871141078869 0.987397725985388 4.46344501845492 0.723098476194295 -0.153409564586639
"28" -0.334450187933565 -5.68648060039471 0.789825637466593 1.09546703461012 -0.809701433800088 -2.34963186425862 0.0835834503844461 -0.781046307067259 0.0726976177842724 2.84877268182374 -0.698625422213324 -0.78165137405739 1.27839763629067 5.60400582466919 1.07270761258472 -0.40207708750853
"29" -0.40058741715732 -6.78742536781585 0.766273560154898 1.56952945869734 -0.787207937471236 -1.80114045931272 0.126377149169911 -1.10100374009822 0.199174121796784 2.17615583367792 -0.760511865741693 -0.754335243970615 1.49792247342335 6.55456129650632 1.34404478244221 -0.690708346047472
"30" -0.458065590092813 -7.45797300138727 0.67258825330042 1.97335243910889 -0.753851433647536 -1.23414205723332 0.163961097682236 -1.3686820187777 0.290252218149955 1.45795863391499 -0.766197615969041 -0.644515149243887 1.63427285460078 7.22390044304786 1.47453819799608 -0.97013131005383
"31" -0.499040621985266 -7.66567887488971 0.529217744374073 2.25768394906241 -0.71547612101437 -0.72950963410276 0.192390219919507 -1.55876717396725 0.338103897977038 0.806762141474186 -0.701684962291098 -0.456564316122922 1.68051083390858 7.55860118453441 1.39610590720525 -1.18570582442669
"32" -0.518439289689816 -7.39627265872432 0.359186966204478 2.37420634083539 -0.678757402545925 -0.344136650443375 0.207187030812737 -1.64722470278675 0.336442528866813 0.299848771124831 -0.554464143703684 -0.198274127765899 1.63427270251438 7.53918097088582 1.04307848279521 -1.2824169662876
"33" -0.513522494447507 -6.65582432145351 0.186025703468129 2.28205433409136 -0.649794150954068 -0.111868239764824 0.204013028788284 -1.61422647760263 0.281650591279785 -0.0180669980148433 -0.316266221963538 0.118163555796116 1.49778785347183 7.17271498105344 0.365580072287457 -1.21205421826107
"34" -0.483619901528351 -5.47895907869158 0.0313159072815594 1.95811677728533 -0.631879457912359 -0.0442709354505162 0.179743790807823 -1.44884654166567 0.174931994880503 -0.131286377697666 0.0122799498016137 0.474318298486196 1.27829858940036 6.48575298775023 -0.648999468235402 -0.94484402011102
"35" -0.429987024544715 -3.94162947581994 -0.08803630635094 1.41084636890961 -0.62245014560875 -0.129200296912501 0.133768060073714 -1.15567305226698 0.0253956589157903 -0.0519616771649023 0.415297234417165 0.843088981239703 0.988824576035625 5.51802022619534 -1.9469273235897 -0.485411683761129
"36" -0.355701954046316 -2.17418501338969 -0.162222532112155 0.694057341402697 -0.609976786602988 -0.328468481731774 0.0691885040293738 -0.761685335139893 -0.146803299706135 0.179744372822789 0.855334621183837 1.18650108418029 0.648905641052497 4.3169586507971 -3.37907797934723 0.111048227682033
"37" -0.265486356333013 -0.365299667962514 -0.189877634794339 -0.0873157646491052 -0.572714378034172 -0.578265269828007 -0.00663082438590124 -0.319213983311759 -0.309358928627459 0.497527939673587 1.27102321719947 1.45559966393273 0.284550040658825 2.93383715226372 -4.6898611228639 0.731905769291984
"38" -0.16532905937651 1.25567518352831 -0.17767603380455 -0.789967944815885 -0.481913582621898 -0.797152387515846 -0.082814477509328 0.100667726988304 -0.421548283791275 0.817220157811104 1.58391718845988 1.59491929069293 -0.0736014750865168 1.42273616045938 -5.54785243375331 1.22196570126499
"39" -0.061857796932312 2.46429235057868 -0.137996910821331 -1.26872987680301 -0.310830831861835 -0.904154632815363 -0.147309030374819 0.427238395539403 -0.444243261598472 1.05379208723526 1.71715266568761 1.55282116430129 -0.39440405299862 -0.15691885783888 -5.63016204671096 1.4262994326773
"40" 0.0384464470075319 3.10354508215942 -0.085296281073779 -1.42743206837167 -0.0471909682035305 -0.842911578373148 -0.19021107236455 0.616640567343914 -0.353697277247618 1.14359419573123 1.62126965059091 1.29553493716941 -0.651789588389329 -1.73583115761421 -4.73926855630921 1.24984363785757
"41" 0.129952588496149 3.1344490015139 -0.032531744909047 -1.25967025225158 0.297061070114517 -0.601065013928325 -0.206632123134602 0.672459850427028 -0.152521026318533 1.06231889769062 1.29502761061132 0.819142339318319 -0.829561547938236 -3.23223086429552 -2.896682392428 0.704684131219778
"42" 0.208254420741797 2.64560470694405 0.0110172351799545 -0.854947377374998 0.684883118936219 -0.213983525536515 -0.197638507963752 0.646994514679303 0.128755625921659 0.82907821558193 0.789006602373428 0.153651161658786 -0.923124965404195 -4.55500326316833 -0.35766919979794 -0.0840430201834579
"43" 0.270148271255382 1.81584793232824 0.0400295431134552 -0.365174697175206 1.06328178947182 0.249329618352554 -0.168910315608382 0.620628635972539 0.440818683702147 0.494671569772734 0.189537607917628 -0.642138132218804 -0.937608190846138 -5.61299686886207 2.46403107371317 -0.919309463668583
"44" 0.313363003704786 0.852407849384154 0.0520653417593842 0.0496300088963295 1.3775249869023 0.709611414099513 -0.128119286543847 0.669914457824195 0.730197264558684 0.121524092676147 -0.407591244351716 -1.49068631367271 -0.883972469644289 -6.32694033198255 5.11801772303019 -1.59759077284968
"45" 0.336270667079761 -0.0633850006364796 0.0461408397219714 0.269267967259097 1.58341050841575 1.09784628119679 -0.0825109166160183 0.839602721350301 0.951986635410639 -0.234040143341748 -0.920157920197386 -2.30454951210316 -0.775445560396504 -6.63908886214167 7.22358863073808 -1.96598548571399
"46" 0.337720856178906 -0.803847775177637 0.0216641541863858 0.238846796431829 1.65343606432251 1.36570596783469 -0.0376024206736263 1.12752083594527 1.07628384995137 -0.530869862272304 -1.29123474345324 -2.99038648053806 -0.62565725710855 -6.51774762476608 8.52379671615891 -1.95159877434799
"47" 0.317005402200667 -1.29680910193363 -0.0221252246278709 -0.0275675980125953 1.57700554883127 1.48616643078363 0.00298852943185146 1.48182361876036 1.08848447376231 -0.743614907005639 -1.48985654320431 -3.44837082157443 -0.448407286917103 -5.95681255310276 8.88828080091085 -1.5634985709637
"48" 0.273878760696708 -1.51305187076284 -0.0863869762864891 -0.455989939249875 1.35718368478551 1.44864561781233 0.0370774344456075 1.80562913798559 0.986094466257375 -0.858718649985768 -1.50544060971996 -3.5695168441714 -0.258215155449209 -4.97212225347079 8.28697133782742 -0.878565739061514
"49" 0.208571855630725 -1.45065376724002 -0.172780533250789 -0.925195356476095 1.00654114087029 1.25297376346564 0.0633032919147718 1.96421625377439 0.774711817971969 -0.869516996368631 -1.3407575287947 -3.23367539692322 -0.0708534545665351 -3.59665156385823 6.75678671120698 -0.0223340237996581
"50" 0.121843887885371 -1.12297687112753 -0.283407858591259 -1.27955937497154 0.543829589342773 0.904976178723517 0.0806622664279253 1.79438705453092 0.464916593653313 -0.772745199835327 -1.0065232126063 -2.31254809476911 0.0966103603084978 -1.87697520141607 4.37580814935555 0.849983503736667
"51" 0.0155191534256529 -0.555318078092107 -0.419863274014983 -1.34987195026514 -0.00639545010527032 0.416779729071521 0.0883711312958173 1.12865975810826 0.0719883735190258 -0.568693313824326 -0.520790370042953 -0.693896553969921 0.226906802751543 0.122091906513075 1.26130154437411 1.57520072941691
"52" -0.105119909882568 0.200291919547311 -0.579153589687738 -1.01056339688968 -0.606366524787047 -0.18093126908529 0.086400268906953 -0.125025001657669 -0.377229174311623 -0.270073279553444 0.0797946650073129 1.62668754083484 0.306611267228316 2.28587314590493 -2.37087985031516 2.02015164130069
"53" -0.226047867296341 1.02432929309587 -0.744409944569348 -0.302317708370609 -1.18559055971352 -0.808328989352741 0.0769886630578052 -1.80821816168815 -0.826466294627829 0.0758786118971457 0.710703895753035 4.34386683338107 0.334615254036256 4.37454165990919 -6.05255087316056 2.14859350887082
"54" -0.320430577326679 1.69670298122961 -0.877085914541762 0.456454151693492 -1.6254106548895 -1.31141264386153 0.0660190567081713 -3.35780162454983 -1.17560746682734 0.368796957310366 1.21571122430243 6.67399759254386 0.329362693233231 5.96429208719542 -8.93901420359506 2.07730192839222
"55" -0.356532823244141 1.96101859485718 -0.929056689037193 0.790077968579013 -1.79225845961989 -1.50771949989898 0.0611287847714017 -4.00214013956356 -1.30948751873569 0.485939745518802 1.41243626460946 7.61466640183346 0.321029575457072 6.56925477296323 -10.0523858302926 2.01363360368305
"56" -0.31977024833922 1.69736489515997 -0.877289439972561 0.458629981773939 -1.62475151166581 -1.31143046927821 0.0660254413005381 -3.36139267388656 -1.17489497483719 0.368878810303269 1.21559840012584 6.6833039764623 0.326575897802904 5.96386312543279 -8.93681176330787 2.06544403956423
"57" -0.22541311299244 1.0250847579482 -0.744681897882522 -0.300064030283124 -1.18490408964351 -0.808212957844445 0.0770135795512044 -1.81240213513781 -0.825786322943224 0.0758034857348733 0.710488495977781 4.35661095621742 0.332162421578321 4.37391651954045 -6.04922501855762 2.13177561924681
"58" -0.104793886376196 0.200642343413719 -0.579314343339856 -1.00958008853937 -0.606043534045804 -0.180755724032723 0.0864254735578305 -0.127182989475909 -0.376941155900483 -0.270236096143655 0.0795941659607351 1.63461344945324 0.305776386503593 2.28536094671492 -2.36843423976464 2.00920259449015
"59" 0.0156296997951024 -0.555287403488869 -0.41990385077858 -1.34964313517847 -0.00630098908691512 0.416883045896101 0.0883810554362947 1.1281244796897 0.0720647868036402 -0.568783298120056 -0.520894948954245 -0.691612847831038 0.226796890361788 0.121823137384373 1.26228564045974 1.57179169646997
"60" 0.121866449797137 -1.12300241814265 -0.283410055334324 -1.27951680030809 0.54385480941122 0.905009177201613 0.0806639685662196 1.79432522791804 0.464935958403746 -0.772769283923562 -1.00655641513446 -2.31227860107015 0.0966060369875095 -1.87706651626149 4.37605096376174 0.849482386217005
"61" 0.208574442914358 -1.45066230770196 -0.172779693287762 -0.925190965644077 1.00654653852647 1.25298016643817 0.0633034521197064 1.96421699813856 0.774715950770817 -0.869520958481345 -1.34076410708631 -3.23367410791809 -0.0708536749163109 -3.59667061763897 6.75682716632045 -0.0223671663211462
"62" 0.273878966330223 -1.51305297207705 -0.086386759899181 -0.455990634769108 1.35718433582407 1.44864634109526 0.0370774477635232 1.80563086736029 0.986094983213187 -0.858719041476309 -1.50544139778461 -3.56951960760733 -0.258215142240147 -4.97212461647488 8.28697580985347 -0.878566369279156
"63" 0.317005512352751 -1.29680915591824 -0.022125303932901 -0.0275652451228297 1.57700553916864 1.48616636303625 0.00298850952987451 1.48182146232493 1.08848450157026 -0.743614691823407 -1.48985660044073 -3.44837062630575 -0.4484071083457 -5.95681334369351 8.88828121193299 -1.563498340455
"64" 0.337721261327543 -0.803848691944197 0.0216631474757758 0.238868838488173 1.65343623280665 1.36570602992635 -0.0376025512945981 1.12750006078622 1.07628403288058 -0.530869337418352 -1.29123490386947 -2.99038210013163 -0.625656855452416 -6.5177509006766 8.52379811689481 -1.95159791370509
"65" 0.336271655419528 -0.0633888758208592 0.0461375954884051 0.269340209483659 1.5834116193385 1.09784712863248 -0.0825113280585508 0.839534629585479 0.951987408144763 -0.234039352903078 -0.920158488767345 -2.30453487818011 -0.775445296535015 -6.6390979027668 7.22359324743815 -1.96598314452206
"66" 0.313364306991067 0.852401602472316 0.0520605272862866 0.0497384064306772 1.3775269653097 0.709612932865967 -0.128119898872838 0.669812269175223 0.730198509905539 0.121524930882284 -0.407592102836637 -1.49066426422178 -0.883972676161031 -6.3269530865942 5.11802457787701 -1.59758735708965
"67" 0.270149134381442 1.81584346148425 0.0400261938274795 -0.365098952084011 1.0632832542271 0.249330729744408 -0.168910742309982 0.620557224840153 0.440819575558227 0.494672086449199 0.189537008755611 -0.642122712413482 -0.937608496570403 -5.61300558544105 2.464035833818 -0.91930707723975
"68" 0.208254696655175 2.64560323981389 0.0110161454175142 -0.854922698169929 0.684883605089558 -0.213983158906068 -0.197638646861401 0.646971247047412 0.128755918786026 0.829078377701642 0.789006407472111 0.153656186803801 -0.923125082799954 -4.55500608289027 -0.35766765320372 -0.0840422414379418
"69" 0.129952638401115 3.13444880135593 -0.0325319140210762 -1.25966650388396 0.297061128547349 -0.601064966156819 -0.206632144451648 0.672456316283126 -0.152520985662669 1.06231893221939 1.29502758143924 0.819143106197771 -0.829561536560825 -3.23223132693427 -2.89668215375451 0.704684243525094
"70" 0.0384465030003884 3.10354520660926 -0.0852963135599705 -1.42743180587112 -0.0471910620332985 -0.842911622751297 -0.190211075516265 0.616640319962537 -0.353697296696955 1.14359425984959 1.62126964733509 1.2955350117208 -0.651789395883387 -1.73583141946196 -4.73926849437568 1.249843595382
"71" -0.0618576403921631 2.46429274316564 -0.137996964344243 -1.26872986532165 -0.310831116748213 -0.904154765919277 -0.147309036617669 0.427238385512412 -0.444243321864238 1.05379226392823 1.71715265438705 1.55282122261059 -0.394403481814671 -0.156919553417501 -5.6301618710547 1.42629926254551
"72" -0.165328843920516 1.25567569440308 -0.177676093059903 -0.789967922078745 -0.481913963749716 -0.797152556727962 -0.0828144885663429 0.100667706171063 -0.421548357458658 0.817220389709398 1.58391716205297 1.5949193609045 -0.0736006904008235 1.42273518600834 -5.54785213344381 1.2219654416993
"73" -0.265486217774176 -0.365299363525391 -0.189877661386006 -0.0873157351544052 -0.572714613546102 -0.578265366936416 -0.00663083365254158 -0.319214011099364 -0.309358968334984 0.497528079458393 1.27102319159335 1.4555997013851 0.284550543019574 2.93383651050937 -4.68986088266101 0.731905584694061
"74" -0.355701912578891 -2.1741849320036 -0.162222535511276 0.694057355860245 -0.609976853208438 -0.328468505586226 0.0691885003972397 -0.761685348669321 -0.146803308461037 0.179744410182998 0.855334609944562 1.18650109135137 0.648905790547947 4.31695845277611 -3.3790778881464 0.111048166068485
"75" -0.429987019024745 -3.94162946739699 -0.0880363058782958 1.41084637190684 -0.622450153824748 -0.129200298090989 0.133768059408304 -1.1556730549392 0.0253956584730935 -0.0519616745017171 0.415297231998385 0.84308898105769 0.988824596221738 5.51802019936139 -1.94692730676582 -0.485411693528647
"76" -0.483619899807659 -5.47895908088949 0.0313159076899865 1.95811677817529 -0.631879458797776 -0.0442709331765379 0.179743790693081 -1.44884654251462 0.174931994299903 -0.131286381002154 0.0122799493866532 0.474318297765819 1.27829859136829 6.48575298981585 -0.648999466617468 -0.944844020352662
"77" -0.51352243042068 -6.65582439323541 0.186025713282955 2.28205436266339 -0.649794173697581 -0.111868192686886 0.204013026888575 -1.61422650635795 0.281650562239072 -0.018067066606859 -0.316266225049834 0.118163531456332 1.49778789069955 7.17271506116956 0.365580069058112 -1.21205418428735
"78" -0.518438033458358 -7.39627385336365 0.359187106127017 2.37420697122018 -0.678757871251907 -0.344135532083769 0.207186988819495 -1.64722532249675 0.336441966966993 0.2998471328018 -0.554464189922485 -0.19827460272694 1.63427350156149 7.53918242567315 1.04307842816297 -1.28241628050307
"79" -0.499028700109218 -7.66568594559004 0.529218247053419 2.2576912294295 -0.715480819073018 -0.729490935679111 0.19238951186058 -1.55877447557852 0.338098691861601 0.806734045372098 -0.701685258688361 -0.456568417572953 1.6805194406249 7.5586168110258 1.39610625183626 -1.18570005935129
"80" -0.458005206761335 -7.45794818382787 0.672581222362629 1.97340773248456 -0.753874206447837 -1.23389807370966 0.163951445885056 -1.36874254749966 0.290228618519649 1.45758507628634 -0.76619800352507 -0.644526864601346 1.63432486838156 7.22403243349003 1.47455913832992 -0.970122170465572
"81" -0.400334824005618 -6.7867823380589 0.766178159113441 1.56992258910913 -0.787264017579366 -1.79871341699153 0.126276209064005 -1.10148072978383 0.199111663998317 2.17241860491744 -0.760508479724386 -0.754298350736008 1.49817832041902 6.55561368908428 1.34434462783157 -0.690879357104563
"82" -0.333028752443955 -5.68142323810189 0.789267464095161 1.09816476968557 -0.809803051750237 -2.3319980326361 0.08281266973448 -0.784480924152218 0.0725454138359655 2.82161368163056 -0.698622641898363 -0.781276537335259 1.27990574706832 5.61110377869073 1.07521657387322 -0.40362624741141
"83" -0.26317892196237 -4.18709485269464 0.726140674897401 0.611949409375043 -0.81755399762349 -2.6895175164042 0.0347151725196171 -0.452247780581065 -0.080263581115367 3.19631748312437 -0.595064884575049 -0.724615995412989 0.996171951463974 4.5004993323983 0.737493583331684 -0.161121439311046
"84" -0.192970745176536 -2.37815117699814 0.573443661294445 0.173752647340919 -0.809610290799208 -2.65936039175655 -0.020833042959687 -0.156360122434567 -0.247204239951479 2.98532399984821 -0.465741334005864 -0.591486572336692 0.680895758749086 3.3979722414818 0.406421118256219 -0.00866030732129275
"85" -0.112537620104711 -0.392227072930154 0.354619651998187 -0.144230846706179 -0.788332241729642 -2.01697229373086 -0.0903672018184998 0.0292961381317411 -0.411316213126176 1.8604045584976 -0.329803932821517 -0.406421040952125 0.391385558003591 2.51274606125472 0.163951274900313 0.0300673307148713
"86" -0.00131791242701862 1.5515259475609 0.128710069336377 -0.283113515380933 -0.756457511386512 -0.706279235145122 -0.178660601824192 0.033123654804772 -0.551128743050006 -0.247467134324079 -0.208126383584255 -0.216746017263688 0.189881469170484 1.97359335382574 0.077221564479224 -0.0236203416695275
"87" 0.0432140331586832 2.11747565304974 0.0681116348102444 -0.287171031079531 -0.744312674518083 -0.187086261654956 -0.210083346881231 -0.00850618761381483 -0.586915495607564 -1.06372027260862 -0.175291472785186 -0.164990895063141 0.150303108464729 1.86952118726863 0.0859547945100942 -0.0492652962652755
"88" 0.21647087603459 3.65657068217756 -0.0573347706285583 -0.197528289600243 -0.699641573107702 1.5600088424383 -0.314656463301031 -0.256531123619757 -0.668091758093356 -3.76914455344106 -0.0920401350693147 -0.0501494529882791 0.0968922714068796 1.64923879311585 0.207016613003113 -0.112439821954865
"89" 0.429511854515169 4.76973998528711 -0.0665895748411556 -0.0204557454799783 -0.645197931972574 3.11380847196704 -0.414919967791416 -0.611420051281572 -0.704871463398883 -6.12491983689072 -0.0346283824221452 -0.0209849084720304 0.116978324589005 1.40321084826495 0.403563864293631 -0.0924009318868002
"90" 0.655161478805024 5.51377483623083 0.0159155436003351 0.158165727871015 -0.578221893495235 4.19456869111382 -0.496591440130304 -0.973910960312661 -0.712096400052334 -7.71330433885142 0.00960465565158586 -0.0647096272634258 0.153963601358122 0.966754493159414 0.588500306764118 0.040284988166718
"91" 0.863807800368977 5.98375994273966 0.136149550169613 0.289920622248232 -0.499440616931872 4.76470143542042 -0.549297410078616 -1.2721618818156 -0.703609734428872 -8.49020476525004 0.0501348270632249 -0.154218188456269 0.170264845245452 0.335264013322879 0.708424341737569 0.266381732123023
"92" 1.0336570686295 6.23525649143791 0.235961970419136 0.365673266718076 -0.416456490518176 4.91152463563221 -0.56457067033198 -1.46753935134435 -0.686319286085166 -8.60102344223445 0.0887580331917324 -0.26481302608164 0.157050968109345 -0.387712686772305 0.7471456131221 0.541220615447401
"93" 1.14924904409477 6.28886288184675 0.259941522164839 0.398838862670985 -0.338702162356271 4.73871517024348 -0.533651787468567 -1.53998886624094 -0.663316543522955 -8.21418489710884 0.121977104685263 -0.376809402261074 0.120171928371175 -1.07663454114486 0.710593058945832 0.81231255169422
"94" 1.19979741663226 6.15656011639314 0.154288437062154 0.412626714873795 -0.274843960977512 4.32968847354744 -0.447153557811715 -1.47710793853763 -0.637217264867285 -7.4661113339003 0.144237163255086 -0.472638718078542 0.0682432406326665 -1.62685487802829 0.614746012967998 1.02582887882539
"95" 1.17882874445418 5.85398557278359 -0.130580034137008 0.433529518232191 -0.232335084622294 3.74748092984423 -0.296358485631197 -1.27160645793072 -0.610986261978415 -6.46126802026502 0.149787781437405 -0.535544084984451 0.00872507323111371 -1.96310249106812 0.479769910371175 1.13033204714674
"96" 1.08445476843479 5.40118522740197 -0.629784448422088 0.485811641430857 -0.216366174890648 3.04156896315564 -0.0761326110509892 -0.924026468216217 -0.587238664813296 -5.28170482571833 0.133917214436148 -0.550797295588438 -0.0525507549500652 -2.04030734070918 0.326889826750161 1.08330797977817
"97" 0.92027416148709 4.81880856317638 -1.34503660468093 0.583607771119176 -0.227665910448352 2.25480521554303 0.210183215255661 -0.448834351048333 -0.566429341432243 -3.9957035815568 0.0943177020178085 -0.50889425147318 -0.111077548228786 -1.8479165026723 0.17595628205045 0.862176526946598
"98" 0.696660378926788 4.12250252953665 -2.21882146990944 0.720480014005375 -0.259302978796258 1.43023859176698 0.544244316448914 0.117260249835981 -0.544189232797789 -2.66540153815016 0.0326769764320547 -0.410127272861359 -0.163304658225728 -1.41860740969795 0.043392973781053 0.478838742198093
"99" 0.431788508891937 3.31771808194894 -3.11148037174998 0.860043099863432 -0.293769904124189 0.616743193256792 0.886947831109152 0.708122699936899 -0.508858402191837 -1.35285572208073 -0.0439986945871675 -0.268833814365394 -0.206332220431344 -0.836424640702461 -0.0592627905305392 -0.00747541967911047
"100" 0.151210003558876 2.39896796314907 -3.8014410975479 0.935327322601211 -0.30310978601108 -0.129472147501397 1.17849611525558 1.22899250175698 -0.44143493959147 -0.12242577815215 -0.123334219210387 -0.113872888054232 -0.237733142843943 -0.233964907256686 -0.126062934859164 -0.489642150984139
"101" -0.115266858576615 1.35790609534998 -4.0300718951757 0.864967809658232 -0.255042027176557 -0.750702269310355 1.34962619971512 1.57254347359407 -0.320321352970205 0.962934812891833 -0.189833386246784 0.0183459824657461 -0.25556916056078 0.232346884028726 -0.156608519935745 -0.835477734774088
"102" -0.339424199965467 0.200201957544152 -3.59116416885957 0.586127705820438 -0.125097723073862 -1.20086844475092 1.34400861996831 1.65027876876964 -0.130870180324328 1.85137370371963 -0.229401434377078 0.0982949602323515 -0.258602962598703 0.429074883525848 -0.155397857443404 -0.9339339154306
"103" -0.501095936024505 -1.03676188754207 -2.42683004048325 0.0895893141944981 0.0904898206255083 -1.4599217015791 1.14230869556238 1.42645701476883 0.124531442021804 2.51314267313289 -0.234298843649221 0.118695008810164 -0.246581724774746 0.295719342677353 -0.130696189290873 -0.7448730278835
"104" -0.591946484317168 -2.2775501972452 -0.671154891504777 -0.56521207575814 0.369205186249039 -1.54032903287845 0.773308711212558 0.934776315173922 0.422365630849508 2.94575643561386 -0.205709674458081 0.100798061577677 -0.220393778656842 -0.131464443308294 -0.0930402757925606 -0.322068916602689
"105" -0.6147151423913 -3.41999275994646 1.38966260894352 -1.26689786787664 0.668244717103882 -1.4807050092786 0.30428507883614 0.267091419412687 0.723298028903545 3.16941018176143 -0.152385697028822 0.0862808564178863 -0.181983164528886 -0.737456659534715 -0.0535659535308213 0.206862854749772
"106" -0.579151124448857 -4.35840742356577 3.41517377374272 -1.89059422392233 0.938487204226327 -1.33049624570918 -0.183062744683953 -0.457645667702756 0.983927689111836 3.21554642874834 -0.086491461049043 0.11920493562792 -0.134088326004655 -1.37569571732061 -0.0224718316843564 0.690701255565784
"107" -0.497678616227849 -5.00598428586819 5.10783157384728 -2.33540863880599 1.13825894439989 -1.13479480858422 -0.616582782766799 -1.12497568806974 1.16827165251274 3.11543653611519 -0.0193493006456826 0.228202358674992 -0.0799770593803792 -1.91542167471051 -0.00793817878964376 1.00499497031541
"108" -0.383008092049228 -5.3069929390467 6.26629029727873 -2.54410260308583 1.24088908884032 -0.925921316132783 -0.94685398410955 -1.6430431170032 1.25406512608449 2.89378919643998 0.0409153442619425 0.416371877653035 -0.0232985876010163 -2.26778645092617 -0.0156437034960391 1.08046959467629
"109" -0.247862676514747 -5.23779958295636 6.79030011815533 -2.50281067405367 1.23542210788766 -0.722411188785975 -1.148470176412 -1.94610743148227 1.23334396084682 2.56781910147399 0.089603293374493 0.659746753043862 0.0319471956014512 -2.3885697093112 -0.0487909413706831 0.907098820461044
"110" -0.105715919864226 -4.80111359870642 6.65752485981129 -2.22817344798033 1.12332802921261 -0.532191650109898 -1.21447652050546 -1.99059764639641 1.10962476838349 2.14930675269635 0.124463937043481 0.910936153568571 0.0813933350758349 -2.26766396486769 -0.10841455351121 0.524174876564132
"111" 0.0285456226538594 -4.01830617213339 5.89393528504994 -1.74980383577788 0.914259116117537 -0.356580356838341 -1.14932160133163 -1.75125060453028 0.894190221144483 1.64711861052058 0.144481084029743 1.1043552893409 0.120302230929954 -1.91606494794751 -0.193734649122234 0.00731745568782571
"112" 0.138529075344766 -2.92269540911405 4.54955185765384 -1.09231297558027 0.62254494667357 -0.193354168345905 -0.963210231688729 -1.22156348441574 0.602899326671959 1.06897646038216 0.14892834684589 1.16136705991704 0.14359823644997 -1.35608407256657 -0.30236379976013 -0.541963181702386
"113" 0.206973349456646 -1.55563314736076 2.68392881401732 -0.259132665342605 0.265046539672607 -0.0386311672212756 -0.668792849367116 -0.419983961732671 0.254078808380118 0.422721705327378 0.13684468515569 0.996352808825236 0.146009610165692 -0.616458387956814 -0.430203754138191 -1.00413571252699
"114" 0.217946511779962 0.0296627671832042 0.369503149123309 0.773284510119481 -0.13878040345672 0.111649561417039 -0.281489547531336 0.598027841000119 -0.131748089142641 -0.280452538632469 0.107193069605146 0.530897552676265 0.122801628605941 0.265900712329429 -0.570807714761358 -1.25400698987551
"115" 0.163538396379416 1.74224026499254 -2.2608251161615 2.02151737495372 -0.561986575137428 0.258745145795322 0.172122323134083 1.72380579248264 -0.528056012589465 -1.01405262629585 0.0606729997282187 -0.263554585301279 0.0726188865827488 1.23129990301797 -0.713877440688179 -1.19739358665583
"116" 0.0578805304475694 3.39313772689372 -4.89716436717776 3.38610970599259 -0.958211412949478 0.394802465317577 0.633783168790878 2.78426563791869 -0.892579147727779 -1.70960157995914 0.00419101113963194 -1.27630603715062 0.00392427377879301 2.16493754179277 -0.843092826693336 -0.852003875066146
"117" -0.0509955095601882 4.6488250682087 -6.95636463881437 4.53361465838593 -1.25285890001317 0.497287272454971 0.996950194700271 3.55844804584419 -1.16013068573762 -2.23530807711706 -0.0451053168201483 -2.18288364313401 -0.0593937599550056 2.87414535901418 -0.935891169426966 -0.423226402172475
"118" -0.0980716834235444 5.12697907695982 -7.75099859876757 4.99453253672259 -1.36360495355351 0.536376309336042 1.13746896113165 3.84484253394571 -1.26001057672251 -2.43518691386533 -0.0651408923495342 -2.55548769769058 -0.0858722476799034 3.143676132226 -0.970006707887521 -0.226000049786592
"119" -0.0513903330429279 4.6495955110615 -6.9576510243997 4.53436880580625 -1.25276360593608 0.497441217273341 0.997177001296673 3.5592580888288 -1.16004951422932 -2.23571739186211 -0.0451882338609169 -2.18505634319132 -0.0599411652345632 2.87445235026505 -0.935838833566208 -0.421139696372734
"120" 0.0574507850253472 3.39386087830432 -4.89833902474959 3.38672926817731 -0.958101763248431 0.394928327273494 0.633991867003734 2.7850714190285 -0.892482673222673 -1.70995657532071 0.0041204518724971 -1.27828987924414 0.00339522653820001 2.16523501212411 -0.843071836925233 -0.850101625430852
"121" 0.163325594193672 1.74255428751134 -2.26132530830653 2.02175846847363 -0.561934607804698 0.258788473033899 0.172212118351687 1.72416109122207 -0.528009003908022 -1.01419083612064 0.0606473197052466 -0.264355781314919 0.0723911246922864 1.23144207648371 -0.713888032833168 -1.19662814615401
"122" 0.217893693700989 0.0297409992166919 0.369376150165655 0.77335423800082 -0.138771031773821 0.111657068771063 -0.281466588736008 0.598100924699542 -0.1317393678251 -0.280483192341958 0.107188297186328 0.530734680303681 0.122751828245653 0.26594225704464 -0.570816095480595 -1.25385317966931
"123" 0.206966731079208 -1.55562009865454 2.68390627465656 -0.259115185345962 0.265046368425629 -0.0386304579288552 -0.668788788339893 -0.419978735565246 0.254078694936992 0.422717077519019 0.136844164337903 0.996336700995982 0.146003989093066 -0.616450415945586 -0.430205747451808 -1.00412125890807
"124" 0.138528423975694 -2.92269361865096 4.54954882068475 -1.0923099505187 0.622544764130623 -0.193354249867772 -0.963209688574008 -1.22156369905838 0.602899189543109 1.0689761174722 0.148928291297199 1.16136617660322 0.143597792606751 -1.35608330674 -0.302363968015072 -0.541962553688506
"125" 0.0285450626452173 -4.01830570137845 5.89393514375971 -1.74980371275005 0.914259322630992 -0.356580741206365 -1.149321572706 -1.75125054521807 0.894190477637727 1.64711921435421 0.144481077403217 1.10435513901706 0.120301940504343 -1.91606567349631 -0.193734512765161 0.00731756938802164
"126" -0.105716497206524 -4.80111321203043 6.65752505269459 -2.22817366351305 1.12332828629146 -0.532192122202227 -1.21447655237672 -1.99059754706303 1.10962508553685 2.14930754829128 0.124463938334022 0.910936065607757 0.0813930594557437 -2.2676649894189 -0.108414373069081 0.52417495972179
"127" -0.247862845251245 -5.2377994523809 6.79030031777838 -2.50281090869849 1.23542216440523 -0.722411447328372 -1.14847021183052 -1.94610734138322 1.23334407760479 2.56781954810032 0.0896032959676916 0.65974669792746 0.0319472132160374 -2.38857031656679 -0.0487908465547378 0.907098873938082
"128" -0.38300790443668 -5.30699302993023 6.26629046864914 -2.54410287574668 1.24088896114945 -0.92592136090092 -0.946854015782568 -1.64304299302545 1.25406505803985 2.89378928366666 0.0409153495891994 0.416371858511525 -0.0232983159958779 -2.26778660233144 -0.0156437079611322 1.08046960301948
"129" -0.497678404149334 -5.0059843615407 5.10783165557479 -2.33540885228132 1.1382588038944 -1.13479477887316 -0.616582799067824 -1.12497556723954 1.16827155410739 3.11543648265614 -0.0193492930160311 0.22820237925697 -0.0799768126528964 -1.91542163954674 -0.00793822381729115 1.00499493179058
"130" -0.579151043753045 -4.35840744938732 3.41517379199607 -1.89059432592266 0.938487145577544 -1.33049619991028 -0.183062748784378 -0.457645606845848 0.983927648475697 3.21554635069949 -0.0864914585934766 0.119205012608802 -0.134088228176122 -1.37569564872153 -0.0224718417868957 0.690701137258486
"131" -0.614715206985424 -3.41999285504848 1.38966264664519 -1.26689795057792 0.668244748366992 -1.48070486216747 0.304285074311733 0.267091417545153 0.72329807375223 3.16940998213548 -0.152385712816268 0.0862812175180352 -0.181983175641458 -0.737456499817708 -0.0535658191052875 0.206862294642235
"132" -0.591946745888219 -2.27755050813353 -0.671154762365836 -0.565212287706977 0.369205326000482 -1.54032861585713 0.773308697077478 0.9347762784352 0.422365804716073 2.9457558899925 -0.205709726114112 0.100799115377811 -0.220393872778281 -0.131464000108877 -0.0930398486565025 -0.322070558689461
"133" -0.501096328167319 -1.0367623610251 -2.42682983051809 0.0895889597413131 0.0904900274331591 -1.45992112372566 1.14230867298632 1.42645700099095 0.124531701046596 2.513141925955 -0.234298917005195 0.118696473992657 -0.246581862359123 0.295719976559498 -0.130695589890735 -0.744875324750353
"134" -0.339424476605152 0.20020161805212 -3.59116400926609 0.58612742198607 -0.125097579918988 -1.20086807136356 1.34400860329996 1.65027879580098 -0.130869999148934 1.85137322728419 -0.229401483190768 0.098295910271986 -0.258603056103389 0.42907531153126 -0.155397464944173 -0.933935417796249
"135" -0.115266951317854 1.3579059813318 -4.03007183993727 0.8649677031392 -0.255041980356049 -0.750702157293964 1.34962619439309 1.57254349687355 -0.320321293141878 0.962934672224319 -0.189833401602189 0.018346270079121 -0.25556919105787 0.232347020457769 -0.156608399464375 -0.835478195460325
"136" 0.151209988523103 2.39896794558746 -3.80144108937877 0.935327304106004 -0.303109778551754 -0.129472131920232 1.1784961146711 1.22899250801319 -0.441434930140764 -0.122425797348576 -0.123334221605466 -0.113872846515051 -0.237733148038231 -0.233964886835491 -0.126062916839359 -0.489642218957215
"137" 0.431788507647522 3.31771808088088 -3.11148037134569 0.86004309896024 -0.293769903392442 0.616743194198083 0.886947831117299 0.708122700150685 -0.508858401381527 -1.35285572312312 -0.0439986948503366 -0.268833811314892 -0.206332221056852 -0.836424639877701 -0.0592627886749995 -0.00747542494065101
"138" 0.696660378777378 4.12250252968533 -2.21882146985598 0.720480014705679 -0.25930297864024 1.43023859158929 0.544244316428812 0.117260249209181 -0.544189232651917 -2.66540153777615 0.0326769763819303 -0.410127273032799 -0.163304658350572 -1.41860741054877 0.0433929741698904 0.478838742426547
"139" 0.920274161340572 4.81880856372863 -1.3450366047015 0.583607771499814 -0.227665910341295 2.25480521564299 0.21018321522502 -0.448834351395972 -0.566429341348306 -3.99570358167121 0.0943177020245898 -0.508894251608353 -0.111077548361353 -1.84791650336398 0.175956282208574 0.862176527201711
"140" 1.0844547680661 5.40118524236486 -0.62978445154873 0.485811640708079 -0.216366174622427 3.0415689766255 -0.076132611519546 -0.924026467620386 -0.587238665806073 -5.28170484692564 0.133917215375523 -0.550797293335734 -0.052550756849743 -2.04030734079545 0.326889825997171 1.0833079777608
"141" 1.17882873069198 5.85398602331959 -0.130580128378516 0.433529486665947 -0.232335076982438 3.74748134336311 -0.296358499806802 -1.27160643177286 -0.610986293582219 -6.46126867063551 0.149787810716336 -0.535544015219784 0.00872501587810603 -1.96310248060265 0.479769881545408 1.1303319851562
"142" 1.19979698824962 6.15656974358902 0.154286397388052 0.412625914677982 -0.274843750287116 4.32969725541693 -0.447153849713692 -1.47710725327213 -0.637217948161741 -7.46612514782218 0.144237804552502 -0.472637154683525 0.0682419215416994 -1.62685451200277 0.614745281488041 1.02582750102408
"143" 1.14924089422158 6.28900917757339 0.259910012582474 0.398824514964872 -0.338698541898096 4.73884353188943 -0.533655885716958 -1.53997597917834 -0.663326894716099 -8.21438724724485 0.121987122392056 -0.376784874041846 0.120149995584224 -1.0766295959478 0.710579685075515 0.81229155174475
"144" 1.0335674270562 6.23684690909102 0.235617057531717 0.365492730412583 -0.416425170041967 4.91279490726055 -0.564610059488643 -1.4673698784134 -0.686427557287985 -8.60303465910272 0.08886941310372 -0.264546243640041 0.15679510029004 -0.387732168974583 0.74697699622628 0.541004455633924
"145" 0.863226927375763 5.99614260415886 0.133488477636007 0.288331901359221 -0.499312816302426 4.77314930672511 -0.549558899125873 -1.27062676273145 -0.704421730593634 -8.50367162488302 0.051018361130982 -0.15218540396549 0.168156222989778 0.334045816944534 0.706954218214264 0.264874774002351
"146" 0.652572900516215 5.58320000182939 0.00135944896776063 0.148282226460125 -0.57769836025012 4.23251057673685 -0.497809937828222 -0.964238483597034 -0.71675559983727 -7.7743932155593 0.0146549679441073 -0.0536227211362359 0.141273685698867 0.952484427283109 0.579430333313624 0.0330670097213215
"147" 0.419617642035934 5.05393484844101 -0.124101968829402 -0.0650369481088902 -0.641070981833928 3.22968933445374 -0.41896908389593 -0.567698021689779 -0.725437892157403 -6.31436621457617 -0.0134817593188856 0.0231664602434023 0.0603128009363427 1.31346037076092 0.362817904508276 -0.116394648407436
"148" 0.184447043698949 4.52347780254365 -0.225821445886738 -0.347851022095313 -0.678784929402875 1.79835334230205 -0.324370322675934 -0.109667360061431 -0.735962318680309 -4.16933578978881 -0.0257458852482459 0.081037068695764 -0.0909423433538468 1.28499914034159 0.0699058621107866 -0.167961765361554
"149" -0.0353464482030197 4.14843030771083 -0.309702567476783 -0.677204137629836 -0.682199282041686 0.117750911096871 -0.227218432157279 0.369665169336849 -0.75587108965613 -1.60814121385489 -0.0150758988481465 0.134396232527735 -0.322058070137267 0.816961925918382 -0.268892383754604 -0.136809754564922
"150" -0.227460917183635 4.04416840482803 -0.391425003138936 -1.00726534375551 -0.648394135804933 -1.51488386717407 -0.14072097701435 0.816153909733054 -0.788954518841509 0.921835160019141 0.0200573926762448 0.19859898417252 -0.621541829376539 -0.0112812062595875 -0.604065164252965 -0.0621482780779843
"151" -0.3979327363841 4.19157744834377 -0.47952232057764 -1.30135519574701 -0.578495181370797 -2.92487663817145 -0.0685669626215724 1.19972775519865 -0.832506556556545 3.16733637743567 0.0745683021895758 0.279801488115197 -0.973882686364584 -1.07850719669543 -0.899366431927966 0.0213944360096434
"152" -0.551541025699804 4.4500905310825 -0.558989179336877 -1.51755630065595 -0.478084122841486 -4.00299555336573 -0.0116416704448943 1.48493411497499 -0.87541086346506 4.97883531405176 0.135892813828883 0.365556395911312 -1.34345785983082 -2.22147254361031 -1.11482376763137 0.0950158413095892
"153" -0.695588937423977 4.63051882549527 -0.604480933514598 -1.62810371140681 -0.355468403335085 -4.72844220263507 0.0323531378099058 1.65048312362084 -0.904273839761226 6.34075132925503 0.190339866430631 0.435694145189245 -1.69360325852233 -3.2917158924305 -1.2253258249486 0.155787851345679
"154" -0.835216051303768 4.57603909619327 -0.595274932293761 -1.61437020056895 -0.221860503681438 -5.06141177074421 0.0644670212052874 1.68104207876778 -0.907825032692604 7.20162907594757 0.227071321299189 0.473170294779862 -1.98737135034615 -4.13686730061918 -1.21599557625179 0.202832670541852
"155" -0.9724185274808 4.18616908662447 -0.522725039535796 -1.46620837939999 -0.0919289107579915 -4.91845994321759 0.0840477471884087 1.56789276125734 -0.878742903747736 7.43309891668197 0.239184138023485 0.46880025300888 -2.18799718614727 -4.59404954302507 -1.0821449670956 0.230389742641307
"156" -1.10447439462069 3.41362650231681 -0.390160328996908 -1.1851420414837 0.0162172257976319 -4.21382443012832 0.090206728636353 1.31377546950673 -0.814151133073153 6.89061230230442 0.223535850953342 0.420855670696284 -2.26037995774768 -4.51443303216628 -0.831984216125129 0.229769886802671
"157" -1.22067735669819 2.26801791563383 -0.210972907723116 -0.789163838680253 0.0825898564682899 -2.92034239716736 0.0832483737910097 0.938138018103659 -0.716627573402025 5.50423737211192 0.180987389343462 0.334077560233453 -2.17578843461756 -3.81285157617346 -0.489311501456548 0.194412435277854
"158" -1.29870915514483 0.828722321728511 -0.0067317634327555 -0.316165600222085 0.0885237182826652 -1.12263293506042 0.0654376404634593 0.480041215256581 -0.595534448331781 3.35870530349556 0.117009645249431 0.219211534593796 -1.91893153025449 -2.52426076973717 -0.0938687382937502 0.124593804356891
"159" -1.303821008718 -0.748308077655079 0.195469647671805 0.176621268124464 0.0209674576881293 0.954559645737891 0.0411254805979391 -0.00315548260661114 -0.467094320510362 0.738500899919954 0.0417805695955482 0.0920999548244481 -1.49475132490562 -0.841253871090739 0.301812830826812 0.0304216382257891
"160" -1.19433065043411 -2.24557751939628 0.36705657913046 0.619355028570126 -0.123116114817439 2.96356869970869 0.016185640870821 -0.442874797906315 -0.351493434237111 -1.89198318724747 -0.0310543920281683 -0.0285242548999349 -0.931649931498432 0.897714052870372 0.639625671721767 -0.0684312920313914
"161" -0.934839524096105 -3.42798565717498 0.483086556465858 0.942918140635825 -0.333467717118461 4.50902613177804 -0.00325435365545124 -0.772241539428317 -0.26619784560508 -3.99209328879603 -0.087248106900081 -0.124628937517855 -0.278439944403865 2.28736358517937 0.86651851188202 -0.147379912638826
"162" -0.513037989739816 -4.10771044061472 0.527340179639556 1.09583198166399 -0.585747920623099 5.26464491877555 -0.0124643323176084 -0.941945805488193 -0.216239834419858 -5.1093847241438 -0.115804226011796 -0.183120751603269 0.40640824468997 2.98408285587014 0.945985239807349 -0.184913575446103
"163" 0.0509421148873961 -4.20675791222753 0.49582464299082 1.05812143508963 -0.844452807618205 5.0807876191192 -0.00941837656085909 -0.93317344587468 -0.183215765110136 -5.03213914617021 -0.112232336462555 -0.199410861707719 1.07366932394201 2.82431060878007 0.865960795094935 -0.170053730076404
"164" 0.708511119443567 -3.78536109791544 0.396906104877762 0.845519743518736 -1.06283414519559 4.02670094922902 0.00480846807464452 -0.76173785892682 -0.116854940842655 -3.85180990252313 -0.079645934827961 -0.178791672043587 1.6996317395211 1.86980817101542 0.63967937399368 -0.105393193812006
"165" 1.37706524679184 -3.0082855062967 0.246865088630345 0.505673977853995 -1.15381284778988 2.3700621018664 0.0258291184674011 -0.4740405425602 0.0539361286400751 -1.94503813858653 -0.0280599831855266 -0.133926342343415 2.25317836664363 0.392455209657017 0.304752436666945 -0.00849171544854244
"166" 1.91480546436522 -2.0659021763965 0.0632283967213594 0.118867289692034 -0.94940404958895 0.576774106994194 0.0447688753844195 -0.144388592954012 0.361221570183432 0.0175022355406913 0.0260601299888847 -0.0777440746084324 2.58786247481017 -1.1107889226813 -0.0672505093870228 0.0802132092406964
"167" 2.14601547812761 -1.13285045781848 -0.131753071492565 -0.199775044591178 -0.303504613681227 -0.703165385188872 0.0495675015022017 0.127908659091503 0.701451604490117 1.14167193047923 0.062076401090037 -0.016208050088494 2.42425126787278 -1.95638468486026 -0.361669672460593 0.0967993299088334
"168" 1.9506370079954 -0.391741156336472 -0.281299312003956 -0.337821075895882 0.566106184823312 -0.989829656511708 0.0352510840638383 0.251465110368864 0.835948060643962 0.942897049990254 0.0659675772963624 0.041610967183658 1.66434380018446 -1.72509563447408 -0.461550231243208 0.0155986603971883
"169" 1.35385112498516 0.00163078960652285 -0.294026298707129 -0.276536254178829 0.988425765571444 -0.552395760561297 0.0139357710386765 0.212448769016277 0.636166582656108 0.128391069917704 0.0439759947204696 0.0657196140037968 0.730972622911029 -0.858427631191041 -0.351594699704904 -0.0721691879410855
"170" 0.833096542024781 0.0758226425364636 -0.215037531439339 -0.173618656425933 0.825204515097118 -0.222736875815502 0.00403505287995265 0.134926215943254 0.390565443863785 -0.195826347134789 0.0249660260360836 0.0537499602154554 0.282366910524153 -0.348563592189886 -0.216550186084302 -0.0806598514368204
