"V1" "V2" "V3" "V4" "V5" "V6" "V7" "V8" "V9" "V10" "V11" "V12" "V13" "V14" "V15" "V16"
"1" -100.25100215791 13.8499463799809 1.72675559774368 11.1911488830142 37.3359778414698 0.594766406326755 -0.0435748975455823 -7.55966978325978 55.9480675353088 -1.0915686082858 -0.0872456981425813 -3.37046493496928 -55.2481226550696 8.58719592312457 1.40173786746345 8.60765997747149
"2" -132.211721802287 16.8574313249946 2.67755765915544 9.01986015967123 71.2445295392807 2.73616829675927 -0.033114987034935 -5.15311751039462 64.8582622522526 -4.6767778183314 -0.124722183601108 -1.57664616328475 -97.6667673993359 20.6390029200425 2.48228910096213 6.17234898039897
"3" -95.9912378867464 10.3687408144094 2.53001119715111 -2.11707267506881 87.4457184868577 4.44022417878148 0.011745724944376 3.52991186863892 33.0837986186166 -7.67936062258786 -0.0986583284334017 3.22406170645627 -110.994463623983 28.7793000390136 2.85505267995177 -3.33210206244621
"4" -44.2033327680432 3.69104136773626 1.59568498723272 -8.03934289531844 71.8375762719339 3.25012228341836 0.0340739072542817 7.51553088472656 3.40337299047384 -6.05002563224457 -0.0428864098430779 5.22898672041629 -85.8555903792987 23.6106146270502 2.3117790499773 -8.09514855235466
"5" 23.6707744185978 -2.75253292252023 -0.311253372982605 -6.71272340651831 15.5956897841949 -1.64443238572051 0.0259139221685558 5.03937223553748 -20.8489759603481 1.46115144187092 0.0452131176562034 3.56385739992766 -11.4207199739672 1.18497140197314 0.615542892845042 -6.51529130698691
"6" 62.685831250525 -5.95579381512584 -1.79966193398565 -0.177321125262097 -43.4822946120011 -5.35123065118 -0.00329360677139334 -1.24384265247636 -23.8669625495211 7.50722096041636 0.0891526865479193 -0.480454727718097 62.0268201673971 -20.6302397390306 -1.27920166291597 -0.283900941674801
"7" 73.2340964108018 -9.20956549180369 -2.07459974011368 1.41194417855695 -70.9621908237621 -3.33255312303095 -0.0156204738480028 -2.65042517832717 -20.4318415150867 5.01791895772021 0.0690043518606842 -2.93207497792719 94.6463878366892 -24.3586844569793 -2.6801590486757 2.84414265585656
"8" 61.3799344983335 -13.0079970266167 -1.19405383896819 -3.58934287858028 -64.6794396077939 3.93323583314049 -0.00543611215890394 2.10570584845391 -15.8733040167359 -5.39125490325466 0.00358425740870416 -3.2206757704389 85.1953253254924 -10.0652433470353 -3.50826839541287 1.68924093248643
"9" 34.1516657334714 -15.8080345682256 0.257748731175042 -10.5561970428653 -39.5957033016706 12.9643700171748 0.0139442100094982 8.86863839157377 -8.53381497577675 -18.4619506582021 -0.0801389956509695 -2.55115588875015 51.8547174606099 12.0904102816278 -3.82660583922143 -0.976204416780092
"10" 1.32999762860868 -16.3905722199252 1.60746823746157 -14.5180877217226 -9.42030139827341 20.1244934953782 0.0309496807798126 13.0940785839807 0.855908341159022 -28.6870098259599 -0.160554957615346 -1.79996507815667 11.7557554087771 31.8759906539866 -3.56731991714832 -2.71850371739129
"11" -27.2822237140861 -14.3220732764755 2.33774035682126 -12.3910813370321 17.2833174186931 22.8319886921187 0.0397591505616077 11.8643941805694 9.24534276305812 -32.1750941080993 -0.222096198966682 -1.27356019615218 -23.7488017106994 42.3323189943403 -2.62828484595229 -2.3541430612604
"12" -45.3108491263026 -9.78245667564397 2.2257766402457 -3.72854848733186 35.9367485518989 20.0830618821855 0.039312117781904 4.64056683711578 14.1483721258998 -27.4580290206836 -0.252892684889105 -0.980481578506442 -48.3810420712409 40.5742723167002 -1.04622968951298 0.188562444665877
"13" -51.0374696064059 -3.46952763334548 1.38519980567872 9.09646847720342 45.1168923814175 12.5939996244349 0.0325987152754976 -6.54243467752576 14.8477619481528 -15.7106211918697 -0.243538574925992 -0.76944626324439 -60.2184801076135 27.8923164084667 0.931227292985113 3.99276085605015
"14" -46.6287904935251 3.56266805066525 0.180779026662577 21.8142429829841 45.8311809789203 2.38900534700076 0.0250056685509321 -17.8975455418104 12.2128887582654 -0.104227748658559 -0.18859980269184 -0.418863202870853 -60.7559665553486 8.71935339779066 2.90474373660527 7.52799101635901
"15" -36.2913078074781 10.1828890535862 -0.94468153253024 30.0302313334323 40.5068659539356 -8.0272316461427 0.0216004408397055 -25.475920324142 7.92310345675048 15.4880454904312 -0.0896122548060703 0.25469089501712 -53.4498232099604 -11.3354074785382 4.46218139160692 9.29023315467202
"16" -24.3302602598984 15.4663296913664 -1.6421323090517 30.9069537998275 31.9295144945712 -16.5126275830345 0.0247296728363864 -26.6824238394033 3.63753578731981 27.8043417581825 0.043065297621979 1.30665338829931 -42.177428480677 -27.4768775954412 5.31489195543645 8.3921334312181
"17" -13.8533969683796 18.867163885951 -1.75321424896711 23.9761204367787 22.4641994523395 -21.8034699497753 0.0331125853362551 -21.0177779990072 0.456564047927628 34.9860854555102 0.191319780143658 2.6366008742134 -30.125916261152 -36.9335287818349 5.36803310104096 4.82689555419347
"18" -6.35064196686807 20.2435635532318 -1.31431613182835 10.9324293865611 13.697570811681 -23.604770683332 0.0425623847582273 -9.91092639473482 -1.22592035785358 36.6986807859269 0.333033950701349 4.02241013033199 -19.3133372957889 -39.1576523461951 4.71039518377711 -0.635859826212254
"19" -1.91909217477752 19.7717971559061 -0.498270429524666 -5.19742932149529 6.42588255617443 -22.380515521505 0.0475985288993286 4.01245341672484 -1.58869207651315 33.7835691386599 0.446834442199219 5.17247339130881 -10.6245715311568 -35.3141452881064 3.5492498390513 -6.75290539558773
"20" 0.283043895752201 17.8102861354344 0.461117943029564 -20.9569593620809 0.805188170917063 -19.0577426801227 0.0428930500301021 17.7395608328948 -1.15499905002812 27.7823067994909 0.516278413548321 5.71315500890341 -4.08588492800391 -27.554205153359 2.12196048346641 -12.0417298921093
"21" 1.64891804510273 14.7604829399293 1.33133967666288 -33.0800296387506 -3.49094688671801 -14.8019972081011 0.0240274835584842 28.4476461400041 -0.60890238606423 20.580968524494 0.532708652440249 5.05759119424329 0.873236428479913 -18.4350400222655 0.60480343489462 -14.7748543363559
"22" 3.78072047742228 10.953278061864 1.92663696973548 -38.9190600709617 -7.06768392724064 -10.8387574670408 -0.011455925389015 33.9008120171475 -0.673192581401608 14.1309803000247 0.495713288778035 2.34220131269103 5.14881159337301 -10.4522498801933 -0.942807737965268 -13.0147500309467
"23" 7.89205285223858 6.59706451399484 2.14909354478158 -37.1062420390181 -10.4282077922525 -8.1192223141428 -0.0610345956835943 32.9810970899302 -1.88744004901992 9.92243759304097 0.409745815203706 -3.12585109861539 9.44343586839568 -5.3291758380384 -2.53220183049052 -5.41481334646596
"24" 13.7671324492958 1.88480349814063 2.02897142488098 -28.6095646243311 -13.519756288485 -6.81197731148666 -0.112834000361275 26.4802137559577 -4.13253212113946 8.17334323264618 0.280173222344587 -10.7983909803297 13.6163480516566 -3.09842537130066 -4.08370532158415 7.02059594987077
"25" 19.6957244846308 -3.07946705076711 1.68844193805705 -16.1887526529817 -15.7535743771075 -6.13165412821445 -0.148827827749045 16.5922750922978 -6.61272505104741 7.5819379258819 0.103238685751364 -18.7481790046259 16.8114072347878 -1.99382644858395 -5.37199964498359 20.8781510966546
"26" 23.1464886687771 -7.83284929777165 1.25045803675968 -3.37733159501204 -16.2401124635072 -5.03853654730858 -0.149519856708309 6.03719603898253 -8.23217107034516 6.42621283619519 -0.120741373181261 -23.9413076122037 17.9102064497349 0.016662484223275 -5.96710097574896 31.0344174284364
"27" 22.8062641457628 -11.9306031986077 0.749557883851793 7.93331798887266 -14.6692118275016 -2.98028069256191 -0.106876607374431 -3.7972287434086 -8.41581784602516 3.77644419851026 -0.387345764710062 -24.3654079437802 16.6136332689077 3.78966496007592 -5.55522188813029 34.2271658671052
"28" 18.9786648938315 -15.0145486604358 0.153358038787985 17.5614435247207 -11.4258082108717 -0.136029367120386 -0.0253775923295905 -12.8175367645686 -7.24194016153584 -0.122525035440503 -0.679695439563375 -19.6990734773608 13.4539592984729 8.73321094614994 -4.07991255277102 30.0035837297255
"29" 12.9063457497165 -16.8947676111261 -0.559721010787314 25.9281305476179 -7.26586120150591 2.93714857662553 0.0818760602518012 -21.2764528318917 -5.16994811399711 -4.42316295014393 -0.966619999817453 -11.0029353475293 9.34655032361889 13.659997121685 -1.76447819500936 19.988321335979
"30" 5.9801357624188 -17.5558617428972 -1.34475180086318 33.0557422161473 -2.96235962470473 5.69787710463186 0.197403006202165 -28.9626452917055 -2.73101698502414 -8.30801963879458 -1.20429973058779 -0.10954416774257 5.15592235207009 17.6082903891391 0.945020095949985 6.76548491090216
"31" -0.641212457121924 -17.1265522071633 -2.08014885639224 38.2386980374631 0.853764819604976 7.79168860922323 0.301734033102605 -34.9624245392833 -0.380435079260693 -11.2626968238503 -1.33978432814851 10.7797870189861 1.52547665058432 20.1505473957513 3.44773047413855 -6.77035648313904
"32" -6.11095466024113 -15.8393339374888 -2.58837123299912 40.1911930526785 3.71810818551421 9.06061440486167 0.374988267968263 -37.8243153046087 1.53500060135173 -13.0868657603048 -1.31674438003645 19.3383337789382 -1.12150878864418 21.3511847924465 5.06237232870626 -17.7148361999098
"33" -9.87706026699703 -13.9837967964443 -2.67552639269664 37.4336952692483 5.32560250091603 9.49668282354548 0.399049471049892 -35.940533041361 2.77602202225265 -13.8117338196032 -1.08512378922811 23.3921717600278 -2.54491179638626 21.5914081293045 5.13459420455183 -23.4418193294696
"34" -11.6615397587238 -11.8497525024625 -2.18759802771439 28.8410927359946 5.53973929576011 9.18554506077055 0.36104820180654 -28.0925957283398 3.21468436324636 -13.5969151726176 -0.616218937419887 21.3494908096982 -2.67588164562039 21.346934872395 3.19935936584079 -22.0617342058176
"35" -11.4566372824218 -9.66016460194396 -1.08062132640754 14.3180007544797 4.42658106569024 8.25104206340473 0.25805016968954 -14.1313789879605 2.8508263731206 -12.6243144521859 0.0771981652784746 12.7866108961352 -1.64078039296305 20.9414752052958 -0.803723417557194 -13.0667324199385
"36" -9.52823482358929 -7.505762472269 0.510368364327007 -4.5410846232553 2.29711310917037 6.8060744314979 0.101749738680013 4.35437888080105 1.83280237534953 -11.001976099222 0.920707122789992 -0.953945160617877 0.198283855590034 20.3154499266266 -6.31361284555442 2.00370677073079
"37" -6.39953675068182 -5.3102471624934 2.23866477297929 -24.1429067650406 -0.282710920064574 4.92142808018309 -0.0794335331007971 23.7259842984167 0.460713189294665 -8.70703724478835 1.76967755345711 -16.4922871459203 2.2339379203454 18.9028406175316 -12.0505386931009 19.2656055457846
"38" -2.78032016676548 -2.86434938956745 3.59559825565475 -39.3860213215667 -2.56768020111849 2.62889304005648 -0.24416480723761 38.7979924729543 -0.856424746243107 -5.60791401384358 2.4276756055425 -28.9105061599694 3.6976288288065 15.7414904104071 -16.1973801470722 33.0684295741303
"39" 0.576222593163607 0.0523784961610545 4.06564825053039 -45.1773616293904 -3.82224880669332 -0.0333641284970554 -0.349525125435065 44.3883655859718 -1.70423173038975 -1.58559743823093 2.69957594709388 -33.2442121045642 3.86969708428319 9.87955808149627 -16.9396137673812 37.7007179032298
"40" 3.06037879607902 3.49785752011348 3.34485958757773 -38.5653519675961 -3.57646234467484 -2.95013530850451 -0.366873773836716 37.4968476744771 -1.80257165831128 3.28564431481982 2.46553010714939 -26.5650468187523 2.36230970828592 0.959692869550508 -13.2196203093918 29.766434214529
"41" 4.35976162140526 7.23375194722939 1.51349707663758 -20.4232601399563 -1.82680181945034 -5.87598878176084 -0.294562241782472 19.0216368504161 -1.11602595996698 8.59954246879647 1.73971703426707 -9.61403711912135 -0.665765395179733 -10.3246195820759 -5.33074922730339 10.048385441929
"42" 4.50250113334323 10.7230534956188 -0.946146786677957 4.38535953144674 0.940478215106623 -8.44205574535999 -0.15983068465826 -6.07680022629756 0.130118519488263 13.6221057712787 0.677768608227041 13.0520597560462 -4.50351171850298 -22.2056803831244 5.02312174761755 -16.3214361358478
"43" 3.77336356529281 13.2761088722027 -3.30855387009899 28.5728319401023 3.92695866306326 -10.2310170641827 -0.00834141782334541 -30.3815710819754 1.54102104348075 17.4586568197929 -0.47425710217891 34.6003689434183 -8.11607577069344 -32.3112305303766 15.275099947653 -41.6088528801047
"44" 2.56142310242012 14.2719640304472 -4.85550540199171 44.8938098966701 6.30323445704994 -10.8866841701158 0.112734609309484 -46.5430128492017 2.69891273564284 19.3040873241885 -1.46112599465818 48.325167688803 -10.4909395120862 -38.3878771153129 22.8547730396076 -58.2036628451242
"45" 1.22371077665809 13.3507416789271 -5.09612623786251 48.3122287338902 7.45477666857505 -10.2092875944215 0.169603042439633 -49.4932888055928 3.29151872967844 18.6610583624019 -2.0895311065579 49.7442033147272 -10.9375429479014 -38.9334322622747 25.9386024116247 -60.9936869582598
"46" 0.01480669431146 10.5147821813407 -3.88421833176233 37.1661169144008 7.11035846956111 -8.20829552369878 0.149590741546092 -37.6312009243447 3.17858701711555 15.459324293166 -2.26506752062926 37.6869241064269 -9.24289948100659 -33.5360907249537 23.8403064099539 -48.5851217923191
"47" -0.919496187470827 6.13953956833848 -1.43545948047603 13.3663052117136 5.35589538612521 -5.11489714579329 0.0617649656562378 -13.0102953621108 2.39786298052181 10.0806707669844 -1.99575921007795 14.3834547708757 -5.68583263572873 -22.9305042640838 17.0467626489699 -23.3722653441073
"48" -1.51416150164357 0.928863469336193 1.71490409748958 -17.9746340031179 2.58127448392247 -1.36916394098944 -0.0666751158563272 19.0624927108875 1.136006697255 3.32603332048529 -1.37606441518216 -15.0450556887226 -0.96608117171445 -8.88406733699048 7.04375050471572 9.08301525333081
"49" -1.75164456515415 -4.15158624314927 4.77382925398479 -49.0891119336738 -0.592164955325188 2.4027211204409 -0.195421683957761 50.6144072418256 -0.310309811231377 -3.63804086851678 -0.565086392344654 -43.3071076638444 3.8946997782059 5.97356369088266 -3.92716624246623 40.9189060686767
"50" -1.63974517234476 -7.95495115306403 6.75972766244291 -70.1585470750615 -3.38250986676439 5.41953406813445 -0.276437567982157 71.65958984607 -1.57187912906161 -9.3456521090643 0.234877905850908 -61.7472176986121 7.65681380630303 18.3440113450531 -13.1261187358741 62.935229062321
"51" -1.20609822994095 -9.30445072590919 6.6336592924394 -70.5397836945685 -4.94736337229983 6.82770047194094 -0.261791891224675 71.4823632013095 -2.25709104802186 -12.1886569782641 0.805646142079013 -61.6543102509386 9.02567129735098 24.6403579326407 -17.6964987370957 66.0452775464946
"52" -0.51072165917094 -7.40056592013525 3.67771761572112 -42.5576373242584 -4.63749003956514 5.97876326207233 -0.121314321825025 42.4879059630211 -2.07206030469374 -10.9279906479096 0.97174586230858 -37.4743024129421 7.08242566227682 22.1149327647008 -15.5653169423349 44.5586295343455
"53" 0.312275012441546 -2.65884834646477 -1.69514510820932 10.1557243831558 -2.52415517255372 3.04967549039975 0.123250857575727 -11.4263036872835 -1.05995588343026 -5.83235123656459 0.715764864773291 6.77265339557198 2.17566188744468 11.3107499711173 -7.24146542715425 2.49082940812514
"54" 1.0208759563526 2.56667209538909 -7.21863009838171 65.0392664475148 0.126578428224548 -0.380737980015056 0.370205419958666 -67.2953368378512 0.195271389739474 0.261195924429103 0.281120352881942 52.1035634966101 -3.30874568046147 -1.68262674318203 2.62938042315363 -41.3053041903477
"55" 1.34581249119071 4.88665388619847 -9.61461027799498 88.9113546434164 1.34733483260425 -1.92616018785816 0.477272976751237 -91.573228430063 0.795243655408427 3.02381363952691 0.0652570963416679 71.8202324420927 -5.83491289072208 -7.58166548068539 7.12996144953286 -60.5040844377218
"56" 1.11708438926485 2.619742397545 -7.24509598355201 65.0898848636971 0.131056211491796 -0.379384188530366 0.37435092946339 -67.4364201216104 0.25379222406238 0.258941614782998 0.272517130690119 52.7323727797339 -3.50798850262072 -1.69780380839393 2.78508753443566 -42.1532281450345
"57" 0.401810630989644 -2.58003108867297 -1.72806175126681 10.1615811009142 -2.52707641595202 3.05528556144554 0.12912829926006 -11.5669888768807 -1.00857689969237 -5.84373548166514 0.704199367616354 7.65492059843382 2.01619070415791 11.2877239914792 -7.02840992297206 1.28128362441203
"58" -0.471296383155732 -7.34833574953336 3.65895367246907 -42.5917547323552 -4.64607466867346 5.98441992473636 -0.117501695110548 42.4307617376217 -2.0553245463154 -10.939856552322 0.964571997575547 -36.9073112645492 7.04037805129383 22.1001304024289 -15.4311724420022 43.7697110768422
"59" -1.19589933461373 -9.28833940112008 6.62831389596784 -70.5567620541115 -4.95176935827067 6.82966319502543 -0.260621021725569 71.4706682239521 -2.25542977800401 -12.1928613034843 0.803462968079657 -61.4811356423088 9.02433027088819 24.6352621239714 -17.6557733219106 65.8021062492844
"60" -1.6382082343971 -7.95267197201792 6.75894391832213 -70.1605421083295 -3.38326114249298 5.41972572055556 -0.27627337893091 71.6576112846133 -1.57197499833782 -9.34608823636472 0.234547155863822 -61.7229021610183 7.65746106253346 18.3428478200226 -13.1202455269558 62.9010737392309
"61" -1.75152888117316 -4.15146060405777 4.77378209346477 -49.0891501946935 -0.592203447495876 2.40271803070709 -0.195412781555206 50.6142412549098 -0.310330326590162 -3.63803665217347 -0.565110465474049 -43.3057863931463 3.89474634451381 5.97343441011526 -3.92680516450491 40.9170411218802
"62" -1.51415682370259 0.928859828258737 1.71490897504293 -17.9746905231732 2.58127026398938 -1.36916093962486 -0.0666752283089238 19.0625470134528 1.13600389974283 3.32602801552775 -1.37606454706128 -15.0450808692694 -0.966074249239682 -8.8840578991892 7.0437474066448 9.08302937139524
"63" -0.919496206336476 6.13954573636784 -1.43547163453087 13.3664787690868 5.3558956545869 -5.11491344366846 0.0617647950890898 -13.0104486556356 2.39786350907715 10.0807007833523 -1.99576066991301 14.383455044961 -5.68582267085776 -22.9305625394493 17.0467737340723 -23.3722181198173
"64" 0.014789905293128 10.5148385949146 -3.88433012972257 37.1676850741387 7.11041794407288 -8.20842935726205 0.149589885696173 -37.6325983728166 3.1786094691777 15.4595750625167 -2.26508154508542 37.6870145641733 -9.24293293298069 -33.5365733161475 23.8404244834146 -48.5848119760849
"65" 1.22365015417233 13.3509212264885 -5.09649022332707 48.3173396443908 7.45501660074819 -10.2097153728014 0.16960043467239 -49.4978454937818 3.29160184505801 18.6618635694981 -2.08957722185727 49.7445184328099 -10.9377520456478 -38.9349730757426 25.9389928057881 -60.9927038893657
"66" 2.56133029447756 14.2722301338827 -4.85605031531435 44.9014681732879 6.30361919489656 -10.8873211250204 0.112730745716618 -46.5498407473742 2.6990420487532 19.3052881444414 -1.46119519720702 48.3256434758296 -10.4913079831117 -38.3901687932616 22.8553592849485 -58.2021939878759
"67" 3.77329828132395 13.2762939022264 -3.30893432062459 28.578181245719 3.92723399394436 -10.2314609988721 -0.00834411327804219 -30.3863402091074 1.54111257690997 17.4594942211438 -0.474305448812856 34.600701034582 -8.11634759149092 -32.3128268505131 15.275509492486 -41.607826333202
"68" 4.5024798079063 10.7231136836522 -0.946270710864326 4.38710224948954 0.940568625947662 -8.44220027057327 -0.159831562801031 -6.07835390607306 0.130148475025436 13.6223784414365 0.677752857716712 13.0521678662772 -4.50360183688781 -22.2061999648554 5.02325516336441 -16.3211015697088
"69" 4.3597583873302 7.23376129911549 1.51347819013529 -20.4229951562265 -1.82678928735754 -5.87601092571663 -0.294562373585705 19.0214005290291 -1.11602156533399 8.59958416146992 1.73971463711536 -9.61402028821249 -0.665776456598905 -10.3246993994553 -5.33072887246544 10.0484357372115
"70" 3.06037858900675 3.49785957454014 3.34485784180561 -38.5653316204662 -3.57646930522537 -2.95013810026069 -0.366873770332631 37.496828937632 -1.80257235715121 3.28564902272183 2.4655298986043 -26.5650425677595 2.36232610805291 0.959681403376862 -13.2196181795944 29.7664337529714
"71" 0.576222581702041 0.0523827399365473 4.06564692928879 -45.1773556460812 -3.82227205884124 -0.0333678546562624 -0.349525084399545 44.3883583827619 -1.70423466798687 -1.58559204176095 2.69957580199264 -33.2442022012765 3.86974811718278 9.87954036453561 -16.939611401368 37.7007051515611
"72" -2.78032027080235 -2.86434348861394 3.59559640258925 -39.386012735582 -2.56771203052199 2.62888792403862 -0.244164747977891 38.7979821207618 -0.856428707264627 -5.60790658422775 2.42767537922498 -28.9104916850192 3.69769877311433 15.7414659407063 -16.1973765943958 33.0684109154099
"73" -6.39953689484537 -5.31024331026265 2.23866350975095 -24.1429002685582 -0.282731177963115 4.92142474519051 -0.0794334940352712 23.7259766903871 0.460710722317984 -8.70703235916608 1.76967738196743 -16.4922772383143 2.23398254893073 18.9028246311 -12.0505361454088 19.2655929594112
"74" -9.52823490317411 -7.50576130183481 0.51036796103898 -4.541082314081 2.29710713176746 6.8060734192984 0.101749750494406 4.35437625269878 1.83280167113456 -11.0019746003354 0.920707061690308 -0.953941999716335 0.198297069451428 20.3154450549239 -6.31361198921331 2.00370282175572
"75" -11.4566373125141 -9.66016444384695 -1.08062138319289 14.318001105119 4.4265802795212 8.25104193236791 0.258050171349709 -14.1313793824847 2.85082629101308 -12.6243142562855 0.077198155103531 12.7866113615164 -1.64077864475189 20.9414745512731 -0.803723285238448 -13.0667329988501
"76" -11.6615396538389 -11.8497525231558 -2.18759802991084 28.84109273791 5.53973925794719 9.18554506469104 0.361048201683047 -28.0925957317086 3.2146843021187 -13.596915179189 -0.616218937878756 21.3494908066241 -2.67588157816454 21.3469348691342 3.19935936410548 -22.061734203693
"77" -9.87705539223765 -13.9837978483533 -2.67552645949732 37.4336960111832 5.32560213062152 9.49668283404253 0.399049456809081 -35.9405334910116 2.77601936693385 -13.8117338150719 -1.08512377593033 23.3921699157363 -2.5449117075093 21.59140827804 5.13459375102229 -23.4418165994139
"78" -6.11086379775639 -15.8393535089795 -2.58837285635101 40.1912114675306 3.71809873298309 9.06061464269862 0.374987982909289 -37.8243275490995 1.53495045971275 -13.0868656525709 -1.31674413961997 19.3382979588605 -1.12150080142374 21.3511854792077 5.06236363671542 -17.7147821618128
"79" -0.640465654325851 -17.1267264204228 -2.0801638364301 38.2388469380421 0.853676481629577 7.791723651947 0.301731494515764 -34.9625251371913 -0.380860534042512 -11.2627475026989 -1.33978263024494 10.7795049899978 1.52558537791128 20.1505934483714 3.44765690398162 -6.76993175720054
"80" 5.9821311282177 -17.5566515198325 -1.34477705729461 33.0554424354605 -2.96233204551402 5.69876568338316 0.197394900704978 -28.9623865759181 -2.73235422770786 -8.30940162304955 -1.20430224255983 -0.10970854324114 5.15600390780355 17.6097381488087 0.944836626132201 6.76559386211011
"81" 12.8985652116393 -16.8973682160477 -0.559296934704918 25.916441452976 -7.2598620494133 2.94771451512588 0.0818890150097502 -21.2677957927231 -5.16787157587726 -4.43975986745613 -0.96674888886227 -10.9909816471845 9.33905986400578 13.6783867838323 -1.76323001431956 19.9684162955346
"82" 18.887627544982 -15.0267040952408 0.1569455884391 17.4743125899058 -11.3745973010876 -0.0580311905516737 -0.0252191169796845 -12.7545376051307 -7.20628115849048 -0.244941773652045 -0.68084856135772 -19.5968705466148 13.3866838875845 8.86894785020309 -4.06648417150518 29.8372691975492
"83" 22.3163374950253 -11.9957556746581 0.766461285376437 7.53406817094674 -14.4176546647074 -2.57414109829097 -0.10648463776522 -3.51467481364125 -8.21955055154702 3.1405623351493 -0.39381144426423 -23.8548384735732 16.295820030648 4.48102402881455 -5.48673440900029 33.404461923019
"84" 21.2902731555413 -8.11754232531189 1.30839383001614 -4.69085014839402 -15.37107101111 -3.47970579931211 -0.149993460651189 6.94582943496016 -7.50142292840164 3.99117657718307 -0.146849749600165 -22.1269490261548 16.9077506412593 2.60702721744008 -5.72796926490173 28.1300146795038
"85" 14.6289313224079 -4.03859941215705 1.83084370524188 -19.2844607641618 -13.5259741238042 -1.65385065244141 -0.15628311225646 18.6576735418726 -4.68791628357225 0.604187060249615 0.0242890911712266 -13.9979350899739 14.5246978192636 5.27466725889428 -4.76206971203146 13.3365896633222
"86" 3.5023419880842 -0.573995227486876 2.27052696552084 -33.6416326229328 -9.23186556257872 3.03038896616079 -0.144714020911579 29.5800682344493 -0.325402516842132 -7.12057359549635 0.0965818494256609 -1.45807045440233 9.70226812396095 12.4691978132739 -2.91299403409175 -7.59647201767075
"87" -0.364476015555624 0.291533256376624 2.36175693396075 -37.3133438668137 -7.61546837146625 4.89681863592807 -0.142510315794681 32.2327292676491 1.16208298039562 -10.118168465498 0.0987308697965261 2.75419446857268 7.95273074017587 15.2407876684765 -2.24013025029808 -14.3509198698666
"88" -11.1685788080982 2.19618592271354 2.38781953989184 -43.4896327431588 -2.86634376454708 10.8084533308012 -0.156276016626947 36.0415741494389 5.33540162752998 -19.4167287636037 0.0552318486058141 14.303247634376 2.92913449142225 23.2312711332457 -0.196538525303822 -31.8733013293968
"89" -16.8630681477364 3.01741224857983 1.93652454626877 -39.4434972717936 -0.0507459448188001 15.0167372307086 -0.214150111978256 31.5297005452553 7.61667971106891 -25.7504245896293 -0.0256394463981451 20.30953769189 0.137790551214266 26.9752704338166 1.27175924345829 -39.0455234826877
"90" -16.4506757358038 3.20782911881861 1.07479043928717 -26.2002854113707 0.449625191503969 16.414375428062 -0.31210474002873 19.7836067480107 7.45324351453064 -27.4561999137409 -0.0954484932445325 19.5412904794721 0.0890933326088543 24.9080027615308 1.87926538077681 -34.3743014318388
"91" -11.4177491371505 3.11935865891815 0.00193300143101283 -7.59476789986638 -0.648362972128325 15.2678521550816 -0.428512274787323 4.07596270140129 5.2974362144483 -25.062115533681 -0.125578375194152 13.1286027650131 1.93345090797743 18.2110274300397 1.63647974531477 -20.4214030972907
"92" -3.85907639753901 2.88038165154649 -1.07812102738708 12.1237943418555 -2.54818873268835 12.4761765666431 -0.535129742080755 -12.0813087004658 2.04204153966575 -20.0811855671636 -0.109680385404062 3.15541981123897 4.53513857904181 9.16973816933569 0.708432234249358 -1.2189196629115
"93" 4.38510294379267 2.53977686935627 -2.03462177796294 29.6248295053392 -4.62131944353871 8.93534330718182 -0.602731272727056 -26.0190314568804 -1.51198218747599 -13.9973290259511 -0.0577882959440501 -8.11342249749214 7.04699207868339 -0.12854086575453 -0.637958107338818 19.1781358954759
"94" 11.9196533976256 2.17861141334265 -2.82154949007665 42.6574043899063 -6.41765775978411 5.3307187781121 -0.602579001143994 -36.0337166157333 -4.78204814553047 -7.94228138102631 0.00964445366861355 -18.3907045302694 8.95537703586865 -8.18267146119979 -2.04413880684024 36.9701755545102
"95" 17.7615625882769 1.927106433875 -3.45762497702265 49.8580758868593 -7.65247654639268 2.14077028738654 -0.508248146330743 -41.2069714829672 -7.35844826205309 -2.7059693846702 0.0665848719633004 -25.4524004976847 9.99102555790273 -14.03698116181 -3.09328001080758 48.6867141068542
"96" 21.2849992024992 1.93190231925496 -3.99601011993451 50.6193048466221 -8.17119220627058 -0.328606904622461 -0.300150750472341 -41.2586444798681 -8.97415689043805 1.20991004984216 0.0866951410140757 -27.3815950790449 10.0540537017789 -17.1861839889259 -3.38034873540255 51.4930075762786
"97" 22.1891714380196 2.30123322165423 -4.48508815308716 45.0553367814246 -7.92108591368196 -1.92426189383048 0.0264494182964086 -36.4630954755171 -9.4926607047864 3.56540525945866 0.0503927280374512 -23.0062583713261 9.16705301010734 -17.5178813486419 -2.62045300444879 43.7922299766942
"98" 20.4741970246764 3.03945670476196 -4.92121386977561 34.028566800619 -6.93120516371187 -2.63898118156908 0.450643686785469 -27.6020446802436 -8.89849693466006 4.37917333402265 -0.0464903856444607 -12.4814451229686 7.44478349281439 -15.2874797635664 -0.785660580743752 26.0450839420409
"99" 16.4139124111329 3.99053313152308 -5.20661137678508 19.172510158407 -5.29630208998105 -2.60723369894163 0.916324617426568 -15.9220082535858 -7.28605170598881 3.92848057642482 -0.185085699430999 2.19243787689629 5.07235517107415 -11.0997930572585 1.77388022580544 1.4988506077716
"100" 10.5197761445133 4.8285853943546 -5.14099836029763 2.7991784181213 -3.16303030732331 -2.08648667353464 1.33212573992239 -3.04602815373801 -4.84605271583372 2.71814491664418 -0.322304852894405 17.1331354983995 2.2859354330285 -5.85479682482401 4.31367223009693 -23.7876307881706
"101" 3.49198412691425 5.13571198796581 -4.47718948585654 -12.4278488500095 -0.717752501613177 -1.40673716019489 1.58958060463314 9.21392586781894 -1.85021829949758 1.38313285614208 -0.401725185170307 27.4610282531139 -0.648766547414198 -0.613488317768542 5.87691037489549 -42.2680832818733
"102" -3.84442463386227 4.56648867868148 -3.0399737937494 -24.063183897726 1.8249128665102 -0.886935807349232 1.59950221742955 19.1517143601222 1.36682351352333 0.522547831018301 -0.376432042660895 29.1028624963001 -3.46176815063336 3.62032442547252 5.67368605720549 -47.5818677499992
"103" -10.6185243940604 3.02631123372998 -0.852773772800646 -30.5016843768299 4.23480472482936 -0.745366105678613 1.33108242923308 25.4921358785714 4.43208008598171 0.521409142272205 -0.233612244682917 20.7319767021909 -5.90458391635298 6.13514274219483 3.48912104053124 -37.4321335557615
"104" -16.0043771077866 0.752103120623133 1.81223550954562 -31.3494958069077 6.28255482484803 -1.04687623809866 0.829906028683695 27.6187047624489 6.96958535052499 1.44916644107434 -0.00534552616150563 4.64455982916843 -7.77048973190222 6.6562491158279 -0.136756673167838 -14.9117268395203
"105" -19.3164914827736 -1.76430958207266 4.50453816346356 -27.3688303536328 7.76005990645672 -1.71128251991058 0.202135757074899 25.6243795025603 8.6464361015409 3.08493739143751 0.242668307276233 -14.070831944191 -8.90562913098347 5.33752056418848 -4.09449982982642 12.6676985975355
"106" -20.0987523495013 -3.9624999435473 6.74755672192182 -20.0993538554012 8.50256131936123 -2.56730487687503 -0.424910356591511 20.2160476410818 9.22193207426849 5.03615034241307 0.437663056519114 -29.5560760559711 -9.21293812054387 2.63769984664009 -7.14474817473183 36.6980135327904
"107" -18.1944957796735 -5.39877469313387 8.18573005207361 -11.4212781747683 8.40832729423573 -3.41296883110442 -0.942121853637445 12.5676054944734 8.58848196704972 6.86848978772719 0.526014566329422 -37.2057582515044 -8.65441783494271 -0.823817438819106 -8.35461461330033 50.2125108087348
"108" -13.7879164330488 -5.84886739934018 8.66165852586809 -3.24538808620127 7.4533383763719 -4.05453726012297 -1.28050423741294 4.18250989770786 6.7957336285878 8.18827305848072 0.487494356264023 -34.8100443918775 -7.25620995068743 -4.36483617319141 -7.3407591053101 49.5631593283688
"109" -7.41242929461481 -5.31865554133628 8.214513172636 2.67619262011431 5.70128283021177 -4.32320218073824 -1.41380971685356 -3.25111581646252 4.05580257887064 8.67511513153227 0.336071410533691 -22.7216558657674 -5.11776199484848 -7.29291600132956 -4.29652334495404 34.7044521737334
"110" 0.0719967890751718 -4.00001454315952 7.02727308123008 4.94422150672108 3.31153603686016 -4.08582338864812 -1.35008985242868 -8.07652682425578 0.73291400672187 8.09851360820244 0.112304749891479 -3.45418587853783 -2.42465878518806 -8.95595453794385 0.111380260012083 8.68628660375543
"111" 7.52504743991074 -2.21083828090013 5.35259041381943 2.83943633090894 0.548962731684924 -3.26630795734036 -1.12086267207007 -9.01839835005194 -2.67656678610707 6.35287581299576 -0.127296950008798 18.8570609557173 0.534624118713282 -8.83456173867557 4.88580560876289 -23.0076438464675
"112" 13.5866557771775 -0.338470984302603 3.43280849236993 -3.14528205137503 -2.20087481183941 -1.88655589412849 -0.772477726349507 -5.70592680386108 -5.56791661838851 3.52967850305458 -0.321290928633488 38.9143267744075 3.34678124499897 -6.70082713334182 8.83657536519331 -52.9525660965301
"113" 16.7581003946825 1.21323970562071 1.42001407769152 -10.6010563073414 -4.41443962779181 -0.12561121273643 -0.360491986065881 0.652871424413206 -7.25782439020327 0.024377363926078 -0.414601259336393 50.6624453587719 5.45183291150397 -2.84099161745826 10.7167809619987 -72.1489489588712
"114" 15.591848831765 2.08837666342288 -0.683176346245432 -14.7446534543942 -5.45128061527748 1.63146950085479 0.0545237882573417 6.74279650685094 -7.06150822641619 -3.37829090293349 -0.371552406612579 48.0443326093373 6.16754548943481 1.74064816182158 9.42741446507716 -70.9290839147507
"115" 9.28019394963781 2.08623383210033 -2.98286722644877 -9.64723272146148 -4.75091950945853 2.8543808496205 0.41360059387884 7.82728918015255 -4.55533177324487 -5.63622845921918 -0.192315977270312 27.2490740902067 4.91414016184831 5.43817300731303 4.46998369295216 -42.3571128059848
"116" -1.06714728118106 1.32606201034378 -5.44083433450714 6.9248786060889 -2.36799906742431 3.17860933014333 0.672720471624444 1.15249515484174 -0.168812561097425 -6.0726112168727 0.0701592718296524 -8.45563219543328 1.81768977788442 6.93018778779856 -3.21526523676857 9.85849562544172
"117" -11.2945900417807 0.350846337075382 -7.53606374043756 27.4348438110137 0.461059840750067 2.83520473393435 0.817954295348187 -9.45606107963067 4.27313820953694 -5.21877835906889 0.309596279469559 -44.4283109005664 -1.66114513966659 6.50285863480281 -10.615301688691 63.8364866202319
"118" -15.6596525327411 -0.0988839096016818 -8.38807050742099 36.9775303673541 1.75237219925998 2.57458362354919 0.862408334131203 -14.7317984268384 6.19052590894003 -4.63364600345176 0.407821428798457 -59.9156544860743 -3.23195591504555 5.98752251756855 -13.7406399493902 87.3214239313165
"119" -11.3229853383938 0.34289437243342 -7.53440049749605 27.468091205159 0.47769550030921 2.83494511848687 0.817379122148083 -9.46477464915915 4.29390789991587 -5.21674502503606 0.31074991303305 -44.5498002647328 -1.7016587502751 6.51082720812724 -10.6410045537514 64.01202842161
"120" -1.09809140770017 1.31926488911358 -5.43888759956781 6.95057443075711 -2.3516068345948 3.17896631354188 0.672200720491162 1.14875018536168 -0.147815847644694 -6.07178358509373 0.0712555132694206 -8.56665417028489 1.77995370193844 6.93936163210969 -3.23904373081587 10.0176514109407
"121" 9.26481563271079 2.08379275750576 -2.98195383101483 -9.63823204043729 -4.74357601245242 2.85477220322457 0.41339787309758 7.82706516522649 -4.54573735263403 -5.63630993873835 -0.191859405967165 27.2042007361233 4.89856657493556 5.44260374064879 4.46027433440941 -42.2931590438384
"122" 15.5880072582551 2.08799027606301 -0.683050536746862 -14.7421415520257 -5.44956249897973 1.63153673688623 0.0544873924922626 6.74217790651892 -7.0592688310027 -3.37827192664417 -0.371465098229265 48.0352340729914 6.16423780959553 1.74145767948244 9.42548007002551 -70.9159320702311
"123" 16.7576112673564 1.2132309522699 1.41998735568922 -10.6003685137784 -4.41422021933954 -0.125631006355093 -0.360493840774808 0.652429462737018 -7.2575506933867 0.0244308174637808 -0.414596510993647 50.6615660351636 5.45145757814794 -2.84101512358279 10.7166192761042 -72.1475582060448
"124" 13.586605072892 -0.338463982124267 3.43279879703834 -3.14514877079637 -2.20085564026658 -1.88656401654737 -0.77247751927456 -5.70603442393076 -5.56788930226297 3.5296946782637 -0.321291541441582 38.9142843990121 3.34675609814008 -6.70085497109403 8.83657363427847 -52.9524721739144
"125" 7.52500415118857 -2.21083076062496 5.35258991805989 2.83945666748332 0.548967982200338 -3.26631031766749 -1.12086270361399 -9.01841457962291 -2.67654442597758 6.3528801783782 -0.127297041268719 18.8570548805837 0.534622845580543 -8.83456973073794 4.88580613470185 -23.0076299894718
"126" 0.071951722733786 -4.00000629549186 7.02727357199672 4.94423096902574 3.31153890472956 -4.08582560984655 -1.35008992426475 -8.07653420046699 0.732937119242052 8.09851747632661 0.112304722971857 -3.45418901678568 -2.42465514339051 -8.95596195695407 0.111380935759371 8.68629350961419
"127" -7.41244426942416 -5.31865221426915 8.2145136929079 2.67619164308053 5.70127860501111 -4.323203681157 -1.41380977513091 -3.25111467410807 4.05580941114231 8.67511741603198 0.336071460903298 -22.7216579192282 -5.11774937764562 -7.29292128417978 -4.29652360904038 34.7044546051475
"128" -13.7879049209906 -5.8488686238029 8.66165928158077 -3.24540199281364 7.45332832510599 -4.05453756110558 -1.28050426820516 4.18252178172315 6.79572610753844 8.18827296492805 0.487494497259462 -34.8100448804507 -7.25619047713712 -4.36483776884461 -7.34076033325618 49.5631559616813
"129" -18.1944817633757 -5.39877648762422 8.18573070849806 -11.4212933050294 8.40831888587286 -3.41296846146861 -0.942121849743984 12.5676181820845 8.58847347738232 6.86848861567205 0.526014687258112 -37.2057565259311 -8.65440270388467 -0.82381686225358 -8.35461547912382 50.2125041098479
"130" -20.0987470776553 -3.96250032917715 6.74755703154568 -20.0993633534308 8.5025580880814 -2.56730419917369 -0.424910315057474 20.2160549945293 9.22192889214337 5.03614893668009 0.437663065794936 -29.5560702736184 -9.21293243464538 2.63770131123169 -7.14474755501669 36.6980029012775
"131" -19.3164964895092 -1.76430716795062 4.50453827182017 -27.3688442853618 7.76006088318877 -1.71128023480844 0.202135950009051 25.6243876207027 8.64643885446517 3.08493341308485 0.242668041472427 -14.0708042729129 -8.90563048402305 5.33752519211748 -4.09449412421236 12.6676566747192
"132" -16.0043966406179 0.752110791094765 1.81223576380549 -31.349533516237 6.2825598903147 -1.0468695634861 0.829906590498155 27.6187259069748 6.96959616360151 1.44915496710382 -0.00534633909350646 4.64464084505016 -7.77049728207703 6.65626267861035 -0.13673966024362 -14.9118486999359
"133" -10.6185534471262 3.02632197317212 -0.85277309615779 -30.501740611553 4.23481207894611 -0.74535638918212 1.3310832129074 25.4921685930658 4.43209600045139 0.521392426399188 -0.233613351735841 20.7320896962119 -5.90459471459576 6.1351629922583 3.48914455699651 -37.4323045136844
"134" -3.8444449544445 4.56649568871558 -3.03997306628168 -24.0632239104089 1.82491783578234 -0.886929114200825 1.59950272878507 19.151738661164 1.36683450633696 0.522536298537034 -0.376432738603711 29.1029361079018 -3.46177531432909 3.62033881256525 5.67370117671089 -47.5819800506797
"135" 3.49197738605619 5.13571413408977 -4.47718915484586 -12.4278623642258 -0.717750909977667 -1.40673497964565 1.58958076143432 9.21393444161549 -1.8502147010194 1.38312909180763 -0.401725387618654 27.4610506997415 -0.648768800003154 -0.61348346510249 5.87691490803263 -42.2681178873427
"136" 10.51977506769 4.82858571292195 -5.14099829603126 2.79917624115842 -3.1630300555853 -2.08648633485825 1.33212576325153 -3.04602672177953 -4.84605214590304 2.7181443306547 -0.322304881130265 17.133138784895 2.28593507677579 -5.85479604428542 4.31367288320689 -23.7876359097791
"137" 16.4139123220574 3.99053315969013 -5.20661137486962 19.1725100336298 -5.2963020662786 -2.60723367796516 0.91632461923993 -15.922008180878 -7.28605165731051 3.92848054048545 -0.185085702036446 2.19243813031062 5.07235513655155 -11.0997930124911 1.77388027986672 1.4988502244305
"138" 20.4741970103399 3.03945670904318 -4.92121387354894 34.0285668648276 -6.93120516080353 -2.63898118829161 0.450643686645066 -27.6020447353526 -8.8984969263599 4.37917334637586 -0.0464903861009986 -12.4814451319035 7.44478349237784 -15.2874797859999 -0.785660578074385 26.0450839718105
"139" 22.189171420869 2.3012332254591 -4.48508815508202 45.0553368191086 -7.92108591094723 -1.92426189723017 0.0264494181705572 -36.4630955071721 -9.49266069599705 3.56540526587742 0.0503927278548133 -23.0062583803046 9.16705301025286 -17.5178813614931 -2.62045300381578 43.7922299993807
"140" 21.2849990161742 1.93190235038196 -3.9960101109551 50.6193046322451 -8.17119212915202 -0.328606837326902 -0.300150749534367 -41.2586443117125 -8.97415681557035 1.2099099399361 0.0866951413441939 -27.3815949125928 10.0540536092321 -17.1861838577489 -3.38034871286163 51.4930072904135
"141" 17.761556793793 1.92710733749254 -3.45762464212592 49.8580685249754 -7.65247409163555 2.14077244289786 -0.50824811688409 -41.2069656239778 -7.3584460381412 -2.70597291704985 0.0665848893216889 -25.4523954341785 9.99102270818048 -14.0369768249074 -3.09327938818205 48.6867051837035
"142" 11.9195221845995 2.17863123132406 -2.82154156175741 42.657236802539 -6.41759997935083 5.33076619887959 -0.602578333004601 -36.0335825758134 -4.78199968733098 -7.94235919112111 0.00964488850283374 -18.39059378202 8.95531165488796 -8.18257379344118 -2.04412559397679 36.9699787087702
"143" 4.3830655066069 2.54008747137004 -2.03449374825078 29.6221867524546 -4.62040875130788 8.93605901537933 -0.602720713225949 -26.0169083744036 -1.51122438099073 -13.9985062167893 -0.0577805144120305 -8.11173868544211 7.04593743298688 -0.127032841573964 -0.637762201767146 19.1751197602825
"144" -3.88000952903394 2.88390478383167 -1.07676693386966 12.0955700211744 -2.53948424862995 12.4833546434447 -0.535015764827506 -12.0585977167493 2.05068369672573 -20.09305117746 -0.10958460689028 3.17311123285617 4.52391744531883 9.18503720560807 0.710489106633304 -1.2507065752543
"145" -11.5589736138319 3.14813901788352 0.0112172186385351 -7.79818276842343 -0.597975952507909 15.3150810104729 -0.427670374628889 4.23926358976769 5.36584273405256 -25.1408620591749 -0.124778219862833 13.2578971445037 1.85446837112522 18.311764126038 1.65207325388701 -20.6526935983056
"146" -17.1083202827551 3.37785995216086 1.1170961383207 -27.2065177784089 0.660239114837054 16.6200233556906 -0.307768950755246 20.5867465547035 7.80594636276395 -27.8035138055131 -0.0908253345236005 20.2090510296002 -0.298900523873954 25.3462737514442 1.96575201746373 -35.5548338908993
"147" -19.1431521835505 3.75600758614883 2.07102164167921 -42.9733596136248 0.730746563504681 15.6158471606577 -0.198211738736404 34.3268175468415 8.80690168655883 -26.7826272231036 -0.0062021415099025 22.7889838903684 -1.25087106524097 28.261931433214 1.62150485996108 -43.3619206719632
"148" -17.1951662341664 4.58583762475655 2.70147588486734 -52.653894995392 -0.499730499617044 11.9494910479889 -0.113332168114425 43.2574607984166 8.15849010177541 -21.4628028414913 0.118076068467076 21.0635173464325 -0.728480733022479 25.7479767336995 0.834704893101389 -43.4777454030555
"149" -12.3588040193438 6.17502826591954 2.91367287785559 -55.6065416247684 -2.44648819950976 6.07890445706778 -0.0553650952119398 46.5714971460916 6.24813856205921 -12.5252712492074 0.259820013576018 16.6727258660903 0.73030548212364 18.1036942478215 0.0318073906846621 -37.9839194118467
"150" -6.96892507668554 8.59398947591353 2.72592391504773 -52.9806765448484 -3.98939876650707 -0.744670284993276 -0.0172885082885443 44.9492046272544 3.93837467490724 -1.91639416445651 0.389194503534526 12.1024526984911 1.94448107281255 7.35034734421868 -0.332969018945732 -30.6451188650244
"151" -2.79571985807337 11.6928893150855 2.20776218449572 -46.0985493351163 -4.18185199005313 -7.57583772528358 0.0108724414446186 39.3707245560372 1.85384709508733 8.89288135493234 0.484843152883229 8.87606728741957 1.83841270350263 -4.6709536266543 -0.0329525526117322 -23.9513608658963
"152" -0.585729058682375 14.9750121887844 1.43391058594463 -35.5424222719794 -2.52258505515522 -13.7045417507236 0.0321258980602721 30.3417348530138 0.234329651711519 18.8187589098663 0.529012559272701 7.18403749652134 -0.203223489425682 -16.4514379326176 0.888898099232847 -18.3714431063963
"153" -0.28472197158294 17.8577588760061 0.488570716712445 -21.5831146186774 1.04161303872309 -18.7832119350536 0.0449979485403986 18.2253867544832 -0.942042923169225 27.3413144370122 0.515428137847692 6.22690964466165 -4.33905490409825 -27.0518195102495 2.18744717679283 -12.9198563719401
"154" -2.02300142237647 19.7795639316919 -0.493065461314245 -5.31259397005942 6.46758213107648 -22.3305773675291 0.0479948095610894 4.10231512848532 -1.54940884502321 33.7033269420119 0.446686156930355 5.26369467528275 -10.6685468521709 -35.2219713492063 3.560460287978 -6.91000500164228
"155" -6.3637926008455 20.2445110656095 -1.31369061991109 10.9177440668955 13.702915244273 -23.598308138004 0.0426218731668371 -9.89953742561875 -1.22088148302116 36.6882995450226 0.333004669034352 4.03460405722035 -19.319164154597 -39.1456886031433 4.71194324507542 -0.656675018402893
"156" -13.8539664645173 18.8672912924169 -1.75331818354763 23.9761474723291 22.4646238252825 -21.8030105898547 0.0331267398533726 -21.0180210009485 0.456751202744286 34.9853663503986 0.191298610611142 2.63829002673083 -30.1264497137902 -36.9329002048773 5.36838853625568 4.82457071862518
"157" -24.3294805109141 15.4663883059495 -1.64234625732107 30.9088388469772 31.9294385569145 -16.5127866029009 0.0247395434667084 -26.6841806001144 3.63718528551964 27.804625221934 0.0430414680671163 1.30735900334912 -42.1774009379542 -27.4774980932516 5.3151641742088 8.39167116894896
"158" -36.2907548513809 10.1829211170757 -0.944819073109187 30.0314895651227 40.5067836164205 -8.02735858925189 0.0216061338147853 -25.4770820383023 7.92286020700119 15.4882672687133 -0.08962701184754 0.255074557584521 -53.4497623334989 -11.3358545503099 4.46234412939157 9.29004508245271
"159" -46.6283324401669 3.56266456284698 0.180724818103869 21.8146928745309 45.8308443186718 2.38891945427179 0.0250070431476672 -17.8979608137251 12.2127450805035 -0.104089179678795 -0.188603803583192 -0.418781240072349 -60.7555318446125 8.71904870838659 2.90478354273364 7.52799461534232
"160" -51.0331341132148 -3.4696963540614 1.38500426641943 9.09748822571237 45.1121345656138 12.5932814901624 0.0325949946822277 -6.54339046589121 14.8468068713093 -15.7095434101805 -0.243532504407881 -0.769842231433358 -60.2122181683985 27.8897520922557 0.931110666290806 3.99350397393937
"161" -45.266885179172 -9.78391794785193 2.22390292591231 -3.72019006447317 35.8863186450581 20.075687020715 0.0392793393381083 4.63251684880925 14.1401633265317 -27.4470454650127 -0.252815985411189 -0.983917402461884 -48.3160140930868 40.5480232874642 -1.04741576628658 0.194747773035488
"162" -26.9610607356017 -14.3308635549654 2.32437550762157 -12.3376807524937 16.8999946800643 22.7772587472082 0.0395551187490497 11.8117078363684 9.1980407848605 -32.0940213489437 -0.221490288908257 -1.29480026118108 -23.267755789238 42.1382671461408 -2.63657798357599 -2.31641314403896
"163" 3.00285706477666 -16.4268629664796 1.53827753676526 -14.2527678945153 -11.4968560689089 19.8322856108352 0.0299221341453801 12.8300421965509 0.678854732502955 -28.255620178486 -0.157207802079853 -1.90625923376501 14.2918338151915 30.8454246917236 -3.61052247429416 -2.53174262158791
"164" 40.2453987032578 -15.8962550764802 0.000558753322422945 -9.54048658052488 -47.4779743639934 11.8468221963395 0.00993011501037699 7.86497839654839 -8.98413023027 -16.8142052118221 -0.067238972995824 -2.96518333925997 61.3692178294261 8.17889132122639 -3.98877208908789 -0.247987089282105
"165" 76.8544041342185 -13.0758073371744 -1.88067389997653 -0.641562617528507 -85.6734271993007 0.864318479985627 -0.017103844002051 -0.757921581622213 -16.7181957700806 -0.862426377815609 0.0383503855383651 -4.42211890888757 110.761539959711 -20.7126833662261 -3.9401195820883 3.83307755359783
"166" 101.85004761192 -9.05668549144866 -3.41389364833734 7.6812957803686 -111.570889546157 -9.4341933267325 -0.0403363536885024 -8.64092016374207 -21.6366634146411 14.0444762428701 0.136573616565812 -5.48873994548921 144.745964642392 -45.4194474901302 -3.52353040783282 7.46738508975977
"167" 106.348436835894 -6.03233196518931 -3.78517790840473 8.89321246868531 -103.418864192216 -14.1971510391357 -0.0392790645818195 -9.93344436599455 -27.0283369081871 20.6427988464206 0.189678567945577 -4.29296701954081 136.307372358143 -51.4235827036622 -2.5662883322384 6.53672229996664
"168" 89.9738068744316 -5.60585552128396 -2.74548485894431 0.758485013101563 -56.5606305872502 -11.0749694270609 -0.00514364226975772 -2.69768752380378 -34.7996399329849 15.5648718782759 0.171463413108199 -0.0878423762296734 78.9875435527811 -33.2183156834575 -1.10409538548083 -0.599315881496295
"169" 59.5472450021354 -5.75471421686871 -1.18863637732636 -7.70050750889914 -6.28639991404077 -4.34909662860997 0.028821801436905 5.19862254615236 -35.4776641734654 5.51087659474922 0.103857613861408 3.56564526862167 15.4618590654363 -8.06260459487521 0.0876472587451644 -7.12060490643125
"170" 36.0819399796162 -4.56845318295314 -0.429476198111871 -8.33831841717438 9.59511755714556 -1.08615512182934 0.0317356348574194 6.28515097779496 -26.9593079757615 0.907362260605282 0.0559145249416844 3.71230288770312 -6.45900107782677 1.56090297513617 0.37088932932329 -7.24948633598615
