"V1" "V2" "V3" "V4" "V5" "V6" "V7" "V8" "V9" "V10" "V11" "V12" "V13" "V14" "V15" "V16"
"1" -0.902821974432458 0.662169096909142 -0.0997871055317854 -0.422075102885758 2.36843024014172 -1.2177475604146 -0.00420594288863849 0.163138439901053 1.68784828419213 0.938317520310097 0.000217231716031996 0.525852556829483 -1.28995115146072 -0.961667278987413 -0.0350238344075957 -0.755407158809438
"2" -2.00356781557418 1.11694540731292 -0.259085204193759 -0.743791651585662 4.12959342155777 -2.57818394095387 0.0226577479208023 0.355444536992627 3.40621968034733 2.15334063999336 -0.00931017604392381 0.93585871359649 -2.13159317521045 -1.65015875115653 -0.168664265269197 -1.34143597288871
"3" -1.04246104476322 1.04456643422013 -0.104869469944011 -0.672277790825866 3.73193817662211 -1.51752590450554 -0.0276815945132737 0.216094460461243 2.30424030248782 1.04900910223273 0.0104557449594869 0.830665884095998 -2.11810584562442 -1.55251056305298 0.0211398971218735 -1.19362982537606
"4" -0.484935075826072 0.782184171096754 -0.0552007059974611 -0.541272688453746 2.93819633472962 -0.844999846554173 -0.0349818408968587 0.150457410743619 1.5379830578245 0.480154432301208 0.0184987512171711 0.664796077047022 -1.73789894423444 -1.25397985812217 0.0638818043473881 -0.950855250969548
"5" -0.399903631425637 0.299192189744921 -0.119982617830203 -0.36776098308229 1.86014213211301 -0.548121715126629 0.00317081241510161 0.169730617939458 1.23389705073307 0.447631461426414 0.0162729322913656 0.464522003770185 -1.0433361738266 -0.802074922825826 -0.0428199293686626 -0.650834638175432
"6" -0.261741734266693 -0.125468378045366 -0.126386567391057 -0.233816005611672 1.15885553310537 -0.034545990985906 0.019624191405244 0.148987961028154 0.926726917639726 0.126053559213912 0.0199739246625641 0.315217004571384 -0.613523358351923 -0.503642457254937 -0.0627016680818215 -0.431160362506342
"7" -0.112508569341534 -0.526238215689323 -0.0830280403564386 -0.107761002641647 0.635109596893752 0.642388831011779 0.0207402433505413 0.0899839090238688 0.595037999369184 -0.407520321828045 0.0256321224989803 0.176568260992939 -0.312776451112893 -0.270356392289109 -0.0179289636118387 -0.234825158175154
"8" -0.0146450539768521 -0.899682847614658 -0.018469370327701 0.0118344981671707 0.206660444488868 1.33686105086508 0.0154855918934394 0.0166377876464242 0.302359889135994 -0.987514233785151 0.0300364083940669 0.0442607816022207 -0.0672029597858614 -0.0667287132322909 0.0522232877693276 -0.0534197368759965
"9" 0.0494797372526334 -1.21251213803601 0.0484494046257914 0.115537659083193 -0.144996904478898 1.94995285364888 0.00746413941248135 -0.0533913258473282 0.0485246848221543 -1.51184619191616 0.0322942276176947 -0.0747186192707172 0.134095359388397 0.112147228020875 0.123797278337153 0.106437180085118
"10" 0.102028271105296 -1.43092678663386 0.0979492205822151 0.194528992413165 -0.432811172783215 2.37916108869692 0.000491097508872065 -0.102233713837601 -0.172309535197984 -1.87342001478732 0.031688103513178 -0.173619706276106 0.295599411441456 0.270449854846133 0.171560471768576 0.239322326626962
"11" 0.160758869865779 -1.53041069392348 0.114351536489401 0.242605107722533 -0.667632743605577 2.54460631450704 -0.00228221672170317 -0.116061314320245 -0.36560454899057 -1.98761374570442 0.0277036989212988 -0.247603671133334 0.421121597649202 0.411803931516775 0.175445245093871 0.341830282987489
"12" 0.235576789481878 -1.50290536949234 0.0920048529750761 0.257218752626974 -0.857967286967462 2.41937314466641 0.000293559702426574 -0.089818648386398 -0.534671366048025 -1.82558148574042 0.0202073573516492 -0.29456275591752 0.51583294414787 0.537424247639642 0.128347099560795 0.412114931839852
"13" 0.327410449875336 -1.35933102213417 0.0374448248957064 0.239810389506346 -1.01000036934666 2.04060346501699 0.00687159546364001 -0.0289313716425231 -0.680014130962146 -1.42647988225918 0.00951230957954707 -0.315381478833853 0.587056283225831 0.645410791523434 0.0389803080430755 0.449658636296746
"14" 0.427304609483085 -1.14063427527413 -0.035245078461925 0.203079195557764 -1.12725682565781 1.49062569712439 0.0158575159749469 0.0504314217043678 -0.801490563418416 -0.865930633575392 -0.00316983754089467 -0.31775376925237 0.639443737403352 0.728056240495007 -0.0747456046911537 0.463992130094672
"15" 0.313006296220415 -1.12528494939104 -0.284455465030535 0.488116236459559 -1.20897434824855 0.629543470080601 0.104379297302884 0.0615356847185757 -0.946330730626773 0.496742193977606 0.0416076780883647 -0.45720940866696 0.546366603349048 0.288591605784339 -0.387315824625934 0.83104000915726
"16" -0.414662293987311 1.25252133470728 -1.24726217347717 0.837996751502525 -1.47008141811709 -0.915223687202068 0.296566943680575 0.334557729200439 -1.02561756309027 2.82312114873253 0.320738515053829 -0.423716162315849 0.636945828767393 -2.39557881478305 -1.2753921963862 1.31976478978838
"17" 0.434223784052978 0.729063658257631 -0.511245575566258 0.0514966778592669 -1.39834282406951 -0.5481706638818 0.0683346928318217 0.378736920628907 -0.988959978807835 1.2116187948814 0.0564270768958985 -0.177395989141898 0.851043140609168 -0.170916081106163 -0.598522201825916 0.433362317680107
"18" 0.783563681393932 0.0740966799022382 -0.180850258776882 -0.103908604147162 -1.32841289889582 -0.622988248490057 -0.000857378369102296 0.308343161470023 -1.01341781115981 1.00387768567451 -0.064222298411955 -0.183225856158396 0.846001820091231 0.787611157172805 -0.339302651544542 0.247113044579326
"19" 0.827982462227783 0.298294713352568 -0.142341887434136 -0.176089159174944 -1.31415499906909 -0.898621983974706 -0.0199589533818364 0.31289615550629 -1.00906766677077 1.18061567082836 -0.0807847755220148 -0.143554169279421 0.875924632089744 0.768032280683758 -0.312555497329972 0.16310499531231
"20" 0.31746949613113 0.496737767703678 -0.0351867989687981 -0.260744629519239 -0.868696548158396 -0.873899800845017 -0.0458464780414228 0.28172884201898 -0.964528818163798 1.04840985772946 -0.10553850196937 -0.0307961041020874 -0.00522205209943216 1.18696682941966 -0.185943412678847 -0.0377129553683417
"21" -0.925924816474786 0.485957549865583 0.147609394500191 -0.290047675584987 0.294695325763166 -0.272787121514002 -0.0624870525933037 0.149008452065362 -0.647845862483154 0.31586971763476 -0.113802688246362 0.177241231558548 -1.98701429666867 1.87592625831484 0.0894275562519118 -0.364265830753575
"22" -0.278076915345814 0.702304021754915 0.189469928583322 -0.360205773598665 -0.258433103279024 -0.680331683011097 -0.0941812126075286 0.149744996731399 -0.780927233468963 0.651684916339056 -0.133476052467472 0.131489740402659 -0.941788808762645 1.4606824647979 0.089502058006762 -0.346252405581193
"23" 0.764302064906507 0.757634276213433 0.123255114337503 -0.325095509707366 -1.13235630702075 -1.21592501400436 -0.0958331307364728 0.164469250494096 -0.832869269940445 1.16036397746075 -0.128228921921869 -0.0408128205381093 0.950544444927957 0.581230300536868 -0.0211848983655072 -0.122596966043616
"24" 0.693125324008569 0.625206042900334 0.101488898355986 -0.271808188703085 -1.19422405460812 -1.39999321156698 -0.078928181069216 0.157254377939686 -0.726808199876833 1.35433741244513 -0.141194613808982 -0.0991126920868215 1.19813595428873 0.593816553307742 -0.00272681509036587 -0.0993083467610738
"25" 0.388466548271781 0.388873653746397 0.0517300683455546 -0.195249314358152 -1.14290616455045 -1.58321976473928 -0.0464843707621759 0.170037592303298 -0.595122025797358 1.58579961721273 -0.163338415721623 -0.157421967347133 1.17689605980864 0.852586453332504 0.0315129273562951 -0.111219229932384
"26" -0.396705109328101 0.181532542773658 0.213199769738751 -0.222695670642417 -0.265714502599373 -1.07511427575572 -0.055654751794955 0.0537396072024299 -0.478050977560561 1.07532881369109 -0.187882597683304 0.0634973888054073 -0.477011004032116 1.48792011477036 0.337211548701555 -0.51790777123167
"27" -0.0770709657819432 -0.964748723548154 0.940844150819213 0.0965793829869381 0.1596614395179 0.103802008630183 -0.151521434684891 -0.724219752320627 -0.100365920516902 0.264871516719487 -0.19740951189784 0.196465102025232 -0.238886628993325 -0.233354631285129 1.18817799953756 -0.746789434160229
"28" 0.120494222966646 -1.68751159773271 1.07360118392359 0.355696249327311 -0.636308593569014 -0.611959023493635 -0.142637854560512 -0.902372978345425 -0.0348335060610219 1.24071732522322 -0.29980880433708 -0.101509234151353 1.42422132660324 -0.489040078585012 1.540616255497 -0.710723971453064
"29" -0.443259866710872 -0.590849400822754 -0.203290467580707 0.226677799035013 -1.08774789164863 -1.67625448640932 0.0821540073449538 0.171349381514134 -0.0749749766477925 1.85182178138323 -0.17863907471917 -0.485951624369903 1.5966232420392 1.24209884165556 0.240168810440922 -0.0691216909782142
"30" -0.60476991227763 -0.624068655418026 -0.363703949352675 0.292669153775208 -1.04234101652087 -1.61563380774612 0.11971293244374 0.253952559838495 0.00658428427876845 1.76092159896681 -0.141992550323331 -0.56180329223306 1.57054710518234 1.38374613391522 0.16164076491881 -0.0194391603418786
"31" -0.565619109152322 -0.589460278856461 -0.447223314241569 0.131713460114725 -0.941939214689124 -1.43684177879543 0.138501234521398 0.363948576447725 -0.0148380071538559 1.54047413440786 -0.102804737730948 -0.234132712253974 1.4045525667081 1.43602970623011 0.198436887403481 -0.507109819849777
"32" 0.508533535347242 0.398006231901053 -0.512007426419325 -1.64017271741209 -0.603664414869175 -0.932295101058843 0.129610464225891 1.10817272485709 -0.695468267158165 0.7164973345422 -0.0791986196640201 2.64988756583428 0.296620180339926 1.59419439059006 0.500596840914055 -4.24222347038176
"33" 0.692840512180352 -0.0567064535038573 0.0571390131967681 -0.589738751841494 -0.0582645156848142 -1.30094563821694 0.0232467085106489 0.167192261272145 -0.362214638566511 1.6028319717184 -0.0733249294142162 1.25643680823157 -0.0780105674832492 -0.107558462494655 0.432205705492811 -1.99407680393308
"34" 0.786290571267969 -1.18384322465578 0.293724488149649 0.53649447235653 -0.106747730547802 -3.49053164366563 0.0357936338045984 -0.552534911445625 -0.121756377714328 4.66554932409606 -0.0649217507864737 0.0419707161673379 0.473459571381595 -1.0190391369499 0.612830649712536 -0.803264565513045
"35" -0.403341007712604 -0.669080660107721 -0.442431646197183 0.504673428613034 -0.376726811945661 -0.962165860378092 0.0980739249858831 0.0973667777611666 0.138660046357368 1.18128004987361 0.251696737476785 -0.562239626603269 0.72107066802698 0.717619394595483 -0.266920854389329 0.133272075406015
"36" -0.433442140135282 -0.447895907194724 -0.502527474315613 0.460427094657509 -0.253267974160694 -0.346403523208134 0.0700031871187919 0.153114938180781 0.149946162194691 0.392717567152654 0.41521144210541 -0.594269771968747 0.472356782512538 0.783017965672861 -0.608895732211327 0.367716903662444
"37" -0.32046549562105 -0.300242472925923 -0.465694917850608 0.445634577401249 -0.0270225729827587 -0.109765283463328 0.0302898429700821 0.116980654317357 0.117269059759929 0.131104736484132 0.550315918242117 -0.57792696803207 0.030769445786774 0.657133554080037 -0.873667653739665 0.543032361942355
"38" -0.808994751388253 -0.24338851515073 -0.651824919404962 0.715269494867933 1.0552863684434 -0.0258719185935194 0.0648225162467786 0.201040133663911 0.0407355118829427 0.16288336617894 0.584220919902724 -0.948466928296078 -2.53150438577457 1.4993297211485 -1.29950134524102 1.4033678133779
"39" -0.394708731472142 0.0333374597968055 -0.291632947409617 0.320505419361847 0.888971766184489 -0.0108937979814397 0.0222431774270054 0.0916768033791202 -0.0730043793394649 0.11652262697271 0.323947262480627 -0.45230003363215 -2.18073857272209 0.92493773539918 -0.976842884658188 1.01387604993738
"40" 0.750777341659855 0.722818077928118 0.123167626706544 -0.213199706584893 0.564195921634538 0.315947704690121 -0.182023738942648 -0.152075367250402 -0.29702690674147 -0.359118618664967 0.942435137123849 0.156205795695764 -1.44126514169218 -0.126190926155604 -2.35211051336427 1.12965686549492
"41" 0.139348605512051 0.166137708746366 -0.124210305488588 0.216933413359882 0.332332476171062 0.649883732015976 -0.140743230247934 -0.0543211113426112 0.0506588853494714 -0.766874703854485 0.754181569518291 -0.319121032661396 -0.479029941492659 -0.167537661477728 -1.08374342202389 0.690713112214592
"42" -0.166615124455765 -0.0849373016119372 -0.163899778138077 0.33985283407992 0.20869075529463 0.774075987410397 -0.117084844288616 -0.0183085969261561 0.207543500685931 -0.920429452121281 0.509916761371513 -0.440137215382187 -0.00252075491100534 -0.243222200639998 -0.231578287438412 0.375154510462959
"43" -0.322589724187786 -0.189537752097432 -0.144146983884797 0.35232545295891 0.150052668896355 0.841691193348699 -0.112512752006921 -0.0127797330297217 0.283240840634707 -1.00505430694782 0.3494169217638 -0.438784983265627 0.22929058307615 -0.314001978995857 0.239550891958247 0.216220821778045
"44" -0.294726065469239 -0.132947016124153 -0.0819618042318981 0.261696888308391 0.163317152463069 0.819045326164021 -0.12266759645446 -0.0352720920419376 0.259428577770115 -0.979062761968504 0.312249313816737 -0.324839894284217 0.169242278764111 -0.34312895797557 0.210470458718828 0.245182321932973
"45" 0.380198300575486 0.398820643600071 0.1094229516773 -0.112527984815299 0.368910355581958 0.334924240171715 -0.141588530643353 -0.121004502914037 -0.113837764584967 -0.380318522899989 0.55690292005636 0.0892117775234613 -0.792872967876333 -0.237561660732015 -1.22292068937902 0.697742045483999
"46" 0.0837350736402755 -0.41108122030723 -0.0201323291506309 0.457213915352105 0.534455534300014 -1.23196679572031 0.0103923103632026 -0.206654355981225 0.0480775938724906 1.82328023149454 0.0311037648845997 -0.31455941375809 -1.00340118431428 -0.486104006052566 -0.121654604461898 0.697019241842483
"47" -0.553880976815551 -0.955434774241835 -0.100155373936273 0.739665843977389 0.549734206896765 -1.24720419958721 0.00428272733985005 -0.286442019907961 0.390746738798236 1.93945987658532 -0.201119542028154 -0.460049277926888 -0.5720137284902 -0.709045774488855 0.921130581935787 0.708215335448042
"48" -1.00527431181798 -0.579286034544127 -0.0503378434601953 0.125373175003727 -0.0959865287116433 0.513521818765575 -0.0595259566972777 -0.142557788078192 0.496779265729538 -0.594468789830134 -0.240671873978917 0.137670671498842 0.847458772729137 -0.155191867546622 1.23676005577779 0.0230543365040958
"49" -1.08362030400962 -0.544181424217015 -0.00375567325181003 -0.0501568891383801 -0.159375355326155 0.490604612572683 -0.059002703213734 -0.227599275993144 0.487004187174516 -0.59372772940958 -0.266537259146666 0.478484951393067 0.89595149531095 0.00785158107321937 1.04945941437348 0.063186965157243
"50" -0.971645978533362 -0.419743639125416 -0.0402463425081219 -0.412178496706133 -0.131992755494942 0.362829277611659 -0.0337624744381322 -0.131817791088413 0.405272818337294 -0.443140517950893 -0.264366503902127 0.839827175567351 0.676478969583368 0.108999025652409 0.748868461367142 0.124278871618948
"51" 0.193724884950667 0.341980907449242 -0.654929239881602 -1.77596014794572 0.174611821524208 0.428692014800936 0.136263367226987 1.41501904767714 -0.0510054977565675 -0.545684104899298 -0.185745211577779 0.676938962253903 -0.434966274754695 -0.174665731074234 0.523641651607049 -0.172572326141172
"52" 0.0885442834912022 0.0396488381244455 0.0092571362418582 -0.548702562180279 0.413846106410026 0.41593967269562 0.000344726792976549 0.202748553505059 0.0611653312332804 -0.407264580007443 -0.0558823746457462 0.307151367037571 -0.757081102359031 -0.32447423197842 0.229776407610102 0.141528155589938
"53" -0.732495675765346 -0.481005881383663 0.841440518873915 -0.306808669773462 0.76281986575532 0.577897196015095 -0.179015735846101 -1.48565039620363 0.439379098686437 -0.433991097180004 -0.0964230530156049 1.86498714556083 -1.19939901023423 -0.239977869813839 -0.232616707096435 0.83381369444902
"54" -0.873097550630717 -0.226107590612145 0.623390490532554 -1.04710851734627 -0.0204976155310437 -0.401354849033638 -0.113229143174636 -1.62565713739746 0.194873758944438 0.518696844113576 -0.0358489934547699 3.49485305267338 -0.165896346286448 0.782906012821102 -1.52074163600012 0.662131442029441
"55" -0.818044930164341 -0.144228104806248 0.651799653630292 -1.21450422664937 -0.109374416570562 -0.603464972298338 -0.110183000727771 -1.77375821309666 0.119325581023422 0.732749401319689 0.00899824713145025 3.96259406060868 -0.134033179674436 0.964219897248388 -1.92970308784801 0.649284823034698
"56" -0.816698598725642 -0.154452051097194 0.523378310071993 -1.18669728352251 -0.106950580745375 -0.484206520570437 -0.0900974836331494 -1.46305963076008 0.143764097096017 0.585820202065911 -0.0338123053904584 3.53352126132506 -0.0612310976271147 0.858397156776326 -1.5799480761634 0.593545394727109
"57" 0.0494646006840131 0.354242385525676 -0.242892548517573 -2.08850808194318 0.120092252144611 -0.0384884309043774 0.0745174696630425 0.481351099754588 -0.107771916061728 0.0179066806592956 -0.0884411969492545 2.24363150510016 -0.617252965542139 0.305309674309838 -0.693499292599897 0.148563916610513
"58" 0.68243933397924 0.601142133852649 -0.67736343595691 -1.9270072916762 0.24899442987178 0.270834161049909 0.162142871606616 1.60075106698786 -0.262976920881489 -0.3626729871211 -0.0737991345404547 0.579544357894324 -0.829557101058941 -0.196913817250475 0.103773873494876 -0.233885191520645
"59" 0.0151007580570361 0.247567807832379 -0.574225910518192 -1.6957128488418 0.12641659286508 0.400889155121867 0.115164099798319 1.20726334702197 0.00974227297901376 -0.512281720339287 -0.203816138077769 0.840375162808137 -0.29213477962317 -0.0996515639359137 0.501976739971935 -0.113027453225271
"60" -1.03434884848086 -0.461532453927851 0.00369863388617775 -0.327445840834898 -0.149879355311846 0.346681555032698 -0.0444899842176266 -0.237770492912265 0.427673682523745 -0.421996422855138 -0.265153478826395 0.860182516982526 0.733294858401202 0.132639382656592 0.73621644134341 0.147238084749979
"61" -1.0842186694066 -0.544590423028687 -0.00309111741689772 -0.0492860675774565 -0.159258403665945 0.491197879888032 -0.0591686060690476 -0.228782999592835 0.48733169782226 -0.594384832960388 -0.266542573629573 0.478551003846622 0.896131675797882 0.00774386119256842 1.04966021154342 0.0634312586851067
"62" -1.02082731589586 -0.575168120170134 0.00877396261330232 0.126423454498489 -0.0504201635616521 0.714760001727026 -0.0759146666025974 -0.186431875099878 0.52528680504848 -0.837683793999734 -0.240682375743807 0.132791529762152 0.805948890825047 -0.210885567511409 1.30795904722316 0.0155327084558436
"63" -0.669468069551585 -0.720712593275141 0.56725220782771 0.375953461461263 0.807016809713829 1.27857867872191 -0.190875304950867 -0.561208653670596 0.644491252211484 -1.24728900482285 -0.183035458761134 -0.352708812834731 -0.589446544429716 -1.16957045549353 1.6580854960261 0.387112835508173
"64" 0.761966307198335 -0.426786576061506 0.699667007260609 -1.24645787890045 0.646099001279263 -1.28496325161137 -0.158792542153529 0.615847794012935 -0.0219549392717342 1.94579485531844 -0.0480518389105109 -0.285760395807349 -0.924329225323539 -1.50273866413233 0.5301301582316 0.557997258124825
"65" -0.048755695630927 -0.383732112677704 0.113725077395483 -0.415390650504309 0.137760314204795 -0.18625128399699 -0.110258502659249 0.405997363210876 0.199923431417347 0.352305181862114 0.0426631221970135 -0.334384047168808 0.249836543953439 -0.740175375475923 0.738219631268077 0.165813852079033
"66" -0.483032978373627 -0.302267897355862 -0.12602007096271 0.336836358229679 0.0819755038763166 0.849095851405234 -0.103164389230569 0.00148742680993497 0.353434243704731 -1.01487052223528 0.183536550437758 -0.414988866802261 0.459233346904089 -0.355658657676956 0.676712197446726 0.0767956375607923
"67" -0.318102176703778 -0.189710130337019 -0.149525860022638 0.357209992382896 0.151710481955523 0.850536734779193 -0.111082325865809 -0.0119854992105253 0.28395484379985 -1.01527260238643 0.346078710321193 -0.438164629476557 0.231207067609336 -0.324554118347044 0.261362642915597 0.197489637844001
"68" 0.29001218070055 0.0334790089991133 -0.494272578112312 0.605326368523933 0.38885192355067 1.34812678832027 -0.0363883260967366 0.0133255719261391 0.183388483266013 -1.58036655428905 0.38551896140007 -0.329674231285878 -0.101234571399806 -0.963107171227595 0.89226388209493 -0.764679069091912
"69" 1.74090836436057 0.459163435258327 -1.49056466385336 1.36275896244411 0.95062874865515 2.91448982850066 0.20354814435589 0.107190213853195 0.0443624571382486 -3.37247805184965 0.158782608643237 0.00182890020500537 -0.584615497527776 -2.95245120019248 3.72335829703757 -3.93443789819725
"70" 0.416401325728198 0.117105056423306 -0.548519201376382 0.570758805616849 0.395749428172462 1.04943193794868 -0.0202077188918678 0.0254791243563033 0.0756526182699861 -1.22121260305455 0.602616102148678 -0.336272798544631 -0.36021530446885 -0.651154683816538 0.0751617820638577 -0.435460136333834
"71" -0.0289264821469501 -0.0399768235639488 -0.309597727081251 0.348676926965479 0.168140368959111 0.346377185725922 -0.0625274677830603 0.0233260265641475 0.0825867153132269 -0.406957213507531 0.720126143764809 -0.458600555430479 -0.224500320786888 0.177796298328963 -1.06378600737115 0.619165313227406
"72" -0.134175319337182 -0.149008194330152 -0.376770188859147 0.380100543945313 0.0554459370194653 0.128537928401214 -0.0215128177163271 0.0622979348385113 0.0932264876604609 -0.152424057705459 0.66040775113328 -0.498291295215804 -0.0619510862819439 0.382730288174133 -1.02750009078438 0.585708771593119
"73" -0.278293639731575 -0.294038108818022 -0.446459536531951 0.422404228361183 -0.090183454751001 -0.102456336436525 0.0253488045035569 0.10819008846867 0.119941229884255 0.114206687915148 0.550066748355905 -0.54676563993722 0.185515135458548 0.586454108840328 -0.849354914320069 0.487931266428262
"74" -0.434340581384731 -0.44731784237393 -0.503036285922263 0.460206704648769 -0.253692674851975 -0.344033887439829 0.0700371100422029 0.153670139023797 0.150155234865413 0.3894289944944 0.415367931742218 -0.594582133541401 0.473002390803613 0.784286231450169 -0.609431574745781 0.368277804056579
"75" -0.573623340741678 -0.583033034542773 -0.537701375990977 0.483344168151635 -0.419583409510013 -0.587382762640553 0.106780685388513 0.193030091636602 0.172489012034915 0.662809875572019 0.27823205920497 -0.632239086098519 0.759277201285759 0.964405810507406 -0.366312645383974 0.251458205632325
"76" -0.676635120996056 -0.683627667173413 -0.546187485644677 0.48591497731763 -0.57707540098045 -0.825317937441836 0.132153862703626 0.222995886542147 0.179301632738116 0.926043564684555 0.153271937638359 -0.653805359713962 1.01631153219902 1.11800436295405 -0.157895039314418 0.152824243654031
"77" -0.733061434152795 -0.73977889610442 -0.528712238212228 0.466215075464465 -0.720062660172426 -1.05215715550296 0.145061969495169 0.242725983946852 0.166673581461924 1.17280893663911 0.0478676048869237 -0.656931008736645 1.22916997065896 1.23935979300196 -0.00165199805637073 0.078565653484354
"78" -0.739342973624175 -0.748161054852377 -0.488840398544586 0.425551801377855 -0.845755491193143 -1.26303522729788 0.146144130049355 0.253146513652975 0.133379094322678 1.39793640916125 -0.0357481552145016 -0.641821260832126 1.39224499191874 1.32518085557144 0.0993817938615127 0.0284440963549422
"79" -0.695997189013078 -0.709030147009669 -0.431970367698593 0.366916191511852 -0.95324678035129 -1.45297617034758 0.137040578938204 0.256103034082221 0.0797926243324103 1.59624804547512 -0.0983082964114446 -0.610103714158312 1.50536698984693 1.37368687359913 0.150494869536008 -0.00139733417099208
"80" -0.605569631871163 -0.624414421404089 -0.363879358886839 0.293923773372157 -1.04245599748458 -1.61589465280483 0.119744920442468 0.253581285407054 0.00708659993230265 1.76128756145351 -0.141935898123707 -0.563957411439372 1.57105193138961 1.38370928891697 0.161053444065275 -0.0164484286672142
"81" -0.471320700742826 -0.496985105610483 -0.289541312150303 0.210094907766329 -1.11346485072779 -1.74359175653039 0.0961143399002669 0.247094184247867 -0.0832548944702458 1.884039725701 -0.169195967607054 -0.505548587639687 1.5928915488392 1.35396480998192 0.142125303869281 -0.0226893766149949
"82" -0.296497478209639 -0.329451545736866 -0.212286632114515 0.118421310806199 -1.1661271103395 -1.82474406992871 0.0675408958097491 0.237250601213205 -0.189685316756553 1.95165431248842 -0.182593233556983 -0.436708635578841 1.57472984748564 1.28255676159608 0.105401325679982 -0.0260507892290569
"83" -0.0840015299866783 -0.124297189688928 -0.13326799380953 0.0211352959271289 -1.19983417353015 -1.84382491790081 0.0347533918379377 0.223473059300464 -0.310691747510553 1.94610380188472 -0.184339687856472 -0.358772706900826 1.52029469977997 1.16668180602562 0.0628983157651284 -0.0322509146844396
"84" 0.164518257209787 0.117170508218561 -0.050498825683775 -0.0806921464640236 -1.21291071242199 -1.77835302228691 -0.00249835645408258 0.203351598754481 -0.444973845020281 1.84058511573716 -0.17621001338098 -0.27218259754383 1.43271296987288 1.00126820033129 0.0276476619965864 -0.0472208415808275
"85" 0.462399891290821 0.408795406644687 0.0521943842785959 -0.191770201197636 -1.19531365201631 -1.5750420126014 -0.0488246143973365 0.164467658017865 -0.592826255613354 1.56613964027849 -0.158612323382214 -0.171151357530009 1.30810678357088 0.758900086907745 0.0229988956370635 -0.0832669370635841
"86" 0.83793691537676 0.79357768223704 0.226907132359525 -0.326654037217452 -1.11824351065461 -1.12885005109612 -0.117844403840947 0.0657587058943847 -0.73911889281988 0.974345093338296 -0.130542130761327 -0.036947394784141 1.14143934519178 0.358020231526097 0.102241435774618 -0.170245750764249
"87" 0.962482070771877 0.927905535464526 0.300279347832628 -0.371981394155564 -1.07715184023838 -0.943520541337314 -0.144084362460864 0.0180817385750072 -0.779082446858975 0.726421571835342 -0.120437463539149 0.0109249443519062 1.08685028636173 0.199363623166374 0.148682490833507 -0.208765249076151
"88" 1.30685863343083 1.301475911959 0.540330183254708 -0.494885137475728 -0.919202362668842 -0.381972831787603 -0.222050970241605 -0.153710791400117 -0.867123703743764 -0.0340885861813784 -0.0909617558262762 0.150487340087922 0.930027097584163 -0.292675669423961 0.313527936952469 -0.328983054299279
"89" 1.54767429754052 1.55174116349299 0.740407110402777 -0.575088967036751 -0.771514512301185 0.0307269452100822 -0.277646993881856 -0.31564262414633 -0.896622985801695 -0.597820501308512 -0.0672521778753207 0.258064968582378 0.803652293218133 -0.684609517032333 0.44378232682029 -0.413784773549875
"90" 1.72338565606789 1.71241370107475 0.894525214130432 -0.624906718940697 -0.638955225152944 0.330558276177522 -0.312723822343214 -0.457999614604288 -0.901669160713738 -1.00104029384477 -0.0461892459638188 0.344161037154837 0.686391278966474 -0.989660568249051 0.526366790261208 -0.462345324534997
"91" 1.84633232212777 1.80135461105301 1.00256535747532 -0.64938068228362 -0.517667496699529 0.550401879017233 -0.328327277933902 -0.580137267434998 -0.891064534185077 -1.28546686197973 -0.0271380273491423 0.413426086636475 0.571546264205167 -1.21943285905581 0.567475492328169 -0.481316679171616
"92" 1.89288170660899 1.82732783304853 1.05097751131269 -0.668466660878361 -0.407964473837412 0.644180248026122 -0.319344498793833 -0.668124000488224 -0.872534851646032 -1.39499200800427 0.0138754604641277 0.465020516223284 0.422121564863732 -1.29928988083545 0.42403610752856 -0.371048693951074
"93" 1.60681724908285 1.85109328888205 0.950188057512288 -0.918185410168351 -0.321278883486172 -0.0557730125049716 -0.244941221475731 -0.599207953128922 -0.933745090406038 -0.502597534349658 0.36657484559105 0.493631685854034 -0.198253731367119 -0.373085862253316 -1.63028180495572 1.08453993428068
"94" 1.65566095112317 1.71886820613928 0.901738443211471 -0.763402849491668 -0.227090370162732 0.242402398787328 -0.202764683164526 -0.681727926920439 -0.840678535217283 -0.830632657658558 0.256907233713291 0.509481412985092 -0.128531100382837 -0.699612152398378 -0.996870303241422 0.639530460059127
"95" 1.75103743465781 1.49824274809511 0.802276078120808 -0.469030540479697 -0.139004071213166 0.780739245960743 -0.146162007056954 -0.775496679359707 -0.692126682661489 -1.43995484077495 0.010842845244272 0.505496348323422 0.139948564850963 -1.31402136745846 0.379818268113187 -0.33675277612733
"96" 1.58957117700309 1.27142356284073 0.537730276699572 -0.335525430297157 -0.0812678689138639 0.718549728212928 -0.0240401405776766 -0.729628712703262 -0.603140653541469 -1.29204630855315 -0.0106976088930032 0.513545213985834 0.0803012934489242 -1.15480968701666 0.35378646750988 -0.381415159938392
"97" 1.50273576560173 1.05476806095054 0.147809102479727 -0.223753402194493 -0.124665751872946 0.601299964620377 0.137022529864405 -0.664421401733691 -0.548744133915755 -1.09094321410788 -0.0488800308984083 0.87798912661429 0.200385885377513 -0.961605024140124 0.405473133495238 -0.962745343776263
"98" 1.1119710473267 0.686261234075741 -0.298260985480632 0.00989785317499958 -0.0322658279693471 0.403746554008036 0.323727682655843 -0.494626234193514 -0.402146775531517 -0.730173544384456 -0.0726241802227918 0.587645053650052 0.0201141494870658 -0.554867433147149 0.218187681630813 -0.602378507346888
"99" 0.671833073145921 0.285676434602741 -0.789652440141944 0.267545895990093 0.0586631829810265 0.175432058989507 0.524797503533175 -0.292153268475051 -0.243916699639467 -0.322830751950096 -0.102097402389071 0.246985503498321 -0.168423474049031 -0.0942108102009742 0.0178835031999149 -0.192915402843134
"100" 0.325264273224835 -0.073870700428651 -1.24719456359744 0.47810311219173 0.0887076857383708 -0.032822420077586 0.710847660778636 -0.121833418202924 -0.115597996057507 0.0390030550843745 -0.140753714620593 0.145860067221797 -0.227261241408308 0.302187334715455 -0.0891895337697246 -0.134736665990349
"101" -0.259314538664739 -0.745464699315034 -0.99573676843879 0.176272341968884 0.130735887894394 -0.0809847603170997 0.750565527920971 -0.0863290534783019 0.174911102868597 0.285972737173812 -0.071692759700449 0.118534046723912 -0.0920810251739148 0.668332498231627 -0.559221183241497 0.250480509336484
"102" -1.57829258176243 -2.08802476413953 0.461387733370304 -2.15593330514951 0.0269252982397927 0.0267382372364921 0.553902359342937 1.11873984747963 0.826430007524701 0.50282405728679 0.268487052673474 -0.552601917654529 0.69484000582738 1.36286897697278 -2.11030002701917 1.72707693385025
"103" -0.557191857310728 -1.04430561158861 -0.878278971450457 -0.296582687755954 0.0995873481535159 -0.164654874526991 0.729765150379172 0.609625847497352 0.3008083357909 0.453450095461959 -0.0695889340914961 -0.348940305485339 0.0261425558979038 0.893305424551289 -0.737676262103725 0.606218507491764
"104" -0.0503500531764969 -0.692266671152633 -0.721387619396748 0.571212704279247 0.229751707571193 -0.0064693284057955 0.607760898244966 -0.324310618294566 0.132806194467104 0.162675149010993 -0.173464672339142 0.0806182656374546 -0.277574131482494 0.353706899304296 -0.153473647429945 0.177866545589602
"105" 0.12455741863059 -0.616394644624788 -0.024599551756351 0.417058519486843 0.276251458722308 0.220690937137713 0.371724055092928 -0.576997539462074 0.12118424369671 -0.148479480691845 -0.149143669800296 0.132635808593978 -0.261298715695198 -0.0296571628252376 -0.0684879180318552 0.269563695603367
"106" 0.135588524700625 -0.648668860818249 0.809054503193201 -0.668918596883993 0.157385809592078 0.742933641225658 0.0905498687508787 0.246704240672477 0.237831114748322 -0.817249578046713 -0.197757113536749 -0.416181517552527 0.348670834303763 -0.606010415388573 0.57930585268917 0.119661273620562
"107" -0.802807802574588 0.0343034046213317 1.25834121926871 -2.03555154465696 -0.0448320639187261 1.18741291589486 -0.180531664767655 1.75438827737802 0.720812585819453 -1.35517660810485 -0.240375409281821 -1.37668731196976 1.33015157314349 -1.81029717186562 1.55154514694157 -0.130861513730403
"108" -1.20174562035832 1.32760200391345 1.5611432338131 0.0800255620234083 0.510235118397526 0.742174793615216 -0.340505740954806 -0.795621831007925 0.837188744432246 -0.813310599935484 -0.0326129435300358 -0.282537958513128 0.00973475937852797 -2.84725177951328 0.516735140343134 0.74563266996703
"109" 0.493245341644395 0.00747542754971464 1.83996611462199 0.155810636565318 0.452753299714983 0.766195625743319 -0.383988899381876 -0.957334706293056 0.0856335989951327 -0.948072447792419 -0.0496584581345731 -0.0472873486143399 -0.412831319690847 -1.30427222438754 0.159883828287699 0.659275402203384
"110" 0.678684979690786 -0.0690773037614472 1.83581178723328 0.208670550066757 0.455410896460335 0.734523195178879 -0.437223213568841 -0.736626719570257 -0.021589124072662 -0.935928777112732 -0.0477887790549747 -0.226897100464505 -0.537718643527576 -1.1193306467278 0.147047113833604 0.69186443019284
"111" 0.594528897195113 0.0012980682056023 1.68199576645657 0.121352416349017 0.436141522254415 0.6368044742762 -0.454399802957197 -0.197719030863689 -0.0349626536392207 -0.829063955572162 -0.0367277103541626 -0.614383209306595 -0.590888459467152 -0.999562200129818 0.0963536719516265 0.828415099788188
"112" 0.0255806288810767 -0.0354856924170404 1.53091550778776 -2.54604624288046 -0.0984141612580887 0.386908568242062 -0.420487011168644 2.84907815755628 0.0541883134517516 -0.566916768001376 0.105117047248123 -2.10022557526661 0.403251897088633 -0.264538645949933 -0.589550183499846 1.57647527971417
"113" -0.230640412230991 -0.18186490823744 0.615740059615069 -1.66435350459737 -0.295167112334119 0.0367291294950478 -0.157879959173354 1.6482170161873 0.116459996346311 -0.0329258957729636 0.143223603778384 0.373884933005496 0.747139152665479 0.168592020287796 -0.551869565102331 -1.01657767865868
"114" -0.0974187525134713 -0.143388026866982 0.170240995771139 0.68167480978037 0.136215106936705 -0.0772650286094388 -0.158806330205591 0.51506258307677 0.0768348141072055 0.174402005518043 0.0553960490381089 1.26743173821301 -0.24936942875374 -0.012770849869411 -0.186743787297273 -2.24325711441243
"115" -0.164610111518063 0.168404058713847 -0.582022936701537 1.47901088681671 0.530559277283556 -0.255831959586254 -0.101791004325186 1.86549610856276 -0.0431682146660073 0.321104567267968 -0.0984550873448188 -2.23622663986222 -1.4218316850903 0.123944202048652 0.0701381840035502 0.928278694634855
"116" -0.493492019289266 0.198034706152634 -1.45759992692445 1.93378303055795 0.583736125266182 -0.570990459068468 0.05924721713331 2.72872375821968 -0.0281786564183228 0.731436358713348 -0.136141089698484 -3.18200557744915 -1.75090289121032 0.565687476462994 0.0714024008165293 1.34024738314178
"117" -0.867036896628675 0.163294140738614 -2.31425678543483 2.34057845565481 0.57557896761318 -0.890413302763174 0.231941734993755 3.45021081962325 0.0195936935620584 1.16752876128529 -0.152343764741408 -3.56137236774785 -1.9047636126 1.03680592266179 0.0399021329159233 1.13733010909777
"118" -0.931373643106273 -0.101611167143492 -2.05044343118725 1.72755438364167 0.125770229560751 -0.860769825716104 0.277950833893861 2.37607002231236 0.141136238026621 1.20451125291784 -0.0205136011873794 -0.0305957468368234 -0.701535035395177 1.09632249705344 -0.122675154150993 -2.42226644332843
"119" -0.308159517506116 -0.148164934518631 -0.485723481693075 0.370569582813419 -0.123500845363506 -0.258774076181164 0.07756279335357 0.353699031378353 0.096675330785241 0.400227761536816 0.0541286377053905 1.58719831314401 0.231600493411143 0.346894955220692 -0.126583208422378 -2.47066913645998
"120" -0.418440223816376 -0.138815333307849 -0.723103425280121 0.97735020738981 0.0348377115401566 -0.39777112201677 0.0365007912128844 1.04959334723103 0.106809206403593 0.597775441877593 0.0432515233545507 1.36592807282354 -0.201242759180127 0.446181814222782 -0.163542015409512 -2.92285654672691
"121" -0.16468364163995 0.148260203111347 -0.550629046549569 1.43541033269918 0.49552054695898 -0.25062434679129 -0.102197864978861 1.77940576090944 -0.0338769683352518 0.320357479959366 -0.0875428520991031 -1.92741854714278 -1.32548936865531 0.121489118593347 0.0586150892956487 0.605379080898825
"122" 0.130476629516989 0.165024794575162 0.171803550937527 1.12580232048605 0.5309452585626 0.0381195983063406 -0.241985864964917 1.18150093285733 -0.0645460797379331 -0.0694432542246859 -0.084850217924634 -1.82646373563092 -1.24254297316441 -0.285873657667113 0.110255455560003 1.02227525660873
"123" 0.342230247920631 0.109437943258413 0.811534169424132 0.797666961305716 0.497003682815709 0.280890505399855 -0.345972483019733 0.515520190012918 -0.05832216655583 -0.376308589973528 -0.0601159344285137 -1.15585236764911 -0.989067282384692 -0.601763236189992 0.1122867611977 0.764622796876012
"124" 0.253035918980999 -0.220579872444354 1.19451654972454 0.295294961160764 0.180042435009431 0.322975069918169 -0.333023874830536 -0.483504387271858 0.0751897993697261 -0.334089608840125 0.0741151139271993 1.7447680582594 -0.075385753276322 -0.541479400709604 -0.174451654868248 -1.95987568784916
"125" -0.106792994087657 -0.303748980670966 0.220310342592308 0.030399019371851 -0.0906691319130786 -0.019532175052509 -0.0085329346922926 -0.389510612840654 0.114148382185289 0.120018939323635 0.0737256335156327 1.88968613988495 0.343574457481603 0.0725531120426911 -0.238909416022241 -2.05862834762833
"126" -0.378447662942165 -0.474976710851062 -0.845031610873142 0.525294837349687 0.0888623534549147 -0.310671061729574 0.357897011995894 0.345194329797122 0.129112446344402 0.514259535829622 -0.102642439230679 -0.217778703323448 -0.230889236980152 0.58136487020406 -0.126865243161157 0.0314899574609679
"127" 0.444554031946837 -0.271761860449223 1.25592986632181 0.246019186980996 0.37551000976863 0.540058339494061 -0.197384329639741 -0.688472494842863 0.0403708120398645 -0.638758889804661 -0.0748895784531297 -0.078067748148273 -0.407025982265364 -0.732840817376327 0.0716282298819317 0.534069330553773
"128" 0.60435966495472 -0.266491422464781 1.62297430874806 0.122725973474393 0.401248904306501 0.718155279252412 -0.255188577441801 -1.01241335737421 0.0323121023470287 -0.87240345261619 -0.0686706601836911 0.105709214202509 -0.350423466562567 -0.966112937579944 0.0975509080813266 0.550890792580986
"129" 0.482887330846967 -0.382163173531017 1.22665720721326 0.176763975535662 0.366200191895952 0.605760407831195 -0.0856241112130183 -0.971506718756073 0.063128036560379 -0.700698743850638 -0.0898768044736901 0.17039210205861 -0.300299046641432 -0.732787534575696 0.0498034178213951 0.469207231597565
"130" 0.0873102007052236 -0.611002273320896 0.122218343665034 0.429220645497745 0.285310826950981 0.209369071926717 0.281891416475517 -0.54034109722939 0.130958070664777 -0.133635863821629 -0.138671849254185 0.0701112535899036 -0.290093032876571 -0.0586705222256496 -0.0651917027272413 0.319606871932095
"131" -0.919848344278904 -0.887470408764188 -2.2380310910127 0.905937658255853 0.0449271874082884 -0.780088086553805 0.88299552040341 0.781410024291412 0.253534814009096 1.2190855735615 -0.191351442296882 -0.377264641383334 -0.284163486985708 1.46252679420694 -0.28837879264243 -0.0167713630975079
"132" -1.46403123282696 -0.346181384669797 -0.958829379564048 0.586862999214968 0.492996477696102 -0.275745302144245 0.387898406246682 0.28136957510655 0.371651802506032 0.509745019109481 -0.0555381334070374 -0.454331300819977 -1.11998756386072 1.20049637294824 -0.396838802153088 0.623372755218139
"133" -1.89960001132402 -0.640681423286266 -1.46698695261908 0.994094747984321 0.812040959328273 -0.257005129477416 0.765759202988194 0.0861525457846906 0.525994324753256 0.579663650337212 -0.139247552452454 -0.512395734203968 -1.70726973324912 1.64741318874639 -0.594914487000818 0.946897793369534
"134" -0.235235428078185 -0.589731141152155 -1.60557114975477 0.750098609011617 0.191483526836527 -0.248242158604619 0.87696670246032 0.012827317695455 0.100961636781654 0.454927438464306 -0.191628696095837 -0.00527236003498288 -0.389072095396607 0.789990819001015 -0.22367571824002 0.0430097251747625
"135" 0.0483591111111341 -0.374110419040967 -1.55905030322134 0.647445637032416 0.115798626894759 -0.189069320865349 0.841736740315796 -0.00460779096694597 -0.00817769954814707 0.316910859938439 -0.175265448618324 0.0677278888503405 -0.270476510709716 0.599128320011164 -0.159574333504836 -0.085046591172663
"136" 0.239064228804738 -0.192192462110274 -1.07051666610167 0.409468336557269 0.109023644201413 0.00268080962673067 0.679408908428927 -0.232355243071266 -0.0589011365316712 0.0304084493534664 -0.111234910988808 0.205867258769423 -0.202145638944399 0.307580204949657 -0.195853122391883 -0.0535175153859448
"137" -0.272820231465221 -0.838956625077749 0.829272714281205 -0.359363790316656 0.228182830252009 0.419657546160073 0.17918424781265 -1.161434834327 0.32119416827527 -0.281349669910397 0.169335151731586 0.695518364656092 0.0787556312483111 0.0165418892804006 -0.930654388398674 0.569796843029133
"138" -0.648047462885925 0.529894129039898 0.611161189574661 -0.126882123936988 0.157563964348097 0.258241769959237 -0.0697464818536488 -0.634352651582543 0.402758791026783 -0.213850186530038 0.10278380164702 0.225534287062164 0.141048463034274 -1.12575752774229 -0.181897422643465 0.349489670352433
"139" -0.690235247710102 2.86169921681458 0.478706580580945 0.106149039652775 0.204472398198875 0.549889110490482 -0.0894972638074375 -0.856064161506031 0.465845337699786 -0.811786227778468 0.039194883746515 0.134992267819847 0.220400530725827 -3.4767415337045 0.601460076335694 0.158471157093839
"140" 1.34348949473958 1.52907341860247 0.57410622475381 -0.295391089318958 -0.0429657158945784 0.724523132991238 -0.0458762927067001 -0.769099979269245 -0.485505818187755 -1.27969696970392 -0.00170437128213963 0.446147400224149 0.0900445512369572 -1.50067253536914 0.391412381678616 -0.272734386874149
"141" 1.75661030648342 1.49806764608409 0.804964140161729 -0.462187090206191 -0.138420189916427 0.79976714243982 -0.147391100864702 -0.77923624585668 -0.68889069810745 -1.46339462867694 0.00276373193879131 0.505380499763934 0.15231763884004 -1.34011845879524 0.428525266856377 -0.370377328122391
"142" 1.8387889794483 1.61436281935264 1.0427190780876 -0.581921968197717 -0.202129334845052 0.841787924735513 -0.247216175456458 -0.831579558936345 -0.738713715114621 -1.55682616014179 0.0184590463323259 0.537684324235236 0.25023064164722 -1.43652060301998 0.451647148879608 -0.37819200455732
"143" 1.13267648907884 0.718094233334266 2.0795171955474 -0.941469490308607 -0.0186071231980205 0.98290901340847 -0.441828557922047 -1.43056237266345 -0.313407141815677 -1.45387244866309 0.211634914426447 0.838921729756413 0.301835948681949 -1.27813177949777 -0.280772797681209 0.202444611617748
"144" -0.172558628680806 0.166469707662891 1.45756780780381 -0.673847368246527 0.274720119078048 0.685217048564739 -0.302051036261174 -0.916171516626932 0.0290823887047924 -0.888060104973228 0.128723091725211 0.638320827240075 -0.35779443047777 -0.233264629284563 -0.1764263379232 0.00576310664937729
"145" 0.380538795816925 1.5052096805642 1.11283531808166 -0.733571911946918 0.0858133688796647 0.784755175470632 -0.323293270430447 -0.577203300417484 -0.547058406481147 -1.43306043492218 -0.0692036099953059 0.618471028657495 -0.60456638046981 -0.288761261188094 0.750615291614034 -0.860244535250985
"146" 1.61714162196432 1.71266182170256 0.9163802751627 -0.640705996258166 -0.590267760701706 0.360753416836517 -0.316336140284612 -0.464939684476815 -0.8832602446678 -1.03434746023349 -0.0507235128406126 0.368218032094706 0.585510998101663 -0.923309535966699 0.552893306649108 -0.505033685468092
"147" 1.54804097086503 1.55305705276893 0.74109837695707 -0.57563979886608 -0.770794568286945 0.0327485913874452 -0.277899772598166 -0.315979567664212 -0.897063336943591 -0.600382463589207 -0.0671824291934717 0.25866193625054 0.80212781651676 -0.685317363119426 0.444276284167446 -0.414394084484648
"148" 1.24379060132794 1.32991905669793 0.563746593642546 -0.512342260100302 -0.848902970494844 -0.316888783829531 -0.228440195673174 -0.16294351439792 -0.874476149455704 -0.110626010175066 -0.0917776395202524 0.176564053184999 0.775670010620424 -0.242848020094797 0.336175581423702 -0.363731146519356
"149" -0.60138647682652 0.98762314504386 0.507098367235291 -0.417416121532146 0.165968017773253 -0.221449870069479 -0.176236796408938 -0.102864998558525 -0.279495154997861 -0.0643244024069707 -0.127850854531234 0.215499586463936 -1.24835343591512 0.96650269742103 0.387289588025458 -0.477464769929748
"150" -6.57325104080285 0.501549629723557 0.510330787401123 0.359385031929887 3.44903268437972 0.0555751285204646 -0.0965088378654345 -0.358248337719856 4.03747194194172 -0.317407293676027 -0.112640644030252 -0.403969623465495 -5.91279738741093 1.80714248978452 0.387733391720096 0.508132042239242
"151" -2.7246166456884 0.677515002796059 0.230664918152466 0.0410871325004598 0.879904135135195 -0.83157983662756 -0.0875915489995058 -0.0245528999493234 1.59453544704996 0.731885492354902 -0.11967198133597 -0.320276883851424 -2.10224128736272 1.10391835344159 0.0476863875321167 0.359730182818133
"152" 0.807697954365953 0.643206140230064 -0.0121436687826738 -0.274705600167046 -1.219399176246 -1.16176429247543 -0.0645147645955721 0.253029894409503 -0.885965895631953 1.24415070406793 -0.105217931102323 -0.0860017789686385 0.920329212783535 0.621845183319437 -0.186627567833949 0.0213718444808499
"153" 0.877739759919495 0.486606315736475 -0.0890723424873434 -0.232216063264528 -1.30486923715637 -1.08293085542506 -0.0406697058452667 0.294759000609834 -0.987269023929069 1.27032836739383 -0.0933815202594193 -0.111692539395225 0.950383452432225 0.686233350199336 -0.264638376643652 0.0899826147660008
"154" 0.701028613958068 0.0700132015348303 -0.220619137095466 0.0554157860726769 -1.31452778774842 -1.06959788242892 0.0250446750778881 0.244947571034736 -1.03387597948108 1.70964331727252 -0.0535156797817061 -0.251618864887611 0.815197943446787 0.410763260717719 -0.408635695503998 0.417691484237491
"155" -0.148527684540595 1.54302034356738 -0.760884639383896 0.569952885706405 -1.52647344417643 -1.66863328725858 0.134603780577482 0.233744861348785 -1.01973931221543 3.31800063113165 0.150539550063376 -0.321540827999048 0.960026962942116 -2.45323161861349 -0.840699341835589 1.00487772104982
"156" 0.352541638695739 1.04867648935331 -0.424819040351757 0.0382487839058314 -1.44999727240115 -0.613916240845232 0.0272861348733473 0.333432630078949 -0.963438880231499 1.31934001410244 0.0425750822797379 -0.146801048203411 0.991561639903769 -0.663506143267675 -0.489176766114264 0.406164361824686
"157" 0.62503100986916 -0.492531331692888 -0.160185632120539 0.0539173273191822 -1.27951077371726 0.282290105778667 0.0185508215965683 0.219068462577709 -0.957937047691785 0.258917622502266 -0.0323735814341641 -0.259735840093859 0.74699800158031 0.790494911720101 -0.271115144504122 0.385681120946039
"158" 0.534821356832859 -0.836818741374229 -0.102938344060276 0.130787131999585 -1.21577484018036 0.88102011813048 0.0190865438025051 0.139992631908121 -0.893357957774893 -0.292422435228599 -0.0186276523305285 -0.294024385633035 0.692885009048426 0.792102295576438 -0.181077320590739 0.432601595121756
"159" 0.430210335682644 -1.12593844113843 -0.0336852723849679 0.195256698144844 -1.12813207893098 1.49385652189567 0.0143065685634883 0.0531557962747922 -0.80015862598175 -0.880271000489198 -0.00371301777428934 -0.313497487598879 0.643405211061705 0.731725197281427 -0.0721612950919264 0.455478853443633
"160" 0.327412840704894 -1.35931195819522 0.0374454239788817 0.239801978104994 -1.01000162952253 2.0406059421732 0.00687009011269543 -0.0289279681393531 -0.680012680303725 -1.42649400047355 0.00951205214432466 -0.315376611797239 0.587060819321463 0.645411967585418 0.03898218936963 0.449649570514504
"161" 0.235576802770068 -1.50290534611899 0.0920048020303902 0.25721874136996 -0.857967302295911 2.41937310637368 0.000293572430038358 -0.0898186130337485 -0.534671382589792 -1.82558144525961 0.0202073661742717 -0.294562740494287 0.515832943665138 0.537424286249225 0.128347047363063 0.412114922353705
"162" 0.16075886982503 -1.53041069206112 0.114351535343199 0.242605107458281 -0.667632744090617 2.54460631353257 -0.00228221649923659 -0.116061313562542 -0.365604549299075 -1.98761374467076 0.0277036991618482 -0.247603670749918 0.421121597912427 0.411803930996378 0.175445244001396 0.34183028280899
"163" 0.102028270999786 -1.43092678631156 0.0979492205826141 0.19452899224915 -0.432811172398006 2.3791610885593 0.000491097491951573 -0.102233713799774 -0.17230953486909 -1.87342001473539 0.0316881035185451 -0.173619706073779 0.29559941133398 0.270449854440951 0.171560471816506 0.239322326328795
"164" 0.0494795759059663 -1.21251202872999 0.0484493574900964 0.115537553841239 -0.144996356346264 1.94995262022632 0.00746414329814149 -0.0533912674668968 0.04852508472229 -1.51184599217506 0.0322942316019935 -0.0747184897038267 0.134095053903023 0.112147001223711 0.123797248718307 0.106437000523322
"165" -0.0146918162377516 -0.899652035395552 -0.0184831785083491 0.0118050445093152 0.206817954993832 1.33679336103906 0.0154868192970962 0.0166544851707282 0.302474298315575 -0.987455770088517 0.0300375836209821 0.0442971250812825 -0.0672914831216342 -0.0667932311798949 0.0522142867984696 -0.0534698576747168
"166" -0.115602623384031 -0.524031166013311 -0.0838469931949253 -0.109886084714344 0.64591911582033 0.637768195162342 0.0207946278393967 0.091062060879016 0.602821960791996 -0.403611885887196 0.0256973062880158 0.179221281129028 -0.318735314600638 -0.274926176466241 -0.0183821193722062 -0.238537081810037
"167" -0.314332733472842 -0.0832909994583628 -0.138869128549319 -0.271994822249764 1.35158926974524 -0.114573860742536 0.0200035694588263 0.166658098505894 1.0610074538545 0.191102965801055 0.0210204600128868 0.362859338540851 -0.719865940409998 -0.585964189051021 -0.0683553718267289 -0.498318812563568
"168" -0.616965633363961 0.526005386291457 -0.164638602380368 -0.55289201375183 2.80837536772323 -0.893573347696788 -0.000227200159049742 0.242636631733228 1.83508574438569 0.701428498210003 0.0218115752654376 0.693909695308818 -1.58038709061933 -1.21011321042528 -0.0513326426136445 -0.976243191777638
"169" -0.444905682968494 0.924761859876566 -0.0629702235500895 -0.664810975123228 3.53973663445052 -0.889451197503523 -0.0459527161163208 0.181403196459044 1.76802157719361 0.456126747937324 0.0268140935151283 0.814680680469625 -2.12220568192761 -1.53072998180797 0.0893000507523416 -1.16261884938048
"170" -0.128715922694759 0.501280494846936 -0.00136425897009418 -0.330382020252383 1.79405724370914 -0.350950919868587 -0.0331112620962487 0.0656180409634231 0.765371239752345 0.100258268503975 0.0148674273067329 0.401619693470275 -1.10751443646176 -0.77890046650621 0.0803898365763285 -0.575923415297785
