"V1" "V2" "V3" "V4" "V5" "V6" "V7" "V8" "V9" "V10" "V11" "V12" "V13" "V14" "V15" "V16"
"1" 0.488356511827762 0.0281023289469875 -0.20710433886673 -0.0660367306629333 1.20760090136373 -0.718816081256657 -0.012789906485309 -0.00928186938860653 1.13764353312412 -0.0993604833757377 -0.0234566253426809 -0.00721866506680158 0.460341207412903 0.0122909033531236 -0.285877458192835 -0.0302612824446342
"2" 0.834371190478508 0.0873421655652802 -0.355420886082404 -0.103490546053465 1.95506790270704 -1.03961039728027 -0.0212177576716677 -0.0115290722050947 1.80157011787553 -0.300436653200657 -0.0310498984642802 -0.00853115168404628 0.737245399371367 -0.00734328764078634 -0.458631424873438 -0.0507064791961369
"3" 1.01714819542367 0.121908519841789 -0.439203888419835 -0.11153324101575 2.19946098142603 -0.985368547897193 -0.0203984970043091 -0.000728856781974763 1.97671553240023 -0.514908712696901 -0.020740338170824 0.00162590660395878 0.836217210059085 -0.0744626079507502 -0.52795059391252 -0.0577539971982475
"4" 0.997263694663883 0.0634431654154669 -0.439766248818351 -0.098779564148662 2.01152966167274 -0.776186172154305 -0.0100477739822851 0.0174278025387915 1.79119859353119 -0.542882302646243 -0.00400058358903199 0.0184100137441554 0.796162005308032 -0.150491217611594 -0.515579181748333 -0.0511976787480108
"5" 0.802484011993062 -0.173002672967049 -0.37275450724738 -0.0662182733622543 1.44287243954493 -0.399484380270198 0.0156195786864663 0.0511659616781028 1.30866512522102 -0.369583456593031 0.0243079239766436 0.0494607118791706 0.656721856762856 -0.284203851839308 -0.447647956601418 -0.0314202260601988
"6" 0.530754061343878 -0.514153524447472 -0.265194667325951 -0.0278642466489378 0.822391326609411 0.0340081361917146 0.0423045527406381 0.078335515921458 0.804411176864553 -0.16249566717336 0.0499900855661954 0.0733630738334909 0.484000433276654 -0.429663683268082 -0.338426204387386 -0.0118418027896965
"7" 0.281130406224061 -0.853908572845609 -0.151186541202199 0.00949735812097963 0.34771068473383 0.547556076325457 0.0594262589367017 0.0876333590659291 0.404044072292788 -0.143585242177473 0.0690302095269313 0.0784412549216285 0.308151165521397 -0.566707198653449 -0.193547456441399 -0.0013512856419915
"8" 0.0733091107904431 -1.14117349735197 -0.0442024273219457 0.0426353825114751 0.035348068025322 1.09840129232163 0.0658431429793623 0.0813464776582458 0.114118234852209 -0.307826034547533 0.0808971722463601 0.0669484381988958 0.136444376882654 -0.678513277844036 -0.029463519097412 0.000540305809046515
"9" -0.107727792161569 -1.35243308084901 0.0487611397079819 0.0694859660283962 -0.173186972911427 1.58904231131706 0.0655780197985205 0.0689825343092159 -0.100897146402733 -0.520703061348647 0.0867625666120111 0.0494431480654747 -0.0295188007555967 -0.75475843097003 0.124981260029081 -0.00111365605158653
"10" -0.268465585794155 -1.46023491277804 0.116700614808182 0.087730979662096 -0.325741614310305 1.92178860257974 0.0628131129762122 0.0606231566043405 -0.270886170384047 -0.652511806024577 0.0885020370640963 0.037438132533385 -0.185760996783365 -0.792105560872894 0.237634933163427 -0.00147717110464285
"11" -0.403925440502535 -1.43916427755714 0.148090086784671 0.0952196351867904 -0.445812289799367 2.0280148455597 0.0603331906545334 0.0636569119253854 -0.411398699855038 -0.621032348875213 0.0878228984670388 0.0394345214755099 -0.325612092158373 -0.790992203854787 0.282974910819831 0.00255597054939827
"12" -0.507432066028707 -1.27983483048193 0.137601906744484 0.0911573183482051 -0.543954044893672 1.88560261369764 0.0592360400287705 0.0809824927865876 -0.529329380613046 -0.400745553321352 0.0856065771541527 0.0587187466284185 -0.442313681383149 -0.751379717988109 0.250720230018993 0.0120638706351315
"13" -0.575692991124853 -0.994484045262523 0.0890756885277217 0.0766746968856862 -0.62518011115816 1.52510950808139 0.0589169628281125 0.110436378017368 -0.627348752691647 -0.0236604547860594 0.0816817906709537 0.0926497171203202 -0.530689675096924 -0.670940142177261 0.14927041793521 0.0261089781569943
"14" -0.60946710855624 -0.614295149810674 0.0144863375713224 0.0545275032960273 -0.69146547451803 1.01882753606178 0.0574825978658832 0.145736806557627 -0.705789308429228 0.435137978815193 0.0750327832719492 0.133824047652197 -0.587767736461731 -0.546748125122409 0.00259759771248191 0.042226869456286
"15" -0.61257390177759 -0.181765511502153 -0.0694670479195771 0.0282575802009966 -0.742896807585951 0.457145701565934 0.0525450261144599 0.178557307166272 -0.763843048045192 0.885022846845823 0.0642880868873622 0.172619694503872 -0.61303247767718 -0.3789304766713 -0.157360217003769 0.057331969690452
"16" -0.590522137742779 0.258404445290808 -0.145457247830339 0.0012769816605851 -0.778650175353346 -0.0765457931656012 0.042061863859124 0.200840669596552 -0.800618160738389 1.2480132905639 0.0482598737287534 0.199974719260783 -0.60839926898305 -0.173644437139538 -0.299239484578142 0.0686605650311805
"17" -0.549299101584615 0.666929159867959 -0.198925099230446 -0.0237769496641671 -0.797818801020157 -0.522701073238859 0.0249040172502859 0.206537303431109 -0.815890483730895 1.47638344334937 0.0263383799232436 0.209386429372184 -0.577811015925603 0.0564436072729968 -0.39866953584445 0.0743961939974724
"18" -0.494564329257087 1.01437742838844 -0.22008093777306 -0.0452719747328416 -0.799978783854571 -0.850944752222023 0.00104818416661195 0.192425529210546 -0.810425164398752 1.55637440173252 -0.00134733635580042 0.197719214601694 -0.526519009212447 0.294284608662176 -0.441262981383421 0.0738479574414725
"19" -0.431340861285251 1.28183432698129 -0.20458783746814 -0.062390922898603 -0.785502523384558 -1.05687478209003 -0.0284656963376742 0.158198736985804 -0.785914197310167 1.50238101001739 -0.0340165814726306 0.164971538690637 -0.460227780202413 0.522183992790778 -0.422581913105748 0.0672296671035824
"20" -0.364347480856026 1.45689167467073 -0.153422760590338 -0.0745314246841047 -0.755758561028024 -1.15666336156219 -0.0615038854799127 0.106357413761962 -0.744585643390704 1.35004177535442 -0.0706305291388876 0.113343477795606 -0.384176392438875 0.7265292434512 -0.346276926443457 0.0550815420200337
"21" -0.299141585436326 1.52413947388892 -0.0726317440949529 -0.0801981472240674 -0.713381610143868 -1.1848715599407 -0.0944235058538969 0.0425036822227502 -0.688515792760543 1.15515855237457 -0.11070262061238 0.0458196881634976 -0.302063380613874 0.903784312226277 -0.22138919279177 0.0372451438132089
"22" -0.24335754884885 1.45552488192118 0.0266953637220533 -0.0756927820271187 -0.662448203598732 -1.19310774174053 -0.12158884476311 -0.024209934719067 -0.618998543375291 0.993982102668709 -0.155212926852775 -0.0353944626920928 -0.215172243457055 1.06583590516177 -0.0591309277297078 0.011569633117908
"23" -0.205609048661116 1.21698505410618 0.129160890723408 -0.0550514103945936 -0.607843275778505 -1.23615832294366 -0.136270280443759 -0.0823766724456094 -0.53682358063185 0.944301644905915 -0.20634186816259 -0.1295771936175 -0.122905732340069 1.23699213052574 0.130512616829181 -0.0263799075786508
"24" -0.190862689040278 0.804725778542143 0.217175912895579 -0.0132321950557479 -0.5540302321367 -1.33906655558706 -0.133909020197504 -0.122342313572157 -0.444707799442433 1.03756604865288 -0.26447246504169 -0.23519347799661 -0.0262229982823687 1.43539411908779 0.338598477130946 -0.0805735591383439
"25" -0.196088215922145 0.25180764508342 0.278987813968904 0.052325504378917 -0.501077052324041 -1.48158447826506 -0.114653526721927 -0.14192111083042 -0.34447986601124 1.23450083254352 -0.328150607776417 -0.352255984521648 0.0741077601823524 1.6638191950761 0.56499332407088 -0.153829817619688
"26" -0.212367063740849 -0.347950661235025 0.305452266315355 0.136680536898171 -0.449106991261469 -1.60690483540846 -0.0833877749637571 -0.143710319220443 -0.244077811557813 1.44286781343592 -0.389214907468969 -0.472281996656612 0.169883891110508 1.89184214258938 0.796942423507728 -0.241543513374474
"27" -0.22990934732786 -0.908370380901527 0.295600026626975 0.231998944693342 -0.397005269297178 -1.66945257722612 -0.0461476618226392 -0.133479084918288 -0.149823950710581 1.58634195639411 -0.438893786492837 -0.585508159038177 0.254046441988933 2.08511891138896 1.01805394314847 -0.336292866186056
"28" -0.242776218589807 -1.3747300252503 0.252813375849954 0.329725982338305 -0.344879968508394 -1.65576257305108 -0.00740585769253721 -0.115756965420948 -0.0664061082189963 1.63772998289924 -0.469141396584106 -0.680942985407949 0.321375535770924 2.21901857191761 1.20501290397138 -0.429423056509833
"29" -0.248796009030167 -1.72157156483288 0.18341700989912 0.421329815744374 -0.294102738612946 -1.57664841913755 0.0298438798695684 -0.0936044028742056 0.00303288824510795 1.60717604709849 -0.472893771513703 -0.747257479532074 0.368776920560605 2.28204611181244 1.32975946492228 -0.511954863212665
"30" -0.247638836343324 -1.93816780519583 0.0963373828251122 0.49783943168781 -0.246657454251162 -1.45089177899319 0.0629134104353258 -0.0699245955983034 0.0561928987260391 1.51746681984019 -0.443398739766988 -0.772921775944798 0.394527630062003 2.27150142290151 1.36164396498189 -0.574406888438268
"31" -0.239480126656264 -2.01895064396703 0.00285222698398835 0.549601781202011 -0.204619633649422 -1.29589798235046 0.0887283299920089 -0.0482762004502622 0.0911940297230112 1.38985296632364 -0.373961927052691 -0.746474505410234 0.397682110278788 2.18927780880675 1.26945620333007 -0.606728233777794
"32" -0.224559671383461 -1.96102947526849 -0.0842131809779945 0.566827776972486 -0.169845953005555 -1.12522364929483 0.103864757898347 -0.0327818491101071 0.106595325168765 1.24031637461144 -0.258555799586187 -0.657564927323463 0.377932446256276 2.03984073530269 1.02465162104556 -0.598959822992171
"33" -0.203159837556337 -1.7657029786311 -0.15200223724938 0.541006538571263 -0.143641039767001 -0.948716652280284 0.105067471124383 -0.0274023093480964 0.101772957243992 1.07990299578785 -0.0933809362746223 -0.499169578672365 0.335796358142262 1.82942772150084 0.607312568241065 -0.542853002641188
"34" -0.175703019152149 -1.44223358952227 -0.189790071879118 0.467204677484653 -0.126220084977526 -0.772982377084585 0.0900785619637547 -0.0347814564581355 0.0776440758820218 0.915712944754792 0.120513618701148 -0.271277735050639 0.273047733200265 1.56560916846022 0.0159748983103896 -0.434595152671108
"35" -0.142869541211783 -1.01316151013261 -0.191519360174527 0.34707054601991 -0.115932846879109 -0.601577475513523 0.0586468997535371 -0.0548379928437082 0.0376976251215044 0.75163969902992 0.373688562651058 0.014117392184076 0.193330014177146 1.25687064196861 -0.718968559090484 -0.278498124510236
"36" -0.105695958452444 -0.519605339202784 -0.158107752555181 0.191768012740472 -0.108457904143362 -0.435004524582912 0.0134666018183931 -0.0834670648201832 -0.0109574264462609 0.588833516860385 0.644802921934115 0.328078494962824 0.102763995244268 0.912169733398144 -1.52188580065463 -0.0906777402775063
"37" -0.0656174666490434 -0.0231303729795329 -0.0985657439415202 0.0232006013425838 -0.0965165222008718 -0.270929038592688 -0.0394050508290498 -0.11200649203849 -0.0572254362773236 0.426190085381839 0.899309171987726 0.622940614936333 0.0101346070648087 0.540658167193898 -2.26693856407316 0.0994648991170237
"38" -0.0244211834628545 0.400328592998276 -0.0288781095611927 -0.128557455135367 -0.0708571014536725 -0.105211445901536 -0.0911820153481508 -0.128245047564013 -0.0872784718404627 0.261307085939404 1.09321141485358 0.837757270688964 -0.0738875067298903 0.151921514256034 -2.79260194091637 0.25281324949016
"39" 0.0159002042298333 0.67678713663932 0.0317796685054188 -0.232643568173944 -0.0229018629194267 0.0659190145945494 -0.132277345966998 -0.119327921280124 -0.0879162377184235 0.0921693604276264 1.18332953360029 0.91303391402414 -0.138766525574238 -0.243054872207768 -2.94128495234703 0.330584644018344
"40" 0.053361849178591 0.756738955248272 0.0665263462733252 -0.26772846098016 0.0516157866171144 0.243032802125413 -0.1550394320051 -0.0758539421937687 -0.0511922414287787 -0.0807631045204591 1.1415124709971 0.811108649445337 -0.176882313632783 -0.630536863821755 -2.61414520583416 0.308295359211101
"41" 0.0861948798341178 0.633313659089802 0.0656478438186556 -0.23044751269375 0.149800324876951 0.421345247353201 -0.156085845366595 0.00460215984569112 0.0219057437400187 -0.253012449249802 0.966121290404716 0.532668031087006 -0.185805796250231 -0.993248566023876 -1.81517866993214 0.186976550619804
"42" 0.112975671274112 0.345445016949807 0.028539744076066 -0.137098042240702 0.261309182153096 0.590576187107205 -0.137020425999121 0.116314482682389 0.120939054421865 -0.416039605104469 0.684079980029385 0.119850996777146 -0.168794689589539 -1.31105712816665 -0.658589681593512 -0.00503320409735153
"43" 0.132649549068009 -0.0360838921002184 -0.0379001159467927 -0.0175752353985947 0.370964833368074 0.737048281880171 -0.103246218635014 0.24699043031086 0.229094920932001 -0.558842317514483 0.342138065405305 -0.355995863252708 -0.133243439447393 -1.56322396578519 0.665753106616876 -0.22105473580239
"44" 0.144480892759096 -0.431491547131633 -0.122961178827005 0.0948138840434245 0.462830696269628 0.846893096140064 -0.0617222389450383 0.380867715448313 0.328105070286448 -0.670348117002654 -0.00748452830009128 -0.814558211010997 -0.0880542411478713 -1.73131089537193 1.94858700529283 -0.410619852953999
"45" 0.147985346212709 -0.77200078596225 -0.215651975807599 0.172392305877593 0.523726417468431 0.908786973230324 -0.0189150413299833 0.501509283947565 0.402519071613522 -0.741436417390022 -0.319679471822273 -1.18428001097408 -0.0413165120357224 -1.80151684810056 3.01044607770893 -0.532214937026438
"46" 0.142881146816952 -1.01002422560129 -0.306669433212378 0.19786791630124 0.544986163812049 0.915289357786077 0.0202913300183949 0.593176495642567 0.441859898989839 -0.765911136196732 -0.562862357138371 -1.41132374698192 0.000882351513857182 -1.76573770204511 3.72664739604194 -0.559801253057984
"47" 0.129063899655131 -1.11975961767981 -0.388740097898714 0.164875792112855 0.522504717768658 0.862824003953218 0.0527206975732571 0.640756176025545 0.440713935908026 -0.740462362554307 -0.719342430902685 -1.45994976906391 0.0345437607215529 -1.621395918286 4.02857850416815 -0.483204935319591
"48" 0.10659018767331 -1.09239819923474 -0.456039687966573 0.0761086421827732 0.455804114252868 0.750880140393426 0.0764869246283604 0.628910243212114 0.397651491881273 -0.664051530529245 -0.7822865142029 -1.30809794320501 0.0572395526015828 -1.37050991374197 3.89158139263294 -0.304982748728321
"49" 0.0756599391014771 -0.930121130256917 -0.503416348709512 -0.0591608459732225 0.346861195094618 0.581029869041193 0.0904561825981762 0.541149532450581 0.313875278366026 -0.537169039910846 -0.751901956251942 -0.942000894887784 0.0674769519975564 -1.01852619877182 3.31973398677307 -0.0363607900460039
"50" 0.036626319162808 -0.641502008281282 -0.525895048570097 -0.227155376210463 0.199232810086251 0.356296644233539 0.0938474721224802 0.359663344162994 0.192207394926777 -0.361391558431013 -0.632493184502274 -0.352773244157532 0.0642453890844679 -0.573576160884264 2.33437848521033 0.306151068559558
"51" -0.00978134280887677 -0.240821974824958 -0.51905719684176 -0.410944371021717 0.0182912375355742 0.0820957166100693 0.0861953564288227 0.0686040849012182 0.0372019321641407 -0.140302834602605 -0.432000611141213 0.459734104393291 0.0470280776477396 -0.0481947813802308 0.974635238667226 0.702035629918342
"52" -0.061471468799336 0.243297016132283 -0.481756009076842 -0.591060686899951 -0.185415379627191 -0.227956169568461 0.0681483638335119 -0.331418696183933 -0.141736287312099 0.115304251249926 -0.16750986102567 1.46203796853062 0.0169126657612022 0.530843364361112 -0.670760846113012 1.12289941727161
"53" -0.112763056566052 0.745282049488804 -0.422540959180904 -0.745669880800103 -0.387881124954658 -0.538381743206583 0.0435300246576387 -0.790286629674974 -0.322561927782046 0.375298482659242 0.120233304390367 2.52862113805504 -0.0206671184699365 1.09947134296398 -2.38319647866778 1.52075458105521
"54" -0.152613663772378 1.14425435290732 -0.365251131923809 -0.851666689595513 -0.544975421872961 -0.780800907895027 0.0211171080078691 -1.18006123638438 -0.464282495514589 0.580365914617629 0.354943418829171 3.39375738607193 -0.0536660964091056 1.53790967169568 -3.74871925969368 1.81851400192687
"55" -0.167915881993866 1.29923655547468 -0.341069648715641 -0.889562390169585 -0.60530639418492 -0.874279837916288 0.0118843479410145 -1.33654628252313 -0.518958859681983 0.659815380742089 0.447149015522184 3.73365469616909 -0.0671758957852384 1.70590663512032 -4.28000810135589 1.93051987261708
"56" -0.152543861598536 1.14429491209845 -0.365129499017439 -0.851522782131198 -0.544897645970366 -0.780803742164774 0.0210885325064178 -1.18050935571593 -0.464200316089637 0.580371180059482 0.354942407850608 3.39475927696066 -0.0539416100188048 1.53785583173664 -3.74855360629189 1.81736673694243
"57" -0.112695221841965 0.745266217169885 -0.422406959855565 -0.745510436332557 -0.387788073440963 -0.538358221476289 0.0435020256806484 -0.790786382673073 -0.322468753593944 0.375284488834846 0.120202437743314 2.52991500000346 -0.0209029630093556 1.09937887788701 -2.38281280236995 1.51908386484551
"58" -0.0614341003119384 0.243224570721618 -0.481692246395524 -0.590975779970934 -0.185355549658508 -0.227913393047279 0.0681381507759942 -0.331651298451445 -0.141678766474713 0.115271569660086 -0.167560528038621 1.46276424525927 0.0168404590384561 0.530748916001537 -0.670350490732627 1.12177215000527
"59" -0.00976662762265224 -0.240881572897176 -0.51904367151139 -0.410911387729483 0.0183181236984474 0.0821270182575944 0.0861948550105474 0.0685636935823286 0.0372273307865035 -0.140328637305969 -0.432036790414248 0.459892570467282 0.0470238971758608 -0.0482541249583169 0.974872599995312 0.701661180291723
"60" 0.0366300703404301 -0.641525659200055 -0.525894174067619 -0.227144465221754 0.199241640044667 0.356308782814255 0.093848084242129 0.359665888822469 0.192215601070683 -0.361401742239647 -0.632506947877539 -0.352776547104675 0.0642472525608619 -0.573598460928643 2.33445928806244 0.306086668243381
"61" 0.0756605312974233 -0.93012626385736 -0.503416556017294 -0.059158674661357 0.34686306995172 0.581032555061253 0.0904563825963745 0.541151888085366 0.313876995678013 -0.537171294467097 -0.751904938066636 -0.942007729481041 0.0674773836462297 -1.01853110722868 3.31975069167978 -0.0363673768887338
"62" 0.106590251029578 -1.09239882619549 -0.45603974196773 0.0761088136233132 0.45580434660974 0.750880479797136 0.0764869552514489 0.628910735434057 0.397651704541325 -0.66405181408457 -0.782286887610041 -1.30809912845675 0.0572396067360612 -1.37051054523368 3.89158346101806 -0.304983239794836
"63" 0.129063917081323 -1.11975965291124 -0.38874005943463 0.164876015952534 0.522504731603766 0.862824021457249 0.0527206856406292 0.640755947353479 0.440713952030465 -0.740462369577666 -0.71934244707281 -1.4599497801246 0.0345437830444375 -1.62139603065129 4.02857861785463 -0.483204922959445
"64" 0.142881205895758 -1.01002437556767 -0.306669158959833 0.197869946646235 0.544986199822939 0.915289410275706 0.0202912357326137 0.593174167529442 0.441859939752814 -0.765911166189348 -0.562862331279526 -1.41132312440569 0.000882414067104875 -1.76573801684597 3.72664735433199 -0.559801060228537
"65" 0.147985491496029 -0.772001468499936 -0.215651073806713 0.172398981547663 0.523726582296849 0.90878719712188 -0.0189153404047485 0.501501662457545 0.402519223385909 -0.741436564050212 -0.319679403318404 -1.18427796671864 -0.0413164046346752 -1.80151766364775 3.01044598254878 -0.532214374828428
"66" 0.144481082969596 -0.431492672284222 -0.122959811428575 0.0948239040736878 0.462830967877156 0.846893445236488 -0.0617226843555206 0.380856274608908 0.328105305299807 -0.670348336980112 -0.00748442536044136 -0.814555130069657 -0.0880541377720963 -1.73131201109501 1.94858684593851 -0.41061902323694
"67" 0.132649674354524 -0.0360847038455114 -0.0378991565401687 -0.0175682333167293 0.370965029210418 0.737048527029606 -0.103246529024283 0.246982434094578 0.229095086624499 -0.558842467526081 0.342138138360845 -0.355993706099113 -0.133243382954551 -1.56322471830814 0.665752986311324 -0.221054156354413
"68" 0.112975711239145 0.345444749959653 0.0285400570472665 -0.137095760812659 0.26130924657382 0.590576266971879 -0.137020527037983 0.116311877150505 0.120939108513411 -0.416039653389036 0.684080004029998 0.11985170024073 -0.168794672946204 -1.31105737046018 -0.65858972228024 -0.00503301513919752
"69" 0.0861948873172301 0.633313624568616 0.0656478905205762 -0.230447166338323 0.149800333459139 0.421345259483002 -0.156085860917969 0.00460176414568725 0.0219057515833256 -0.253012457937055 0.966121294187938 0.532668138128692 -0.185805790932584 -0.993248607628553 -1.8151786756877 0.186976578971404
"70" 0.0533618590615234 0.756738988274706 0.0665263450561295 -0.267728437401569 0.0516157803200006 0.243032804004647 -0.155039434506446 -0.075853968906523 -0.0511922422937301 -0.0807631148142995 1.14151247007658 0.811108654806837 -0.176882294594754 -0.630536899734073 -2.61414519409147 0.308295356544313
"71" 0.0159002324453038 0.676787234346778 0.0317796590871127 -0.232643569000484 -0.0229018812648303 0.0659190202184514 -0.132277350941117 -0.119327918861596 -0.0879162397230896 0.0921693292483303 1.1833295262467 0.913033901476872 -0.138766469272459 -0.243054974504549 -2.94128489803276 0.330584625932509
"72" -0.0244211440960579 0.400328715799513 -0.0288781154385478 -0.12855745584926 -0.0708571232397592 -0.105211434011014 -0.0911820237008762 -0.128245044558064 -0.0872784712484895 0.261307039208275 1.09321139939548 0.837757244052543 -0.0738874284052211 0.151921367114463 -2.79260183993624 0.252813218923549
"73" -0.0656174408801012 -0.0231303034629832 -0.0985657417076595 0.0232006020076048 -0.0965165333077322 -0.270929027371454 -0.0394050575280587 -0.112006491404453 -0.0572254331569162 0.426190052059856 0.899309157893152 0.622940590484287 0.0101346579832426 0.540658067124736 -2.26693847828825 0.0994648752701082
"74" -0.105695950541813 -0.519605322178065 -0.158107749535274 0.191768013377549 -0.108457906277939 -0.435004519657573 0.0134665992905727 -0.0834670650531129 -0.0109574243941786 0.588833505390432 0.644802915977059 0.328078484526774 0.102764010711056 0.912169701191054 -1.52188576633966 -0.0906777490400614
"75" -0.142869540094152 -1.01316150866963 -0.191519359291553 0.347070546202266 -0.115932846908128 -0.601577474376722 0.0586468993065015 -0.0548379929217426 0.0376976256531621 0.751639696924646 0.37368856138956 0.0141173899958495 0.193330016343654 1.2568706372409 -0.718968552349299 -0.278498126069302
"76" -0.175703018925689 -1.44223358988478 -0.189790071585396 0.467204677548266 -0.12622008498106 -0.772982376727721 0.0900785618843994 -0.0347814565921061 0.0776440759072988 0.915712944169159 0.120513618488363 -0.271277735423652 0.273047733452424 1.56560916855846 0.0159748992223907 -0.434595152787146
"77" -0.203159830724252 -1.76570299167607 -0.152002230928762 0.541006540375403 -0.143641040776368 -0.948716646650264 0.105067469946062 -0.0274023142881501 0.10177295591753 1.07990298780812 -0.0933809374940868 -0.499169582403965 0.335796363040858 1.82942772980602 0.607312572306302 -0.542852999744795
"78" -0.224559524228335 -1.96102965624278 -0.084213068769579 0.566827813319982 -0.169845963011013 -1.12522346660713 0.10386473289167 -0.0327819516062586 0.106595303910276 1.24031611829784 -0.258555812085535 -0.657564993430512 0.377932544765083 2.03984082861277 1.02465168754622 -0.598959754486494
"79" -0.239478350556024 -2.01895017287366 0.00285347132649871 0.549601996791664 -0.204619504016023 -1.29589405486435 0.0887278836075682 -0.0482775356127569 0.0911938765255074 1.38984713593376 -0.373961888719797 -0.746475107878421 0.397683045684384 2.18927750587508 1.26945703686534 -0.606727424583248
"80" -0.247623304108454 -1.9381299627757 0.0963494282133472 0.497837435834757 -0.246652385854309 -1.4508333784211 0.0629069879651295 -0.0699383677434513 0.0561931329783849 1.51737713370336 -0.44339652626481 -0.772925092027553 0.394531679316268 2.27148214341984 1.36165448148432 -0.57440107582579
"81" -0.248668537816196 -1.72109088111915 0.183533993976478 0.421288302191464 -0.294033896941813 -1.57604260231751 0.0297757107737775 -0.0937314972814303 0.00304769806203325 1.60623462903163 -0.472867958726113 -0.74727769728117 0.368784911577746 2.28179685184151 1.32987624617439 -0.511917917413626
"82" -0.241864114207358 -1.3711585868698 0.253755635769748 0.329372356223966 -0.344309718413428 -1.65132429613872 -0.00792466453948282 -0.116708990021265 -0.0662393176177886 1.6307991732111 -0.468960847581509 -0.681105566350656 0.321405569752885 2.21707466744661 1.20596329499367 -0.429183930883461
"83" -0.224975147116453 -0.890084722530785 0.301192303796009 0.230015010624104 -0.393728516633389 -1.64605218777748 -0.0489903959960597 -0.138791272713325 -0.148638859230621 1.54963980231448 -0.438028418987137 -0.586584814441707 0.254407263992365 2.07466469945662 1.02359874910564 -0.335032023118579
"84" -0.192674527831318 -0.280372745492963 0.329630563271599 0.12868857051395 -0.435407151633362 -1.51648421814417 -0.0947717565959805 -0.165529206852903 -0.238215374225806 1.30030360632082 -0.386300773582317 -0.477441147153311 0.172454280774931 1.85141215530417 0.820624206583469 -0.236673837212905
"85" -0.136902146426571 0.437618186803547 0.356790687159073 0.0282735094926467 -0.458137283115372 -1.22041553769259 -0.14876625995325 -0.209130083396794 -0.323533824437303 0.819853804309963 -0.321111892052359 -0.370279880859272 0.0852982500749602 1.54743298030057 0.64040681249479 -0.139767747070188
"86" -0.0529370830588453 1.19939448069234 0.409256265768325 -0.0695504334004826 -0.450053079532025 -0.759513274823591 -0.212832881671541 -0.282268423624017 -0.388474659813627 0.108417800548391 -0.251825887647117 -0.282174171066018 0.0071782535130871 1.17650945600933 0.521572180428947 -0.0486546307522744
"87" -0.0212173996366149 1.43276885668809 0.43459528059861 -0.0996483808562529 -0.440109966831457 -0.589935523957306 -0.234682337719929 -0.312255418035251 -0.402389511489008 -0.149342015880335 -0.230631467592586 -0.260158708547696 -0.0134807868852621 1.05019118146036 0.49975846860697 -0.0215035382342208
"88" 0.0880331682471653 2.09120743538923 0.54444788407949 -0.19124969217582 -0.387774769834257 -0.0362576046046794 -0.304322383946423 -0.424143501234515 -0.422387808946176 -0.981218084106939 -0.169322250430812 -0.209213443250217 -0.06262589644823 0.643068740695271 0.473979608268781 0.0589475918893783
"89" 0.196693092664076 2.575972789613 0.687256240361716 -0.276625895283884 -0.314068145501512 0.459941646595075 -0.366361336444074 -0.54751692604553 -0.410092925410741 -1.71021084157795 -0.117840137020287 -0.17860390571548 -0.0891678968804515 0.251588803875115 0.485140457798099 0.132964175676697
"90" 0.290019223946656 2.8760964273913 0.835261824882787 -0.35481612935399 -0.233677514442248 0.836579221060901 -0.411571614340104 -0.662446037926305 -0.377481387589527 -2.23974834193688 -0.0738241543971174 -0.154587629839977 -0.101537638095249 -0.103309361962278 0.493390761226596 0.203343229744078
"91" 0.360899342494856 3.02078183739633 0.957275938169162 -0.422752946670926 -0.15720121363302 1.08670967499145 -0.433640493523593 -0.753271209189353 -0.336169367836248 -2.55842056484909 -0.0345527852649168 -0.128183340205446 -0.107937876126491 -0.411314277826489 0.474994550678138 0.270153490416426
"92" 0.407381349947935 3.04095428675209 1.02399161365572 -0.473903711226809 -0.0906400206385911 1.22723619263537 -0.427397251021972 -0.808382074936608 -0.293149471789302 -2.69339610878331 8.08637090266018e-05 -0.0980787254938491 -0.112113786312345 -0.662152114332542 0.425533531123255 0.329343024575799
"93" 0.429110205014625 2.95781542168226 1.00684348327914 -0.498819472172336 -0.0375078877345087 1.27584453140295 -0.387269737260578 -0.817418779987333 -0.252152370523251 -2.67458975815603 0.0278321368559227 -0.067834591102244 -0.114659161609849 -0.843547916703495 0.351624796936685 0.373933176880975
"94" 0.4260029521461 2.786872260529 0.876966473827252 -0.486443337604986 -0.000489003514240582 1.24534777559326 -0.307155437193202 -0.770008148495854 -0.215745240391614 -2.52517637364226 0.0453616012940039 -0.0428692170220941 -0.115147331810666 -0.943550995962563 0.263949187595459 0.395617730555884
"95" 0.398251505863456 2.54192750815577 0.60762120932945 -0.425819656722713 0.018137434688863 1.14505582740603 -0.181397830052169 -0.656627361046704 -0.186123978274817 -2.26316225511068 0.0492072835359951 -0.0287629008943995 -0.113087060718813 -0.952733439841877 0.17400495645912 0.386141342792811
"96" 0.346764579929245 2.23623842608739 0.181157642376091 -0.308863742171063 0.017007192412679 0.983211189694271 -0.00685444677576053 -0.471382293679049 -0.164905911688055 -1.90473126799142 0.0366253868928621 -0.0300096476976925 -0.108150747334968 -0.86657151146523 0.0924263815944979 0.339020454497465
"97" 0.273897996450573 1.88218093515199 -0.398738185666504 -0.13486585690212 -0.00315331810316877 0.769786688725464 0.213668042162847 -0.216813851664468 -0.152319226381969 -1.46805163675997 0.00662702080004851 -0.0484871790069867 -0.100185979470551 -0.689223946554636 0.0274842814183156 0.25212023190268
"98" 0.184401291680726 1.49024626600123 -1.09053531819522 0.0835033816900719 -0.0378791910021738 0.519718521743505 0.466841236600444 0.0896858048069458 -0.146009006927571 -0.977601590091293 -0.0387759996676673 -0.0815868535773987 -0.0891804812877035 -0.438740357651327 -0.0164365082284199 0.130989021816866
"99" 0.0862325609468992 1.06799893799797 -1.80026024206075 0.314879965321546 -0.0774912021037852 0.255676052485762 0.72479007569249 0.410237232040098 -0.139951291012728 -0.467846495573322 -0.0935209200520606 -0.120635840964912 -0.0752207554706014 -0.151682062901686 -0.0400136093384784 -0.00822461828398957
"100" -0.00947952765517951 0.620075693834215 -2.38165645089885 0.509180867692702 -0.10712445595202 0.00827343571674088 0.945138999818388 0.686579170004953 -0.124465327760732 0.016448660101995 -0.147466660339574 -0.150917712324194 -0.0584766613655854 0.117178181324829 -0.0491528283750249 -0.138705430536426
"101" -0.0900905239514894 0.150394418068164 -2.6647265473154 0.607730739459274 -0.109681266033922 -0.188525774598208 1.0788650887673 0.85117311573922 -0.08838067053724 0.426184103953084 -0.188245251817754 -0.154646556036724 -0.0392476028528005 0.304682915097827 -0.053526260387935 -0.228315560822992
"102" -0.144716042856576 -0.333423797342581 -2.5126621072322 0.563529414232515 -0.0717117478598457 -0.306802026281632 1.08596080799409 0.849310724373248 -0.0233618539190741 0.72015848829523 -0.204978731317039 -0.116875486020845 -0.0180721751519375 0.358663509777518 -0.0635374165043672 -0.250338968633336
"103" -0.167780607421473 -0.815529462666036 -1.8829282443213 0.362985392005223 0.0103022164788013 -0.33482993626414 0.9522671726305 0.662881093884888 0.0714907456837864 0.878346208868392 -0.192325396430787 -0.0319097789413618 0.00416181396275173 0.258716831100049 -0.0868657812808404 -0.195064923371461
"104" -0.160762217930238 -1.27043903005049 -0.855293959485057 0.0358123613773724 0.127136325740453 -0.281780382655564 0.697279238008448 0.321444105524412 0.18765134051128 0.908189682633545 -0.152504781524493 0.0934935000207986 0.0262048260326698 0.0258634494088344 -0.126323961650785 -0.0752129364287626
"105" -0.131009432698175 -1.66638390159518 0.393055240935857 -0.353998211850097 0.259547029016219 -0.173649516121793 0.367469009640648 -0.107076573264473 0.309317000880508 0.839583661676229 -0.0940264245870652 0.242149377363614 0.0465788241796166 -0.285608793696117 -0.18001905834285 0.0785570304780734
"106" -0.0884985430876846 -1.97181523396808 1.6492115195054 -0.730339747428975 0.384827222866073 -0.0430703941018494 0.019516520794514 -0.539921748064134 0.418407138923442 0.711941546473937 -0.0280862896839356 0.392151702228354 0.0638033807820445 -0.608715012194526 -0.243251332111376 0.229073189181989
"107" -0.0425652380056076 -2.16159632055065 2.72589035258175 -1.02696441033711 0.483295669108763 0.0808378621953948 -0.296398486904129 -0.902985948485237 0.499486253959135 0.561250206583448 0.0350871802054167 0.522634672875846 0.0766043264185389 -0.884279411443792 -0.310640181115382 0.344096695004552
"108" -0.000102567748028803 -2.22034101779064 3.49513367599318 -1.19946299858557 0.541858459723596 0.178067336658369 -0.545787258362136 -1.14380227600825 0.54246114549671 0.412912473579432 0.0882519580282826 0.616913682878273 0.0840256815173005 -1.07221690006553 -0.377330054216761 0.402687800253346
"109" 0.0346287009349875 -2.14260913813708 3.89151432346149 -1.2261835192626 0.554343404798329 0.238307171653337 -0.710750535273493 -1.23296104634728 0.542825232754082 0.280953639381037 0.127353097350357 0.662721619104008 0.0854379634127528 -1.15264507589082 -0.439120506890639 0.395952183109749
"110" 0.0592909660909197 -1.93115041427605 3.8977328004441 -1.10265843373293 0.519961197533314 0.258666956917716 -0.786111624863212 -1.15895634049621 0.500464990567903 0.170823043881263 0.15068954789718 0.650801764156792 0.080482892350041 -1.12116618768726 -0.492008382382574 0.324558598030521
"111" 0.0726068929666749 -1.59452500885953 3.52631717246954 -0.83441206709994 0.441337394740135 0.240807449321065 -0.774525362139684 -0.921767528406314 0.418117066086471 0.0828851736428566 0.157878038250931 0.573205049836158 0.0689981343926729 -0.982918197086017 -0.531661128345208 0.195564470725003
"112" 0.073728092169414 -1.14493333226448 2.80485655660742 -0.430795424735263 0.322905535627477 0.18868207032631 -0.682570172595239 -0.528077257627597 0.300081681317184 0.015093561534181 0.149054181274656 0.422059909624636 0.0509504171983577 -0.747860899848832 -0.553089908605109 0.0198959449913616
"113" 0.0619411288270517 -0.596919198780844 1.76742730580466 0.099025956087643 0.169960310654216 0.107208589894746 -0.518449419381328 0.0107531715708205 0.151447858835022 -0.0354310206691653 0.12444797331159 0.189362670434448 0.0264119014820287 -0.428083709116122 -0.550663735766721 -0.189179014940315
"114" 0.0368650354877373 0.0310037751886234 0.456755778334824 0.745139951772024 -0.0110976335970559 0.00208110518940696 -0.292084225156506 0.675923681278027 -0.0216606270955162 -0.0716484967938591 0.0845439095391891 -0.130298655601042 -0.00427977959281678 -0.0382104458551753 -0.51900333948824 -0.41647728890657
"115" -0.000268957899032196 0.705896404063781 -1.04801685454295 1.48193612109887 -0.209630752588146 -0.118377343950729 -0.0203314258723714 1.42740171286371 -0.209248373941595 -0.0963140959182311 0.0315668674642575 -0.528334078376062 -0.0397654515380814 0.397400311104724 -0.456489291161203 -0.643639583287843
"116" -0.0436931746773719 1.35586794234964 -2.56428638924456 2.22996049973376 -0.403216738133827 -0.238499569009283 0.260152952573077 2.17412910142252 -0.390610222841392 -0.111870823288935 -0.0270022517891151 -0.956810209188539 -0.0759382519631149 0.827310208034236 -0.373058672101564 -0.845804053687175
"117" -0.080685393801721 1.85065004592105 -3.75150415133854 2.82195971649427 -0.55162674778432 -0.331562969097669 0.482495214836349 2.75242265242538 -0.52889061634515 -0.12032694508337 -0.0754769655130105 -1.30754437792116 -0.104545525034237 1.15922997616432 -0.29696170715844 -0.989839894137084
"118" -0.0955339873494409 2.03921862845109 -4.21005974037963 3.05219094078684 -0.608351949557863 -0.367266203225964 0.568817433037132 2.97446658712938 -0.581606973740985 -0.12302163492115 -0.0947018120490246 -1.44609253581659 -0.11567544760768 1.28651193110344 -0.265443369626396 -1.04267110372747
"119" -0.080736254650697 1.85095632300942 -3.75227843658649 2.82236287209242 -0.551683377588971 -0.331579346557805 0.482640459448728 2.75285501080453 -0.528946962323009 -0.120382338509135 -0.0755395824952692 -1.30801280684766 -0.104614445531549 1.15938458370666 -0.296754084323089 -0.989786660679762
"120" -0.0437476222547082 1.35615056871977 -2.56499681729357 2.23032304706848 -0.403267868577119 -0.23851825650523 0.260286540345765 2.17453190567521 -0.390660917934033 -0.111915331031163 -0.0270570600798536 -0.957234825845617 -0.0760048347976541 0.82745584408469 -0.372880520056379 -0.845755169766143
"121" -0.000295966679179804 0.706017066602821 -1.04832004155198 1.48208792171602 -0.209653168701485 -0.118388649676161 -0.0202740912151935 1.42757385540842 -0.209270276437775 -0.0963277366684567 0.0315458612159185 -0.528505995288068 -0.0397943992655272 0.397466746083846 -0.456424936013709 -0.643621723210934
"122" 0.0368580122437655 0.0310337034446467 0.456679650069127 0.745178426012632 -0.011104041727746 0.00207679376010395 -0.292069665627034 0.675964483813229 -0.0216667074246746 -0.0716497530608593 0.0845396684274193 -0.130335431942719 -0.00428634577130582 -0.0381916907536514 -0.518992452843904 -0.416475650163292
"123" 0.0619401176701211 -0.596914141717155 1.76741419116692 0.0990329378761174 0.169958956945557 0.107207529588846 -0.518446871512142 0.0107592021450831 0.151446610194438 -0.0354308131816126 0.124447456105639 0.189358172891524 0.0264110768538569 -0.428080041586004 -0.55066298830423 -0.189179662265957
"124" 0.0737279770390357 -1.14493266949919 2.80485483338853 -0.430794455409065 0.322905337781645 0.188681894100207 -0.682569833750829 -0.528076578949625 0.300081503220774 0.0150936455119128 0.149054126079005 0.42205949348531 0.0509503386216722 -0.747860424999637 -0.553089875958522 0.0198957566261129
"125" 0.0726068289584259 -1.59452494663366 3.52631707951009 -0.834412017209464 0.441337403663489 0.240807406564536 -0.774525342336264 -0.921767472885088 0.418117079561131 0.0828852535975204 0.157878032771371 0.573205005853548 0.0689980964100475 -0.98291827190597 -0.531661092410417 0.195564462558437
"126" 0.0592909054711075 -1.9311504104186 3.89773289612496 -1.10265849030416 0.51996123116303 0.258666926308171 -0.786111642481002 -1.15895635472268 0.500465027289741 0.170823129756579 0.150689549258337 0.650801760705018 0.080482857649837 -1.12116634371182 -0.492008346470126 0.324558613549598
"127" 0.0346286852992724 -2.14260916106098 3.89151442966999 -1.22618357938643 0.554343422671373 0.238307159331643 -0.710750556466435 -1.23296106928938 0.542825254550306 0.280953683181845 0.127353100029331 0.662721623964369 0.085437963612199 -1.15264517868187 -0.439120488974366 0.395952197837808
"128" -0.000102544764485568 -2.22034105514065 3.49513377119018 -1.19946305711388 0.54185845983052 0.178067339121114 -0.545787278634296 -1.14380229624035 0.542461150555578 0.41291247695525 0.0882519619575357 0.616913694415388 0.0840257118101384 -1.07221693847845 -0.377330058256822 0.402687810794482
"129" -0.0425652131109371 -2.16159633236669 2.725890400262 -1.0269644479668 0.483295661401636 0.0808378665428837 -0.296398498088533 -0.902985955486674 0.499486249824254 0.561250194761051 0.0350871842409517 0.522634685612161 0.0766043536008043 -0.884279414415186 -0.310640196728738 0.344096698113965
"130" -0.088498533340609 -1.97181523297835 1.64921153176506 -0.730339762016707 0.384827218547494 -0.0430703878848898 0.0195165174749555 -0.53992174786453 0.418407136025164 0.711941533300605 -0.0280862881590458 0.392151713373632 0.0638033913181927 -0.608715006676028 -0.24325133777077 0.229073179762821
"131" -0.131009438416858 -1.66638393195406 0.39305526382831 -0.353998224945297 0.259547036710541 -0.173649485913301 0.367469005951321 -0.107076578280441 0.309317009682127 0.839583631316639 -0.0940264285686063 0.242149406905128 0.0465788238145112 -0.285608793438737 -0.180019024205551 0.0785569722633497
"132" -0.160762243325287 -1.27043913896516 -0.855293885576951 0.0358123248726878 0.127136354449444 -0.281780293860491 0.697279227319908 0.321444087714965 0.187651372431683 0.908189602672691 -0.152504795112164 0.0934935835528208 0.0262048190069587 0.025863443648082 -0.126323849964741 -0.0752131087907344
"133" -0.1677806462934 -0.815529630904959 -1.88292812858466 0.362985331366079 0.0103022590873446 -0.33482981322421 0.952267156245259 0.662881068996156 0.0714907937121827 0.878346103117002 -0.19232541583098 -0.0319096619465427 0.00416180414801781 0.258716823128505 -0.0868656230282436 -0.195065164078748
"134" -0.144716070891244 -0.333423919513008 -2.51266202254185 0.563529366536804 -0.0717117182726383 -0.306801947058759 1.08596079635562 0.849310708883254 -0.0233618200006914 0.720158424085554 -0.204978744389699 -0.116875409586829 -0.0180721814317727 0.358663505310642 -0.0635373114699487 -0.250339125814094
"135" -0.0900905336142939 0.150394376401081 -2.66472651928608 0.607730722178085 -0.109681256439022 -0.188525751047631 1.07886508520705 0.851173111835856 -0.0883806593080055 0.426184086417157 -0.188245256056058 -0.154646532874175 -0.0392476047892161 0.304682914356883 -0.0535262275119361 -0.22831560904995
"136" -0.00947952927878359 0.620075687221155 -2.38165644704724 0.509180864922535 -0.107124454493559 0.00827343893366783 0.945138999461205 0.686579169804936 -0.124465326019547 0.0164486580031791 -0.147466661060941 -0.150917709096269 -0.0584766616996201 0.117178181395755 -0.0491528232874483 -0.138705437726543
"137" 0.0862325608117341 1.06799893751105 -1.80026024189893 0.314879965201444 -0.0774912019743463 0.255676052710121 0.724790075706548 0.410237232054777 -0.139951290868932 -0.467846495692688 -0.0935209201521223 -0.120635840810497 -0.0752207555188196 -0.151682062979876 -0.0400136087578193 -0.00822461887648984
"138" 0.184401291670055 1.49024626598212 -1.09053531814767 0.0835033817474304 -0.0378791909708343 0.519718521762834 0.466841236591003 0.0896858047415914 -0.146009006900802 -0.977601590084142 -0.0387759996887447 -0.0815868536340751 -0.0891804813014574 -0.438740357798407 -0.0164365080908127 0.130989021827624
"139" 0.273897996450738 1.88218093530951 -0.398738185632323 -0.134865856887196 -0.00315331808712957 0.769786688823298 0.213668042143263 -0.216813851713823 -0.152319226381717 -1.46805163688551 0.00662702080741129 -0.0484871790232653 -0.100185979499304 -0.689223946722833 0.0274842814535781 0.252120231942833
"140" 0.34676458040578 2.23623843227892 0.181157642029958 -0.308863742646575 0.0170071923160567 0.983211193979565 -0.00685444713820105 -0.471382293913801 -0.164905912358899 -1.90473127425768 0.0366253874583304 -0.0300096470251532 -0.108150748074875 -0.86657151405581 0.092426380691137 0.339020454997623
"141" 0.398251519679372 2.54192769566285 0.607621198897963 -0.425819672169972 0.0181374310319759 1.14505595830346 -0.181397841047245 -0.65662736748596 -0.186123999398192 -2.26316244546165 0.049207301055161 -0.0287628794562664 -0.113087083460013 -0.952733516884968 0.174004926872531 0.386141358257866
"142" 0.426003221109871 2.78687626446918 0.876966227219662 -0.486443671970402 -0.000489097588712378 1.24535055535571 -0.307155665949768 -0.770008266282883 -0.21574571001998 -2.52518039825739 0.0453619811921495 -0.0428687350579615 -0.115147834231998 -0.943552601702387 0.263948507511682 0.395618059442526
"143" 0.429113825137748 2.95787579767622 1.00683909738346 -0.498824515241636 -0.0375096609464247 1.27588546721397 -0.387273006211575 -0.817420086344454 -0.252159771585897 -2.67464885124611 0.0278379661219861 -0.0678269134864316 -0.114667046311382 -0.843571419294138 0.35161352069785 0.373938145640786
"144" 0.407415906746463 3.04159731423871 1.02393578844238 -0.473957111478322 -0.0906645566766341 1.22765182377742 -0.427429420859443 -0.808389458572256 -0.293231746215373 -2.69399437635523 0.000144057213344428 -0.0979925043831109 -0.11220110478275 -0.662398198575726 0.425400530869666 0.329396692236578
"145" 0.361134584252712 3.02562520266659 0.956783494690552 -0.423154355334256 -0.157438594951119 1.08962212222106 -0.43386029307293 -0.753272207772617 -0.336818718257158 -2.56259272792472 -0.0340663386670788 -0.127494841074778 -0.10862362622182 -0.4131738691099 0.473878237897276 0.270569707236632
"146" 0.291120829431353 2.90214691148643 0.8322530443425 -0.356996937392585 -0.235222576923922 0.850847204219141 -0.412631437922789 -0.662156541454441 -0.381184683994293 -2.26000780753331 -0.0711297621369913 -0.150613177479492 -0.105429537031023 -0.113502018149825 0.486652333753895 0.205684774548544
"147" 0.200061255416935 2.67787503482588 0.674202224071152 -0.285380207211703 -0.321017056254026 0.509842546666779 -0.370034632011257 -0.54523320519024 -0.425632109071713 -1.78000913806864 -0.106900377274713 -0.16172716487122 -0.105438143848033 0.210675149504815 0.455401740476475 0.142690864715256
"148" 0.0943865409270065 2.38803708107847 0.502874649399005 -0.217866437402683 -0.410828178306308 0.0914195899709246 -0.313641002731165 -0.413987969005922 -0.471244492534705 -1.15545313119128 -0.136009312599032 -0.155416329146462 -0.113555381493357 0.52058455618915 0.375934400335929 0.0894198194685387
"149" -0.0154261983807961 2.09697661036536 0.334075521741488 -0.162825462761909 -0.49946129547514 -0.343908696365446 -0.252438871670026 -0.28128195040672 -0.520664103423143 -0.471682773222204 -0.152242926346755 -0.127800609047082 -0.136113472019255 0.767801195295583 0.251471785201984 0.0525942887687094
"150" -0.117029355336355 1.87019161392342 0.180849388348937 -0.125163694455182 -0.580222359683158 -0.714007261301075 -0.195443691752893 -0.160544446153671 -0.574949905969149 0.153605886354524 -0.151322180881779 -0.0801143745623847 -0.176869338551989 0.90992468849464 0.0977380286931258 0.0353775827093656
"151" -0.207850225666301 1.71784423010324 0.0450818844005565 -0.102098439304143 -0.651345644125868 -0.976765548704507 -0.145118490497499 -0.0549231751799497 -0.634234798367909 0.666769244296626 -0.133689589774827 -0.0171247559127963 -0.236241240238745 0.938131996660688 -0.0686106569472305 0.0346153238605993
"152" -0.288133517003027 1.6057554224671 -0.0675032887607954 -0.0879880912990538 -0.709943751543893 -1.11577813766105 -0.101687036557427 0.0331152269669832 -0.693231914300589 1.05074903240825 -0.104146463773308 0.0511008659016703 -0.308412133925561 0.86506418656611 -0.223449445957499 0.0440049637069961
"153" -0.361774269615426 1.47604665394848 -0.152332768445483 -0.0762796154080077 -0.754962104030277 -1.14007793511682 -0.0631978404976729 0.104184182835245 -0.745684092756099 1.32499802964234 -0.0691163826029784 0.114505977968818 -0.38561147815989 0.717652054495665 -0.346602126546767 0.0565985246643947
"154" -0.430896378638455 1.28514900736179 -0.204418939915163 -0.0626804825713854 -0.785367093311954 -1.05395040195031 -0.0287562837809025 0.157827822926971 -0.786103043024442 1.49796880116241 -0.0337580793008424 0.165161914089801 -0.460468106525686 0.520678360288952 -0.422615876146482 0.0674816664336504
"155" -0.494508408097509 1.01479662585447 -0.220071014564643 -0.0453029149718738 -0.799963054557886 -0.850573345570308 0.00101416560913709 0.192382379850017 -0.810449878898845 1.55581357901055 -0.00131567497052254 0.197741427454442 -0.526548882543304 0.294100903922718 -0.441264572105963 0.0738765848149896
"156" -0.549293389261926 0.66697528002767 -0.198941236288166 -0.0237713494638978 -0.797819636133515 -0.522668426695721 0.0249045562496553 0.20653791442294 -0.81589508687646 1.4763318736117 0.0263407159344832 0.209387053871254 -0.577813914204762 0.0564310411296637 -0.39866958932747 0.0743961981451235
"157" -0.590520747546657 0.25841806671067 -0.145477593577165 0.00128725042405309 -0.778652902977745 -0.0765447826291808 0.0420658160776681 0.200845440533102 -0.800621349561471 1.24800868503362 0.0482595653477591 0.199973264515748 -0.6083996778443 -0.173641175308897 -0.299239770892276 0.0686579491257753
"158" -0.612573141621748 -0.181758427706418 -0.0694795251654707 0.028264026270862 -0.742898502369961 0.457145126921534 0.0525475245871944 0.178560304293338 -0.763844895230618 0.885021808057259 0.0642878216543858 0.172618753272598 -0.613032579541264 -0.378928006271582 -0.157360465285526 0.0573303177971347
"159" -0.60946588072196 -0.614294718621521 0.0144821012439158 0.0545294157225835 -0.691465036107815 1.018827325361 0.0574834969579516 0.145737934426924 -0.705788639299695 0.435138387014853 0.0750328584480758 0.133824003308458 -0.587766633486677 -0.546748650084407 0.00259667991060208 0.0422264342573264
"160" -0.575677412972696 -0.994508744962172 0.089066361238427 0.0766747077370113 -0.625164887866895 1.5251082453314 0.0589195757872786 0.110440497624979 -0.627329301921624 -0.0236495403987106 0.081684224479613 0.092653575772534 -0.530672172347784 -0.670959089290923 0.149256648121979 0.0261096340537392
"161" -0.507264828800462 -1.28009505016105 0.137503152779569 0.0911520076516124 -0.543782287396043 1.8855773125154 0.0592632261610705 0.0810279465975039 -0.529111847717748 -0.400624681701215 0.0856330033053022 0.058763125560386 -0.442125799349194 -0.751576946141798 0.250565927998623 0.0120696401092459
"162" -0.402643860543261 -1.44107281167053 0.147324370899072 0.0951639655937182 -0.444458777309173 2.02771973554183 0.0605372437778179 0.0640088838622546 -0.409687695267397 -0.620095825855353 0.0880196708106726 0.0397786093069925 -0.32417687849596 -0.792428676443806 0.28177505637585 0.00258832044431401
"163" -0.26148276458096 -1.47009096915571 0.112548204892718 0.0873784901871417 -0.318224951559953 1.91956787319789 0.0638827811662714 0.0624981179331277 -0.261376609836694 -0.647369861017529 0.0895193917641468 0.0392736586540963 -0.177960946002501 -0.79947148991136 0.231101118662703 -0.00133240968231974
"164" -0.0809271000476015 -1.38822494558975 0.0328883336704164 0.0680009156406394 -0.143660594806116 1.5778478096059 0.0695294101570271 0.0759752084204486 -0.0636731045639134 -0.500428144800235 0.0904534301059772 0.0563004637702598 0.000472851408333863 -0.781428182980743 0.0998684125007001 -0.000592220378102581
"165" 0.144927913084474 -1.23298202185871 -0.0869147897637956 0.0383852050150684 0.116041360356461 1.06058469524006 0.0762307020328576 0.0998370341191936 0.215512696988616 -0.249486699890629 0.0903914934967383 0.0851197469109266 0.217471925960168 -0.747048373128361 -0.0976476393503845 0.00204667365399303
"166" 0.410353755900129 -1.02232503079026 -0.230374860798392 0.00169055479613434 0.489234520707957 0.466133488613896 0.0791430189247581 0.122648151419855 0.586922863303809 -0.0189266764639228 0.0866644714669584 0.112966439976859 0.458567218705184 -0.692158965018346 -0.322510279772773 0.00234338296320402
"167" 0.665674641335316 -0.739011388061782 -0.356886147738837 -0.0342603703489273 0.921983460230479 -0.0508228577224018 0.0700718199709474 0.126570171987615 0.970552670978801 0.0397229407398862 0.0747976493281264 0.121101499580131 0.655758607600108 -0.593801782132311 -0.496510641073339 -0.00357811644957451
"168" 0.789394283371153 -0.398420811380849 -0.40162778788684 -0.0553344335810033 1.19694375735529 -0.317981212550041 0.0463902874132889 0.10080486848191 1.15634047196852 -0.10706703099037 0.0537190347118208 0.0983492655599925 0.696805786501088 -0.437719212921762 -0.526420780124283 -0.0137629595461704
"169" 0.655808034963706 -0.118033076840449 -0.318399933892099 -0.0498540386665276 1.04765331474984 -0.294771031930958 0.0197096959749918 0.0572927359551099 0.950432721126923 -0.247543142900208 0.0295785278102242 0.0564565986492092 0.524380065261473 -0.252760408896169 -0.386507221130512 -0.018024519958967
"170" 0.437696986193329 -0.0175917153161664 -0.207143074892589 -0.0337676094215467 0.714382956353531 -0.187704881850647 0.00735127445499181 0.0299381627983319 0.627269605511429 -0.228411746338734 0.0156755062707355 0.0295863987784895 0.330403100084058 -0.139031227931377 -0.23888348339589 -0.0142917413347021
