"V1" "V2" "V3" "V4" "V5" "V6" "V7" "V8" "V9" "V10" "V11" "V12" "V13" "V14" "V15" "V16"
"1" 0.202992417212542 0.272022219204861 0.145681533310105 0.0893836035863649 0.267278464736817 0.555191116808234 0.164732139937636 0.0932798759179962 0.259502569435745 0.494028841000816 0.162864772811395 0.0929467401305591 0.193090574830775 0.249511610945823 0.141896031114061 0.0884847399587479
"2" 0.287191545285094 0.389528975788761 0.209185671474287 0.128045484098211 0.376242491192839 0.807918778854655 0.237050035411187 0.133698667139817 0.365494267920743 0.715439178888183 0.234306861328387 0.133201164084874 0.273338183401497 0.356999445537141 0.203661793808707 0.126746740542331
"3" 0.339755627024036 0.469324404333862 0.253236729070038 0.154451570424488 0.441712550535537 0.997209989857027 0.287957989180695 0.161385438883333 0.429523128140162 0.877026002109586 0.284533481695214 0.16077634834773 0.3237214599205 0.429775254293593 0.246418222235255 0.152865208436365
"4" 0.349317029553247 0.4945957968797 0.268864273955692 0.163167280000783 0.449479622781836 1.08477491474143 0.307247121316202 0.170666662617955 0.437729014608042 0.945756314742737 0.303465416066775 0.170012357055454 0.333416576757957 0.452608044674794 0.261455377136744 0.161468861731592
"5" 0.32268523835717 0.470857661025118 0.258758749799811 0.156036700286793 0.410025230944186 1.07110832462529 0.297662462113675 0.163427303695612 0.400047649476703 0.924419618334622 0.293830597104205 0.162787984761698 0.30868400153534 0.430610951407602 0.251413322890067 0.154384794064811
"6" 0.276518486424479 0.417790817324196 0.233260318171555 0.139543131890814 0.346301263127557 0.986830904144491 0.270691091217655 0.146404355339377 0.338562239645103 0.842407669278203 0.266984994506189 0.145814590789347 0.265180039751725 0.381795786167463 0.22636099301088 0.138027878345594
"7" 0.229665019293136 0.360917511102617 0.206224893485162 0.122154585262626 0.282929105592233 0.881611393137342 0.24212263124554 0.128442322895535 0.277191970747053 0.744895799468914 0.238523524786847 0.127903043673824 0.220833020754938 0.329544655665065 0.199778083066742 0.120779090358412
"8" 0.195064103884371 0.319383629948364 0.18819581791066 0.110204386571961 0.236122393633174 0.796833337899341 0.224191908615899 0.116185257564945 0.231820384969025 0.668780067332886 0.220509770605887 0.115670991810815 0.188076249372265 0.291447996460514 0.181900607567681 0.108903982164711
"9" 0.174917569667246 0.297190910997566 0.181623717649899 0.105122916620835 0.208275753314953 0.742230717427365 0.219906602767453 0.111146205239239 0.204866179733451 0.622769325530359 0.215900286336239 0.110626368698224 0.169079651357631 0.271195343656271 0.175113544286137 0.103820447849817
"10" 0.164332466833491 0.287561720429164 0.182840937652367 0.104675097067413 0.192959702767139 0.703986578914125 0.225203920294601 0.110993774514765 0.190093044557153 0.594448350226454 0.220662066962974 0.110446271636464 0.159198275597739 0.262608533302569 0.175843077427165 0.103315941931554
"11" 0.157980987230272 0.282770160006277 0.187592819005191 0.106297427664708 0.183341045874134 0.667243494978812 0.235322741915755 0.11304782576509 0.180844376991351 0.569926545220564 0.23007031652194 0.112460510478709 0.15333780414191 0.258607349954054 0.179948460616614 0.104853188433304
"12" 0.153037054796424 0.278713696344251 0.193570117595986 0.108608468943896 0.175798141007781 0.626415137128194 0.247754123165551 0.115865635500826 0.173590037290408 0.542957609761185 0.241618706935296 0.115231594135983 0.148794329478395 0.255418527934795 0.185182034570697 0.10706481496168
"13" 0.148554346781632 0.274099458296441 0.199984483760141 0.111147685843175 0.169092383839372 0.582481294171858 0.261772172547465 0.118970345443784 0.167126652341015 0.513071005595533 0.254560006332386 0.118284546523638 0.144665575774321 0.251838461179895 0.190781100039903 0.109495659066976
"14" 0.14431166823442 0.268729918950313 0.206624855358467 0.113812830031762 0.162906537408823 0.53820120449085 0.277351943110125 0.122262856975256 0.161152058084735 0.481793766613977 0.268864147066727 0.121522630935236 0.14074856463982 0.247687671742134 0.196573273605527 0.112049612213549
"15" 0.140260473611265 0.262650205812973 0.213370531755806 0.116581591910965 0.157151671743799 0.4958009673475 0.294596815263944 0.125732597244906 0.15559174775062 0.450780060155501 0.284738722788375 0.12494386505238 0.137017738729028 0.243081656283555 0.202562445281465 0.114724298383269
"16" 0.136372906398859 0.255885352580024 0.220012794058138 0.119427945851748 0.151781210813308 0.456491523777063 0.313492172435397 0.129374503402811 0.150421610536151 0.421333615814494 0.302544719223939 0.128564965003015 0.133489149355657 0.238246730469103 0.208846783874728 0.117540711204095
"17" 0.132619752668521 0.248418149605503 0.226208929835171 0.122306311617522 0.146758863677588 0.420690329671061 0.333830661534574 0.133170367258455 0.145634237575698 0.394377746676489 0.322818320601487 0.13240385097189 0.130195735157632 0.233495526989807 0.215612359114086 0.120535753637582
"18" 0.12897706674533 0.24027270512215 0.231617034572302 0.125164610885593 0.14205471007538 0.388383480345784 0.355204920857604 0.137100070526588 0.14122148723551 0.370309345313467 0.346241948462077 0.136483519851083 0.127162715395207 0.229054381525426 0.22307796175324 0.123747474575003
"19" 0.12544569688606 0.231619906027349 0.235998473221151 0.127973742716838 0.137642880425568 0.359441545177523 0.377177504243814 0.14115177372092 0.137154206562255 0.349034721828633 0.373557558135288 0.140823739701378 0.124380148007808 0.224988700402454 0.23133236318165 0.127202027927766
"20" 0.122037263491733 0.222780195893236 0.23933250437761 0.130742059674779 0.133498642236087 0.33368942162361 0.399371374278787 0.145343439163045 0.133378350720747 0.330045202956401 0.405521206042101 0.145446328983166 0.121797817591644 0.221148331353064 0.240340187255767 0.130907718478217
"21" 0.118772714234041 0.214094523252257 0.241730968251152 0.133500111792566 0.129597563475941 0.310924994161749 0.421378295115883 0.149705468832886 0.129833201787442 0.312753514330922 0.442950846931573 0.150376972817882 0.119351693596109 0.217301378972458 0.249952253437458 0.134864529683511
"22" 0.115662225955299 0.205763746394796 0.243308276074844 0.13627482888593 0.12591702940494 0.290846178744781 0.442583673700295 0.154268968799054 0.126472027873814 0.296749426541768 0.486775470458847 0.155646315751668 0.116994128556605 0.213296485397781 0.26001427534679 0.139077071733626
"23" 0.112704551474437 0.197885211914468 0.244116593950019 0.139077666447473 0.122437564691541 0.273097645108025 0.462077256619976 0.159056565828743 0.123267420535295 0.281845628768747 0.537943751660704 0.161289870357976 0.114701236309141 0.209073194138727 0.27038121359085 0.14355968990887
"24" 0.109891994684773 0.190470954343102 0.244173933529374 0.14190752058124 0.119142685682865 0.257333393751409 0.478736694679317 0.16408356795783 0.12020473006647 0.267962018754559 0.597089412316605 0.167348132140563 0.112465338829215 0.204652121102257 0.280920290686764 0.14833478936467
"25" 0.107215007836091 0.183502127038884 0.243487869387857 0.144756884084913 0.116018096081319 0.243252712811964 0.491379245142549 0.169361471176482 0.11727473412965 0.2550559147543 0.663874257192576 0.173867304223049 0.110284904994123 0.200080627593705 0.291477369023262 0.153430192878405
"26" 0.104664241956534 0.176951754355073 0.242077995659702 0.147615259901491 0.113051071036808 0.230606410477997 0.498975059228773 0.174899752101535 0.114469973234622 0.243079920509405 0.736007612715396 0.180900387380381 0.108159842946526 0.195409341095934 0.301861088911092 0.158878047103467
"27" 0.102231067070697 0.170791909056257 0.239980610975017 0.150470203171432 0.110230137895461 0.219190118228848 0.500850370226912 0.180706002909773 0.111783625604164 0.231977471178171 0.808237550070726 0.188508462986742 0.106090073551934 0.190684642937533 0.311838409470338 0.164714924972999
"28" 0.0999076007545258 0.164995507538439 0.237247536860972 0.15330749064355 0.107544901012284 0.20883561341211 0.496832434088857 0.186785303381408 0.109209273077192 0.221686768812672 0.87208063569711 0.196762220826905 0.104075281284075 0.185947002759647 0.321138474395373 0.170982429051789
"29" 0.0976866426065658 0.15953680652724 0.233942990009632 0.156111122301917 0.104985915820032 0.199403453342232 0.487288326194297 0.193139245208081 0.106740860458006 0.212144814205421 0.917225880359227 0.205743791814836 0.102114919333388 0.181230831430232 0.32946361388939 0.177728010493175
"30" 0.0955616039184863 0.154391594407817 0.230139797007302 0.15886334175603 0.102544583545179 0.190777208567732 0.473043875206784 0.19976469013235 0.104372680851795 0.203290115267114 0.934774902240868 0.215548963062876 0.100208247316763 0.176564747214024 0.336507616149342 0.185005954620832
"31" 0.0935264446866618 0.14953726473656 0.22591548534712 0.161544715462487 0.100213059826761 0.182858987460031 0.455213676245983 0.206652252241852 0.102099361718709 0.195064283148002 0.920911225756236 0.226289847455697 0.09835436408149 0.171972018394233 0.341980297690677 0.19287854884304
"32" 0.0915756180794814 0.144952819896303 0.221348675555334 0.164134285364804 0.0979841747668259 0.17556594403993 0.435001537880617 0.213784492211809 0.0999158496542919 0.187412869046646 0.878666389525492 0.238098076908442 0.0965522565817063 0.167471090823071 0.345635611857456 0.201417460214213
"33" 0.08970402173098 0.140618830457132 0.216515862941569 0.166609805151383 0.0958513631066025 0.168827533492999 0.41352940959032 0.221133835622686 0.0978173946870929 0.180285710650791 0.816508452642 0.25112856246589 0.0948007928924601 0.16307620564205 0.347298849886358 0.210705346552446
"34" 0.0879069583024731 0.136517373913909 0.211489047075378 0.168948065867757 0.0938086068707313 0.162583348386631 0.391728569101768 0.228660257533561 0.0957995383118741 0.17363698260547 0.744778012731913 0.265563714301247 0.0930987840255034 0.158797901864585 0.34688774253426 0.22083766212992
"35" 0.08618012262276 0.132632001595553 0.206334111234876 0.17112530725192 0.0918504094975326 0.156781512158588 0.370297690303594 0.236308691627082 0.093858126003588 0.167425192283993 0.672291995761846 0.281616881903203 0.0914450125524736 0.154643763786844 0.344423252213809 0.231923987947696
"36" 0.0845200693580716 0.128948671366865 0.201111213054391 0.173117568971525 0.0899723081245209 0.151378372178726 0.349714890859697 0.244005095540293 0.0919898576826836 0.161614119523293 0.604709595488993 0.299526042263634 0.0898387635664121 0.150619851052785 0.340030183846979 0.244083591149748
"37" 0.0829263093999101 0.125460001613066 0.195882867214367 0.17490061343664 0.0881732060985124 0.146343800982026 0.330294624177256 0.251644856949607 0.0901946731593583 0.156179535081713 0.54468871344684 0.319499006963489 0.0882820029083625 0.146736860082253 0.333941218610247 0.257411832529259
"38" 0.0814108717158476 0.122184791269367 0.190748218087471 0.176447590269922 0.0864660439589609 0.141686063377421 0.312327404661283 0.259052932488279 0.0884865624799502 0.151137020951885 0.493045344724236 0.341448628910385 0.0867891451513941 0.143033361073634 0.326541300276506 0.271818716891866
"39" 0.0800221356930632 0.119216748148973 0.185930860754466 0.17772233971984 0.084904410026588 0.137517021727618 0.296379882099889 0.265885898681871 0.0869204833454196 0.14661361666572 0.450238889300847 0.364315622115806 0.0854113294802179 0.139634491316644 0.318572102209232 0.286619908415572
"40" 0.0788770685149461 0.116790497490414 0.181874427134485 0.178670256520487 0.083618545562963 0.134123846050203 0.283522755907134 0.271531714232224 0.0856287613847786 0.142926392229198 0.41774768569839 0.385132496469912 0.0842692140475473 0.136815912749096 0.311235837679264 0.299949700405224
"41" 0.0781513784556541 0.115259118101875 0.179311998480324 0.179224290284372 0.082804369617363 0.132022404053461 0.275619971221241 0.275049495208452 0.0848099690039673 0.14064085744317 0.398455293644143 0.399034622617662 0.0835428773474314 0.135050762076568 0.306377886158244 0.308788299695568
"42" 0.0780253803472156 0.114996825956995 0.178866908825999 0.179311868685548 0.0826630520858702 0.131660345856497 0.274273059457325 0.275658258481832 0.0846677883550104 0.140246934652244 0.395201997668737 0.401491828117536 0.0834165967541682 0.134745269763417 0.305526631605652 0.310347480380836
"43" 0.078532864159825 0.11606319565811 0.180671631701504 0.178933557945137 0.0832323240076686 0.133133750874859 0.279795791670055 0.27318814180128 0.0852404083290945 0.141849738335719 0.408581101346728 0.391596768296315 0.0839248640844128 0.135986010205916 0.308976982988014 0.304061655162913
"44" 0.0795501355759364 0.118208517628898 0.184264978503579 0.178129916757268 0.0843747253772988 0.136089295205929 0.290955098229284 0.268232250327309 0.0863884829329705 0.145085665054983 0.436383068725333 0.372806534458848 0.0849409067660333 0.138472185686016 0.315567135009157 0.292066351784821
"45" 0.0808561640101543 0.120993507515829 0.188831372784483 0.176973264811982 0.0858400343249396 0.14000738108338 0.305894877581616 0.261785412964172 0.0878591341571745 0.149316644686918 0.475474493574138 0.350251771602739 0.0862398386731048 0.14167352062085 0.323479515088362 0.27753772988071
"46" 0.0823327299882661 0.124172301258232 0.193889056131163 0.175525654754952 0.0875041244563566 0.144504797929714 0.32318464296188 0.254535421089458 0.0895257473114315 0.154190181956837 0.523796575571035 0.327741360084727 0.0876987003545127 0.145287219845291 0.331216314459787 0.262848714881779
"47" 0.0838985368361327 0.127582633041179 0.199095446406951 0.173830241981692 0.0892702320678795 0.149397613344664 0.342087820452907 0.246960797258832 0.0912899376892459 0.159478129357605 0.580638798556539 0.306966448646822 0.0892333410135503 0.149107453061042 0.337871141550502 0.249074706336499
"48" 0.085533232509332 0.131190632264811 0.204328102828304 0.171915585070115 0.0911180413030132 0.154656085886247 0.362252637239346 0.239271063338034 0.0931303089025266 0.16514213078637 0.645487848835618 0.28827874077165 0.0908209808518786 0.153078730237262 0.342950200926731 0.2364718041899
"49" 0.0872339853421533 0.134996662498216 0.209516029006126 0.169806739760207 0.0930449174202036 0.160299679882893 0.383402638603125 0.231594250661231 0.0950432053932927 0.171195651409071 0.716574152179056 0.271540353670085 0.0924563902502224 0.157183400471003 0.346177406839494 0.224986799001359
"50" 0.0890035165970693 0.139013044160721 0.214599605606972 0.167527649940895 0.0950544887599586 0.166367827331682 0.405130918952395 0.224013424906961 0.0970311493877684 0.177671466778954 0.789480943158939 0.25650927813821 0.094139678356461 0.161414651184014 0.347387322972661 0.214500952232775
"51" 0.0908458803544942 0.14325545941196 0.219515327241256 0.165102191464473 0.0971519420831366 0.172909288069468 0.426827432662661 0.216590402783027 0.0990980591498129 0.184609223550867 0.85652566560851 0.242961197792699 0.0958719562257926 0.165765723844697 0.346518558584841 0.20489999834566
"52" 0.0927656196033474 0.147741254533705 0.224193419508857 0.162553839905836 0.0993430895872554 0.179981025035536 0.447648774788097 0.209370679442528 0.101248275289396 0.192053082057331 0.907630309069133 0.230702109314411 0.0976544290616616 0.17022729028683 0.343614252812445 0.196083152946484
"53" 0.0947676767490967 0.152489271157304 0.228558855873815 0.159905255727221 0.101634279857995 0.18764945122078 0.466537346100834 0.20238633874718 0.103486434553087 0.200051529622715 0.933141136409933 0.21956703128223 0.0994882491329387 0.174786609845711 0.338815524025257 0.187963053242722
"54" 0.0968574220677469 0.157519896480062 0.232533503044812 0.157177925798577 0.104032442229454 0.195992385947859 0.482303587752102 0.195658462018239 0.105817471646476 0.208657385585372 0.927602972861493 0.209415844993233 0.101374480691619 0.179426929116307 0.332343952432719 0.180464004460198
"55" 0.0990406994911631 0.162855115053375 0.236039008548116 0.154391893115438 0.106545152487685 0.205101559698994 0.49377539122807 0.189199306521117 0.108246634384932 0.217927589049055 0.892235895181711 0.200129330786863 0.103314073340806 0.184126900035441 0.324476117674303 0.173520283222853
"56" 0.10132387941418 0.168518524716622 0.239000277890017 0.15156557309931 0.1091807087303 0.215085793834644 0.499992567551809 0.183014220873306 0.110779499130808 0.227922577031012 0.834362416700665 0.191605759009935 0.105307832019979 0.188860022932899 0.315515243620712 0.167074672350108
"57" 0.103713917656184 0.174535293297464 0.241349321683112 0.148715649163762 0.111948216363228 0.226075055914319 0.500395856675255 0.177103275004948 0.113421983163651 0.238705004721633 0.764204729589784 0.183758027863862 0.107356380708009 0.193594155512473 0.305764835443695 0.161077216399106
"58" 0.106218406979012 0.180932012029665 0.243029208342679 0.145857054086242 0.114857661514894 0.238225555921216 0.494948220864506 0.171462630507601 0.116180327942429 0.250337314430386 0.691227983470655 0.176511301311816 0.10946009816076 0.19829109501299 0.295507779773807 0.155484179524179
"59" 0.108845399482258 0.187735884362238 0.243998127980032 0.143003249513543 0.11791968482777 0.251724516933475 0.484144968406637 0.166085968629337 0.119060777735109 0.262876472502862 0.621971610611565 0.16980136496424 0.111618833058073 0.202905988282106 0.284992924357531 0.150257397766457
"60" 0.111602031992411 0.194971645578725 0.244237623840975 0.140167888396446 0.121143674515602 0.26678543561087 0.468920650685276 0.160967627568505 0.122067499997316 0.27635431388241 0.559779468121686 0.16357506727701 0.113830255666737 0.207383739016604 0.274430017131566 0.14536477303806
"61" 0.114485447868303 0.202642858919687 0.243777981793851 0.137374828958241 0.124525576321033 0.283580793230865 0.450540953652762 0.156113929563354 0.125189976938222 0.290700989765683 0.50569047954924 0.157798747866504 0.116080173954539 0.211640633824221 0.264001917484497 0.140787665679
"62" 0.117452654420349 0.210666564560651 0.242776505420046 0.134690377971417 0.128005428131843 0.30197871339196 0.43067992613209 0.151587346858604 0.128355673323376 0.305497820120434 0.459648049230214 0.152498170604322 0.118307917026016 0.215504229176016 0.253913934853137 0.136546383882332
"63" 0.120345208299705 0.218735006481809 0.241704359742488 0.132294694214761 0.131371795876312 0.32091426474993 0.411795082697701 0.147593709933938 0.131365714841531 0.319481610702914 0.421756333483873 0.147840647745948 0.120358170462971 0.218594172860254 0.244491459094477 0.132764373574612
"64" 0.122821394016334 0.226077838228796 0.241486644967549 0.130548748925198 0.134171620972075 0.337708993905128 0.397723663395558 0.14457076380519 0.133753843155995 0.330137905321597 0.393034717859307 0.144214567435895 0.121881172495771 0.220242607006972 0.236337895634475 0.129727616466753
"65" 0.124398075579489 0.231570947211767 0.243347765718173 0.129931996410998 0.135781148533394 0.348407650261275 0.393153690341214 0.143114320915461 0.134924410239416 0.33427715971805 0.375290678577984 0.142160387144817 0.12245768769551 0.219686513807557 0.230204696259119 0.127819729651974
"66" 0.124707611065299 0.234218406060303 0.248200112302437 0.130790754765625 0.135740537285224 0.349876267443063 0.401877068806993 0.143644654566678 0.134472671953881 0.329971901404793 0.369257904613702 0.142063730917965 0.121798394403341 0.216541353829221 0.226587013919505 0.127306121442749
"67" 0.123754112972379 0.233821748630896 0.256104593836655 0.133100453431673 0.134121835772825 0.342078719139771 0.424814194080793 0.146113506831895 0.132489706105124 0.318154629205991 0.373561926157298 0.143820958533163 0.120001773391211 0.211196903977239 0.22527115013279 0.128129083298357
"68" 0.121926397566281 0.23102370725908 0.266337778997288 0.136512356461568 0.131416213004756 0.327987608603652 0.460525732640557 0.150049508416227 0.129503058553639 0.301968911205646 0.384460141847016 0.14695328674548 0.117472955695551 0.204553939933091 0.225413995254893 0.129896172552272
"69" 0.119658196430747 0.226780057594033 0.278021885509274 0.14062471972643 0.128231099015389 0.31130048346295 0.507239717768513 0.154912133292081 0.126103468326871 0.284677414819975 0.397966247262702 0.150883723971036 0.114649814833293 0.19748871127904 0.226012715892929 0.132162362640983
"70" 0.117262851102138 0.221824263144071 0.290531697873108 0.145183909844933 0.124961149162278 0.294520306284554 0.564350228804609 0.160359367444593 0.122670012889207 0.268205820569428 0.411195659079023 0.155239943876787 0.1118089549682 0.19052198336357 0.226440151896213 0.134631168180427
"71" 0.114879796551691 0.216540255909768 0.303514572166384 0.150096918367569 0.121777267319337 0.278722103318238 0.632191006544059 0.166263077855752 0.119359978168519 0.253201736705702 0.422455697572423 0.159859567545156 0.109062942822148 0.183855277779028 0.22638753115427 0.137164738488009
"72" 0.112551632083481 0.2110989049099 0.316727037680833 0.155358856569916 0.118725077806767 0.264164318143145 0.710639060104294 0.172615414690178 0.116210809738417 0.239684172551178 0.430762606951888 0.164696824075068 0.106438690866505 0.177534079872284 0.225765094325658 0.13971462734122
"73" 0.110287284060012 0.205584906466604 0.329913613014231 0.160997712598544 0.115807806780438 0.250814466681171 0.797253736912199 0.179453307697813 0.113220454764727 0.2274919260279 0.435491631300999 0.169744395375999 0.103934987388531 0.171553337065998 0.224567205465759 0.142262101068416
"74" 0.108087527809659 0.200059111660799 0.342758253905514 0.167053099386721 0.113019227805743 0.238574734750969 0.885452688846977 0.186829418079313 0.110378732774742 0.216451220757119 0.436293195688704 0.175002159658461 0.101544828722943 0.165896580062754 0.222817376675699 0.144794390851879
"75" 0.105951589403072 0.19456521510632 0.354876098863097 0.173571635500511 0.110352004617822 0.227340103737015 0.963823196504741 0.194805640221068 0.107675078526266 0.206410966380155 0.433107081602501 0.180468665744572 0.099260866720843 0.160545497812831 0.220552889735275 0.147298574895232
"76" 0.103878336685559 0.189141620152186 0.365825718546052 0.180607106885809 0.107799106486163 0.217011533018846 1.01810282467939 0.203453070578148 0.105099756953895 0.197244048173265 0.4261655109702 0.186138948262187 0.0970762679139431 0.155481825068776 0.217820271987352 0.149760541178532
"77" 0.101866461593704 0.183818168921939 0.375137213175646 0.188221681002164 0.105353951974033 0.207498407564073 1.03615419640742 0.212853288101943 0.102643908740635 0.188843443638457 0.415950332959952 0.192003365233029 0.094984758009541 0.150687809059049 0.214672565130217 0.152164914599581
"78" 0.0999145291606909 0.178617899373798 0.382354396213796 0.196487511245924 0.103010394947462 0.198718922747863 1.01353758730796 0.22309994288886 0.100299465093182 0.181118559910681 0.403111574073951 0.1980464264817 0.0929805736054062 0.14614642104914 0.211166765232205 0.154495148612063
"79" 0.0980210104059292 0.173557957586771 0.387086097693505 0.205488709080011 0.100762697463494 0.190599807547878 0.955783859802368 0.234300482055135 0.0980590627675025 0.173992276508577 0.38837031077815 0.204245495271065 0.091058412294026 0.1418414773242 0.207361390924051 0.15673368275326
"80" 0.0961843094838527 0.168650493000278 0.389057410447393 0.21532375938995 0.0986055027197787 0.183075746781864 0.875580640925278 0.246577894279699 0.0959159691974403 0.16739858365058 0.372429907220382 0.210569391923572 0.0892133880362186 0.137757702735912 0.203314322128751 0.158862161424917
"81" 0.0944027869209491 0.163903497849729 0.388149402509651 0.226108467911084 0.0965338096390906 0.176088674886959 0.787069837070479 0.260072239302012 0.0938640173840552 0.16128068936886 0.355911768322463 0.216976971440776 0.087440991999314 0.133880754823854 0.1990810169234 0.160861715384551
"82" 0.0926747873788912 0.159321586277044 0.384417279743566 0.237979102641824 0.0945429577960393 0.169587060861267 0.701147692927063 0.274941031941602 0.0918975575794656 0.155589514207912 0.339320871405589 0.223415771033284 0.0857370655872992 0.130197235346475 0.19471318155941 0.162713303276974
"83" 0.0909987611724211 0.154906920660698 0.378084387434467 0.251096127974461 0.0926287195841788 0.163525495439571 0.623844587480241 0.291358055974596 0.090011518848659 0.150282722208912 0.323039264662749 0.229820643090741 0.0840978684045635 0.126694863629323 0.190258169502176 0.164398092968844
"84" 0.0893751341585316 0.150664349091649 0.369520753649044 0.265628955490504 0.0907893036538998 0.157869396433517 0.557193450986495 0.3094650892581 0.0882033354700062 0.145328449733114 0.307344671204284 0.236107853840382 0.0825217936416006 0.123365898838883 0.185764189668921 0.165897603450817
"85" 0.0878063414233902 0.146613639728184 0.359255697133109 0.281571492223933 0.0890253614762468 0.15260825059639 0.501020132764955 0.329260589520291 0.0864729340167186 0.140716688276285 0.292479333410814 0.242161673608311 0.0810093661626384 0.120216002040986 0.181294872521922 0.167193404855335
"86" 0.0863407456291479 0.142839367264646 0.348107805891564 0.298540483602231 0.0873878598610363 0.147813654338488 0.454669860799888 0.350133994739103 0.0848693123265582 0.136510043315217 0.27882217842586 0.247778541385347 0.0796044460806092 0.117301697292624 0.176991756424586 0.168264346041982
"87" 0.0850583411591249 0.139573175526725 0.337463720296164 0.314915415415559 0.0859624959257372 0.143734427491084 0.4184438679372 0.370105631028827 0.0834753656412967 0.132928500042194 0.26718057097651 0.252577030835069 0.0783808065638639 0.114792371493096 0.173175929156394 0.169081717074737
"88" 0.0841367582434874 0.137239110988338 0.329414729278681 0.327532248716268 0.0849417256230546 0.140852504690537 0.39433449860002 0.385388842535031 0.0824780003739361 0.130396469586003 0.258962440559231 0.255956482613954 0.0775041309882176 0.113005036538922 0.170406437797836 0.169606830589512
"89" 0.0837737664033461 0.136322166247557 0.326168857474881 0.332682789505474 0.0845403640432261 0.139726724583532 0.385201043384284 0.391604293192911 0.0820860184004712 0.12940704245597 0.255754375065657 0.257271867861661 0.0771593509683937 0.112303908959352 0.169310146667749 0.169800676524627
"90" 0.0840664319762581 0.137061152365051 0.328788357836464 0.32852364518747 0.0848639353970984 0.140633752355066 0.392548007346633 0.386586227182163 0.0824020204491177 0.130204226096722 0.258339102766559 0.256212319617155 0.0774370391725677 0.112868919643981 0.170194013201435 0.169644901502556
"91" 0.0849354415497926 0.139261376275421 0.336407652115108 0.316558108969221 0.0858262112974578 0.143347984255172 0.415145597115724 0.372100391551838 0.0833421657245476 0.132589047358996 0.266078035405417 0.253030887924534 0.0782637770921021 0.114553291002953 0.17280785428243 0.169154498651295
"92" 0.0861877637285672 0.142449001120483 0.34687916552036 0.300416372541927 0.0872174915848196 0.147322721714078 0.450165206916859 0.352430251102382 0.0847026136117068 0.136079334447621 0.277421488124431 0.248355776123462 0.0794582225957546 0.116969342869783 0.176539614041831 0.168367289718897
"93" 0.0876437909633289 0.14618197701508 0.358052847812434 0.283406326569179 0.0888431265603124 0.152055131355965 0.495444257101224 0.331526419862453 0.0862943095276877 0.14023143853571 0.290907019060844 0.242805837372172 0.0808530746884944 0.119882171175197 0.180809304547267 0.16732270616893
"94" 0.0891998135688614 0.15020845497019 0.368463132374454 0.267297341913106 0.0905915297571519 0.157270764273191 0.550490949606709 0.311565051838734 0.0880091499903327 0.144803895536542 0.305663390397582 0.236788183574947 0.0823522725398359 0.123010088436001 0.185269579909333 0.166050552609888
"95" 0.0908175923397167 0.154431730852938 0.377243064114519 0.252619751524471 0.0924227487260468 0.162883989041415 0.615977480986612 0.293262913767627 0.0898088466506263 0.149720968417211 0.321278721683039 0.230519746257425 0.0839214354137112 0.126320302179133 0.189764971161138 0.164572529645885
"96" 0.0924878015320753 0.158827483821146 0.383842217142538 0.239359019480476 0.0943285915876916 0.168899112888995 0.692151743622571 0.276669321214672 0.0916861223873333 0.154987307442146 0.337507880361924 0.22412374272808 0.0855535446882584 0.129803091626138 0.19422631801093 0.162907257335563
"97" 0.0942099899603748 0.163391013281367 0.387874264993904 0.227359214713866 0.0963107930185894 0.175350122325648 0.777334375951394 0.261638537241923 0.0936434728450765 0.160634168896986 0.354081177638263 0.217685245463813 0.0872501536038428 0.133466059644805 0.198605932607414 0.161073117557474
"98" 0.0959855385092247 0.168120005461952 0.389098996998975 0.216462070975754 0.0983733638409656 0.182281341984888 0.866007978525811 0.248000949763129 0.0956857463947768 0.166702812634571 0.370629776397147 0.211271446924864 0.0890148152944027 0.137321074557797 0.202856496214146 0.159088918831466
"99" 0.0978160848597067 0.17301013010183 0.387441887508749 0.206528507783729 0.100520908375585 0.189743574616832 0.947789839704912 0.235596768554675 0.0978185152927599 0.17324150218195 0.386662287003458 0.204936130085464 0.0908516307572233 0.141381397335881 0.206926722287512 0.1569737009324
"100" 0.0997032703360642 0.178053800975433 0.383003117134048 0.197440635158477 0.102758388193356 0.197794128710752 1.00871408670086 0.224284015750984 0.100047887523941 0.180306110183241 0.40156895179798 0.198721625412736 0.0927650691629764 0.145661264853019 0.210761505500576 0.154746370005284
"101" 0.101648696655074 0.183239365873126 0.376042050242203 0.189098218142978 0.105091119722011 0.206497485437891 1.03564013023286 0.213937893157586 0.102380530370936 0.187961546310173 0.414652813578752 0.192660140538129 0.094759973200914 0.150175850046707 0.214303152478741 0.152425353120786
"102" 0.103653901404833 0.18855027181917 0.366939460738715 0.181415690334558 0.107524797647041 0.215926008337499 1.0220273870837 0.204449327109629 0.104823734172521 0.196283601863079 0.425190743031997 0.186775182907151 0.0968415973610423 0.154941238886095 0.217493115157048 0.150028310110177
"103" 0.105720331410259 0.193964174252789 0.356146982369025 0.174319685957036 0.110065521853282 0.226160541895513 0.971238131523316 0.195723234950911 0.107385486104671 0.205361254032194 0.432520098557999 0.181082963549346 0.0990156519658471 0.159974371805073 0.220274114439523 0.147571907920294
"104" 0.107849311234835 0.199452025754381 0.344135294927561 0.167747022723481 0.11271982533426 0.237290738181497 0.894808160083617 0.187676789477971 0.110074554645992 0.215299553436769 0.436136020290069 0.175593707865417 0.101288352907517 0.165292930471211 0.222592547519952 0.145071655864399
"105" 0.110042006737251 0.204977208309377 0.331350603800361 0.161643052695095 0.115494703124285 0.249414857008096 0.807051336086103 0.180237800695434 0.112900586628077 0.226223257689526 0.43577578993006 0.170312829788853 0.103666477776479 0.170915146500178 0.224401018282795 0.142541796842747
"106" 0.112299391352348 0.210494841713511 0.318184753422915 0.155960312856404 0.118397647357756 0.262638689717329 0.719850260624666 0.173343262142106 0.115874218991179 0.238281388251416 0.431465922340378 0.165241945879613 0.106157425244581 0.176859471470303 0.225660756257663 0.139995240880262
"107" 0.114622276930091 0.215951707285345 0.304960026884298 0.150657437446618 0.121436731194996 0.277073538012629 0.640313868946529 0.166938066070571 0.119007210581472 0.251652671759872 0.423516824143416 0.160379688970565 0.108769252407801 0.183143843147938 0.226343450782094 0.137443480532959
"108" 0.117011764072579 0.221288799117234 0.291927324835999 0.145698391206914 0.124620983747785 0.292835602559318 0.571208659570852 0.160973843657674 0.122312600912057 0.266550365426466 0.412464685096219 0.155722124920784 0.111510526434683 0.18978314172685 0.226430960122884 0.13489619592564
"109" 0.119471332571572 0.226453091555824 0.279277330881238 0.141052353194397 0.127961885384741 0.310057729831232 0.512578807617033 0.155407815156585 0.125804888508741 0.283219685522101 0.398971823644449 0.151262128817923 0.114389397762195 0.196779961786794 0.225908348666698 0.132359612376072
"110" 0.122012823513273 0.231430552189933 0.267163428864729 0.136694874267724 0.131477496764221 0.328934016115772 0.463246344923837 0.150201554532971 0.129500101676951 0.301911410739652 0.38370522974141 0.146986764563163 0.117410667499441 0.204099076891168 0.224743150656142 0.129832146524545
"111" 0.124666382336812 0.2362948560673 0.255745801729616 0.132610133135628 0.135199258159574 0.349828284982401 0.421734528976266 0.145319992409073 0.133415411103246 0.322821080308884 0.367212265760913 0.142873557065647 0.120570381273747 0.211626968490052 0.222859466819539 0.127298295616161
"112" 0.127485720535415 0.241253624178829 0.245185464332794 0.12879113317197 0.13917577452625 0.373353445572728 0.386681900887408 0.140731571153406 0.13756815242029 0.345991939752156 0.349886529774819 0.138891478320495 0.123851838919323 0.219127082684859 0.220121517002228 0.124728794880061
"113" 0.130534475246342 0.246552783638072 0.235603946800902 0.125231146660356 0.143464482526281 0.400304465923891 0.356926889961196 0.136409092163508 0.141976492940697 0.371317617314445 0.332060259906751 0.135014217852077 0.127233294321385 0.226299374722706 0.21642321534679 0.122099052577473
"114" 0.133855759585079 0.252307388773259 0.226988794690168 0.121921161850563 0.148112889698225 0.431377503879652 0.331521335618536 0.132333733658277 0.146656038664912 0.398608947409713 0.314160723928457 0.131231897116723 0.130694764831345 0.232892283571871 0.211805299826479 0.119405751169236
"115" 0.137451526540005 0.25838493061699 0.219166313404112 0.118824519456866 0.153146737352506 0.466861157656075 0.3095667037803 0.12848653249942 0.15163443719218 0.427680982875769 0.296726625239272 0.127566271031794 0.134243642753031 0.238811859702189 0.206498038332692 0.116687309674844
"116" 0.141301559836105 0.264470125182632 0.211897216889989 0.115909016334391 0.1585823905441 0.506490215205762 0.290352981205332 0.124854526541531 0.156944612711586 0.458245819449954 0.280261152722061 0.124045522296157 0.137910216347002 0.244082925761313 0.200823397450913 0.114001649096451
"117" 0.145396166150381 0.270245599890395 0.205007033751473 0.113150756290966 0.164458721739 0.549431338487484 0.273349670800039 0.121432152945983 0.162645913314521 0.489749873115972 0.26507623093738 0.120698762463161 0.141736507710976 0.248778661992183 0.195071855566048 0.11139971462045
"118" 0.149856936842861 0.275659923751823 0.198528554563613 0.110601323646643 0.170969276810106 0.594527005768884 0.258311972067898 0.11828047643652 0.168940145115028 0.521476510548582 0.251367670569952 0.117606501142545 0.145872276964103 0.253077194779002 0.189514612446257 0.108973454095351
"119" 0.155337464793396 0.281563004324128 0.193031591119411 0.108600931573887 0.178955695152891 0.641672232131473 0.245663790383178 0.115755889808551 0.176654285233217 0.553881640551117 0.239748029564697 0.115131320811335 0.150957549912807 0.257874179842964 0.184804354067109 0.107076150086307
"120" 0.164005415955432 0.291241695124506 0.190466543670665 0.108297448067749 0.191120316704687 0.695691483465798 0.237480697004225 0.115060584180052 0.188433834388362 0.591973580742681 0.232348916465856 0.114472926143205 0.159078652648422 0.266225339807334 0.182862136169284 0.106847908962272
"121" 0.18046135629395 0.311785511144002 0.194901720612851 0.112099426863619 0.21318542030823 0.77004417088433 0.23833826863027 0.118720027669076 0.20987859781688 0.64841734674371 0.233725504291282 0.118147298972241 0.174655722087427 0.284633795716421 0.187642349265834 0.110672215571919
"122" 0.209963404392387 0.351058562581172 0.210761085016306 0.122651616217416 0.251791091631876 0.8796871162274 0.253189309264216 0.129503152716632 0.247475717258504 0.737344822715338 0.24879487488162 0.128912871933014 0.202741504594212 0.320323139157128 0.203446186770041 0.121166207033243
"123" 0.252593026756425 0.408311767485577 0.237371692247399 0.139610772975731 0.3073948594053 1.01828724108908 0.281065801408104 0.147031907595497 0.301618314268963 0.8548431656531 0.276637173603202 0.146394674473577 0.243336216522366 0.37259162561014 0.229643592411753 0.137993635431763
"124" 0.298418609187049 0.46711979189467 0.265317226311889 0.157437844607767 0.368141489443674 1.14288898421412 0.310679862257878 0.165469132699434 0.360631229261125 0.965269780353369 0.306151592194634 0.164780411305534 0.286874139701227 0.426489038398065 0.257120308085449 0.155678241841584
"125" 0.330361229089748 0.501526552449644 0.280051915787738 0.167435878222564 0.412807235028649 1.19331018157695 0.325093855195429 0.175685403531878 0.403704068086959 1.01646317844593 0.320637329608117 0.174976449719691 0.316911974795673 0.458197204911351 0.27175151892525 0.165614677145397
"126" 0.331505354319148 0.489024051312767 0.269542364658785 0.162201441353967 0.419211189756737 1.1272804708358 0.310674856616025 0.16995378065776 0.409241517820246 0.968973734377095 0.30661191092663 0.169282457911324 0.317307174983032 0.446948273841632 0.261796729358339 0.160468960555779
"127" 0.291926945524459 0.419986677863621 0.229204993105719 0.138669394360141 0.372997714610074 0.939030358820179 0.26266722171557 0.145127101072933 0.363479752567019 0.813598180942005 0.259340143311747 0.144559818311581 0.27878906203597 0.383796706064026 0.222741358033629 0.137199858186141
"128" 0.217069042496713 0.306124618339709 0.165852016049549 0.100752547583687 0.279628711068508 0.667057187519092 0.189231299451542 0.105347526360537 0.272036754886887 0.58129291884222 0.186873463834982 0.10493563366439 0.206840763213081 0.279537161267664 0.161205105373997 0.0996824451810515
