"V1" "V2" "V3" "V4" "V5" "V6" "V7" "V8" "V9" "V10" "V11" "V12" "V13" "V14" "V15" "V16"
"1" 0.0513181459915092 0.0677298744859784 0.0361048024586983 0.0222120957499095 0.0680011050431269 0.135368741993453 0.0407016140420329 0.0231661596542726 0.065879463416472 0.120609817473066 0.0402327871391284 0.0230786862931243 0.0486690834650764 0.0619557846304709 0.035146005863628 0.0219830537429222
"2" 0.0860406489296922 0.113258097376102 0.060672015021178 0.0373755038452104 0.114220457287486 0.226212938696989 0.0684985082107614 0.0390037911846943 0.111212126136108 0.205277348848285 0.0678640677126979 0.0388812485555816 0.0822955298433889 0.105099851918408 0.0593461856622066 0.0370546939233328
"3" 0.0527838063698637 0.0711705579794888 0.0380277664129042 0.0233029428967304 0.0692687360210309 0.146005668929802 0.0429959302596713 0.0243179760078154 0.0671101440303417 0.128699085955825 0.0424708030264407 0.0242216768733837 0.0500226760157722 0.0648274306985152 0.0369637172551615 0.0230513160975569
"4" 0.0491470929631053 0.0694041055000193 0.0375826240625814 0.0228460368968656 0.06323083544155 0.151186228616852 0.0428684405695912 0.0238898458666171 0.0616334185587705 0.132585121620874 0.0423610445961219 0.0238009829827316 0.0469656984874671 0.0636385768561964 0.0365803022711997 0.0226151361491498
"5" 0.0475547637989683 0.070475077864529 0.0387122002854473 0.0233075860621587 0.0599464925296351 0.163326724616426 0.0445699365329228 0.0244193663563516 0.058583632096503 0.140587392034764 0.0440015224715107 0.0243246724744317 0.0455747254438662 0.0644720529122167 0.0376214124281423 0.0230630377196159
"6" 0.0460276991868867 0.0713009931096449 0.0398997323212932 0.0237881583711733 0.0569700829114631 0.174368499295765 0.0464104363323293 0.0249737417241226 0.0557966045165521 0.147464280824436 0.0457696438989513 0.0248724768128319 0.0442253433815599 0.0651028060160862 0.0387085396231979 0.0235283369416939
"7" 0.0445642434683256 0.0718434877226261 0.0411449976182834 0.0242876816986571 0.0542622184832794 0.182684657140075 0.048403900392177 0.0255536316582699 0.0532454549628454 0.152411934327727 0.0476781985143293 0.0254451770902412 0.0429224543235028 0.0655151466557275 0.0398423986019179 0.024011335440969
"8" 0.0431642379592066 0.072082318807021 0.0424501471799202 0.0248072081529891 0.0517898381171664 0.186667513161301 0.0505693755243601 0.0261608207413662 0.0509036998214193 0.154712829633751 0.0497434762301738 0.0260444838566494 0.0416673330847226 0.065696184210833 0.0410239149769836 0.0245129600051765
"9" 0.0418267020412718 0.0720083175151594 0.043816995835526 0.0253478601687928 0.049524796077524 0.185410530520244 0.0529290243122037 0.0267972622037791 0.0487482838566775 0.153991410480787 0.0519841460764819 0.0266722654511151 0.0404604134777649 0.0656401224065007 0.0422535880201063 0.0250341930642581
"10" 0.0405500599189865 0.0716243418123056 0.0452468636593916 0.0259108350528004 0.0474430456725982 0.179209822232561 0.0555087353799651 0.0274650979012293 0.0467591312783006 0.150368398388878 0.0544216363074361 0.0273305661333561 0.0393014763470419 0.0653487651432848 0.0435313500452932 0.025576075432589
"11" 0.0393323206006922 0.0709449764938121 0.046740374754352 0.0264974098702288 0.0455239634596216 0.169392935165855 0.0583388627534106 0.0281666813773082 0.0449187400258138 0.144409508667336 0.0570805619582374 0.0280216268892107 0.0381898054428461 0.064831358175813 0.0448563960716517 0.0261378285537417
"12" 2.3787664635985e-05 4.27852217380763e-05 2.86173562829749e-05 1.61841772181755e-05 2.75330188957172e-05 0.157642044048018 3.60444862910794e-05 1.72225320057599e-05 2.71661081178501e-05 0.136906730027506 3.52215527661169e-05 1.71321068641066e-05 2.30980606861882e-05 3.91376785085611e-05 2.74366704398491e-05 1.59622745111993e-05
"13" 0.037064322115745 0.0688071808543781 0.04991577368521 0.0277468960902612 0.0421051804365307 0.145382755410448 0.0648996242370935 0.0296817269068401 0.0416250060705647 0.12863761378635 0.0631799254584151 0.0295121219097861 0.0361036538495445 0.063187310046075 0.0476401798681713 0.0273369582190069
"14" 0.03600911581412 0.067419012839681 0.0515928661619457 0.0284128049690148 0.0405768064566171 0.133544750978343 0.0687221724395351 0.0305012131591375 0.0401465458267194 0.12021628344963 0.0666897473768412 0.0303172529227952 0.03512628634594 0.0621068792516795 0.0490916203922901 0.0279731042454985
"15" 0.0350030619047901 0.0658702074995098 0.0533231972579356 0.029108318128984 0.0391530629291773 0.122609205716154 0.0729816065990208 0.0313665713624869 0.038766117371676 0.112053294631357 0.070560530647967 0.0311666043595669 0.034190559086513 0.0608895145271485 0.0505751782578415 0.0286360652091188
"16" 2.63016627835882e-06 4.92411092124658e-06 4.0414045678354e-06 2.20719927561691e-06 2.94401204231302e-06 9.23471418555361e-06 5.63018177448088e-06 2.38317060235434e-06 2.91576327445333e-06 8.42387181354356e-06 5.44138712386578e-06 2.36853703383769e-06 2.57128638592302e-06 4.56790297218832e-06 3.8411796107791e-06 2.17283900888025e-06
"17" 0.0331259538788669 0.0624263468943357 0.056890702233469 0.0305921346033855 0.0365795968456201 0.103966121557565 0.0830791375239847 0.0332492997082459 0.0362661641009566 0.097344860486542 0.0795943973572213 0.0330137445870332 0.0324406608104636 0.0581725864965419 0.0536191614422322 0.0300505535321212
"18" 0.0322172848511963 0.0603442963009224 0.0584110382020982 0.0313333325645517 0.0354087501757038 0.0959469132371703 0.0887130658752779 0.0342468780082627 0.0351652301358319 0.0913588550878734 0.0851345787821737 0.0340288299225576 0.0316758735732302 0.0569943523280738 0.0553857918927847 0.0308390531286335
"19" 0.0313142224212657 0.0579385325973758 0.0593974667893388 0.0320113675888235 0.034315273542669 0.0886708737482735 0.0942085265741342 0.0352419596419483 0.0341876868976769 0.0864975324847916 0.0917707198623633 0.0351077110326214 0.0310264902793158 0.0561715505727589 0.0575456372492355 0.0317113093115486
"20" 1.38689425791906e-05 2.59614778693551e-05 2.53562217391897e-05 1.35907692445031e-05 1.52306655237782e-05 4.09753408895187e-05 3.87122797710847e-05 1.48645133930648e-05 1.5128098744738e-05 3.90954439930825e-05 3.71159536399642e-05 1.47691374918999e-05 1.36400430151001e-05 2.45466970914279e-05 2.40333846304046e-05 1.33751861673716e-05
"21" 0.0296349845318583 0.0533554289225388 0.0606983565826961 0.0333628757271353 0.032322345352735 0.0767684363291631 0.105522866110807 0.0373511450308115 0.0323994934845963 0.0777975070634313 0.108507813788286 0.037475194778478 0.0298148579116034 0.0544229814647712 0.0623435679957881 0.0336287832288468
"22" 0.0288602840104512 0.0512657941587107 0.0610914734720086 0.034055981023337 0.0314086993229495 0.0718968493046714 0.111179040296655 0.0384861111046347 0.0315649428498916 0.0738161603637469 0.119049786287178 0.0387800805125181 0.0292285749594434 0.0534154756632192 0.0648941991461473 0.0346752359054769
"23" 0.0281246017136668 0.0493027482964492 0.0612980775656658 0.0347587878590251 0.0305444036220537 0.0675874452555588 0.116502184550838 0.0396786039468844 0.0307672050253588 0.0700976612988567 0.131455243584312 0.0401768662687629 0.0286557614718125 0.0523409948229992 0.0675252882100184 0.0357872776791919
"24" 0.0274250949042542 0.0474590193110294 0.0613124178136104 0.0354693946132054 0.029725633420747 0.0637512602580611 0.121150835180169 0.0409314842942451 0.0300043039702656 0.0666393042504774 0.146068433011197 0.0416753370313216 0.0280966850645535 0.0512155484198314 0.0702116750712116 0.0369710976038876
"25" 9.61707618831762e-08 1.65115969595609e-07 2.16625397899261e-07 1.28865505176312e-07 1.04117350116826e-07 2.20335825272106e-07 4.30874707432001e-07 1.50793268404844e-07 1.05181910433519e-07 2.30294026873926e-07 5.95053317330591e-07 1.54919161569969e-07 9.87757484595282e-08 1.7907821608924e-07 2.58719777845291e-07 1.36686904345202e-07
"26" 0.0261245392339748 0.0440996541732253 0.0607680739059956 0.0369045357450563 0.0282112169204563 0.0572249080541869 0.12693632829383 0.0436291666397227 0.0285755727902311 0.0604587485146395 0.182739113786084 0.0450236794512144 0.0270202597663717 0.0488695213414089 0.075597686487532 0.0395828341729133
"27" 0.0255190208293032 0.0425693924633861 0.0602243424998136 0.0376233096257125 0.0275096395062947 0.0544285205372683 0.127480782215843 0.045078652235255 0.027906260020839 0.0577061851125117 0.204023123389581 0.0469011145434393 0.0265029411573135 0.0476740047312315 0.0781911071750924 0.0410275184184296
"28" 0.0249406897768778 0.0411294708713893 0.05951714153111 0.0383383128339916 0.026841653143852 0.051887825495415 0.126316072050909 0.0465975675917931 0.0272648174601882 0.055156555125036 0.224800346439182 0.0489360161439547 0.0259994487683974 0.0464774751057428 0.080627013410229 0.0425778267912227
"29" 0.0243877710718986 0.0397734036846385 0.058663998000247 0.039045542871984 0.0262049332287422 0.0495698980096077 0.123575906315595 0.0481867428700328 0.0266497357291539 0.0527932796346743 0.240960286517635 0.051148151898273 0.0255096312393317 0.0452884113834221 0.0828243537486871 0.0442452795784921
"30" 3.10933532564296e-07 4.90705285694336e-07 7.53658880331673e-07 5.62148318427053e-07 3.32557136967218e-07 5.92206046099431e-07 1.47573632630156e-06 7.32692592989767e-07 3.39223810999253e-07 6.32514011996317e-07 3.05353437216098e-06 8.13685622382803e-07 3.2813053430945e-07 5.68206505992818e-07 1.1914436252713e-06 6.88814272163101e-07
"31" 0.0233518047765068 0.0372889768076378 0.056599731910227 0.0404183830338602 0.025017006189597 0.0454962366205732 0.114612520596055 0.0515734128195664 0.0254930523581737 0.0485634563448524 0.242343008514462 0.0562001032555353 0.0245701915273855 0.0429592281464866 0.0861612227068049 0.047986205667203
"32" 0.0228658967260255 0.0361497402004804 0.0554301686898951 0.0410737624461086 0.0244620976063257 0.0436974218152912 0.109131226872922 0.0533655935740955 0.0249488556122722 0.0466683982627302 0.227073722015268 0.0590984115013327 0.0241200684463783 0.0418291195251131 0.0871438830237923 0.0500921213451392
"33" 0.0223996558834484 0.0350725815107098 0.0541959359116097 0.0417009976698835 0.0239310173935277 0.0420337897480926 0.103424783476008 0.0552164212979687 0.0244258213048663 0.044902824051767 0.206597689598122 0.0622926398717726 0.0236826327985134 0.0407268080558535 0.0875923090472557 0.0523807934273648
"34" 1.80612187532834e-05 2.84977866689738e-05 4.37815515452573e-05 3.26754970820758e-05 1.93167206572837e-05 3.43848302932606e-05 0.0977336214245943 4.25990749398824e-05 1.97043453701838e-05 3.67261914235784e-05 0.185221219890412 4.73165693401214e-05 1.90612186861739e-05 3.30026641352837e-05 0.0874814088368166 4.00516457931298e-05
"35" 1.90855973843412e-06 2.88402742668799e-06 4.51122264403084e-06 4.04026512331311e-06 2.02900301114628e-06 3.35953630800738e-06 7.55668627317818e-06 5.80892912921239e-06 2.07577019378216e-06 3.58564418059844e-06 1.2226067105014e-05 7.29071356266411e-06 2.0325235290816e-06 3.37558863032981e-06 7.74486795710532e-06 5.89314459712063e-06
"36" 0.0211077493076381 0.0321708202247261 0.0502818363907814 0.0433536068083929 0.0224664625883461 0.0377184269336604 0.086987712429738 0.0610105672038364 0.0229729262316931 0.0402744190569385 0.147978449846837 0.0741307768208176 0.0224433290253074 0.0376073687781835 0.0856370130963396 0.0605934345513675
"37" 0.0207094052112106 0.0313008975981103 0.0489556338835596 0.0438077342490467 0.022016967372717 0.0364686449432022 0.0820847182348953 0.0629645307435593 0.0225240964224407 0.0389232472044257 0.133079798816214 0.0790341721864938 0.0220534738659964 0.0366336580425247 0.0840020285059412 0.0638840080875046
"38" 0.0203257302943494 0.0304741050382775 0.0476379306134783 0.0442036832123846 0.0215849544783837 0.0352983539573376 0.0775315372185289 0.0648881278493967 0.0220915142356621 0.0376545567538 0.12042832499699 0.0845465870338894 0.0216746858150358 0.0356935520591463 0.081990823301416 0.0675159086080788
"39" 2.8726980704086e-06 4.34091842934368e-06 6.7901066204121e-06 6.08136108490705e-06 3.05398318157268e-06 5.05661736871996e-06 1.13738291128351e-05 8.74363475184378e-06 3.12437627066119e-06 5.39694312940371e-06 1.8401416910574e-05 1.09743100743474e-05 3.05928654583819e-06 5.08079896541674e-06 1.16572902893443e-05 8.87055283592825e-06
"40" 2.78120652785847e-05 4.0579414985589e-05 6.28470923975564e-05 0.0448005187547313 2.94242335459883e-05 4.61514478823984e-05 0.0694548870206796 0.0685058899775791 3.01498805636184e-05 4.91138603239808e-05 0.100511139885841 0.0977953061260375 2.97743086552567e-05 4.7538681585728e-05 0.0771818783143677 0.0760022813529106
"41" 0.0192616868002067 0.0282379601270446 0.0438382952152058 0.0449908685362188 0.0203916226171601 0.0322138296280174 0.0659636446016236 0.0700911415234342 0.0208908345565876 0.0342991628240374 0.0927751298968043 0.105558001226725 0.0206081080355849 0.0330875456772497 0.0746035007445367 0.0808541285074686
"42" 0.0191666683250732 0.0280420827742797 0.0434909016949124 0.045034407653976 0.0202853795263217 0.0319486880300505 0.0649999210025186 0.0705199811871678 0.0207835702841521 0.0340089916923955 0.0907118401948007 0.107954231451245 0.0205118242262465 0.0328555472301181 0.0738455391843427 0.0823404779382634
"43" 0.0194654259652723 0.0286597558249358 0.0445768565367035 0.0448832666546718 0.0206195811591266 0.0327870798572871 0.0680499322322834 0.0691460635589502 0.0211208163988369 0.0349230294433577 0.0973415383310104 0.100739999033544 0.0208140814096182 0.0335854958115316 0.076179325150145 0.0778509133136811
"44" 2.46114219598939e-07 3.66054914058512e-07 5.70137932017235e-07 5.49256201083352e-07 2.61068327278609e-07 4.21871935116688e-07 9.05530041816017e-07 8.26451885018899e-07 2.67278804197744e-07 4.49689771928676e-07 1.37448803121949e-06 1.16551101729325e-06 2.62732604878279e-07 4.28640587340403e-07 9.73161899932618e-07 9.09793725965867e-07
"45" 0.0201817453347141 0.0301666372751688 0.0471347149978001 0.0443394819494375 0.0214230647985127 0.0348673761458469 0.075871788819892 0.0656138007530343 0.0219291152238402 0.037186593476959 0.116083693500136 0.0868515040996501 0.0215317204982408 0.0353405054345598 0.0811342663104723 0.0690152650874927
"46" 0.0205599862252094 0.0309776155597249 0.0484467615670656 0.0439673762756499 0.0218486150989486 0.0360090543784988 0.080289926258533 0.0637104670333933 0.0223556606898807 0.0384253857973088 0.127960906730867 0.0810795147094081 0.0219063367383598 0.0362677147990845 0.083267572273973 0.0652395168886595
"47" 0.0209525840601333 0.0318305688908213 0.0497708239688664 0.0435349873897847 0.022291255870796 0.0372273049130382 0.0850591281325333 0.061764609117765 0.0227981344990326 0.039743943685995 0.141955718419825 0.0759522676785639 0.0222918901971952 0.0372284789543014 0.0850572968205864 0.0618227821434564
"48" 2.40915776910499e-05 3.63693076912861e-05 5.68884234939979e-05 5.11733813264321e-05 2.56084620718279e-05 4.23354524739867e-05 0.090169510811912 0.0598060739876281 2.62001094879263e-05 4.5182112699647e-05 0.158377771358327 0.0713808469701243 2.56607434070333e-05 4.25728109387291e-05 0.0864211327883164 0.0587210596209026
"49" 0.0217842306766595 0.0336749855484575 0.0524321240142836 0.0425121280629139 0.0232320608566855 0.0399261962067982 0.0955833211186089 0.0578591372530998 0.023734299341575 0.0426502849719242 0.177325610829275 0.0672886588252595 0.0230971532184637 0.0392503893724314 0.087289826079496 0.0558962597950445
"50" 0.0222251327249813 0.0346734384689034 0.0537074729186902 0.0419337428419028 0.0237325686735573 0.0414261386267711 0.101221150608829 0.0559428699887041 0.0242298416042195 0.0442550980652021 0.198298027219161 0.0636104739161856 0.0235175245872483 0.0403103381313259 0.0876161820262779 0.0533155209292442
"51" 0.0226841168862039 0.0357279024272379 0.054961553642845 0.0413189198223923 0.0242548784295445 0.0430417085505537 0.106945803928875 0.0540716997477782 0.0247450278576235 0.0459739143434367 0.219534590509058 0.0602910174386659 0.0239501564033426 0.0414012526240996 0.087381832183271 0.050950505076344
"52" 0.0231623087530961 0.036842686534425 0.0561583205921331 0.0406736876651355 0.0248004280903683 0.0447866132056682 0.112547374217523 0.0522560697036159 0.0252809405181305 0.0478176976247931 0.237407536502429 0.057283511280582 0.0243953591847151 0.0425210014974073 0.0866000012937736 0.0487767501667289
"53" 0.0236609300606239 0.0380224724186565 0.0572782411073072 0.0400038405334358 0.0253707849150274 0.0466767817731415 0.117736840833796 0.0505031259523321 0.0258387335538549 0.0497985287433297 0.247006996367028 0.0545483471286587 0.0248534293082583 0.0436666086829057 0.0853135133146122 0.046773111779744
"54" 0.0241813070503601 0.0392723340006463 0.0583007267762354 0.0393148444411902 0.0259676579281995 0.0487308212262123 0.122158939574411 0.0488173486233867 0.0264196348012654 0.0519296459769604 0.244880382149314 0.0520519115605 0.0253246418420867 0.044834100782505 0.0835885632266615 0.0449212675682826
"55" 0.0247248822030557 0.0405977562005724 0.0592048922548725 0.0386117726058273 0.0265929145266452 0.0509705918447561 0.125434390737897 0.0472011178127729 0.0270249505302806 0.0542254434006086 0.231844891417184 0.0497655941063769 0.025809244655679 0.0460183513709935 0.0815059598588094 0.0432052987028007
"56" 0.0252932271187293 0.0420046457556308 0.0599705044385357 0.0378992631055076 0.0272485989470417 0.0534219325628074 0.12723155353969 0.0456551966516539 0.0276560695269037 0.0567013905637494 0.21226722501515 0.0476649572659822 0.0263074511204083 0.047212925518349 0.0791519091855618 0.0416113342300961
"57" 0.025888057146018 0.0434993302140123 0.0605790662395658 0.0371814967223277 0.0279369533488302 0.0561155830507138 0.12734868275058 0.0441791324585209 0.0283144669640906 0.0593738259014105 0.190812531632768 0.0457290487190182 0.0268194316629559 0.0484099363723842 0.0766100844769523 0.0401272507930823
"58" 0.0265112479959829 0.0450885387680139 0.0610149428309996 0.0364621916920851 0.0286604418960613 0.059088364912694 0.125772123477518 0.0427715822546471 0.0290017078419988 0.062259552104717 0.170428380922719 0.0439398336958557 0.0273453039954291 0.0495999291292559 0.0739559671677883 0.0387424195533242
"59" 0.0271648546977956 0.0467793560421285 0.0612664111047301 0.0357446119607211 0.0294217783792877 0.0623847065266291 0.122680462423609 0.041430571899837 0.0297194498001821 0.0653751287415468 0.15234836323693 0.0422817271194557 0.0278851219181507 0.0507718119832955 0.0712536535437059 0.0374474929534688
"60" 0.027851133282699 0.0485791364916785 0.0613265036369493 0.0350315857216996 0.030223957980851 0.0660586263853203 0.118392355859346 0.0401536990243321 0.0304694449963545 0.0687357130827111 0.136802253752869 0.0407412078169284 0.0284388625592162 0.0519128573516428 0.0685547705858812 0.0362342249392827
"61" 0.0285725656169905 0.0504953624654806 0.061193533039703 0.0343255312257997 0.0310702938607932 0.0701763309467632 0.113285337454196 0.0389382894899813 0.0312535406100115 0.0723532443006549 0.12358677899554 0.0393064998007022 0.0290064118834878 0.0530087988166856 0.0658988973859897 0.0350953191080745
"62" 0.0293318879640827 0.0525354229789442 0.0608712214586206 0.0336284873697935 0.0319644594572722 0.0748196375053422 0.107721147815373 0.037781516282486 0.0320736774871188 0.0762337042653333 0.112367713649697 0.0379673083514658 0.0295875483941342 0.054044048483344 0.0633148792826425 0.0340243002311307
"63" 0.0301320756984164 0.0547061960972462 0.06036831661928 0.0329420926139293 0.0329104849482982 0.0800903791473273 0.101998982029885 0.0366804277855118 0.0329318334708971 0.0803730111947948 0.102808265534044 0.0367145400405623 0.0301818762751851 0.0550019650780245 0.0608224397578421 0.0330153506889957
"64" 0.0309764792431138 0.0570139395938551 0.0596991935655789 0.0322681306892779 0.0339128370648679 0.0861157416408753 0.0963417948305887 0.0356325822914756 0.0338299965588006 0.0847502152099515 0.0946150097564701 0.0355406382578379 0.0307888059102647 0.055865136234126 0.0584345085482583 0.0320636162281649
"65" 0.0318019500411822 0.0593707600698584 0.0591443340302305 0.0316997023610491 0.0348761843115153 0.0924456698971496 0.0915933181728155 0.0347432354707056 0.0346608091822019 0.0886166990552181 0.0879513956281218 0.0345284519390338 0.0313155311735564 0.0563924176644692 0.0562333859767222 0.0312229413328455
"66" 0.0318241980675693 0.0601668229036896 0.0606315672515747 0.0320199176709949 0.0347495095032622 0.0924707896472795 0.0941384072821965 0.0350007278385658 0.0343856838915578 0.0862327823154079 0.0874651605512877 0.034625760347578 0.0310046342248274 0.0551261064899693 0.0554409170825426 0.0311782960943933
"67" 0.031191829896987 0.0592259280697456 0.0633371238433358 0.0329535544118075 0.0338212343619213 0.0872404724549902 0.102238945031381 0.0360984718401032 0.0333796262113935 0.0804237518864567 0.0915564840573172 0.0355588432564324 0.0301825407006596 0.053078776574412 0.0559338215496231 0.0317627424514157
"68" 0.0305435248269739 0.0580790830339512 0.0662318649126385 0.0339654262028464 0.032901614034638 0.0821420405370525 0.111941997335522 0.0372987559230136 0.0324014044469256 0.0751871397311993 0.0958262572855025 0.0365701472928969 0.0293841197829858 0.0511192514291104 0.0563733149038661 0.0323842340817155
"69" 0.0299114710998859 0.0568413246516982 0.0692819958665824 0.0350404146906317 0.0320254566417222 0.0774497782146866 0.123446271707567 0.0385789871073163 0.0314781498030609 0.0705585498749802 0.0999063093116808 0.0376281042378727 0.0286261239356941 0.0492609730941848 0.0566699903325437 0.0330134285231468
"70" 0.0292959298394684 0.0555349441972978 0.0724738916397177 0.0361844863668729 0.0311902130006886 0.0731476489044468 0.137195732516462 0.0399470799629718 0.0306054375697177 0.0664432914519679 0.103609208774971 0.0387345580569925 0.0279056254583853 0.0475012160837846 0.0568167820245907 0.0336486966040319
"71" 0.0286969941138308 0.0541804753210186 0.0757829002309209 0.0374043910869026 0.0303934480409631 0.0692101870861914 0.153713522407998 0.0414120155771142 0.0297792758229274 0.0627641358582998 0.106722378166175 0.0398912301256254 0.0272199537880568 0.0458362734834466 0.0568101642561985 0.0342881568228362
"72" 0.0281146440670654 0.0527963275529855 0.0791699234740932 0.0387077676040959 0.0296328750448093 0.0656079668556533 0.173524842600539 0.0429839757119513 0.0289960773888127 0.0594578516725282 0.109031788436404 0.0410995991140113 0.0265666818921216 0.0442618319502868 0.0566502970113364 0.0349296231399012
"73" 0.0275487661708945 0.0513985428837387 0.0825779073413881 0.0401032908472793 0.0289063507625526 0.0623107377370119 0.19689966291668 0.0446745350569726 0.0282526103285961 0.0564723617563763 0.110355833161708 0.0423607922940129 0.0259435995281492 0.0427732461839898 0.0563410153872675 0.0355705857067726
"74" 0.0269991703009819 0.0500007364901904 0.0859289189519874 0.0416008484469708 0.0282118695738145 0.059289212302773 0.223201085731019 0.0464968870410605 0.027545955699395 0.0537645086067186 0.110581036871084 0.0436754489204495 0.0253486901349297 0.0413657376782602 0.055889578389548 0.0362081964598067
"75" 0.0264656041792787 0.0486141742865875 0.089122923846475 0.04321175322885 0.0275475564825409 0.0565160026204003 0.24967046835697 0.0484661084986367 0.0268734707921071 0.0512983018770228 0.10968739571043 0.0450435508014474 0.024780110247954 0.040034534685841 0.0553062087011103 0.0368392605263886
"76" 0.025947766058106 0.0472479422846724 0.0920397382838539 0.0449489999924637 0.0269116599957959 0.0539660366715592 0.270351721421084 0.050599468427906 0.0262327576044662 0.0490435422441141 0.107753076987429 0.0464642151796663 0.0242361716562226 0.0387749687989345 0.0546034787129559 0.0374602362962232
"77" 2.1132715802756e-05 3.763230498523e-05 0.0945456442483171 4.24448533983847e-05 2.1757404770856e-05 4.15851937611297e-05 0.27775781618034 4.82462719977181e-05 2.11788629527874e-05 3.79267040886494e-05 0.104936448315874 4.26896276590509e-05 1.96485005938731e-05 3.07598839797098e-05 4.47495038183786e-05 3.31346833225524e-05
"78" 0.0249578825656059 0.0446032753454702 0.0965054531327814 0.048864846228668 0.0257186842933125 0.049447614635923 0.268523566993995 0.0554408367488008 0.0250381169592151 0.0450702433619843 0.101442992620827 0.0494538407215351 0.0232161489453273 0.0364529508446773 0.0528977664835585 0.0386560978880267
"79" 0.0244850755605586 0.0433342174232606 0.0977991857742158 0.0510810058051106 0.0251586537685525 0.0474408036081861 0.246787449785909 0.0581978147582815 0.0244803875662943 0.0433115830185576 0.0974894037599264 0.0510142551120137 0.0227373316690227 0.0353821407937896 0.0519253706436465 0.0392223254293508
"80" 0.0240264876522443 0.042104729902277 0.0983403328096658 0.0534996601332762 0.0246211232844238 0.0455801809176166 0.220097111764144 0.0612178219619868 0.0239467870685517 0.0416828987492698 0.0932751111590222 0.052609430300309 0.0222776661987596 0.0343662850085849 0.0508935402466165 0.0397612394306428
"81" 2.94017277467154e-06 5.01833140878358e-06 1.22886558121497e-05 7.88652656088312e-06 2.99430766536879e-06 5.30523307639848e-06 2.04353602550451e-05 9.1358201199346e-06 2.90981366752006e-06 4.87355349100373e-06 1.05243807722509e-05 7.32449923808165e-06 2.71767952258386e-06 4.102378195858e-06 6.16127346543856e-06 5.27260430027564e-06
"82" 0.0231502974935371 0.0397705567128649 0.0970685658655605 0.0590602446183417 0.023608677849389 0.0422421481871168 0.171071915692807 0.0681898254047636 0.0229460101438485 0.0387625740887232 0.0846873482082266 0.0558620918095415 0.0214114146551507 0.0324853469580655 0.048707842924151 0.0407377006305392
"83" 0.0227318503847256 0.0386670441037825 0.0953432223176409 0.0622735239317842 0.0231315201491547 0.0407409074340394 0.151660728141011 0.0722256697023397 0.0224761512318677 0.0374487635425322 0.080528964637859 0.0574909976470906 0.0210028430394686 0.0316138064974448 0.0475791245326969 0.041165478757166
"84" 0.0223259393781497 0.0376057551367055 0.0930245202970462 0.0658343268953973 0.0226723655876595 0.0393378359245531 0.135488416624034 0.0766923641695028 0.0220250328152611 0.0362200618793495 0.076548052780334 0.0590969114373077 0.0206094374850575 0.0307842849895373 0.0464409444262322 0.041546624845896
"85" 2.03784843584248e-06 3.46621026987851e-06 8.55128356079915e-06 5.58215459770682e-06 2.07363828424606e-06 3.65173800015912e-06 1.35737656521151e-05 6.47408713290149e-06 2.01487894224509e-06 3.35669321061343e-06 7.21809253489285e-06 5.15459712443591e-06 1.88282288612695e-06 2.83389865025702e-06 4.26551792373095e-06 3.69094595114489e-06
"86" 0.0215500627191824 0.0356070099143349 0.0871379966594948 0.0742283674449452 0.0218043400989332 0.0367917933384786 0.110745013527479 0.0871339197901313 0.021174729657286 0.0339872587491548 0.0692337550598651 0.0621445253871466 0.0198648951234283 0.0292407398722459 0.044170892124425 0.0421517236043572
"87" 0.0211792826657877 0.034667482057915 0.0838323941516843 0.0792051841324929 0.0213937543802709 0.0356339206670144 0.101224081082558 0.0932155828339385 0.0207736004608337 0.0329700131856489 0.0659191684849456 0.0635307076241426 0.0195122832082549 0.0285219095525157 0.043052926472807 0.0423681814640662
"88" 0.0208201455786828 0.0337679789632722 0.0804424889698661 0.0848059402199212 0.0209985329059262 0.0345463121225958 0.0931265839682414 0.0999103906312155 0.0203880861843306 0.0320132113482289 0.0628352350043928 0.0647821851054145 0.0191725656805842 0.0278368236195056 0.0419557853064724 0.042523138689703
"89" 0.020571264428733 0.0331506405324596 0.078029737074076 0.0891726982097043 0.0207259087896763 0.0338100753111216 0.0880340064253184 0.105007995786812 0.0201224602692521 0.0313648018840501 0.0607684934099108 0.0655830648222268 0.0189380598245963 0.0273678297024072 0.0411900449298784 0.0425984338941608
"90" 2.3825335636773e-07 3.93885758410165e-07 9.6476788629327e-07 8.16128881780448e-07 2.41087931997531e-07 4.07109590868718e-07 1.22900516992458e-06 9.57852141129089e-07 2.34127770008052e-07 3.7604184211079e-07 7.66854039223705e-07 6.85375056910582e-07 2.19629100024906e-07 3.23423898913027e-07 4.88600936696556e-07 4.65389157936658e-07
"91" 0.0211391433777091 0.0345664251331288 0.0834611930416832 0.0797901879973479 0.0213494633981527 0.0355107405246018 0.100267709639433 0.0939229972618966 0.0207303684946033 0.0328617135544833 0.0655681953870515 0.0636757648985724 0.0194742274572652 0.0284448012533826 0.042930920907148 0.0423883021050425
"92" 0.021508703209437 0.0355016797007312 0.0867817732427445 0.0747478954234039 0.0217584085842362 0.0366608169058453 0.109618000942407 0.0877735374585541 0.0211298230905493 0.0338722547641708 0.0688576973334982 0.0623026286439485 0.0198254639891002 0.029159965015728 0.0440470718905224 0.0421784749603082
"93" 0.0218895237732839 0.0364763144659925 0.0899157655383951 0.0702609731963093 0.0221826076357242 0.0378845915302135 0.120681970478078 0.0822203554665426 0.021544882668142 0.0349462095804491 0.0723764824862611 0.0608246670419059 0.020189494586791 0.0299094090153321 0.0451773109700097 0.0419097489504104
"94" 2.02694460751622e-05 3.35213757644039e-05 0.0927385992060697 0.0662497691749027 2.05118315142597e-05 3.46532099934376e-05 0.133883486313209 0.0772126225700281 1.99197389530104e-05 3.20068920244093e-05 6.5314373981519e-05 5.82221526729466e-05 1.86853529534083e-05 2.75228844814461e-05 4.15805818898132e-05 3.95601609826117e-05
"95" 1.79201368585776e-06 3.10695113705903e-06 7.46634616829622e-06 4.28614684920435e-06 1.83140469865811e-06 3.32702483107925e-06 1.46071694145564e-05 4.92771276234291e-06 1.78051569944841e-06 3.04815828631449e-06 6.74612155920034e-06 4.13558812837338e-06 1.65917585500725e-06 2.5363067382383e-06 3.78512980811453e-06 3.06723656495226e-06
"96" 0.0231036105727194 0.0396470096733387 0.0969113770852783 0.0593984063049222 0.0235552430088327 0.0420717964132541 0.168762826391247 0.0686145296171566 0.0228933375361449 0.0386135218775284 0.0842224591004101 0.0560418880569072 0.0213656721928474 0.0323872679138701 0.0485843752649627 0.0407869281299111
"97" 0.0235335682717711 0.0407883199073334 0.0980153851824391 0.0564555004703556 0.0240492714626193 0.0436687281497868 0.191344655825091 0.0649203658662816 0.0233808668714563 0.0400106200434184 0.0884913250470672 0.0544089483728093 0.0217884827833537 0.0332986303096436 0.0496959046011471 0.0403216049120182
"98" 0.0239768601383764 0.0419718960650351 0.0983517624195676 0.0537794078848586 0.0245632758830423 0.0453836788982241 0.217129786762993 0.0615677524540981 0.0238894593027661 0.0415109582905126 0.0928027904890125 0.0527867471077625 0.0222281905299675 0.0342576673997668 0.0507769578822122 0.0398186837951163
"99" 4.02795796848573e-06 6.98360273583251e-06 1.67823138533137e-05 9.63380015276358e-06 4.11650140036875e-06 7.47829097249314e-06 3.28338027102349e-05 1.1075799523136e-05 4.00211710831498e-06 6.85146724248457e-06 1.51635965649417e-05 9.29550831034059e-06 3.72937611658366e-06 5.70094365587921e-06 8.50795471444076e-06 6.89423874480221e-06
"100" 1.15692517335167e-05 2.1019658941586e-05 4.15505802097865e-05 2.03327194070135e-05 1.19884950083376e-05 2.39050556174834e-05 0.266610880206716 2.29087655626046e-05 1.16838778989007e-05 2.17316387883874e-05 4.80376260091357e-05 2.09750292056188e-05 1.07997568281161e-05 1.7236451035058e-05 2.43843487193675e-05 1.68515479691208e-05
"101" 0.0253909334465647 0.045763731571221 0.0947904855144917 0.0470437140488512 0.026237066924406 0.051369427187559 0.277542858110402 0.0531840473955146 0.0255560878019038 0.0467574150237109 0.104581108602888 0.0481003479594371 0.0236593428272894 0.0374551988923639 0.0537009099729682 0.0381330309319974
"102" 0.0258917123860512 0.047099122022354 0.0923381890746881 0.0451485665725196 0.0268433294107424 0.0536979958516024 0.271937491112323 0.0508451477690629 0.0261640775103415 0.0488071362974669 0.107482800011776 0.0466237305063457 0.0241777360876536 0.038640505331709 0.0545194341612381 0.0375278093945033
"103" 0.0264078394615569 0.0484626475090346 0.0894599057527697 0.0433965366763217 0.0274761999276779 0.0562248159488681 0.252367964897219 0.0486925596541104 0.0268014304016694 0.0510402550533554 0.109523163854442 0.0451973795257245 0.0247190593336574 0.0398924643562772 0.0552344566168508 0.0369081750759632
"104" 6.73886654735746e-07 1.22453091559628e-06 2.41795692183821e-06 1.18323496132326e-06 6.9836013424541e-07 1.39322779947164e-06 7.16671923416172e-06 1.33308077859966e-06 6.80628008551288e-07 1.26654028839111e-06 2.7971885777383e-06 1.22072967022021e-06 6.29099746915704e-07 1.00424257116475e-06 1.42005386308714e-06 9.80940748492137e-07
"105" 0.0274874768469088 0.0512444586953153 0.0829511793421598 0.0402629427721707 0.0288283724334507 0.0619651590860438 0.199677887531392 0.0448684166150875 0.0281730734941682 0.0561614086801985 0.110435663212142 0.0425028766055608 0.0258767707176097 0.0426144326923286 0.0562981248237931 0.0356409888400458
"106" 0.0280515519570339 0.052642868962528 0.0795452507747464 0.0388567516880901 0.0295512738042826 0.065230634829657 0.175923640333769 0.0431640898079328 0.0289123508046089 0.0591143677201549 0.109228552088797 0.0412358195042527 0.0264966565079617 0.0440938590282348 0.0566234678431884 0.0350002494716365
"107" 0.0286320817787006 0.0540292594547256 0.0761527686595295 0.0375436222033992 0.030307996522582 0.0687978079321939 0.155724371100735 0.0415796077248368 0.0296910235912909 0.062382969129123 0.107019653531007 0.0400216836047309 0.0271465007865944 0.0456586187454391 0.0568000345243356 0.0343587096598388
"108" 0.0292291890372003 0.0553878552960506 0.0728329617726461 0.0363149210095697 0.0311006683557285 0.0726968914254047 0.138868322253111 0.0401034137228682 0.0305122873578973 0.0660182085328002 0.103984745942276 0.0388593881541692 0.0278284913745925 0.0473133802620346 0.0568235964286907 0.0337189158398403
"109" 1.23740338693084e-06 2.34980823257133e-06 2.53223318118113e-06 1.31528281279496e-06 1.340756520747e-06 3.44658709830688e-06 4.11894676544334e-06 1.44127057948095e-06 1.32293787671838e-06 3.17460733508348e-06 3.65825695117488e-06 1.41879849216645e-06 1.19660987734939e-06 2.10189354712112e-06 2.22578949992255e-06 1.26591578956262e-06
"110" 0.030473149463976 0.0579468732286358 0.066560161093651 0.034080561008379 0.032803089922544 0.0816058226240813 0.113112830134504 0.0374356253734076 0.0322971699099732 0.0746497578718453 0.0962877631229704 0.0366842819850265 0.0292987596091667 0.0509097840162215 0.0564131244462835 0.0324531425975147
"111" 0.0311197118324902 0.0591049444684979 0.0636479142445558 0.0330619979803196 0.0337178283472528 0.0866594457874063 0.103230338800728 0.0362268752332328 0.0332691338501199 0.0798142669664255 0.0920306015590468 0.0356679065586521 0.0300925921393905 0.0528580709298266 0.0559888311909436 0.0318307053927884
"112" 0.03178376683147 0.0601596086177777 0.0609011767361475 0.0321021992786481 0.0346795877264265 0.0921326636473113 0.0948306003669832 0.0350914557126047 0.034300633583026 0.0856838986715142 0.0877085931671103 0.0346953147772585 0.0309291644277483 0.0549035592474437 0.0554240319443743 0.0312157316944537
"113" 8.30840984762375e-06 1.57782562157365e-05 1.68285710027366e-05 8.75865443014413e-06 9.01087102283549e-06 2.32908145702708e-05 2.71116532915228e-05 9.59297693748509e-06 8.89296748156117e-06 2.14580370330185e-05 2.43123783853039e-05 9.45044037708385e-06 8.03918143539826e-06 1.41374843047667e-05 1.48711589094657e-05 8.44377008652273e-06
"114" 0.0333565242244522 0.0629007362783951 0.0564546723755746 0.0304008256585779 0.0368870313168337 0.106109390808106 0.0816930722794872 0.0330010322544925 0.0365620839068747 0.0990304800451249 0.078326759836239 0.0327676330743512 0.0326492839437914 0.0585098991279503 0.0532137269234067 0.0298623357605309
"115" 0.0342815844543326 0.0646309883667069 0.0546469000651702 0.0296486302785647 0.0381509633858494 0.115137698113233 0.0764921978426877 0.0320457520389145 0.0377927182535254 0.106265133100175 0.073717719712557 0.0318325966611402 0.033517224419437 0.0599064774358268 0.0517003767699496 0.0291500346687588
"116" 0.0352525388425311 0.0662741742546175 0.0528817382683007 0.0289298497333754 0.0395031916425119 0.125271100257841 0.0718614798204914 0.031143578135835 0.0391058730718513 0.114074192198476 0.0695468113357487 0.0309478204619809 0.0344229459419758 0.06120824065369 0.0501980386437163 0.028466094250894
"117" 5.49684248609529e-05 0.0677861825104254 0.0511642161201651 4.65942080860306e-05 6.13377283425039e-05 0.136460625320327 0.0677184429648389 5.02839329767366e-05 6.07456845566358e-05 0.122330637645378 0.0657713764045616 4.9956529782075e-05 5.37164463304734e-05 0.0623936359132767 0.0487219027044909 4.58246665231574e-05
"118" 0.0373387782190765 0.0691274927589079 0.0495014890170132 0.0275832715618046 0.0425088976399958 0.148465745567931 0.0639965006632987 0.0294816769677363 0.0420149336420461 0.130760169923236 0.0623458626204133 0.0293154600009365 0.0363571692910675 0.0634351760459461 0.0472796126312368 0.0271804399282605
"119" 0.038459123477889 0.0702586931871142 0.0478982743368219 0.0269521318829102 0.0441848851220695 0.160704628558279 0.0606392329338464 0.0287147361575624 0.043630902283392 0.1389016444556 0.0592296472875091 0.0285610930653844 0.0373890086989073 0.0643062062007836 0.0458768207577593 0.026575957270818
"120" 0.0396342989618709 0.0711431450852937 0.046357334835269 0.0263470302201933 0.0459941027954911 0.172119064996762 0.0575989134672708 0.0279862457846782 0.0453701807621684 0.146092100265644 0.0563869416629005 0.0278439477570308 0.0384660385384102 0.0649825361497921 0.0445175072684336 0.0259953056886691
"121" 0.0408667031068831 0.0717499142998253 0.0448799019865328 0.0257665382250309 0.0479524703339518 0.181180742995614 0.0548351447891237 0.0272934165337761 0.0472466025124277 0.151531648490767 0.0537864320129867 0.0271613803415194 0.0395895518522048 0.0654441342695214 0.0432042741473402 0.0254372705594762
"122" 0.0421585435141141 0.0720565690883045 0.0434660334250634 0.0252093159728659 0.0500784218579528 0.18622773341627 0.0523136621177669 0.0266337195497803 0.0492759815560332 0.154460922033574 0.0514008179614406 0.0265109874553193 0.040760551640689 0.0656766800609582 0.0419386083948942 0.0249007025858689
"123" 0.0435117210548873 0.0720513877081464 0.0421149077141471 0.0246741069976986 0.0523933881185534 0.186139551323351 0.0500053164111314 0.0260048570798882 0.0514764340619642 0.154410346930289 0.0492063316951978 0.0258905798894463 0.0419796417633229 0.0656727549953347 0.0407211110223084 0.0243845155054026
"124" 0.0449276799748778 0.0717345703886421 0.0408250627202946 0.0241597333485792 0.0549223816832406 0.180937045357371 0.0478852239784069 0.0254047369385914 0.0538687478196501 0.151388408537608 0.0471822800692495 0.0252981596504256 0.0432468924333233 0.0654324854323333 0.0395516917469566 0.0238876835054933
"125" 0.046407312252203 0.0711183505023054 0.039594656490452 0.02366513423573 0.0576948299737592 0.171770568113441 0.0459321427306272 0.0248314956761178 0.0564769204232655 0.14587828235514 0.0453107086193775 0.0247319451168711 0.0445617678206442 0.0649636528985854 0.0384298009120933 0.0234092815147106
"126" 0.0484858311986742 0.0709663657863199 0.0388207034789325 0.0234329057890271 0.0614397763764247 0.161879037684955 0.0445814727166773 0.0245379601975866 0.0600047315087203 0.140033938861967 0.0440244177361003 0.0244439055846245 0.0464337500581675 0.064960953526753 0.0377432638382646 0.0231896006789564
"127" 0.074377629710596 0.103140898505235 0.0556031443087195 0.0339149525617922 0.0964434549325703 0.219496501883963 0.0632189756270729 0.0354399121539567 0.0938888674595742 0.193618629382806 0.0624850226532965 0.035309065570041 0.0709722881235437 0.0946026513949233 0.0541386361577703 0.0335742239021245
"128" 0.0710413736226512 0.0956016826788979 0.0509683474911349 0.0312360238088188 0.0932869030705072 0.195446200888056 0.0575730908965136 0.0325874816927992 0.0902333629794056 0.171503409261582 0.0568389928250932 0.0324524304470737 0.0671437987094071 0.086718871138074 0.0494776348673798 0.0308802488213495
