"V1" "V2" "V3" "V4" "V5" "V6" "V7" "V8" "V9" "V10" "V11" "V12" "V13" "V14" "V15" "V16"
"1" 0.72642554936169 1.11113770815317 0.657182784547554 0.387698041002365 0.906432544911289 2.50912061048499 0.787659350540682 0.408574983227378 0.886093753814251 2.16676644141599 0.774989719357022 0.40682204549881 0.697175974198149 1.01762216541972 0.635894771686722 0.383259750654052
"2" 0.800390392527822 1.23613782800817 0.739980269626583 0.435014750895076 0.994390934345879 2.79347277609786 0.893190089109244 0.458940365214022 0.972633229527495 2.4117233113184 0.878664949186365 0.456962756363626 0.768752105126142 1.1324578805271 0.715691842759817 0.430005538124674
"3" 0.869928048307065 1.35712114499264 0.823346958184341 0.482246447870167 1.07581825227317 3.06622259952244 1.00173246834543 0.509394761893046 1.05288720807052 2.64724954687887 0.985365456843662 0.507179089508561 0.836234179404377 1.24380659292786 0.796019610768392 0.476659810381112
"4" 0.933217309973783 1.47111906714463 0.905868431774584 0.528507996976797 1.14846875756224 3.31944612403149 1.11188893931752 0.559021412934116 1.12468314499498 2.86680890896467 1.09383138033854 0.556584099144723 0.89788488948211 1.34903346182969 0.875508722467926 0.522370244909333
"5" 0.988731338059415 1.57541930043105 0.986072194909515 0.572977465229799 1.21049967293306 3.54567999466099 1.22220645052814 0.606977383981109 1.18620845727617 3.06428472505022 1.20283285921969 0.604337372274984 0.952207153065201 1.44570305976105 0.952846619967532 0.566332547231444
"6" 1.035209359578 1.66761277020269 1.06262603986561 0.614904516729325 1.26053235527932 3.73839191623692 1.33132974302406 0.652489680553618 1.23609807667576 3.23430040028439 1.31125852806696 0.649678484369313 0.998008884589209 1.53169882550564 1.02682672067245 0.60782281701824
"7" 1.07181273945308 1.74578425733872 1.13432809940513 0.653639842215917 1.29770695468478 3.89230035834211 1.43797422875028 0.694887808599759 1.27349156112068 3.37248484746831 1.41815922861318 0.691951915092226 1.03445963416122 1.60530448073381 1.09638682391616 0.646221629985906
"8" 1.09808130439675 1.80853188460394 1.20008464801833 0.688647106261734 1.32168648522326 4.00341633657361 1.54093339251289 0.733617970351905 1.29803451431788 3.4756606298708 1.52274537357403 0.730619810720767 1.06109786014119 1.66525591018924 1.16063225551066 0.681025987588928
"9" 1.11392931460136 1.85482711607376 1.25897569991649 0.719504910958777 1.33262493039041 4.06957156602109 1.63908532082526 0.768248587663482 1.30985115860532 3.54194638612103 1.62440924198199 0.765278364122756 1.07782129469991 1.7107515126612 1.21884579619061 0.711865574912478
"10" 1.11960887585476 1.88428781624182 1.31025092567268 0.745924728179057 1.33110266508034 4.09028443054674 1.73135704460133 0.798469270204797 1.30948233961353 3.57078290620695 1.72271967789716 0.795636517150759 1.08484604886963 1.74144255938226 1.27048769931187 0.73847953069517
"11" 1.11565511358155 1.89697106567449 1.35327196956118 0.767707859588534 1.31804308788754 4.06649873646718 1.81682578352 0.824085461752226 1.29780532823759 3.56286390869253 1.8173924625384 0.821532638638328 1.08265869759753 1.75739783822962 1.3151900470071 0.760732486591722
"12" 1.10282028122381 1.89336003630037 1.3875920281948 0.784773072527636 1.29462060378245 4.00080721394854 1.89451352809741 0.845016165566289 1.27594570576554 3.52002277926759 1.9083013042093 0.842917689433159 1.07195781817676 1.75904589079688 1.35275014995342 0.778599434306377
"13" 1.08201579763606 1.8743018286276 1.41292032884567 0.79713698097542 1.26216751538972 3.89684270806866 1.96360736045043 0.861286080289511 1.24518821831566 3.44503789143482 1.99544069939352 0.859862129046669 1.05359608340249 1.74717013659761 1.3831138644547 0.792160716480294
"14" 1.05425560663236 1.84097822507807 1.42913259887811 0.80491589650986 1.22210069943938 3.7594673971664 2.02337469488807 0.873024091509881 1.20690268140435 3.34156399444708 2.07890269346631 0.872539733649789 1.02852680602672 1.72273329565463 1.40639827398626 0.801596801605645
"15" 1.02061023369106 1.79481336378458 1.43628644431294 0.808320032106971 1.17585413406642 3.59395371400166 2.07321313878259 0.880471930493719 1.16249460276134 3.21363553023297 2.15889877022498 0.881245205828257 0.997758005095098 1.68703270029846 1.42288716112849 0.807194532188761
"16" 0.982171993161193 1.73743212454224 1.43463094142829 0.807655098680236 1.12483324195119 3.40619933002882 2.11268540244732 0.883971112155842 1.11328595378369 3.06586412885192 2.23564447012856 0.886387138864567 0.962331139751452 1.64145068298537 1.43299623724821 0.809339251046599
"17" 0.94002644749707 1.67065383639977 1.42463325172366 0.803324286965149 1.07038737273762 3.20213286123331 2.14156487121328 0.883984102095824 1.06064680742943 2.90290373908829 2.30942428183354 0.888489966881775 0.923275199028692 1.58751063515581 1.43730196804573 0.808513304383324
"18" 0.895235716020439 1.59635660852111 1.40695022526346 0.79581956746704 1.01377325998032 2.98762263170008 2.15988546446995 0.881061244475153 1.00579744428988 2.72940525846768 2.38047222651574 0.888190332559565 0.881604898135435 1.52684279634426 1.43651667003224 0.805296275914071
"19" 0.848822440314108 1.51651655271984 1.3824416620106 0.785713447717939 0.956170022540388 2.76822518407795 2.16787800911566 0.875850796694487 0.949886928000537 2.54989335216604 2.44886948733786 0.886227785778232 0.838289607505441 1.46111455134707 1.43148534865992 0.800349348980455
"20" 0.801753934923996 1.43311250804898 1.35211527528632 0.773638414814319 0.89864873375874 2.54901920149129 2.16602566552187 0.869076674114049 0.893974344299296 2.36854088535334 2.51467173298711 0.883418369401036 0.794266749967704 1.39198842623737 1.42310737493745 0.794399351085093
"21" 0.754927416888569 1.34805951917298 1.31711831718802 0.760261694622214 0.842175642324717 2.33447336368443 2.15501955917696 0.86149783495935 0.839011756957314 2.18917610597202 2.57744914328144 0.880636368545623 0.75039405218956 1.32111288119704 1.41236609914433 0.788205276239445
"22" 0.709154441345598 1.26316377217368 1.27866347325275 0.746266135193594 0.787593136512012 2.12835680709471 2.13569487357558 0.85388066424479 0.78583489998783 2.01506371660499 2.63671940251335 0.87876742234439 0.707450652515287 1.25003445593949 1.40018419545256 0.782546815568386
"23" 0.6651444048882 1.18005909450052 1.23793952579137 0.732300430740815 0.735616493645728 1.93368803668995 2.1090680489458 0.846966450130139 0.735153717497201 1.8489318742805 2.69173447132022 0.878649079593117 0.666123022836964 1.18015346405388 1.3874840190584 0.778170260931694
"24" 0.623487146457416 1.10014395556593 1.19618858218298 0.71895616769606 0.686823065737686 1.75271845338602 2.07608671027374 0.841426443168261 0.687546825197919 1.69291849995656 2.74121435130388 0.881099231763344 0.626978436999961 1.11262193498216 1.37500542038413 0.77575902851067
"25" 0.584646074741446 1.02460164292578 1.15443423740932 0.706741521733402 0.641645288103582 1.5869628346829 2.03781825010195 0.837813342406575 0.643430298144181 1.54880209133104 2.78391116027198 0.886774852373506 0.590467738154385 1.04850501267954 1.36340880196113 0.775738624575207
"26" 0.548946766291812 0.954307412039442 1.11359642510566 0.696058490987809 0.600362361074772 1.43720943602214 1.99523022810901 0.83654981037273 0.603107843540603 1.41675090539703 2.81829015143949 0.89622703284813 0.556909408501142 0.988574884037133 1.35317500152525 0.778727690159223
"27" 0.516584404151999 0.889850573685541 1.07440572407493 0.687156941783548 0.563123379340939 1.30370219091949 1.94923223945112 0.837921261786319 0.566722037242208 1.29821709688839 2.84271925570989 0.909703308047548 0.52648505457677 0.93331228598823 1.34446407023556 0.784958112553224
"28" 0.487628897771562 0.831540029487947 1.03744365395807 0.680209088849254 0.529934586422217 1.1861183523404 1.90067125757459 0.842021670207693 0.534273296690089 1.19260427885173 2.85587534435437 0.927416888879854 0.499266606608689 0.883047205383265 1.33737569959357 0.794496915278731
"29" 0.46202256498546 0.779458767593269 1.00304914884833 0.675222629222856 0.500715492259703 1.08361519990174 1.85035085981917 0.848795233595358 0.505690093476219 1.09963458405968 2.85680449113337 0.949257628381752 0.475212304242176 0.83786889518274 1.33182915936904 0.807297846216449
"30" 0.439647478869603 0.733476888763183 0.971450654984188 0.672114658923498 0.47521153008994 0.99523841103889 1.79899406171435 0.858026279665668 0.480741859625347 1.01861055409273 2.84495421732853 0.974897545387325 0.454195981622173 0.797695309510112 1.32762797841974 0.823116401462081
"31" 0.420294842213862 0.693317131971869 0.942726384393189 0.670705533674848 0.453201890728371 0.919743096315823 1.74734873000269 0.869372050788577 0.459208316115217 0.948648668572297 2.82046662021014 1.00381152601049 0.436027381418923 0.76232555968586 1.32448304805443 0.841551210249964
"32" 0.40371476691061 0.658587960297321 0.91686150655593 0.670750185462425 0.434374026840051 0.855823992649083 1.69617225954428 0.882379426351439 0.440785160313289 0.888758365159535 2.78424630921248 1.03527763328286 0.420467687133596 0.731462912718034 1.32209713598885 0.862046654066406
"33" 0.38964320431427 0.628840233466099 0.893786717841199 0.671960190225557 0.418413315338649 0.802160016016039 1.64626996804223 0.896514131518103 0.425159847834946 0.837921638945282 2.73791208550991 1.06839728135518 0.407266066625051 0.704765726508827 1.32019053722112 0.883930999472402
"34" 0.3778132512908 0.603612194180951 0.873414578137057 0.674024928203034 0.405005323848003 0.757470850308128 1.59846293441658 0.911183393083374 0.412026961029352 0.795143465994647 2.6838321026865 1.10213402532261 0.396168678619984 0.681885229334272 1.31852895031074 0.906440331416332
"35" 0.367972897605533 0.582457198156824 0.855630700246511 0.676632067250084 0.393857626571247 0.720647664301108 1.55364577632289 0.925791440439032 0.401102153600673 0.759515781419459 2.62495485451166 1.13543579239142 0.386937192662796 0.662492231052368 1.31695585286248 0.928748640387287
"36" 0.35989644158083 0.564978278897901 0.840362136456943 0.679483497283084 0.384710507149822 0.690674969183755 1.51272842783521 0.93972973748247 0.392132881641712 0.730236188510949 2.56465773275452 1.16700112068183 0.379358637225178 0.646286973971197 1.31539563971497 0.950085540624142
"37" 0.353390378734713 0.550813333481082 0.827558636103368 0.682306939783016 0.377342449952087 0.666710235897737 1.47650978629961 0.952422564590293 0.384915440630254 0.706628249605944 2.5065213460854 1.19571738153826 0.373250331082239 0.633025568443327 1.31385481550485 0.969502438259718
"38" 0.348293793406575 0.539638215989924 0.81712374087812 0.684864285922726 0.371571012678424 0.648046400461421 1.44598064598189 0.963330118980415 0.379238023343078 0.688096287561883 2.45407856658641 1.22048021211243 0.368461649718984 0.622450842383158 1.31228942722617 0.986271006751565
"39" 0.344477601776055 0.53124819222978 0.809116004295135 0.686954522500232 0.367250045525645 0.634158757707663 1.42182314922324 0.972118837726936 0.374985703788544 0.674247544420501 2.41056361187949 1.24030380538111 0.364865572049172 0.61445051624275 1.31092139821399 0.999700595908325
"40" 0.341839291516062 0.525472589490463 0.803485478542824 0.688416191096854 0.364260238062981 0.624661298329759 1.40463342798558 0.978267114650442 0.37205471002309 0.664701963594653 2.3786728902309 1.25437176983742 0.362382731133247 0.608911326108059 1.30977646847929 1.00922114517419
"41" 0.340295707686115 0.522135336726472 0.80019602568017 0.68912562772243 0.36252042451484 0.61918726185555 1.3948158963547 0.981561387317705 0.370341911469358 0.659215017319326 2.3603573446083 1.26207976907379 0.360925148719481 0.605694618972397 1.30890793921919 1.01440970870028
"42" 0.339786694824861 0.521115926070242 0.799220069520268 0.688995394097094 0.361951169557757 0.617500521777774 1.39254723231732 0.981827878794926 0.369777988687072 0.657557062819571 2.3566685457461 1.26306581579752 0.36043138796753 0.604706795401505 1.30831655972442 1.0150091780753
"43" 0.340254447123673 0.522313913259198 0.80046759909066 0.687970937647896 0.362490192926352 0.619416614238825 1.39775252444076 0.978994114758714 0.370300784165748 0.659557272070523 2.36767106889881 1.25722651535053 0.360846526409578 0.605851567272456 1.30792667701029 1.01093661148651
"44" 0.341644502993817 0.525635620707702 0.803810247051127 0.686027051286315 0.364069081567945 0.624781020257893 1.41009586590645 0.973086153713321 0.371841260680436 0.665055861751634 2.39241751737162 1.24471631934915 0.36210800297013 0.609024969512808 1.30758421572435 1.00228264973802
"45" 0.343908145921827 0.530985400219496 0.809093534076469 0.683164628400844 0.366666359334972 0.633473364284183 1.42898702207908 0.964221701321786 0.374376801423601 0.673912148008796 2.42899702263056 1.22593079768116 0.36419395372629 0.614102047336455 1.30705560159063 0.989299226136899
"46" 0.34699309131117 0.538254178497606 0.816118305672726 0.679407923519807 0.370187635920774 0.645401650835834 1.45360373439375 0.952599526860712 0.377810567936694 0.68597785429965 2.47466015616487 1.20147482808466 0.367015155940364 0.620945210005777 1.30604029869503 0.972378751286111
"47" 0.350843618902921 0.547387161163255 0.824652195094308 0.674800910354229 0.374582879712575 0.660402882040325 1.48293009283412 0.938487519051319 0.382089605187826 0.701092918217517 2.52598849578898 1.17212117272207 0.370521146794775 0.62939321334083 1.30419104281839 0.952025981961608
"48" 0.355400950498862 0.558231123722128 0.834440664259996 0.66940599347234 0.37978567633787 0.678403713366872 1.51580904912217 0.922206867890747 0.387143878788481 0.719078114950711 2.5791268844997 1.13875843500913 0.374645872422619 0.639265041077013 1.30113999691547 0.928825360581239
"49" 0.360597404770474 0.570674875031074 0.845218822959428 0.663301750242172 0.385718981277733 0.699262850769819 1.55100695692988 0.904117870690307 0.392892151294762 0.739728695945647 2.63003853235578 1.10233960614125 0.379313268666068 0.650355505448192 1.29652795026784 0.903406794259765
"50" 0.366364376239793 0.5845898726253 0.856725757468954 0.656581484808919 0.392303835245218 0.722824987926759 1.58728720243152 0.884604515845275 0.399251123347052 0.762805471648667 2.67478539459288 1.06383127627688 0.384445763918994 0.662456248373501 1.29002753677817 0.876412777169527
"51" 0.372626314779361 0.599831403460463 0.86871965028887 0.649329018930245 0.399452863749444 0.748900336592677 1.62348930071757 0.86406503040157 0.406127981298089 0.788030417507252 2.7097805070756 1.02416847984799 0.389958558536675 0.675320106879886 1.28139162709995 0.848469346127463
"52" 0.379368084690969 0.616376349633206 0.881236491991784 0.641719895641347 0.40714365991991 0.777434780980432 1.65860917886764 0.8428961049226 0.413497366615486 0.815277798928948 2.73203302791082 0.984221782763801 0.395828644085878 0.688864405945188 1.27099959190558 0.820162680247707
"53" 0.386302129300108 0.633635533432163 0.893375617712625 0.633860597375164 0.415049035522531 0.807593485091896 1.69187647180653 0.821488225221535 0.4210245893552 0.843562158945589 2.73933425370939 0.944768715975574 0.401756580433583 0.702335522689914 1.25711617886352 0.792022329906056
"54" 0.393531984167884 0.651817402211309 0.905768293256217 0.625900809167005 0.423273250932841 0.839548431341012 1.72281908867487 0.800219253923258 0.428818455237008 0.873042150789488 2.73039444019239 0.906482094826758 0.407842905617921 0.715949959180951 1.24144168930527 0.7645112181927
"55" 0.400886281147634 0.670561056387728 0.918126015933881 0.618003995521742 0.431621853952203 0.87269121034044 1.7513207561069 0.779451158755192 0.436668381771753 0.903006949508278 2.70489365152215 0.869923439360546 0.41391119745553 0.729268257532228 1.22356507619154 0.738021817322668
"56" 0.408255896481632 0.689614484998378 0.93047831462291 0.610346860353903 0.439954278207492 0.906488545425803 1.77765021124715 0.759528502615107 0.444442583182655 0.932881892325848 2.66346993976669 0.835549346157621 0.419847121857357 0.741991846081507 1.2037278322823 0.712877350717892
"57" 0.415517483370931 0.708699080328751 0.942913465095078 0.603118203917101 0.448123640841416 0.940323626401469 1.80265755813878 0.740778686216763 0.451991540361315 0.962033846590331 2.60763346657109 0.803717979660038 0.425531843900394 0.753836019630258 1.182254960983 0.689336556025693
"58" 0.422545134110441 0.727510353067467 0.955589768892499 0.596517002579139 0.455974142057438 0.973404937504659 1.82694764215992 0.723509167759893 0.459160822386141 0.989783858045092 2.53974226905774 0.77470254844758 0.430842929962891 0.764515510999378 1.15953510737171 0.667600175401947
"59" 0.429207005786496 0.745723197659598 0.96871545137834 0.590749616599354 0.46334416240914 1.00520333678126 1.85202128878972 0.708012608389475 0.465793850571032 1.0154275468573 2.46235637367208 0.748704058572025 0.435658391498002 0.77375583847841 1.13599721273143 0.64780426966075
"60" 0.435370678663459 0.762999107329855 0.982498606522771 0.586026136621995 0.470070708770781 1.03501563266971 1.87967736458064 0.694561278877689 0.471734588230809 1.03826475565594 2.37865720824972 0.725864804445988 0.439859202019944 0.781234365620453 1.11208588109641 0.63010190777354
"61" 0.440906741380603 0.7789668441876 0.997268534871724 0.582556081337424 0.476008877290008 1.06168938581258 1.91146780410449 0.683408213664693 0.476839912241865 1.05760606614083 2.29181489727755 0.706276676100287 0.443338631395793 0.786833483747261 1.08823441068793 0.614516746946487
"62" 0.445720187357628 0.793382252884972 1.01325829583734 0.580543257806215 0.480993174701251 1.08464955897371 1.94905387807818 0.674784511385559 0.480960590894507 1.07286047341498 2.20485929912527 0.689991214813371 0.445985987389105 0.790319342540039 1.06484455434454 0.601100463043281
"63" 0.44965147456642 0.80585163468993 1.03070563698575 0.580180761941374 0.484906960119786 1.10320930276476 1.99389946567601 0.668894735781626 0.483988989125787 1.08351398645789 2.12034816778465 0.67702512684979 0.447725582423235 0.791552480851527 1.0422640395738 0.589836605559805
"64" 0.45263737565906 0.816121708798251 1.04982393206549 0.581646978647283 0.487647898718622 1.11680335753868 2.04713157173803 0.665949712185783 0.485835117551829 1.08918883606315 2.04079057198282 0.667378954349578 0.448495863488204 0.790451851761766 1.02077081831968 0.580744759973322
"65" 0.454612117718209 0.823976772416404 1.07069499550464 0.585119072779645 0.489115944108139 1.12500182823644 2.10936666126666 0.66601351796744 0.486440019096357 1.08966412414972 1.96770708556074 0.660953758590306 0.448259958457919 0.786985894523586 1.00056515262475 0.573753457137871
"66" 0.455536701011924 0.82925585089743 1.09338140291045 0.590675117905013 0.489329539188563 1.12756331972754 2.18059617443767 0.669291389320415 0.485779263587819 1.08488069967085 1.90213021530916 0.657697456708926 0.447007951191818 0.781198249789663 0.98176060312214 0.568783826253398
"67" 0.455400974211841 0.831867451149998 1.11780994292874 0.598481871622151 0.488260621654987 1.12443041420393 2.26007246570024 0.675834261014087 0.483864577786653 1.07496267390745 1.8444213981236 0.657445610498426 0.444757652876542 0.773189333311024 0.964390888861102 0.565730209787667
"68" 0.454223610784316 0.831792941154364 1.1437950439674 0.608602702373244 0.485972838338198 1.11573970068448 2.34630619782 0.685701468441836 0.480742844558558 1.06019918035712 1.79471935469454 0.660129549181817 0.441553939322427 0.763116674731669 0.948434090536707 0.564448843924461
"69" 0.452051435088297 0.829088040621554 1.1710055456548 0.621091783958803 0.482479186150821 1.10180902994606 2.43705600310005 0.698907007244376 0.476472866617998 1.04102720862353 1.75187480297352 0.66553685399542 0.437465932598074 0.751186539238262 0.933714491000026 0.564811668292493
"70" 0.448956252428945 0.823877307478251 1.19918755367694 0.635974861545771 0.477908770804466 1.08311920813325 2.52943802749267 0.715437638382277 0.471205667801702 1.01800795826348 1.71531235252188 0.673473175179415 0.432574003535 0.737645516341634 0.920109642186551 0.566637246369881
"71" 0.445030736165409 0.816347478572853 1.22773692749025 0.653245448696945 0.472386621539605 1.06028169507508 2.62007701407497 0.735242314492061 0.465071679932046 0.991792432670156 1.68368783698901 0.683707882555912 0.427017216815479 0.722768232967665 0.907450326752984 0.569744125924091
"72" 0.440383767738255 0.806737327304184 1.25614628376577 0.672865762852446 0.466055867866211 1.03400226652524 2.70524408209767 0.758233876063597 0.458176263033128 0.963085776925575 1.65566596126456 0.695994048336474 0.420881610313083 0.706826889063302 0.89545514558696 0.573940358934238
"73" 0.43513553036717 0.79534237507444 1.28388006192777 0.694760841273667 0.459071466752308 1.00504203794148 2.78128277805338 0.784285762611641 0.450697646020043 0.932611668628445 1.62992162844446 0.710077343199214 0.414303206821197 0.690167508649708 0.883993702542988 0.579030476427742
"74" 0.429415383109213 0.782435199770246 1.31032079142335 0.718813226837999 0.451595989855712 0.974179631770634 2.84468208333811 0.813214782874303 0.442792184908854 0.901079920823041 1.60521393492807 0.725666502151551 0.407409018085284 0.673043873584045 0.872834702565396 0.584821114639413
"75" 0.423343549633485 0.768361511483625 1.33493986380287 0.744855490605612 0.443781669698185 0.942177931762339 2.89247125868072 0.844785219294476 0.434622129988606 0.869160054104328 1.58056501404103 0.742490377970298 0.400324103591861 0.655739005039023 0.861856259448978 0.59112441050523
"76" 0.417054706861012 0.753453251089503 1.35725834581577 0.772661499407956 0.43579110804204 0.909757153367185 2.9224910312975 0.878689791529966 0.426332842136548 0.837461759881941 1.55519711070795 0.760234677911683 0.393168709881353 0.638515980341066 0.850948441954292 0.597760519828919
"77" 0.410671509550659 0.738035277256128 1.37689245764201 0.801937392938124 0.427769107010924 0.877574872890437 2.93340961834134 0.914540111596538 0.418073738137079 0.8065222881253 1.52863315128287 0.778595141738354 0.386056374054098 0.62161734772685 0.840034308117143 0.604561101610045
"78" 0.404309083406914 0.72244333134131 1.39358128058412 0.832313770600771 0.419857819511201 0.846218413789976 2.92510261587494 0.95185731188362 0.409971065903223 0.776805178881863 1.50071373536712 0.797252397353589 0.379093026627744 0.605260957288116 0.829124051262302 0.611371682719682
"79" 0.398078975715543 0.706991486233404 1.40720231130123 0.863340217977596 0.412174074742272 0.816196332021496 2.89856046767821 0.990062706961996 0.402147406622409 0.748697633906098 1.47155065821169 0.815880654019731 0.372376884912044 0.589643987241241 0.818273139586535 0.618050291227575
"80" 0.392084078889983 0.691975434543138 1.41778203756007 0.894485412956376 0.404841623276807 0.78794367002308 2.85588981561766 1.02848160493996 0.394711405861457 0.722519777077658 1.44153913190278 0.834138906247303 0.365995693002832 0.574947403399155 0.807587531298367 0.624472829282475
"81" 0.386427620368769 0.67768901934083 1.42549340109517 0.925142176697912 0.397971992121364 0.761827900682005 2.80019340809132 1.0663467804078 0.387770508376989 0.698533551310133 1.4112870816427 0.851707585080407 0.360040019657432 0.561327501315241 0.797219635466128 0.630526416562208
"82" 0.381200066873914 0.664384332239966 1.43064255428717 0.954642157543172 0.39166243807115 0.738155130511226 2.73538497544326 1.10281691643552 0.381415787171607 0.676953732121191 1.38157088251076 0.86824626010907 0.354585612989053 0.548950678722285 0.787357953640312 0.636113649247435
"83" 0.376488960937552 0.652319648160886 1.43364853427086 0.982275004545739 0.386006336166789 0.717193824726028 2.66593608168874 1.13700073727464 0.375733733814063 0.657959154767121 1.35327771709782 0.883430685491447 0.349707097640287 0.537937423787068 0.778217179740248 0.641151600226344
"84" 0.372376968688027 0.641728685685098 1.43500895826846 1.00731881677632 0.381090682679912 0.699164307860342 2.59659002871625 1.16799409358458 0.37080594881247 0.64170335766412 1.32734628605691 0.896954453099203 0.345474826158438 0.528422424512893 0.770027033266149 0.645572208952242
"85" 0.368942436954947 0.6328275878038 1.43526191428002 1.0290749159398 0.377003480617822 0.684264632832582 2.53205887331105 1.19492281251674 0.366715175320804 0.628324355171731 1.30471009723427 0.908539596574524 0.34195600175936 0.520528811194061 0.763021120098345 0.649323166301566
"86" 0.366266065763382 0.625815234180962 1.43494749311312 1.04690699077855 0.373811060189054 0.672676657291375 2.47672682885414 1.21699074434848 0.363523606803432 0.617953787993031 1.2862443682394 0.917948415691286 0.339215572265814 0.514373907106448 0.757426731930682 0.652369408145489
"87" 0.364408484763116 0.620874469030432 1.43456774668283 1.06028112867799 0.371594703634119 0.664575859096166 2.43438047621676 1.23352879477238 0.361308616891256 0.610725919016372 1.27272286340416 0.9249958192239 0.337323347218988 0.510072349444765 0.753456485249485 0.654695273364594
"88" 0.363446829359862 0.618174734001751 1.43455274339854 1.06880324477906 0.370430076751939 0.660143406312267 2.40798301672734 1.24404063382295 0.3601428132524 0.60678652212334 1.26478310873568 0.929561347243799 0.336332532816547 0.507739369357401 0.751302604525452 0.656307312332937
"89" 0.36345465814441 0.617876752747155 1.4352350424705 1.07225040608893 0.370395924417098 0.659578641290856 2.39931983073735 1.24824077177175 0.360102567577722 0.60630552860378 1.2629036576086 0.931599970666929 0.336316982547326 0.507495395023231 0.751134990468154 0.657237645302283
"90" 0.364511151738766 0.620138297974683 1.43683790183923 1.07059296504949 0.371578221512856 0.66311302411987 2.40982647469429 1.24608122247828 0.36127211912392 0.609488340062208 1.2673945521841 0.931150774075545 0.33734600186248 0.509471889638865 0.753100128093547 0.657547661689619
"91" 0.366705622647399 0.625123603489406 1.43947281825693 1.06400521104459 0.374075268886147 0.671026821512065 2.43869750121128 1.23776397034388 0.363748593739568 0.616592474683717 1.27839331494463 0.92834269365562 0.339518420554539 0.513819879561718 0.757328844396553 0.657331719561854
"92" 0.370136773921396 0.633012541461228 1.44315389267221 1.05286330361093 0.378003419248398 0.683674219763109 2.48478638850144 1.22373777538595 0.367647626516867 0.627942550645364 1.29588371232588 0.923396586376651 0.342931062724457 0.520717067439991 0.763940249999681 0.656720774973912
"93" 0.374941506863448 0.644010754378755 1.4478195647445 1.03773041184148 0.383496959280964 0.701493357822995 2.54578293314429 1.20467929949853 0.373103277530005 0.643948081641326 1.31971002544804 0.916623031988131 0.347707879295766 0.530376925635643 0.773052185627948 0.655882985039275
"94" 0.381263318206061 0.658358320371996 1.45336453134116 1.01933008703471 0.390737156639281 0.725030253866434 2.61856256621599 1.18145991243465 0.380296299575306 0.665118427476211 1.34960200446102 0.908415969033921 0.353997904652044 0.543055304568728 0.784787568723352 0.655025445215445
"95" 0.389278359389846 0.676335160489374 1.45967413197652 0.998509802258344 0.39991849616803 0.754950737083876 2.69941260345941 1.15510066537265 0.38942584968023 0.692078049391483 1.38520054369693 0.899238677020456 0.361981624492096 0.559053947903495 0.799280743250964 0.654391864118863
"96" 0.399190299364352 0.698261135147613 1.46665466513822 0.976197266546431 0.411277709482925 0.792047170981365 2.78425969968356 1.12671818367415 0.400714799838249 0.725547809024577 1.42607779418629 0.889609487662386 0.37185360429843 0.578718117583618 0.816677522248742 0.654254838551689
"97" 0.411225602452069 0.724480981330473 1.47425701755984 0.953351968565071 0.425067198471435 0.837234467003447 2.86893712363678 1.09746766183407 0.414425774116864 0.766376144661744 1.47175307030924 0.880076648865814 0.383839653535247 0.602433632731755 0.837119927185215 0.654906573679248
"98" 0.425625391067769 0.75535799063297 1.48248853763734 0.930916096962655 0.441572453639802 0.891525052095812 2.94943923091121 1.06848112275151 0.430846647511531 0.815512295656333 1.5216753109799 0.87120437707538 0.398173690460415 0.630598058744978 0.860773520634465 0.656644800506711
"99" 0.442632612160411 0.791282809699818 1.49138812186143 0.909765920833743 0.461078327431324 0.956030911108292 3.02214410179303 1.04081475764768 0.450258260432207 0.873919598971211 1.57530339649836 0.863504136605339 0.41513226654652 0.663605584366235 0.887741268395699 0.659752775394634
"100" 0.462456151999257 0.832559716671772 1.50110225898641 0.89066752336728 0.483844273697552 1.03186098559007 3.08399260552192 1.0153843194239 0.472929700787025 0.942595537494211 1.6319632329147 0.857457903910207 0.434912991056982 0.701810993848236 0.918079407649447 0.664477412312011
"101" 0.485313634841593 0.879426261727673 1.51173159798064 0.874269787837057 0.510136763636967 1.12009314883416 3.13261771966673 0.992929658212538 0.499081063053035 1.02247082903168 1.69089529297339 0.853453781911629 0.457701561962623 0.745490949152917 0.951732357020191 0.67100907108992
"102" 0.511325188348278 0.932004770383004 1.52324723252639 0.860942889883597 0.540119422133452 1.22170582378641 3.16635809012111 0.974021202135946 0.528922622069742 1.11436196829227 1.75122979528827 0.851749957496568 0.483613593670029 0.794796605783002 0.988597271216682 0.67945269030924
"103" 0.540536218930208 0.990244924815568 1.53572526617792 0.850952139292863 0.573898750124674 1.33747064728544 3.1844808194543 0.958891899050072 0.56254013225472 1.21881948902313 1.81194139602998 0.852466903439708 0.512705434888294 0.850219972026473 1.02828856118877 0.689808836446281
"104" 0.572906549359942 1.05389056875909 1.5489994491569 0.844319770396356 0.611468869094128 1.46787897432609 3.18668928604903 0.947595588207618 0.599924720463824 1.33612695943152 1.87184363958631 0.855566265891509 0.544947184078287 0.910048797350885 1.07032651728112 0.701929275244112
"105" 0.608270636512669 1.12246096794822 1.56278833011553 0.840908943308447 0.652699726297907 1.61304146385773 3.17361517545549 0.940014158389989 0.64094243490945 1.4663539348984 1.9296103754588 0.860792234257781 0.580151941405629 0.975297831807436 1.11401621350547 0.715659890145085
"106" 0.646338786718308 1.19522912804422 1.57663518871264 0.840333565469262 0.697339324843442 1.77262697288406 3.14552547551168 0.935720960040751 0.685334196263266 1.60884632841983 1.98377256765471 0.86784676496183 0.618027289019869 1.04491302179402 1.15847100611431 0.730432315593905
"107" 0.686704417346377 1.27122675816709 1.5899245497591 0.842061317734749 0.74499097780556 1.94573535759513 3.1041768611296 0.934127325253919 0.732698002210856 1.76260296793859 2.03269514520985 0.876178903499396 0.658156717315376 1.11782078382735 1.20265066822697 0.745944897924961
"108" 0.728830730414343 1.34923484228359 1.60189114942672 0.845426501677358 0.795126436982586 2.13094455095031 3.05070081084908 0.934493397100044 0.782499813949091 1.92609382436104 2.07503579815267 0.88516527318716 0.70000064602492 1.19290265115426 1.24536839643928 0.761546491857168
"109" 0.772076873826606 1.42782769953299 1.61166169280234 0.849673586732616 0.847090630340309 2.32611799402053 2.98649110935321 0.935978248038794 0.834077545489192 2.09720738979841 2.10973762705759 0.894058490645538 0.742908325560583 1.26878622303177 1.28532749307597 0.776587219652367
"110" 0.815701108415296 1.50546437700751 1.61830648687525 0.853986176121045 0.900108126319175 2.52856687406958 2.91283495379264 0.937693210794205 0.886650125666233 2.2732776340262 2.13331948891076 0.902111279155403 0.786133724530791 1.34392372458236 1.32136540987248 0.790381025672195
"111" 0.858882781780081 1.58042316907718 1.62089119139491 0.857571175936554 0.953297287223814 2.73479217748094 2.83098183348759 0.938733907635668 0.939330516075337 2.45110780496192 2.14672708962595 0.908548679436716 0.828850403761472 1.41665211762405 1.35216611289957 0.802239614084459
"112" 0.900733120394316 1.65091526189725 1.61851615336061 0.859623068808887 1.00567709568197 2.9407507085832 2.74201751868389 0.938236839182472 0.991136368558614 2.62701334238295 2.1482957881743 0.912632707183066 0.87016827870072 1.48523265384279 1.37658909180158 0.811505930895401
"113" 0.9403101409728 1.71513275882587 1.61038534840493 0.859433475675406 1.05618108357135 3.14177975673078 2.64681090923426 0.935428847667771 1.04099992691405 2.7968858165726 2.13748147985997 0.913691384347424 0.909149004386619 1.54790181008279 1.39365511056265 0.817578467225475
"114" 0.976629214621889 1.77127406932283 1.59580705606098 0.856360872679436 1.10366088960342 3.33271369177892 2.5462798766482 0.929617895722683 1.08777746656484 2.95628875853123 2.11389365516834 0.911141242344289 0.944820345428428 1.60291837315835 1.40254916079313 0.819934958630924
"115" 1.00868443291408 1.81759296417391 1.5742535510933 0.849867788697189 1.14689256171267 3.50801417550327 2.44104209951835 0.920232119008971 1.13025812384129 3.10057819678848 2.07766190447278 0.904502202268442 0.976188894835416 1.64860833295065 1.40265445700445 0.818140792795762
"116" 1.03545272396419 1.85243856853657 1.54534867158953 0.839523388709349 1.18460115708217 3.66195678543688 2.3316088709548 0.906821153354005 1.16718880117109 3.22505416735519 2.02909651271409 0.893403626370252 1.00226375310451 1.68340559752369 1.39356482843807 0.811857998312533
"117" 1.05592319230538 1.87430663663143 1.50887567322561 0.825004027947977 1.21548283441164 3.78884736454677 2.21847427750986 0.889061795961385 1.1972867936778 3.32514283553035 1.9687948282561 0.877590844667816 1.02206876155966 1.70590884338471 1.37507814383567 0.80085130269309
"118" 1.06912789719905 1.88189365647545 1.46477897043012 0.80610033017654 1.23823794041332 3.88330813569705 2.10205157098872 0.86674836486593 1.21928591982717 3.39660620007777 1.89757049841895 0.856917504903442 1.03467806095898 1.71491311382366 1.34718756950733 0.784982811826289
"119" 1.07417338773342 1.8741429364132 1.41315724793327 0.782707039820238 1.25162845706177 3.94056505067282 1.98273021776742 0.839795279811293 1.23198517730295 3.43577364670635 1.81639585652057 0.831348613671473 1.03925322963554 1.70947319215581 1.31007961172129 0.764216465450547
"120" 1.07030428428777 1.85033002458906 1.3542671491276 0.754831405536623 1.2545452284179 3.95677677616967 1.86090198638184 0.808235389935837 1.23431184866051 3.43977088835755 1.72637215626582 0.800961379436283 1.03509245515974 1.68895817554561 1.26412271505302 0.738620793656389
"121" 1.05694939952905 1.81012264098565 1.28852689775725 0.722595745408826 1.24608759759084 3.92932996404699 1.73700020500713 0.772222009273921 1.2254159085107 3.40675612831051 1.62869475906713 0.765943157905198 1.02167773244443 1.65310954434023 1.20986329878914 0.708368904247705
"122" 1.03380071660787 1.75364059738623 1.21652342682645 0.686243120239726 1.22564864781973 3.85710000935617 1.61153481228558 0.732032853769457 1.20472051479863 3.33610104913503 1.5246474582531 0.726603594742277 0.998740662019372 1.60209748928287 1.148026089656 0.673751300921951
"123" 1.00083309650069 1.6815146385035 1.13901925348368 0.646141893596059 1.19299333183848 3.74063591994274 1.48512503563155 0.688073915670779 1.17202869514613 3.22854364223119 1.41559076164544 0.683373062146359 0.96630671075673 1.53655078470317 1.07951308027477 0.63517697172314
"124" 0.958386829451697 1.59491418551699 1.05695359328298 0.602790394741069 1.1483314294816 3.5822593016749 1.35852425799571 0.640880426762374 1.12757015630072 3.08622320087155 1.30296130694828 0.636810870255152 0.924735283801263 1.45759486643386 1.00539917213533 0.593175890862705
"125" 0.907161922215816 1.49552359541176 0.971440920874056 0.556808398574709 1.09233877841969 3.38594815438743 1.23263160289781 0.591111823289131 1.07204089603427 2.91265993429506 1.18826712858989 0.587592380293398 0.874739219027795 1.36683275514774 0.926920058702927 0.548398165025833
"126" 0.84823415356524 1.38554061340355 0.883739130165071 0.508928781453204 1.02618276803562 3.1573280880822 1.10848496130442 0.539538552223379 1.00658455949751 2.7126157653854 1.07307421980832 0.536501472903893 0.817376022952931 1.26630654884616 0.845448053449491 0.501596855340397
"127" 0.782994981295706 1.26755222260775 0.795222558379309 0.459969615576945 0.951469998239097 2.90322762009914 0.987240242598152 0.487017252318243 0.932853642494666 2.49186259434224 0.958978855725611 0.484407275698931 0.754013106086793 1.15842150551764 0.762454634475186 0.453609872280635
"128" 0.713109160836626 1.14445105189653 0.707342003899524 0.410805714095652 0.870184743768034 2.63136876113906 0.870113602303658 0.434459225577985 0.852745620196713 2.25686948516654 0.84757277069026 0.432225244343055 0.686271328058447 1.04583945094418 0.67945978217433 0.405323004211419
