"V1" "V2" "V3" "V4" "V5" "V6" "V7" "V8" "V9" "V10" "V11" "V12" "V13" "V14" "V15" "V16"
"1" 0.594089484866829 0.0528273599983116 -0.224389457044017 -0.0390207002417763 1.13171407476768 -0.617699577344144 -0.0205367558367323 -0.0230877489679413 1.07058567804268 -0.239504417935204 -0.0394536170661535 -0.028773039313982 0.545526805584857 0.0682519931724278 -0.240302371512368 -0.0376517735853401
"2" 0.870997202403674 0.081899561724156 -0.336868248133354 -0.0553238067981177 1.63771637019373 -0.840410800951935 -0.0282479683066869 -0.0286053066806283 1.53766888304573 -0.386681133494907 -0.0516486642301208 -0.0355762728712232 0.784515636388608 0.0736580707642904 -0.357154092004855 -0.0529324255142001
"3" 0.956424275603508 0.0758955545016615 -0.390693491213477 -0.0563190486014026 1.76467388608024 -0.814330870143655 -0.0250962830090271 -0.0178899452194948 1.64154632269182 -0.464631078756638 -0.0447015079523908 -0.024474201984833 0.840895116272162 0.027671178987258 -0.410675192826668 -0.0536040749782423
"4" 0.884035678901764 0.0276325208089986 -0.389377896704978 -0.0464289478792038 1.60760495896535 -0.66186919805344 -0.0142841429424979 0.00139198094271564 1.48872174072944 -0.437118989526023 -0.0289630102717733 -0.00527172459163694 0.767130966270234 -0.0319810992814475 -0.409404366827557 -0.0452783320848713
"5" 0.654521897397044 -0.109585201260161 -0.351386120673204 -0.0223384165751075 1.17136669282568 -0.347844429512987 0.0104236797553031 0.0404787014304127 1.08793811075733 -0.291384693180561 0.0016250554390938 0.0318064230339523 0.56719721024368 -0.138781320021348 -0.374681221005621 -0.0267294221645393
"6" 0.383922446310008 -0.290658146126696 -0.29988041641901 0.00436641436068619 0.689291691488083 0.00981374478504131 0.037951806796765 0.0822936119754444 0.652464840547123 -0.125017428304369 0.0346270125438801 0.0704923464248193 0.339843600293454 -0.261315737542585 -0.326604932109472 -0.0070940638101149
"7" 0.150592760428221 -0.470169747325443 -0.253391884780016 0.0268345417722851 0.29859385328269 0.371813845340365 0.0610421794909051 0.117337635172213 0.295095444300577 -0.0291963935750841 0.0650904973806639 0.103186728581804 0.138939875606698 -0.390124469906814 -0.27921802938436 0.00943652284197238
"8" -0.0319229637216571 -0.624253528531186 -0.21388048430697 0.0436614831965917 0.0153248424978963 0.70979658166587 0.0774809050566288 0.142785130842987 0.0273388333045442 -0.00601605963577834 0.0903950430528038 0.1276207160661 -0.0258852785140053 -0.510517504277571 -0.234417500901055 0.0221346560282702
"9" -0.177273573889893 -0.739233032171494 -0.177749097133911 0.0556635698948428 -0.194523645177926 0.992590498368976 0.0875192716866737 0.15938472517582 -0.177328130298804 -0.0124775315200329 0.10875466824942 0.144128213039787 -0.161749815664756 -0.605155664839682 -0.191283329654312 0.0316543056807141
"10" -0.294308116676268 -0.801068530660284 -0.144288865331349 0.063503570913495 -0.357377187193497 1.18790953174162 0.091567729102719 0.168413279514795 -0.338907084067752 -0.00793832449519664 0.118698262296246 0.153617027403183 -0.272679472386484 -0.659458670045243 -0.151951407825996 0.0385840636046746
"11" -0.383595478232509 -0.797877470362374 -0.115369584679712 0.0673858077186564 -0.483672245502911 1.27104012440095 0.0897959991424116 0.170781907064348 -0.465042949250195 0.032084368592716 0.11923431854132 0.156871956144188 -0.357746221538877 -0.664192675888029 -0.120263207591144 0.0431866303892283
"12" -0.44386483190966 -0.725404818509303 -0.0922929588045748 0.0674001112529068 -0.577200776202128 1.23391660748055 0.0823517656388985 0.166966222265575 -0.55840748679279 0.115168818155104 0.110162356892525 0.154338677954463 -0.415350525828919 -0.616320400206338 -0.0982604019835973 0.04557113647967
"13" -0.475608054289549 -0.589175964050867 -0.0741736538317697 0.0637246845477891 -0.640829616607862 1.08891054951952 0.0694859271268865 0.157020081531402 -0.621353539245932 0.232852886318949 0.0922138725437923 0.146075081039695 -0.445716169471771 -0.51915051524563 -0.0844638664051449 0.0458180607240335
"14" -0.481657505327185 -0.403300589189556 -0.0580396516276576 0.0566711579756591 -0.677973690361102 0.865234892902783 0.0516130875311923 0.140721878089484 -0.65710770411525 0.36492860654287 0.0669324732161824 0.131885437832803 -0.451273869280646 -0.381541241098702 -0.0742859658578943 0.0440296047726241
"15" -0.466530830505239 -0.187133675733032 -0.0398327554783667 0.0466668006167901 -0.692547975542849 0.600150002424896 0.0293609255506207 0.117846627611174 -0.669627735632065 0.487155891200001 0.0363602808823784 0.111585931055422 -0.436096520258871 -0.216150135315123 -0.0616761129274557 0.0403556372134943
"16" -0.435482287940821 0.0387064647675464 -0.0156058166038512 0.0342185505591038 -0.68860361889894 0.329432708905624 0.00359128789401761 0.0884389605331452 -0.663160902480423 0.579025798357626 0.00267595853815114 0.0852671218749848 -0.405072446308846 -0.0372218196188975 -0.0409799242449087 0.0350069000773203
"17" -0.393670956520402 0.255691611265395 0.0175307659062602 0.0198772013924784 -0.66999018265559 0.0806942889203847 -0.0246258196174927 0.0529808495762644 -0.64182956074617 0.62854758583778 -0.032092067177872 0.0534455100623781 -0.363145386092878 0.141500618658492 -0.00829912633754404 0.028251866119394
"18" -0.345615336064485 0.449426011326864 0.0608973036659652 0.00421521521872492 -0.640138204524261 -0.129201220251635 -0.0540767948823404 0.0124249175028978 -0.60934359337301 0.6331984461321 -0.0662277856175013 0.0170678210242858 -0.314767378244011 0.308363715446993 0.0379252031541508 0.020394056102683
"19" -0.294981308172844 0.610121979458137 0.114103536281316 -0.0121471238945753 -0.60198218340386 -0.293482316478452 -0.0834576024048053 -0.0318410041654063 -0.568849120410063 0.59824679749957 -0.0983924190046037 -0.0226167535784594 -0.263587978771687 0.454818563260058 0.0970313393370263 0.0117144118112158
"20" -0.244722379356311 0.731298019969102 0.174979628946762 -0.028365139723099 -0.558040938649539 -0.413727619043884 -0.111314404777873 -0.0779281694147459 -0.522866048349941 0.534916789376456 -0.127698566621052 -0.0643225556731402 -0.212283581753874 0.576257096547059 0.166741124530714 0.00231677123182905
"21" -0.197573744204101 0.806563295144321 0.239210456543523 -0.0429067046433682 -0.510666945028349 -0.499051435007948 -0.135776583285316 -0.123092876722057 -0.473245129110116 0.460516727063518 -0.153930024382087 -0.107195593639306 -0.162380431837217 0.67334590892668 0.24412536334591 -0.00822936560963683
"22" -0.156603128956508 0.826347167075156 0.299847135471589 -0.0530020983659668 -0.462312020346879 -0.565612913698556 -0.154269049486735 -0.163287067752857 -0.421196886524688 0.399078213946129 -0.17780770713576 -0.151353705170851 -0.11422490790503 0.753317773040135 0.326788765182672 -0.0213809489047012
"23" -0.12496493528366 0.779744956699194 0.347932725541096 -0.0548582196181752 -0.415410471732964 -0.631916095024193 -0.163858322112797 -0.193556697803298 -0.367513634680076 0.375741218522716 -0.200711697226643 -0.197917835865196 -0.067397731373083 0.828039644912536 0.413616734613428 -0.039573717917559
"24" -0.104433432280838 0.665905650220699 0.375274411884383 -0.0455311035960301 -0.372026083258912 -0.706744397631725 -0.162731941661781 -0.209990648963654 -0.313474412344244 0.40091805836212 -0.22314987313485 -0.247442474176336 -0.0219790588204179 0.90559771921502 0.503148273810346 -0.0645888249480979
"25" -0.09329699438566 0.496384729327328 0.378577850696295 -0.0242988077279241 -0.331294234004775 -0.785274232785727 -0.15124245987847 -0.212220638041632 -0.25885713322808 0.462299728531724 -0.244386164951776 -0.300569606247913 0.0223904417034745 0.986512967934707 0.595463342704301 -0.0972041268932209
"26" -0.0883201814775525 0.301725296655927 0.358499334638826 0.0061043206817688 -0.292977254580061 -0.848472428527831 -0.131983072799092 -0.202353697048553 -0.206210031483663 0.530252662053919 -0.260665502309306 -0.353473453079824 0.0627644606385787 1.05809881463145 0.683467910861324 -0.134824612520045
"27" -0.0857567545098126 0.11000995317311 0.319045501008588 0.0418433204250891 -0.25591812729675 -0.881323732748831 -0.108103428646884 -0.183859754133836 -0.157026324400402 0.579564745921337 -0.267984320285286 -0.401940716468103 0.0968765475819371 1.10732098908538 0.758813147499024 -0.174226153502323
"28" -0.0832941543798499 -0.061005261255074 0.264565237765972 0.0795124949406649 -0.219563501579865 -0.878931516684006 -0.0820880754241453 -0.159465866852104 -0.112329228354535 0.600137507649393 -0.26276730272933 -0.441705224615738 0.123252804743776 1.12592774399565 0.811595326669006 -0.212364206272465
"29" -0.0799794201051538 -0.202933676056297 0.199337693848545 0.116305325347254 -0.183966538402203 -0.844319690330253 -0.0558120500246212 -0.1310665479907 -0.0727610950188673 0.593731575654161 -0.241913725049094 -0.468713471292981 0.141175801364594 1.11099384382245 0.831017743015607 -0.246569521252347
"30" -0.0754976471595238 -0.311974806273408 0.128227556819902 0.149494429113975 -0.149454334739611 -0.783202455736502 -0.0310756958855005 -0.100394722735688 -0.0387653191642837 0.566294018518164 -0.202433317207858 -0.478935248785011 0.150339536864322 1.06254621971948 0.805668848709507 -0.274219021323294
"31" -0.0696897906837921 -0.385834856479953 0.0570610172607832 0.176111435436283 -0.116392851793795 -0.70096659175218 -0.00989953284120718 -0.0694470437364816 -0.0106837123679354 0.523485605756659 -0.141335370598963 -0.468312530549177 0.150630452040371 0.981768290089414 0.723997437131775 -0.292533247043075
"32" -0.0624035207162097 -0.422880084001733 -0.00762717910658361 0.193031428881563 -0.0850988146577831 -0.601951414602422 0.00552718215565332 -0.040483993578024 0.0112415887520863 0.469502399526435 -0.0559653907237538 -0.433089030076395 0.142091948306952 0.87040225029878 0.575531830286391 -0.298691204597564
"33" -0.0535058393228603 -0.422512796344385 -0.0593583037596022 0.197391645389524 -0.0558076217382709 -0.489722874741834 0.0131376931171337 -0.0157465244991033 0.0269426491236059 0.4072561481679 0.0551631049215721 -0.370619945600069 0.125020491689609 0.730856963174292 0.353343244958224 -0.290260221657913
"34" -0.042948780054131 -0.386190624813235 -0.0928584228326447 0.187291828210657 -0.0286298741632304 -0.367629081048549 0.0114452465489816 0.0030069796857668 0.036676130344368 0.338843308371618 0.190982804733158 -0.280744292279901 0.100162473270305 0.566660234078894 0.0581492197016393 -0.265944574791467
"35" -0.030849544951494 -0.318845313920153 -0.105427140567654 0.162699207910958 -0.003475365942919 -0.239417969412293 9.91989262564275e-05 0.0150659242708631 0.0412409600251661 0.26599543115018 0.346011802906482 -0.167643830240992 0.0689853868958298 0.383080586618007 -0.296106558977773 -0.226598248057607
"36" -0.0175614327982235 -0.230277141076743 -0.0981822035079897 0.12631875755427 0.0200329981253215 -0.109788721226866 -0.0196030541297329 0.0212859929612463 0.0421994836988286 0.190438055491007 0.508519607929834 -0.0416774127869717 0.0339436986244144 0.18771604008574 -0.676714605567419 -0.176228246809185
"37" -0.00370515017451946 -0.135658516526085 -0.076645763767383 0.0839633664258422 0.0425856606515578 0.0153412210748179 -0.0444885351147178 0.0243136145334719 0.0419533937475155 0.114121679140765 0.659847400731721 0.0799470826522262 -0.00143170320112013 -0.00930329623740067 -1.03015136702229 -0.122399990650546
"38" 0.00987426211367422 -0.0540123881034478 -0.0500922976682211 0.0438467545975721 0.0650572056884044 0.12914525317074 -0.0698430702992323 0.0282352842901219 0.0434754960081222 0.0392911396498743 0.776364988977624 0.175154022397554 -0.0328480424552007 -0.195956989007979 -1.28806644701648 -0.0752846318941529
"39" 0.0222416575236155 -0.00405713826726266 -0.0293891513725735 0.0145012414233551 0.0881679583430072 0.224925151104946 -0.0904428322012674 0.0375168174477989 0.0495889495037046 -0.031615148822141 0.834849309820688 0.222427520084237 -0.0560923120834006 -0.36006531751296 -1.38372126387738 -0.0449462140205394
"40" 0.0325639979213352 0.00155647412739046 -0.0238711950039292 0.00184541245090541 0.112021845495837 0.297600197395491 -0.102025730505257 0.0554918225402778 0.0619726542247834 -0.0961834068465412 0.819946869771138 0.208342405111157 -0.0681957532330708 -0.491698239546236 -1.27478440691581 -0.0375567137013473
"41" 0.040277753112955 -0.0391355273863689 -0.0386166307320788 0.00679049590561154 0.135759548434048 0.344934773273704 -0.102542155796342 0.083065100645727 0.0803787428586943 -0.15225781058845 0.730156032530404 0.133602957926852 -0.0683731474590518 -0.585186515310565 -0.96152615954769 -0.0523800421182035
"42" 0.0451541303884466 -0.11655094608992 -0.0734207012744457 0.0247061817318427 0.15755694050486 0.367835242933989 -0.0925592751571285 0.118264718746809 0.10252573825178 -0.19809992491798 0.578941321112408 0.0141674136693215 -0.0582168242362702 -0.639726358718943 -0.489985629336949 -0.0812755562500644
"43" 0.0472409437794962 -0.213046979683363 -0.123823044019529 0.0470561329661692 0.175012955168481 0.369553820924208 -0.0746573610612436 0.156807561984585 0.124766545114064 -0.232436574341732 0.390212659796419 -0.123309525768283 -0.0410270104075752 -0.658327174237545 0.0622188345246082 -0.111107586647943
"44" 0.0467311062699002 -0.308708405631055 -0.183340028203345 0.0642104904738181 0.1857288486031 0.354290874234212 -0.052252765323101 0.193237091289005 0.143157801138694 -0.254416915099254 0.190811809075871 -0.249038424078943 -0.0206803274029095 -0.645824309218155 0.609238705513726 -0.127685057369096
"45" 0.0438382598791246 -0.386388667684055 -0.245555145928425 0.0679372152986604 0.187795022616893 0.32595282127489 -0.0285240458361637 0.221948360986365 0.154380100540201 -0.263536462064793 0.00396802826283277 -0.336663056515944 -0.000640264649095057 -0.607080778810836 1.07726805215693 -0.119185218757337
"46" 0.0387282692553384 -0.434284317959321 -0.305265866381472 0.0527165625816407 0.180030838331907 0.287502354196548 -0.00583758546782903 0.237703405751997 0.156202220624984 -0.259574782300603 -0.154041590302464 -0.366585324881761 0.0165492527182342 -0.546033272179049 1.41485649177592 -0.0779052912040008
"47" 0.0315075715494994 -0.446098351208555 -0.358660845020559 0.0158881275676394 0.161984493596368 0.240886517717514 0.0143233728057157 0.235636290794668 0.147501187641316 -0.24255490214144 -0.274106564984916 -0.326124544260866 0.0293004406436816 -0.465565081266659 1.59350345039305 -0.00036608705328689
"48" 0.0222425333788232 -0.419826461500185 -0.402934818966082 -0.0428782085823174 0.133789500338554 0.187280830497427 0.0311410813407124 0.210966164671178 0.128025689883893 -0.212708278578972 -0.352717846422254 -0.207869540502317 0.0367555802625145 -0.367819253758961 1.60268238066659 0.113550055200928
"49" 0.0109845146500557 -0.356230112819325 -0.435797133229685 -0.122265801620389 0.095983372052124 0.127399492091511 0.0441863992024437 0.158675543203309 0.0980987815584976 -0.170434993729337 -0.389988215330083 -0.00765227564773596 0.0385062978203181 -0.254588800315032 1.44356104043871 0.261703185234211
"50" -0.00220481284815383 -0.257694301554924 -0.455210987251958 -0.219788958200121 0.0493825895463095 0.0617759520302358 0.0532301043065305 0.0734791140057576 0.0584034912247056 -0.116298109723609 -0.388094378387393 0.276713220264252 0.0343875701828561 -0.127665750974219 1.12425448836818 0.440513495243966
"51" -0.0171673726258156 -0.128181391895348 -0.459447170878574 -0.331729169571698 -0.00476829538755631 -0.00878747809746339 0.0581496573593382 -0.0490470724638379 0.0100770201254336 -0.0513528321316987 -0.350720859766782 0.643874837466173 0.0244638259818823 0.0104435216976504 0.659647538838439 0.644750988977343
"52" -0.0333386344734193 0.0240683865931828 -0.448090273523065 -0.451614242629837 -0.0638114240948605 -0.0819381556512779 0.059039354573513 -0.20744813671298 -0.0443281948984059 0.0214088951971016 -0.284608880254631 1.07905348634881 0.00946491210557371 0.15418381806464 0.082822715470475 0.864314659119024
"53" -0.0490920935954526 0.179663720779176 -0.425057749171866 -0.566341515260487 -0.121393459906316 -0.151098285708192 0.0567698654822832 -0.3828272945 -0.0985513840217243 0.0939013439269176 -0.204143458933404 1.53092851521623 -0.00810697830608481 0.289976586398629 -0.525859298519167 1.07618909013975
"54" -0.0612078644007319 0.302392738508035 -0.401290165226157 -0.653115455414906 -0.165608759814753 -0.203303620984898 0.0534996564839926 -0.528901879106467 -0.14074261972461 0.150369014266601 -0.135179084204094 1.89232333780467 -0.0230394890195531 0.392242858230354 -1.01466153084828 1.23778256260822
"55" -0.0658471683228475 0.349875055597905 -0.391049349746871 -0.686010103874891 -0.182510641056199 -0.223117029315273 0.0519684460979092 -0.587000798619728 -0.156971021625384 0.172111091374842 -0.107578573921443 2.03325100303042 -0.0290131947887026 0.430986850503455 -1.20531003766592 1.29936163830219
"56" -0.0612079940820573 0.302338993395029 -0.401226868607169 -0.653062339821993 -0.165590789420501 -0.203294468495863 0.053490122717186 -0.529020610151161 -0.140727601877879 0.150361657565977 -0.135214157266076 1.89234733615313 -0.0230446108360692 0.392205313441413 -1.01451702463171 1.23773439955111
"57" -0.0490888641853511 0.179555430801006 -0.424999500841554 -0.566256338562524 -0.121357474833569 -0.151070767188402 0.056763108339088 -0.382909487984774 -0.0985192387994243 0.093875594865922 -0.204214671382196 1.5308323570173 -0.00810777946508567 0.289897970913669 -0.52551039792543 1.07608158521736
"58" -0.0333389470154897 0.0240065728594402 -0.448088493950181 -0.451560008874704 -0.0637929704584938 -0.0819246101596705 0.0590466537987417 -0.20749209337032 -0.0443116702194178 0.0214028753216796 -0.284648872257163 1.07901274187055 0.00946278211697993 0.154142915093998 0.0830092160649754 0.864252146002904
"59" -0.0171717828506499 -0.128217259105697 -0.459551711177264 -0.331674462058299 -0.00476438131190839 -0.00878618931129363 0.0581858787455043 -0.0490144868236198 0.0100821945935232 -0.051338879163036 -0.350746160421438 0.643824218383015 0.0244636713364834 0.0104403361322452 0.659754755820779 0.644704128358423
"60" -0.00221241737423453 -0.257708049527255 -0.455362454125348 -0.219738556288638 0.0493757599893735 0.0617661544962092 0.0532798175600877 0.0735292833402859 0.0583996430616396 -0.116268945029861 -0.388107068424079 0.276693104533649 0.0343868877688499 -0.12764115351774 1.12428139118725 0.440486470665874
"61" 0.0109795654804263 -0.356234670143726 -0.435892302931961 -0.122238303122512 0.0959775735071337 0.127391694523666 0.0442173244300341 0.158707650980905 0.0980950665063221 -0.17041563115519 -0.389994507114075 -0.00765874553040469 0.0385059661503567 -0.254569537965414 1.44356515132166 0.261691882930226
"62" 0.0222411715162238 -0.419828981986114 -0.402962997386457 -0.0428701379747904 0.133788123111552 0.187278812401374 0.0311501031044714 0.210976392467748 0.128024950698337 -0.212703197562738 -0.352721159799106 -0.207873312975254 0.0367556988436547 -0.367814221123431 1.60268917834712 0.113546496903986
"63" 0.0315074821927249 -0.446099469239633 -0.358664426572718 0.0158898848241674 0.161984684776182 0.240886783613363 0.0143244851579042 0.235637844603158 0.147501398745041 -0.242554641214767 -0.274106994179705 -0.326126461122536 0.0293004519449188 -0.465565466489117 1.59350661260479 -0.000367801913093047
"64" 0.0387282027166545 -0.434282805696495 -0.305265328428788 0.0527161255091703 0.180030461611589 0.287502110026247 -0.00583768776684129 0.237702759068903 0.156201809867811 -0.259574244294588 -0.154039786294774 -0.366583175310689 0.0165490353576509 -0.546032635838794 1.41484975486542 -0.0779045914139793
"65" 0.0438381746633622 -0.386388209791657 -0.245555342086062 0.0679367839805194 0.187794705034114 0.325952247827251 -0.028523909126346 0.221948291895357 0.154379866416232 -0.263536095297199 0.00396752675070006 -0.336662360936549 -0.00064020100907286 -0.607079722451942 1.07726743269208 -0.119184377817426
"66" 0.0467311654567336 -0.308710414123164 -0.183340815716954 0.0642113406855441 0.185729320595338 0.354291111597688 -0.0522525372499755 0.193237815144537 0.143158326283828 -0.254417474626246 0.190809498887983 -0.24904128201675 -0.020680055442254 -0.645825007636308 0.609247366349966 -0.127686360998172
"67" 0.0472410135171261 -0.213046163589034 -0.123822547592579 0.0470559516059925 0.175013082331771 0.369554531006541 -0.0746576827382386 0.156807352117686 0.124766511844997 -0.232436777567057 0.390214810113921 -0.123308391457355 -0.0410273013490202 -0.658328386649834 0.0622140946333154 -0.11110749052464
"68" 0.0451540347795515 -0.116548973204958 -0.0734201861148824 0.0247053372960571 0.157556429866204 0.367834855565193 -0.0925594239496324 0.118264152394477 0.102525203503937 -0.198099268986011 0.578943340984497 0.014170094219816 -0.0582170638209715 -0.639725515832073 -0.489993621804249 -0.0812741784374236
"69" 0.0402776427108483 -0.0391383948169592 -0.0386179067582233 0.00679175871515003 0.135759692415797 0.344933688903238 -0.102541431647799 0.0830657973201421 0.0803791980429079 -0.152257705774745 0.730151039747291 0.133598831977128 -0.0683724875094079 -0.585184981246709 -0.961512331585652 -0.0523817170289274
"70" 0.0325641533941741 0.00155768300148956 -0.0238704243096497 0.00184481335777453 0.112022063694647 0.297601378366303 -0.102026229905505 0.0554916691845264 0.061972619240316 -0.0961840792855292 0.819948983881811 0.20834385832851 -0.0681961601427933 -0.491700308888342 -1.27478912579931 -0.0375561130689626
"71" 0.0222416784935394 -0.00405557089445489 -0.0293887584315391 0.014500634713201 0.0881678338592257 0.224925658882627 -0.0904431512444564 0.0375164759605759 0.0495886747599282 -0.0316149857561306 0.834852604079174 0.222430045534396 -0.0560926712085171 -0.360065900331313 -1.38373021086395 -0.0449452984843504
"72" 0.00987407821250406 -0.0540152054856712 -0.0500935717959262 0.0438480694825697 0.0650571610779131 0.129143666589067 -0.0698423013660333 0.0282357813052061 0.0434758383204765 0.0392917920729312 0.776360686573329 0.175150349637559 -0.0328473173987396 -0.19595442886994 -1.28805486502362 -0.0752862906129579
"73" -0.00370505648807175 -0.135657141376946 -0.0766447328965094 0.0839625624913808 0.0425856072432661 0.0153416975038236 -0.0444889264519017 0.0243132889932582 0.0419531891566572 0.114121247964335 0.659847922321817 0.0799483016759064 -0.00143197732104117 -0.0093042840121943 -1.03015384143465 -0.122399071401416
"74" -0.0175613217990136 -0.230275987762996 -0.0981820367306316 0.126318344420373 0.0200331508614186 -0.109787572648942 -0.0196033115652934 0.0212859490729369 0.0421994121096367 0.190437527796702 0.508521841769998 -0.0416757813054227 0.0339433114203166 0.187714289699548 -0.676720021144945 -0.176227672344437
"75" -0.0308496710018024 -0.31884709545848 -0.105428197613437 0.162700118240057 -0.00347534643185826 -0.239418792495098 9.9647990545404e-05 0.0150662646913184 0.0412412022325678 0.265996028386118 0.34601070508895 -0.167645524533242 0.0689857890172259 0.38308212996584 -0.296102604551023 -0.226599323342391
"76" -0.0429488373432075 -0.386190722317413 -0.0928577963616238 0.187291678855628 -0.028630081448351 -0.367629959136178 0.0114451429581197 0.00300671550643883 0.0366760381127428 0.338843744855257 0.190981826441438 -0.280744719858789 0.100162640018677 0.56666139345331 0.0581510053338303 -0.265944520810864
"77" -0.0535057128589428 -0.422511227788712 -0.0593577526991795 0.197390984601479 -0.0558075722548999 -0.489721859716131 0.0131374082133323 -0.015746662386124 0.0269424660840926 0.407255438879293 0.0551640297624733 -0.370618535815772 0.125020085983885 0.730855172864274 0.353340070120634 -0.290259387321584
"78" -0.0624034767735684 -0.422880461872801 -0.00762808346817623 0.193031776495168 -0.0850985736644643 -0.601950595617496 0.00552743499394145 -0.0404836375267476 0.0112417670439123 0.469501899766005 -0.0559649327092919 -0.433089065269149 0.142091900272107 0.870401423037753 0.575531459698496 -0.298691472924361
"79" -0.0696896511947908 -0.385835332168497 0.0570615590397343 0.176111577537733 -0.116392726028874 -0.700966733124593 -0.00989961751387128 -0.0694474175551399 -0.0106834551272882 0.523484621741648 -0.141336113610139 -0.468313739229505 0.150630892062976 0.981769739315723 0.724000244617482 -0.292533797335444
"80" -0.0754934796005643 -0.311961094813958 0.128236371982591 0.149489921401982 -0.149450516468274 -0.783185816957099 -0.0310786975819427 -0.100399584710934 -0.0387632101748524 0.566265968370918 -0.202432525263848 -0.478935467940907 0.150340109804566 1.06253753734845 0.805672174432792 -0.274217532480366
"81" -0.079931604612968 -0.202786854161726 0.199422565998192 0.116262908954335 -0.183919938393131 -0.844135708231767 -0.0558412496798334 -0.131118350573964 -0.0727345827960731 0.593426594853884 -0.241900532251352 -0.468715510996316 0.141182245891598 1.11088509798771 0.831048767418103 -0.246554766783889
"82" -0.082913851445308 -0.0598607814850947 0.265221168641429 0.079207819606363 -0.219192926609295 -0.877604474692318 -0.0823121527965011 -0.159891893394418 -0.112115150218881 0.597873640387127 -0.262662281776097 -0.44172024624972 0.123312045471136 1.12508226247328 0.81181379975833 -0.212243393352729
"83" -0.0836190727929599 0.116167874851059 0.322715988352593 0.0402220555040886 -0.25379620716194 -0.874431588203815 -0.109330509571301 -0.186303460323187 -0.155747391102926 0.567494903189126 -0.267410468756005 -0.40205036256422 0.0972877932186463 1.10270800173941 0.759990864268582 -0.173547703613229
"84" -0.0795701073501608 0.325116878924714 0.373660925144482 -0.00035115393474805 -0.284042848183853 -0.822295971834651 -0.13687729819125 -0.212447864086938 -0.200500902470587 0.483107471854093 -0.258523190623445 -0.354240514318274 0.0649005065764993 1.04018114774669 0.688635650331083 -0.132190206290192
"85" -0.0663173986836546 0.561987790844465 0.425654827481805 -0.0437604655663765 -0.30307423503778 -0.711331350959427 -0.165843115471092 -0.243334199390484 -0.23982989320989 0.324561766615147 -0.238628923291354 -0.30407133970321 0.0303908302484667 0.935140335082636 0.612834399517382 -0.0896999049441369
"86" -0.0397987475747584 0.807672504806086 0.488355211040885 -0.0911748889713379 -0.303054358803382 -0.547250878112935 -0.196372425661975 -0.284206228930938 -0.264817950792407 0.0908718527661662 -0.211476409005725 -0.258261014275673 0.000322726194471434 0.792733911450795 0.54750884302281 -0.0480618023722084
"87" -0.0286123445490697 0.88201075749018 0.511267620769714 -0.106911413819295 -0.298347373873472 -0.488307998347779 -0.206038618600474 -0.299492693799103 -0.268548145168992 0.00590942164008069 -0.20211276929367 -0.245555585874714 -0.00724376631331772 0.742237371362263 0.530599833765481 -0.0354436208141102
"88" 0.0127840371934174 1.08838489143429 0.591516309560646 -0.157593127194431 -0.269748938066808 -0.29877283672823 -0.234448669592389 -0.353211026849761 -0.266311252983782 -0.2703283054359 -0.172155649460656 -0.211736776650366 -0.0235495222431343 0.575620198720266 0.488784924369022 0.00182360635202627
"89" 0.0568292283492188 1.23370042286424 0.674713457297238 -0.206899776522153 -0.226469953701727 -0.129316203837236 -0.255704033813135 -0.408914494928581 -0.246437532652872 -0.51712789930063 -0.143453119389931 -0.185241286049579 -0.029590134348203 0.411713744083268 0.457371611608484 0.0348653645007087
"90" 0.0961969844613946 1.31337337526574 0.746445020596457 -0.251707560508064 -0.177921605484555 0.00423950442940658 -0.265551946004801 -0.458223898106689 -0.216795968297256 -0.70255790493574 -0.11653443859025 -0.161031914236194 -0.0297475406952757 0.260154516066877 0.424163573764599 0.0645109193666009
"91" 0.126925517707442 1.33534792564263 0.793034833931964 -0.289440114256624 -0.130821747683222 0.102513505232785 -0.260867364530998 -0.494780716568353 -0.184011373508178 -0.82098836965222 -0.0913056903962779 -0.135392078186933 -0.0280201157495036 0.124460706313483 0.381232222890201 0.0913982623796379
"92" 0.14768468337875 1.3087740983442 0.802096430831689 -0.317275242994049 -0.0883772130564669 0.171737763681068 -0.238842900102815 -0.513942840987419 -0.151554207684219 -0.879157364440071 -0.0683573674885639 -0.107538975680187 -0.0263082280654937 0.00695283222783372 0.327257989997396 0.114901678465509
"93" 0.158211577343048 1.24012485267772 0.761154795798771 -0.331687586364594 -0.0519240195682914 0.217105128293231 -0.19635143730241 -0.511452600471774 -0.120863088220925 -0.884903031562879 -0.0491232893127425 -0.078786633263495 -0.0250094586779906 -0.0892715213751059 0.265172659011741 0.133255875089739
"94" 0.158496163046539 1.13415308231794 0.657256162319691 -0.328604870500291 -0.0222376519961388 0.241828711094456 -0.129983100121951 -0.48291833251605 -0.0926741177472505 -0.844142970970846 -0.0354793838463571 -0.0513242724113656 -0.0239719295036917 -0.160697686170097 0.199571951766291 0.144132332100131
"95" 0.148639547804454 0.995161283938529 0.478415534204395 -0.303983881580975 6.33631896868256e-05 0.24792788719943 -0.0366465260988208 -0.424238596180448 -0.0675539019440114 -0.761401380041454 -0.0293308545483849 -0.0275004596244699 -0.0229485454063955 -0.204196248504638 0.135388545971284 0.145139382118053
"96" 0.129017575012001 0.827696309089807 0.217203863726515 -0.254886062009932 0.0146175996816607 0.237035492924282 0.0852088538235076 -0.332849803879749 -0.0459261104864043 -0.64106116079024 -0.0321871950660816 -0.00932947237680803 -0.0217189109287408 -0.217908409714744 0.0771529102430493 0.134376921451663
"97" 0.100609374303436 0.637063836066731 -0.123093710568107 -0.181247287459152 0.0216674815305785 0.211173850050546 0.233566173433421 -0.209873182777459 -0.0278802352607602 -0.48894380134203 -0.0446165399889029 0.00208447142909129 -0.0201072179060175 -0.202491682103469 0.0283089799804257 0.11123988694707
"98" 0.0654354067860668 0.429865476026743 -0.520192538160301 -0.0882473078071759 0.0225513000794576 0.173604519605114 0.400136803881957 -0.0629969455493105 -0.0128740364490384 -0.314210162524378 -0.0655875393428736 0.00724576058729287 -0.0179764456697238 -0.16276927135417 -0.00949354292848037 0.0774595319021927
"99" 0.0269390718132537 0.214423112382059 -0.925476113339098 0.0115871921250913 0.0201445438287739 0.129547511913827 0.56797810414415 0.0909779913956672 0.00053984048608291 -0.130996589589303 -0.0919127550785763 0.00886255665264191 -0.0152179952948575 -0.109185852544946 -0.0369584101412506 0.0380193217608671
"100" -0.0100248066286463 0.000758834253963225 -1.26408641931191 0.0983808404534151 0.0188561709813779 0.086252725866008 0.711530257613538 0.226176793128716 0.0147136738046162 0.0415101812509002 -0.118234392293622 0.0118509510705751 -0.0117502140384493 -0.0577508942036282 -0.0572127976189836 0.00117278407250332
"101" -0.0399458444445359 -0.200190593084296 -1.44927230531567 0.148945699459574 0.0237628168814146 0.0518759680849561 0.801285185415805 0.312644588309287 0.0323651359879369 0.181922897412628 -0.138004213982881 0.0222428501638188 -0.00754100083108764 -0.0270808933972026 -0.0750664743206002 -0.0232467914665353
"102" -0.0581490228326587 -0.378115363977603 -1.41081481332842 0.144796696886595 0.0388931412921237 0.0331836657865937 0.813032163107678 0.326230054132323 0.0555057833939375 0.272386443742502 -0.145435832952295 0.0450211818926549 -0.00265571956398555 -0.032583224254269 -0.0954988401853649 -0.027197159853058
"103" -0.06241400657094 -0.525077276611226 -1.12568419048606 0.080783571417171 0.0653849241742214 0.0330553130106893 0.737847192340842 0.259250452629197 0.0842979066549988 0.304811019325816 -0.137638913045173 0.081764971516213 0.00269440469000687 -0.080185044802071 -0.121951126744037 -0.00807247772178599
"104" -0.0537599798042796 -0.636545469569044 -0.632228798147848 -0.030956951653231 0.100651653903502 0.0493105544358444 0.586764392003639 0.125452329108171 0.116561072245195 0.283828189666383 -0.115691690508023 0.129486746813389 0.00814299445359282 -0.163396906827978 -0.155312334522371 0.0295902964468979
"105" -0.0358607897247862 -0.711177087070335 -0.0176349977933347 -0.164628523134816 0.139179485927755 0.0757053011653036 0.386795375227579 -0.044297005399724 0.148318189560643 0.224376106616144 -0.0839567762570559 0.181427795731424 0.0132180067187911 -0.265796979003483 -0.194116916972282 0.0755641337947868
"106" -0.0135257235792122 -0.749702231919531 0.612707326117287 -0.289524860450617 0.174424905213827 0.104402745054126 0.171084049591373 -0.212602080890085 0.175038755204092 0.145632651852692 -0.0481874498110024 0.22919458800605 0.0174279301997289 -0.367195056829311 -0.23561910529877 0.11753415524497
"107" 0.00883214998817344 -0.753728103970889 1.16584442056912 -0.378756556175413 0.200706135656208 0.128451298158705 -0.0309567059252825 -0.346149596532415 0.192869873154561 0.064924296262402 -0.0135990360345744 0.264922302396497 0.0203427531810505 -0.449812645625401 -0.276963626996698 0.144717155937766
"108" 0.0280428574021319 -0.72505728475832 1.57815845588163 -0.414034909137492 0.214244598335386 0.143154193044355 -0.199091943394481 -0.421575904320222 0.199312501950461 -0.00564565661564927 0.0162001287371298 0.282460319918808 0.0216380068047654 -0.501692005168569 -0.315845759310178 0.149873576826877
"109" 0.0422656459635018 -0.665566734696919 1.8169441308512 -0.386050447710031 0.213258214556177 0.146204798325389 -0.322789210973134 -0.426051785346846 0.193278086719566 -0.059547916995811 0.0393127706033061 0.277458938993232 0.0210985779358925 -0.517014450980276 -0.350576188862753 0.129523278505104
"110" 0.0506495874364844 -0.577366101518293 1.87324151680602 -0.292309678349668 0.197511448920675 0.137121760526961 -0.398942838028507 -0.354876728542478 0.174786389814204 -0.0944744305408999 0.0551120329205997 0.246835808419057 0.0185989918409072 -0.494661775354397 -0.379817037809171 0.0831398952945914
"111" 0.0529157047727064 -0.462954159018243 1.75279865604662 -0.134374475310698 0.167744644735904 0.116538796115253 -0.429014279579155 -0.208475689927661 0.144577732643711 -0.110649297098102 0.0636948362228482 0.188126622100369 0.0140776759026917 -0.43640919513812 -0.402270885218964 0.0121291137399435
"112" 0.049040718801223 -0.325245548904899 1.46879449894372 0.084458195017012 0.125207458257277 0.0856405033747098 -0.416751879079304 0.00992195997485457 0.103786867775286 -0.109515411056511 0.0654581765133981 0.0990012453904727 0.00751511799913862 -0.345481126008914 -0.41646823199466 -0.0809849622122893
"113" 0.0390934933988437 -0.167573611181585 1.03755601453645 0.360546827611854 0.0713902594877509 0.0458359773796936 -0.366815742446035 0.295388902838062 0.0537520542534823 -0.0929669562844415 0.0608583765876165 -0.0228372692908039 -0.0010729831231224 -0.225725800483166 -0.420711129016122 -0.193003944491467
"114" 0.0232973997203967 0.00574656683575815 0.479262228498501 0.689047520534271 0.00815659428634739 -0.00120528466535334 -0.28460787293233 0.640030229711992 -0.00385647754178031 -0.0631916107281064 0.0504053639316 -0.178557447492629 -0.0115814155431452 -0.0818505198619752 -0.413357870472352 -0.319810043979386
"115" 0.00258422697838069 0.186757214101138 -0.169961754768341 1.05673763390144 -0.0611081106356913 -0.0527390583074878 -0.178406961256424 1.02583135317168 -0.0660491987929373 -0.0234841230141597 0.0351014993442116 -0.36350274744143 -0.02356632485673 0.0778772678737015 -0.394049265305107 -0.45444256861599
"116" -0.0201107210478385 0.357745013347439 -0.828686177489569 1.42457167835145 -0.128773889660837 -0.102973298749577 -0.0648204888468567 1.40860152568507 -0.126185002051558 0.0196243652517131 0.0175258100375266 -0.556692547936806 -0.0356800982652659 0.235185750699413 -0.36645103925346 -0.58262748707466
"117" -0.0387752521612506 0.486365689561373 -1.34615279426651 1.7126266035782 -0.180761290230166 -0.141475595551763 0.0267675231336678 1.70545108693812 -0.172088645434724 0.0546350245068217 0.00275443299539302 -0.712079799379481 -0.04521050761941 0.356588193618019 -0.340658882021262 -0.67932454272567
"118" -0.0461628111392585 0.535165703897208 -1.54652905768634 1.82419199340657 -0.200685382702756 -0.156208011113478 0.0626183978041357 1.8197225187762 -0.189626799716164 0.0683762674761596 -0.00314360292278892 -0.773042221610337 -0.0489111618399105 0.403206419867596 -0.329870461447931 -0.716024936269068
"119" -0.0387933564186257 0.486428742435362 -1.34640445138475 1.71275460811326 -0.180783012595575 -0.141486810211876 0.0268146351470924 1.70561726743675 -0.172108738315918 0.0546455188657471 0.00274142363179891 -0.712208925829134 -0.0452244527625622 0.356637181648979 -0.340611424796983 -0.679346943466362
"120" -0.0201312436887349 0.357816436035075 -0.828983157974715 1.42470710428034 -0.128800081331527 -0.102988124290881 -0.0647646191970675 1.40881345265371 -0.126208706294307 0.0196400022593506 0.0175119392324188 -0.556841250459599 -0.0356946902892523 0.235246077654022 -0.366402238673127 -0.582659431463284
"121" 0.00257560432457576 0.186784617448541 -0.17007633837633 1.05676506661358 -0.0611185780884142 -0.0527453264417172 -0.178384835875251 1.02593794154426 -0.0660585317943174 -0.0234762035279584 0.035097076415774 -0.363563540134224 -0.0235721737945126 0.0779022024814167 -0.394033940407815 -0.454457618144861
"122" 0.0232949930167604 0.00575465884735175 0.479227253728461 0.689048841119771 0.00815312910338865 -0.00120775111673243 -0.284600956542837 0.640069014785704 -0.00385947119626381 -0.063188164862781 0.0504046171685849 -0.178574003074337 -0.0115827986350655 -0.0818419109259337 -0.41335630530954 -0.319816686987135
"123" 0.0390931874529779 -0.167572534180587 1.03755188508196 0.360545542878951 0.0713897684681448 0.0458355796678757 -0.366815026538338 0.295395883345746 0.0537516331998277 -0.0929663934746779 0.0608584228120509 -0.0228394221819466 -0.00107314866952241 -0.225724555585088 -0.420711621880879 -0.193005267926763
"124" 0.0490406962009753 -0.325245963498097 1.46879570542898 0.0844573173170586 0.125207589247311 0.0856406001977956 -0.416752092460174 0.00992187735529493 0.103786992351826 -0.109515434318499 0.0654582115826531 0.0990012735927079 0.00751510920754225 -0.345481409762301 -0.416468287434145 -0.0809847624562732
"125" 0.0529155653717841 -0.462954220860598 1.75279783764052 -0.134374561245417 0.167744600610273 0.116538755799482 -0.429013987303412 -0.208475479049123 0.144577712572315 -0.110649115188389 0.0636947844013666 0.188126442322566 0.0140776163156174 -0.436409004517279 -0.402270653740125 0.0121291356017235
"126" 0.0506494245032972 -0.577366594053501 1.87324287578269 -0.292310207274201 0.197511530361463 0.137121783547077 -0.398943237422407 -0.354876877666467 0.174786490628826 -0.0944743436156992 0.05511209414121 0.246835840930042 0.0185989251497296 -0.494661853138082 -0.379817059417428 0.0831399147189931
"127" 0.0422655705141447 -0.66556877427122 1.81695118262892 -0.386053053946816 0.213258828100559 0.146205204152861 -0.322790905755863 -0.426053945576217 0.193278680850739 -0.0595481610433433 0.0393130059258569 0.277459667942082 0.0210985867911895 -0.517015770932684 -0.350576464465672 0.129524019066425
"128" 0.0280427669909697 -0.72505905487121 1.5781630993335 -0.414037031335688 0.21424508124443 0.143154508769612 -0.199092841252007 -0.421577524525491 0.199312986361572 -0.00564568651574567 0.0162002330699289 0.282460819837305 0.0216380289933576 -0.501693001833689 -0.315845804120774 0.14987423390922
"129" 0.0088320119943429 -0.753728130468531 1.16584254588732 -0.378756227946518 0.200706007076097 0.128451155814846 -0.0309561213691344 -0.346148950993882 0.192869792645987 0.06492464946197 -0.0135991461763114 0.264922073498739 0.02034273347242 -0.449812217155714 -0.276963402438751 0.144716958086603
"130" -0.0135256925160761 -0.749701937087727 0.612707784515833 -0.289524778304702 0.174424860943314 0.104402720238901 0.171083710853064 -0.212602097076762 0.175038702343621 0.145632494104022 -0.0481874008363972 0.229194541836952 0.0174279285453191 -0.367194984749653 -0.235619069163432 0.11753408138574
"131" -0.0358606298186015 -0.711177566338431 -0.0176305250069213 -0.16462984239417 0.139179828315134 0.0757056218904241 0.386794112091406 -0.0442985243931899 0.148318463159216 0.22437552139181 -0.0839565697464368 0.181428211708488 0.0132180379591549 -0.265797921558836 -0.194117121680534 0.0755646554234399
"132" -0.05376021402644 -0.636545857636058 -0.632233433427634 -0.0309558436220454 0.100651439760298 0.0493102576319357 0.58676607033101 0.125453807505729 0.116560952866947 0.283829128180903 -0.115692005581571 0.129486467939425 0.00814298187955953 -0.163396147629811 -0.155312181078507 0.0295898664001211
"133" -0.0624139827042361 -0.525076619997795 -1.12568508568109 0.0807839170826171 0.0653847936853566 0.0330552737648394 0.737847288769438 0.259250750093466 0.0842977674482974 0.304810878663276 -0.137638901396685 0.0817648149378671 0.00269438415956508 -0.0801848019299252 -0.121951056164787 -0.00807260641960639
"134" -0.0581487362410613 -0.378115120981601 -1.41080857730952 0.144795101687829 0.0388934670105172 0.0331840656660438 0.813030003713461 0.326228024682031 0.0555059919439526 0.272385294050288 -0.1454354447147 0.0450215793293056 -0.00265569601976032 -0.0325842887306571 -0.0954990089051466 -0.0271965385295481
"135" -0.0399461993721947 -0.200191511923676 -1.44927801895792 0.14894720949219 0.0237625455282432 0.0518754819537002 0.80128721821537 0.31264656843317 0.0323650145378225 0.181924350517351 -0.138004631923736 0.0222425260475951 -0.00754099983520642 -0.0270798245680175 -0.0750662918464666 -0.0232474204271114
"136" -0.010024711371189 0.000759138907416121 -1.264085757874 0.0983805125300491 0.0188562498233906 0.0862529107853916 0.711530144185364 0.226176423621399 0.0147137056498832 0.0415098255044933 -0.118234309009598 0.011851045997469 -0.011750227912861 -0.0577512328140019 -0.0572129529856049 0.00117296858747196
"137" 0.0269392626587923 0.214423816322964 -0.925473324882822 0.0115865148728598 0.020144636241795 0.129547744468599 0.567977036594708 0.090977035490337 0.000539855026440536 -0.130997424275967 -0.0919125668066368 0.00886265441748169 -0.0152179970818716 -0.109186292194883 -0.0369583872889381 0.0380195861997112
"138" 0.0654352292186838 0.429864922325729 -0.520194368424262 -0.0882466783947841 0.022551165806306 0.1736042215441 0.400137331050806 -0.0629961656206836 -0.012874089351828 -0.314209462591226 -0.0655876999186171 0.00724560436392796 -0.0179764316141707 -0.162768706089846 -0.00949337018584551 0.0774592266365257
"139" 0.100609307395902 0.63706332130092 -0.123094425205377 -0.181247192535802 0.0216675172627162 0.211173804441224 0.233566546116962 -0.209872952801344 -0.0278801762556849 -0.488943421488964 -0.0446165508854764 0.00208454041584805 -0.0201072174499496 -0.202491706714153 0.0283087831199724 0.11123988213607
"140" 0.12901773950307 0.82769699951805 0.217205121136574 -0.254886500115069 0.0146176830006269 0.237035757851432 0.0852084800360389 -0.332850387018211 -0.0459261010293122 -0.641061848650839 -0.0321870924255578 -0.00932939810275979 -0.021718925808518 -0.217908830663299 0.0771528560955295 0.134377132986289
"141" 0.148639569223771 0.995161746277665 0.478415692284875 -0.303983836304839 6.32824973587007e-05 0.247927914643096 -0.0366466995005356 -0.424238631864686 -0.0675539905280776 -0.7614016622235 -0.0293309044877279 -0.0275005651355089 -0.0229485535754592 -0.204196092200986 0.135388800121087 0.14513932277449
"142" 0.158496058519716 1.13415355592672 0.657255280225274 -0.32860470308084 -0.0222378035311738 0.241829498350126 -0.129982905912996 -0.482917934942204 -0.0926743294983503 -0.844143493735267 -0.0354792653387621 -0.0513240154591301 -0.0239721492106132 -0.160698110900217 0.199571471902078 0.144132365959631
"143" 0.1582122104597 1.24014362582898 0.761155601366946 -0.331689946106462 -0.0519256906524386 0.217120654325816 -0.196352923272703 -0.511453616772992 -0.120866678627138 -0.88492107366632 -0.0491207008839001 -0.0787825210866693 -0.0250130787904828 -0.0892827739642198 0.265166337654551 0.133258592344234
"144" 0.147688966876207 1.30897521763937 0.802101533233508 -0.317298357090801 -0.0883988563035029 0.171899467711797 -0.238858793842908 -0.513951187726381 -0.151595727600608 -0.879342917011913 -0.0683309108110763 -0.107495596734158 -0.0263482297831145 0.0068381007408814 0.32719193071391 0.114929324038471
"145" 0.126936353605174 1.33682947215049 0.793038212616017 -0.289603854444144 -0.131010151737884 0.103681777077744 -0.260976306081811 -0.494820633690989 -0.184344760139723 -0.822280862520176 -0.0911065512862131 -0.135051523300866 -0.0283336509559557 0.123620835439271 0.380700718303924 0.0916079702559305
"146" 0.0961322731994713 1.32121485523436 0.74628057594709 -0.25254791718842 -0.179102045084331 0.0101709763660857 -0.266083148774917 -0.458315233727386 -0.218733617011633 -0.708815450883617 -0.11545188038038 -0.159087093227172 -0.0315184399515224 0.255759168885142 0.421023105338665 0.065682004867238
"147" 0.0560298550440601 1.26403800081353 0.67330984419721 -0.210055761304723 -0.231859576828412 -0.107573399916355 -0.257566138301102 -0.408734884296926 -0.254706578547764 -0.538607113888804 -0.139137863934551 -0.177087552024854 -0.0369419011077727 0.394852900360688 0.44377015831193 0.0396727872405318
"148" 0.00860718368833395 1.17606798368343 0.585174279447591 -0.166490721191094 -0.288028624737786 -0.239568013089121 -0.239248586326952 -0.350976633226617 -0.292749776551563 -0.323598630765742 -0.159263169114106 -0.186134003915701 -0.0465101273188697 0.526843100767241 0.44494473828705 0.0165764384027032
"149" -0.0427893445977858 1.0771146917708 0.492222735843389 -0.126453172592979 -0.345773686316025 -0.364067987168365 -0.215415568136852 -0.290507593534044 -0.333791328648992 -0.0917874951139435 -0.172307856899056 -0.183311330810399 -0.0628729361030356 0.632232897767052 0.421979192966019 -0.000376754519207267
"150" -0.0938094995851345 0.987610222156868 0.403812843141322 -0.0937751003708652 -0.402097542981365 -0.453281469137788 -0.190215257320897 -0.232909692369105 -0.377730186432986 0.119244029585478 -0.175358178359682 -0.167536590472886 -0.0878020934956768 0.691928863113299 0.376681549505293 -0.00895238288316946
"151" -0.144097516289338 0.909786724459744 0.321244894679413 -0.0680053097808285 -0.456952129922373 -0.492108100647563 -0.164751474813563 -0.17865814968112 -0.425292506794681 0.293643308565586 -0.167759086241855 -0.139800367786187 -0.122356081263951 0.699407912379306 0.313284604243754 -0.0096728966355375
"152" -0.19367771285742 0.832511972257192 0.245612058328518 -0.0474235280104684 -0.508998131933959 -0.475712368995763 -0.139011124584013 -0.127773804435779 -0.47451053341207 0.427068230749512 -0.150835776224282 -0.103759832371024 -0.164873752296587 0.656754044839527 0.240241375661491 -0.00471668299926975
"153" -0.243790905117861 0.73738730603394 0.176434576693553 -0.0293974607285086 -0.557652540376752 -0.408141868505943 -0.112068759128718 -0.079010873365979 -0.523158745476411 0.526918010333356 -0.126976466042842 -0.0635467540476649 -0.212849505174123 0.572386248338412 0.165884668172117 0.0031246398898368
"154" -0.294781575358035 0.611176793098282 0.114349110010389 -0.012322913921626 -0.601923108716473 -0.29249754093224 -0.0835881985597602 -0.0320275761473778 -0.568905953067757 0.596834358399077 -0.0982678189976262 -0.0224870489703344 -0.263686006521362 0.454148839044775 0.0968909066014754 0.0118527466690619
"155" -0.345544681384202 0.449556818411351 0.0609267498459174 0.00419275174117023 -0.640141594305686 -0.12907738928102 -0.0540934864957372 0.0124011691307254 -0.609360909114319 0.633018581221616 -0.0662122217559196 0.01708366960289 -0.314785516092098 0.308277941976806 0.03790833212833 0.0204110296034585
"156" -0.393639088799543 0.255699841489896 0.0175328186832356 0.0198749029981345 -0.669996470083416 0.0807067444304363 -0.0246272429279878 0.0529786820764977 -0.641836834144739 0.628530825167638 -0.032090388498093 0.0534470778808842 -0.363150724947043 0.141489963987036 -0.00830064895601357 0.0282532854664144
"157" -0.435473067569492 0.0387057307819607 -0.0156054457917524 0.0342182393358296 -0.688604642067768 0.329434756753893 0.00359111328916434 0.08843851649996 -0.663161934623756 0.579022278111455 0.00267610179166933 0.0852669897354534 -0.405073143014853 -0.0372231972023089 -0.0409794812521538 0.0350068957675109
"158" -0.466529143943337 -0.187131481297634 -0.0398328215800997 0.0466666777084803 -0.692547889777666 0.600147046163982 0.0293607196114855 0.117846418714991 -0.669627610632038 0.487156830471608 0.0363599974765275 0.111585756017616 -0.436096153892869 -0.216148483559453 -0.061676236438724 0.0403555883318454
"159" -0.481657639951456 -0.403301896894294 -0.0580405407840561 0.0566713286099513 -0.677973760311215 0.865235310480927 0.051613349132869 0.140722406004695 -0.657107749568772 0.364930517542655 0.0669326942951458 0.131885915929802 -0.451274082700483 -0.381542558118678 -0.0742870677391845 0.0440297217105092
"160" -0.47559933454801 -0.589191668004091 -0.0741842429613517 0.0637257912119355 -0.640814538504816 1.08891803203458 0.0694881498351571 0.157024125896834 -0.621338147274798 0.232852406480813 0.0922159917244139 0.146078542179497 -0.445707619954093 -0.519162675904847 -0.084475700090731 0.0458185643836693
"161" -0.443761673106662 -0.725543703732762 -0.0924084337236767 0.0674090305135653 -0.577028850462999 1.23393939088858 0.0823733933668107 0.167008356280371 -0.558232307034187 0.115194501975714 0.110180816314217 0.154374740141079 -0.415249924367587 -0.616429507680533 -0.0983915024448492 0.0455738425300884
"162" -0.382789290075707 -0.798923629174583 -0.116233705536763 0.0674416671838112 -0.482324992437555 1.27117787881613 0.0899546325964626 0.171095915146602 -0.463673896976395 0.0322588668949462 0.119367733208068 0.157141044347491 -0.356961350386786 -0.664998227747714 -0.121243432537896 0.0431924673702859
"163" -0.289813105642645 -0.806498494899699 -0.148869517017488 0.0637581107897475 -0.349871149225885 1.18824170309171 0.0923801653476081 0.170038255333949 -0.331298257932401 -0.00707496872556861 0.119362188967317 0.155009462839605 -0.268309399276598 -0.663533268742122 -0.157148144686486 0.0385616359695851
"164" -0.159648550207342 -0.758907585753423 -0.194972073841285 0.0565080332342623 -0.165062364625963 0.992077261232643 0.090459007884311 0.165311376838108 -0.147480218863577 -0.00929981350901857 0.111077311247995 0.149187941428026 -0.144589390592354 -0.619640382714439 -0.210835113686817 0.0314608328462791
"165" 0.0159417208598763 -0.67416420974872 -0.259524046094228 0.0456826971424624 0.0954899077483842 0.703888284520497 0.0850294412192567 0.158111516934775 0.108890758379472 0.00306422251328857 0.0961603284205341 0.140587283535908 0.0210395484813898 -0.546997914331409 -0.286305613104839 0.0215412725891664
"166" 0.236882971339167 -0.560712382943903 -0.337480323690689 0.0306222853833532 0.442250843312609 0.357249850770126 0.0751020788342799 0.145926260972491 0.443454186357464 -0.00716838616574014 0.0756230354511714 0.127124295736702 0.224923274553625 -0.456110311823631 -0.375166823178137 0.00861190117545441
"167" 0.467775198837224 -0.410553634581299 -0.400375986046024 0.0111906396064878 0.820690251991527 0.0141110174204088 0.0576494511541073 0.121592225018653 0.796136225891019 -0.0777656182999776 0.0501962665888596 0.103487423908883 0.427283157997568 -0.349576270036481 -0.442420035958935 -0.00622365506185929
"168" 0.620212492344208 -0.229661289374825 -0.404703057538277 -0.00840447572535108 1.07603688286712 -0.226812121787414 0.0331622516783768 0.0827290514053797 1.01686013641878 -0.199092059019608 0.0240900428574885 0.0689603689882725 0.54494957961925 -0.234958730016464 -0.439415464672023 -0.0184991389029054
"169" 0.589914960413375 -0.0710437486363561 -0.324047765815226 -0.019018568279592 1.02098219834919 -0.284974351329312 0.0104661247491247 0.0410742636565222 0.942828614713554 -0.275526527711293 0.00536711813643873 0.0338487737847366 0.498415244322382 -0.13205026577686 -0.343411483424311 -0.0217800079299604
"170" 0.447869723662273 -0.00815520793710166 -0.226994335740225 -0.0178280777365266 0.774597243076191 -0.226849764399198 0.00130259635716094 0.0194769161981039 0.706273382788072 -0.245236438451888 -0.00071892703862228 0.0160626831842881 0.369838255980619 -0.0758285763862237 -0.23661669742086 -0.0176248874325271
