"V1" "V2" "V3" "V4" "V5" "V6" "V7" "V8" "V9" "V10" "V11" "V12" "V13" "V14" "V15" "V16"
"1" 0.0590898246352647 0.814079684799123 -0.280370598897815 -0.319448214961557 1.70972876168431 -1.47877718801418 -0.00924771793650936 0.211054694603026 1.31620929184584 0.752588607152512 0.0255411348004566 0.0843530691879977 -0.21382669580347 -0.560802978487602 -0.491103167396126 0.00537773583263856
"2" 0.172943296105258 0.963055688025262 -0.364334232704993 -0.405058118553917 2.14683941808016 -1.85569922730012 -0.00841770169233458 0.269046610257626 1.67673155052478 0.951545966221759 0.0359275835609965 0.109364922763604 -0.172100763185203 -0.761567097108271 -0.636504204301133 0.00672844624293134
"3" 0.336245024104128 0.930118416335429 -0.411311900488823 -0.443079973675097 2.34519356480275 -1.99861908516774 -0.00443464641333779 0.294623657161468 1.87572196023751 1.02695393149905 0.0440070595055548 0.12159625735157 -0.033103551278677 -0.912910351038265 -0.71705443123485 0.00661408423866305
"4" 0.463594251377718 0.765365329125036 -0.410137321776703 -0.428987332348214 2.29926852881189 -1.90173117336583 -6.49225459272706e-05 0.28374576654677 1.88606222736672 0.96799711603801 0.0463997802676515 0.117947492071096 0.118612525805883 -0.961709981533156 -0.713824035513305 0.00477101478890063
"5" 0.620185136230349 0.335305871836189 -0.353533030128984 -0.346971465208455 1.98800109375867 -1.46629994203802 0.0068144643798429 0.222875804060749 1.72146990803937 0.700068977449526 0.0428814660384962 0.0922908687438735 0.371562511788953 -0.920704094611319 -0.612237638873303 -0.00178542771681123
"6" 0.700063574991336 -0.270091665896519 -0.238888636380798 -0.202532197013511 1.47641097654885 -0.729648455448198 0.012369704039116 0.114736990068961 1.39867487886513 0.225815472967716 0.0302643451623119 0.0441913039741735 0.605299483944522 -0.741322036002313 -0.405926372777074 -0.0143193615355131
"7" 0.663999133848382 -0.946796779324012 -0.08622321408685 -0.0204640178724347 0.894556588785196 0.191331749544533 0.0148884123105097 -0.0224606953355 0.996934327125387 -0.39261362065025 0.0100116262946015 -0.0184483351850986 0.747818977519988 -0.445680792708354 -0.127710418288032 -0.0327500962778799
"8" 0.503040568714692 -1.5724981348253 0.0759847461417555 0.166350398829039 0.358507536863075 1.13833292845345 0.014328099156939 -0.161897803837299 0.588835223543312 -1.04054578171928 -0.0134573803498279 -0.0823772878770512 0.750688904218312 -0.0928168145135071 0.172383103928212 -0.0542358383291344
"9" 0.239960596538712 -2.03298566835836 0.21758081023409 0.32375121322054 -0.060237223893599 1.9417319367701 0.0124790581086165 -0.273599110179807 0.222010406726993 -1.56717804589504 -0.0336137921776185 -0.131755177646198 0.601861896439662 0.230525551796417 0.437486631113053 -0.0730526307425521
"10" -0.0806718415274794 -2.24180793520689 0.312811425627975 0.422456315021556 -0.339816475969728 2.4516355752847 0.0122284263182282 -0.330510931711736 -0.0835194619049359 -1.81858912789075 -0.0435263543844231 -0.151774042590176 0.323391940477865 0.431339688230183 0.615179802355492 -0.0819282923511082
"11" -0.407712988124794 -2.1523537716428 0.344760310243379 0.443045556770826 -0.495847421094829 2.5672529604122 0.0163219226563198 -0.314116506589491 -0.328169363114794 -1.67999534287489 -0.0378684269389717 -0.132236940055719 -0.0408913681211676 0.438338676998292 0.667875068552561 -0.0744215676550084
"12" -0.697167412305097 -1.76261878616736 0.307692843138992 0.378998485061008 -0.56303600165217 2.25759504124573 0.0261951014633273 -0.218300548209624 -0.522526609614772 -1.1115738668932 -0.0145383025337589 -0.0701081674129398 -0.439945352487317 0.22547593911971 0.580067266786223 -0.0473265753513203
"13" -0.920076687849432 -1.1131740954839 0.207293592986773 0.237204636058181 -0.579006936639383 1.56659478683876 0.0413304461777206 -0.0505567989014573 -0.678767765379783 -0.163251903472545 0.0246103435789804 0.0296130061821884 -0.826476260377214 -0.17873851492148 0.360822972620277 -0.00205472702015186
"14" -1.06398302196172 -0.279231746772087 0.0590972096107789 0.0360105844580225 -0.574365783415401 0.600782574976278 0.0593137318114576 0.169592246683477 -0.805702685014604 1.03678956001929 0.0740683625833269 0.154777220743938 -1.16257751768413 -0.699045942685829 0.0412340356677632 0.055547756851837
"15" -1.13004351586046 0.641624064789498 -0.114422255310184 -0.198529785138433 -0.569019489215526 -0.496388913345524 0.0764866177791066 0.41438804136991 -0.907232463877837 2.31453186900609 0.125792168366891 0.288323497902894 -1.42138824260824 -1.23400256315606 -0.332117680678891 0.116767494574219
"16" -1.12844057453508 1.54366450419783 -0.287547100812199 -0.437237036148129 -0.572691465942683 -1.57594904999819 0.0889358548269419 0.652860982328956 -0.983074182182305 3.49190416800637 0.170730482489651 0.411211036933253 -1.58681706097679 -1.68114758325563 -0.705819124171995 0.172253968222606
"17" -1.07396861905824 2.32634665863448 -0.435192765061241 -0.65222522847764 -0.587377277261225 -2.51246643591238 0.0935327082301496 0.85599428021793 -1.03052607642528 4.42565021910167 0.200311949992984 0.505346277365078 -1.65257692753488 -1.95877446323529 -1.02835797162884 0.214056550797267
"18" -0.982714686926659 2.90428526019397 -0.536397260034364 -0.820328895248423 -0.610223091272317 -3.22438548615802 0.0887843017656356 1.0010434181068 -1.04632055043616 5.03385172903212 0.20756284794439 0.555939966193165 -1.62086274454259 -2.01890163732609 -1.25722734742086 0.236841245447806
"19" -0.870056548942475 3.21281982548756 -0.576991628308375 -0.925043253526447 -0.636083244760779 -3.68208947290594 0.0753247165603956 1.07430380088688 -1.02800927873831 5.3050965006359 0.187719619448445 0.55299316569463 -1.50062599759997 -1.84962605439688 -1.36337869474394 0.238040409399275
"20" -0.749752898223979 3.21000499045087 -0.551212319907973 -0.956922560172849 -0.659488330169113 -3.90330211733596 0.0559368248086796 1.07199161479923 -0.974730017388066 5.28992178211362 0.138406222896232 0.491926201294945 -1.30548979784449 -1.4685267646505 -1.33278631024445 0.217061942421935
"21" -0.633650549038358 2.87714674435095 -0.462190985979992 -0.912797298521184 -0.675964816589999 -3.93839351979103 0.0350711991205643 0.999299584412381 -0.887501562729953 5.07832823211057 0.0595892550861281 0.373607887188456 -1.05159339527968 -0.911222021474644 -1.16561705035739 0.173987575853062
"22" -0.531512083639084 2.21987960241672 -0.321363830890118 -0.794433667805158 -0.682727348536814 -3.8504473395951 0.0179364949186951 0.868054327153628 -0.769304121551805 4.7703767397691 -0.0464512833254345 0.204114943354 -0.755798635785397 -0.21989530826284 -0.874015602247809 0.108375259992499
"23" -0.450664028410258 1.27022172228107 -0.146881698339668 -0.607297141497355 -0.678823510286709 -3.69607093725561 0.00936278270748181 0.693674718345097 -0.625131995979565 4.44850946604393 -0.175001346298237 -0.00556191957545593 -0.434603083237632 0.564506990622593 -0.479672263895651 0.0187757900070551
"24" -0.395855049309961 0.0997327887172208 0.0371862386178945 -0.362413365762066 -0.665055828774717 -3.5141567292399 0.0126381555178678 0.494157549975041 -0.463596130444245 4.16196955362348 -0.317322713947243 -0.237656692105219 -0.106842054750613 1.39713217067189 -0.0166008271447566 -0.0954757113162827
"25" -0.366911913603934 -1.2382078615913 0.212187203025097 -0.0643989687302522 -0.642759714746159 -3.3137571127268 0.029198882385971 0.278622893391641 -0.28933618968917 3.91110426754873 -0.467049586621934 -0.478849619581695 0.220836939016695 2.26576379451002 0.49134836904328 -0.238223464314103
"26" -0.3624452387074 -2.61714054744931 0.353477204758431 0.267360956143392 -0.614729612507391 -3.09407515338252 0.0578908811286327 0.0625260959373897 -0.115836809941718 3.67854394685413 -0.608675154450719 -0.702288385597626 0.527763785840076 3.12091567619175 0.992152225330379 -0.404628697625299
"27" -0.376911560020393 -3.91896236532194 0.445150985850534 0.612551310677624 -0.584182009221226 -2.84448350561518 0.095328218007344 -0.144497318797018 0.0450095508166709 3.43002327370017 -0.72670327072796 -0.883230779267706 0.799338992758108 3.92376333275421 1.43356377834099 -0.585513238081546
"28" -0.402862340320612 -5.02891446477045 0.479198651194229 0.946067322053068 -0.554778954716389 -2.55917258557439 0.136574416769226 -0.334743043034333 0.181250498638271 3.13878167522099 -0.804306293366132 -0.997164807120186 1.0220917709402 4.63247639034939 1.75676341982239 -0.764337935264393
"29" -0.432271860250451 -5.84766547806487 0.4563133893386 1.23887392660915 -0.530449477101826 -2.2444542850764 0.17588838475623 -0.50160302694454 0.281947035146729 2.79782183604617 -0.82473155512052 -1.02199734086776 1.18451184614102 5.20494843136346 1.89960223885182 -0.9176670712788
"30" -0.457714533518446 -6.30059357003089 0.385217500209765 1.46025953944737 -0.514970637066146 -1.91944161608482 0.20742784962602 -0.639055933864142 0.338292909672734 2.42202305443679 -0.773180907094378 -0.940554597909767 1.27795468455236 5.60315736159581 1.80311716908574 -1.01778856048912
"31" -0.473144578782781 -6.34400872161826 0.280768514428232 1.58151373408747 -0.511190390380463 -1.61098978782286 0.225874141728856 -0.741664934916512 0.344763873720342 2.04159031941333 -0.639188489563836 -0.743475738896137 1.29746454046639 5.7974625830064 1.42165540046129 -1.03737425663246
"32" -0.47424612130064 -5.96912874102817 0.161271953962666 1.58071078233513 -0.519912746409388 -1.34570276541071 0.227026537154283 -0.804993056331119 0.30030516952545 1.69116173466103 -0.419420686244213 -0.432485421373912 1.24244038217814 5.76937873311651 0.735952207014023 -0.95559674247869
"33" -0.458472480725263 -5.20460514160303 0.0454678956770262 1.44789724270735 -0.538636527895144 -1.14205395584198 0.208406901132393 -0.826195312659522 0.209479539669608 1.39910346743944 -0.120579869094186 -0.0237034873683513 1.11710869298684 5.51222659672596 -0.232806656307332 -0.764688587243029
"34" -0.424923972766418 -4.11745077906726 -0.050359030098635 1.18957699568585 -0.560510714328642 -1.00480449828557 0.169831151256693 -0.804519208511536 0.0833119590239711 1.17998811040768 0.23825339624253 0.449836077066635 0.930734730858103 5.03005415643277 -1.4114029578286 -0.475498532551399
"35" -0.374167339854351 -2.81100848161289 -0.114732669970735 0.831072337871213 -0.573992031743017 -0.922823624499637 0.113803802081416 -0.7414859026144 -0.0606214361547484 1.03142296802715 0.624815352941113 0.937717095465359 0.697434660352554 4.33586473484087 -2.67014443998126 -0.120258070205068
"36" -0.308042134545685 -1.41795724336001 -0.142448109314458 0.415348431766525 -0.563685321109145 -0.870611706486281 0.0455418458998098 -0.640602335040564 -0.199363511817613 0.93513470110279 0.995419613020805 1.37506730860497 0.435417514383944 3.45027836050492 -3.83026017461405 0.249189523298355
"37" -0.229462576948226 -0.0869161112787076 -0.134908382874945 -0.00253697240250261 -0.512636872814749 -0.813254054399708 -0.0275238910718727 -0.506580759388845 -0.307312019597864 0.861567230880642 1.29991007866085 1.68970847011741 0.165547042396625 2.40136329897816 -4.68588610547849 0.568702254733466
"38" -0.14220896947639 1.03694243583857 -0.0992949664219047 -0.365009560170947 -0.405925218828151 -0.713960344145203 -0.0967875755969705 -0.344228028487997 -0.360375586513263 0.776870234011268 1.48955070118456 1.81322455040112 -0.090722110906488 1.22571238909229 -5.03935252839375 0.774178151313492
"39" -0.0507019173422236 1.83433585268494 -0.0467787914752602 -0.623733281142272 -0.234864109309751 -0.542709936000204 -0.15388281704543 -0.157378562198938 -0.340827496528101 0.650815656481656 1.52647373255058 1.6941949711769 -0.313761414870163 -0.0298612951852606 -4.74340557238203 0.81648999011901
"40" 0.0402419835283023 2.23237490337586 0.00979914782134372 -0.750495538531268 -0.000718038548951139 -0.284039019368116 -0.192153131144813 0.0516060236869453 -0.241677604405958 0.463938299167658 1.39240941817135 1.3106735102383 -0.488086428066337 -1.30712464257427 -3.73995801915888 0.675067985646763
"41" 0.125667148969424 2.21765679701559 0.058239143408537 -0.743910479692829 0.283238900262311 0.0580011093557484 -0.207804963451217 0.28126327732199 -0.0692949237255333 0.212280102602589 1.0942275066429 0.678719581883115 -0.604076571375788 -2.53690185279152 -2.0841456793149 0.3658897733971
"42" 0.200736866640383 1.83809877883241 0.0888013291503515 -0.62960408287956 0.592113074146376 0.459036017754263 -0.200451588991484 0.529108379331571 0.156593055624007 -0.091323521619957 0.664553153080809 -0.14532185218718 -0.658727906729422 -3.64198352329649 0.0541509233367066 -0.0590464856126118
"43" 0.260977969961502 1.19287960000727 0.0952434916543314 -0.453490073383129 0.892312283818232 0.877879039311404 -0.172945471089657 0.788508409594193 0.405642345264726 -0.419544477430176 0.157154436629594 -1.06934359054731 -0.655337970360824 -4.54245966950418 2.41259687565378 -0.52113788214217
"44" 0.30250264721776 0.413334787824532 0.075047439372522 -0.269911447661428 1.14633117473838 1.26332500973319 -0.130612908639249 1.04499847137538 0.641689039100172 -0.735616204163438 -0.361659188653613 -1.97553274008914 -0.60231549291449 -5.16271769443449 4.67676510272187 -0.931076037564083
"45" 0.322210988081349 -0.360098316412255 0.0290181820277002 -0.127971724672349 1.3182765304114 1.56245078221106 -0.0801558607214465 1.27317189581253 0.828410602899498 -0.999717935835186 -0.823405580727025 -2.73369167237894 -0.511502139772976 -5.43898042883565 6.52841093310016 -1.20695381065514
"46" 0.317999084703478 -0.999622225307323 -0.0394587832628854 -0.0598187948339444 1.3790246563023 1.72866547077064 -0.0285158119501405 1.43567821583949 0.934658797710843 -1.17528127401476 -1.16730222734805 -3.21587047530608 -0.396415884868347 -5.32647069535318 7.69141562889686 -1.29000149750584
"47" 0.289018063707639 -1.40695096725544 -0.125239392136605 -0.0739921390438383 1.31033144196015 1.72843146579147 0.0180891531708021 1.48607473647959 0.938707204132612 -1.23435343089791 -1.34817272852881 -3.31172307371241 -0.27069245772829 -4.80593793700927 7.96888876707074 -1.15454252779011
"48" 0.236031142631875 -1.52422835706553 -0.222157961129049 -0.155552361589528 1.10777048117178 1.54645462390821 0.0548770427017562 1.37701595299884 0.831241805334912 -1.16185213357079 -1.34201480400565 -2.94535708079547 -0.146805449407772 -3.88989086358871 7.26994742027193 -0.810704492607783
"49" 0.161874986118261 -1.33975267128297 -0.323619373068327 -0.272937384671252 0.782689749668195 1.1896215567117 0.0789890132275008 1.07404386474864 0.617287948466278 -0.958925444005413 -1.14957481842153 -2.09433276477068 -0.0350091710264877 -2.62880922898059 5.62777404913091 -0.300338513567567
"50" 0.0719318891101031 -0.889527031141121 -0.423051242521831 -0.389573428780565 0.363205672893957 0.689643532244666 0.0897881512518115 0.572725189303043 0.317162538078049 -0.645367979979966 -0.798150631040979 -0.808849367171376 0.0575421429662129 -1.1164235232459 3.20950848869518 0.312008846499225
"51" -0.0256225649575779 -0.254376617221268 -0.514247165994178 -0.476542539157066 -0.106347931649797 0.103366954275275 0.0889360577996055 -0.0864303073138899 -0.03398538302012 -0.260253707238384 -0.340954042652175 0.775410005400659 0.127398442197478 0.508905695623947 0.313786462992027 0.950508442142109
"52" -0.12013696253455 0.449249919488771 -0.591643311766862 -0.521728621402076 -0.56868762892324 -0.491226509548985 0.0801269042125226 -0.813160825621964 -0.389022810382888 0.140772598751301 0.147581443529686 2.44098624794611 0.174878846441013 2.0713546840997 -2.65307226703604 1.53928338404626
"53" -0.199651656070873 1.08682426124415 -0.65056821750564 -0.531643767529005 -0.96063364486429 -1.00511271292521 0.0683541058473098 -1.47951599253791 -0.694987417999769 0.492933891609876 0.582091979219282 3.91778509455901 0.203326287811745 3.37733154567364 -5.23062500825209 2.01160657065509
"54" -0.252911139886496 1.53112425295207 -0.687477857143346 -0.524914833509669 -1.22377186620352 -1.35421414032011 0.058722664504586 -1.94963427145128 -0.902402147782903 0.734355900014169 0.881937770615222 4.93783313245359 0.217515219036139 4.24739231132569 -6.98643820928132 2.31628886776605
"55" -0.27177347310388 1.69050141383448 -0.700151864016092 -0.52037170066113 -1.3165169555932 -1.47788949217167 0.0550616608597299 -2.11910184613705 -0.975835775256581 0.820118993163518 0.989004473305712 5.30243134408181 0.221583323413547 4.55337570275302 -7.60977219898362 2.42142312384681
"56" -0.253217105203098 1.53148558425304 -0.687818024629095 -0.525772331440308 -1.22379304683094 -1.35398451523683 0.0587896576441462 -1.94873301501348 -0.902400907135735 0.733771580014427 0.882066883980212 4.93809977366391 0.217220644157381 4.24860858436331 -6.98726219402312 2.3161511387118
"57" -0.200149705828617 1.08746805750646 -0.65119237030278 -0.533220311174503 -0.960724566666985 -1.00466412511187 0.0684760370348068 -1.47787016532617 -0.695009217482053 0.491820643639112 0.582319555556255 3.91836384139958 0.202898015730581 3.37954914658381 -5.23206991299494 2.01118203012288
"58" -0.120665026051745 0.450039331002674 -0.592440788407419 -0.523784167814227 -0.568885551073202 -0.490606057026463 0.0802821368153257 -0.811032529725331 -0.389086961847923 0.139284932225468 0.147849068720204 2.44188519104085 0.1745194771919 2.07413616835856 -2.65475686477208 1.53839047091367
"59" -0.0260523627548794 -0.253596843892197 -0.51507097053624 -0.478767469878946 -0.10662918369195 0.104060843494777 0.0890975458756342 -0.0841440112227758 -0.0340831342941987 -0.261855098782085 -0.340712852893164 0.776524818217922 0.127221913769697 0.51168457433438 0.312289159412288 0.949117841409361
"60" 0.0716509966941086 -0.888882530770214 -0.423760949979005 -0.391630785339743 0.362913501246077 0.690287530623191 0.0899298227637617 0.574824227932648 0.317061056177283 -0.646797881578792 -0.797979516579282 -0.807715813026562 0.0575344167795979 -1.11413273475323 3.20847231768425 0.310340414673306
"61" 0.161725953746108 -1.33930398212663 -0.324130413486433 -0.274555976028111 0.782455830931594 1.19012115794742 0.0790937498671598 1.07567998079131 0.617210048605145 -0.959993493620797 -1.14947921129737 -2.09336946454192 -0.0349349364238867 -2.62723147722864 5.62722462133827 -0.301927767051779
"62" 0.235967743825414 -1.52396717564733 -0.222463084992107 -0.156625065061263 1.1076237212942 1.54678031155336 0.0549416257028641 1.37808379251772 0.831197623603517 -1.16252231439523 -1.34197377354634 -2.94465832270839 -0.146731476742408 -3.88897737618909 7.26974160896938 -0.811939984565697
"63" 0.288997977397893 -1.40682665565725 -0.125388241107986 -0.074586744536191 1.31026140152335 1.72861151858473 0.0181219675467261 1.48665158377921 0.938691680336789 -1.23470832548781 -1.34816105014122 -3.31128096670835 -0.270657327169806 -4.8054925645863 7.96885843882964 -1.15534953702831
"64" 0.317996496816874 -0.999576708352194 -0.0395166234285611 -0.0600936725766417 1.37900349327666 1.7287514243302 -0.028502221434068 1.43593442541491 0.93466077288048 -1.17544104328354 -1.16730279327449 -3.21562296056021 -0.396419257557667 -5.32628923633558 7.69144864767716 -1.29045806670877
"65" 0.322213969170279 -0.360088248980393 0.0290012023333581 -0.128077834169858 1.31827824970657 1.56248738107546 -0.0801512883508768 1.27326573897231 0.828419770397514 -0.999779874611523 -0.82340980300237 -2.73356947523575 -0.511526624407241 -5.43892055645411 6.52845397134922 -1.20718325220491
"66" 0.302506566377334 0.413333365271491 0.0750442273623353 -0.269945892250483 1.1463393835692 1.26333957280806 -0.13061162353244 1.04502770725715 0.641698678837288 -0.735637349342607 -0.361663393190323 -1.97548100403549 -0.602343905584429 -5.16270325414332 4.67679890507158 -0.931179446213321
"67" 0.260981190776448 1.19287655769893 0.0952434412913377 -0.453499683711421 0.892319643260094 0.87788469983284 -0.172945129353351 0.788517010836154 0.405649335888073 -0.419551076366172 0.157151513144127 -1.06932586808597 -0.655360398975316 -4.54245818514532 2.41261774487518 -0.521179226463914
"68" 0.200739084095229 1.83809675200375 0.0888015687880248 -0.629606550743986 0.592117908981283 0.459038228524888 -0.200451484288052 0.529111255860041 0.156596624168941 -0.0913255620690716 0.664551557183022 -0.145317536149776 -0.658741633258995 -3.64198420330733 0.0541615045146528 -0.0590607744243812
"69" 0.125668836738904 2.21765581298326 0.0582392603479427 -0.743911177679465 0.283242174523982 0.0580021425514481 -0.207804941281375 0.281264414823507 -0.0692948089272497 0.212279143300279 1.09422680841768 0.678719969976896 -0.604082978536185 -2.536902245042 -2.08414123169283 0.365885632906725
"70" 0.040244102041413 2.23237464297372 0.00979921981416787 -0.750495770886161 -0.000714467132620189 -0.28403757841186 -0.192153204626062 0.0516063168504672 -0.24168146262338 0.463936326326353 1.39240918421697 1.31067326199445 -0.488087812903916 -1.30712450549792 -3.73995634184406 0.675066953797909
"71" -0.0506980305428808 1.83433682876382 -0.0467784559510758 -0.62373304810793 -0.234858277660568 -0.542704304492656 -0.153883216865191 -0.157379454884275 -0.340836556376225 0.650807177738036 1.52647368206552 1.69419475454896 -0.313759117297218 -0.0298601017861118 -4.74340410825418 0.816489448278389
"72" -0.142201185476229 1.03694799434535 -0.0992929863385381 -0.365007555946946 -0.405915434228813 -0.71393585539457 -0.0967893420482495 -0.344233022277571 -0.360390666262401 0.77683322647748 1.48955059918772 1.81322394609873 -0.0907155987905295 1.22571784835308 -5.03934702546367 0.774176502095656
"73" -0.229445576622891 -0.0868931276012219 -0.134899158202385 -0.00252776636235552 -0.512621432450317 -0.813155059433615 -0.0275310454843378 -0.506601764844431 -0.307331226373514 0.861417802729918 1.29990933560105 1.68970536341715 0.16556259348267 2.40138600514068 -4.68586256960862 0.568695931210129
"74" -0.307998155981171 -1.41787282247236 -0.142411765846123 0.415384287366599 -0.563659717380617 -0.870245446988518 0.0455152853355099 -0.640681502294466 -0.199378862792486 0.93458199156877 0.995416129558564 1.37505369382586 0.435461080189282 3.45036303160472 -3.83017010388019 0.24916726501425
"75" -0.374036870523991 -2.81072399040786 -0.11460546493136 0.831197608197463 -0.573939580892636 -0.921584844681541 0.113713408390221 -0.741758182165627 -0.0606120621575201 1.02955279506098 0.624802210635694 0.937665677210845 0.697570145662558 4.33614763276517 -2.66983337371181 -0.120329411458897
"76" -0.424525708104043 -4.11656843132466 -0.0499534781887725 1.1899742753147 -0.560378976290201 -1.00097078999402 0.169548712347803 -0.805377242407355 0.0833990796924265 1.17419609260562 0.238210196139826 0.449662862125336 0.931152214194695 5.0309077811166 -1.41042496848861 -0.475705756519403
"77" -0.457311913704428 -5.20209410166184 0.0466592366625882 1.44904472907188 -0.538284818053312 -1.13117932490233 0.207595418831112 -0.828677230933788 0.20978232054189 1.38265931281527 -0.120707153304048 -0.0242330601483616 1.11831508847263 5.51457441856888 -0.229996527952281 -0.765230980887907
"78" -0.471112819870276 -5.96258836426319 0.164510571957011 1.58373683523585 -0.519003862220466 -1.31737192213206 0.224879757012761 -0.81159257749573 0.301170160988164 1.64828054727675 -0.419761562232027 -0.433966479146989 1.24566044519011 5.77531108704407 0.743351794616203 -0.956872094577591
"79" -0.465363147260214 -6.32843123287447 0.288923264182113 1.58882339218069 -0.508984982693369 -1.54306831055676 0.220638851839432 -0.757823809853699 0.346992905412539 1.93868602589946 -0.64002692490376 -0.747277124486999 1.3053905376028 5.81130755258783 1.43956319050706 -1.04007001914556
"80" -0.439910190841009 -6.26664651166135 0.404229882537003 1.47649462281046 -0.509977697552349 -1.76932107065759 0.195646206436186 -0.675556875617787 0.343558626363114 2.1943575462034 -0.77509152853863 -0.949520449972567 1.29597369935717 5.63308996482197 1.84307301783957 -1.02293029712007
"81" -0.394588475060963 -5.77983559771545 0.497339564049147 1.27214602952651 -0.519916385711736 -1.93804109403399 0.151390661712611 -0.577817628523153 0.293376486311066 2.33263288909756 -0.828787820500999 -1.04144525731837 1.22242246048308 5.26496859424647 1.98202511941696 -0.926559051035042
"82" -0.328802663702092 -4.90418548023417 0.561142517847596 1.00915003256358 -0.534092254071725 -1.98056500151252 0.0894343062997929 -0.482121337022352 0.204086894366615 2.25925385695355 -0.812338751249969 -1.0360070373371 1.0960511039103 4.74412430656594 1.91429670132583 -0.778309406099993
"83" -0.241383086348664 -3.70673577477839 0.596750797698429 0.723373160197582 -0.54637804865679 -1.83170422403162 0.0112166856543348 -0.408907901274155 0.0871545782426145 1.88807383513644 -0.741503973541836 -0.954806414786248 0.933395807477482 4.11642228699027 1.71292608993361 -0.605323030885302
"84" -0.131022777946639 -2.2806536642059 0.613563638572339 0.447914258266628 -0.550413227235857 -1.44731194106959 -0.0815873630619337 -0.378406303196423 -0.0436926452334457 1.16600394488756 -0.633950489787871 -0.824341497523932 0.7540216855319 3.42934660053125 1.45225130446496 -0.429308975212678
"85" 0.00261877413968969 -0.736913541865471 0.626551359315234 0.208605297979538 -0.540731926189237 -0.820620167609906 -0.186273277706631 -0.406182050430342 -0.174325478303524 0.0960085430982414 -0.506908869660431 -0.672161844439501 0.577339695952826 2.72402483097981 1.19571646441541 -0.263244826410983
"86" 0.157507383187552 0.808038523970458 0.650991528645489 0.0210783193277777 -0.513829148375773 0.00893585877552727 -0.298192294063022 -0.49845681791253 -0.292262295751653 -1.25126165266849 -0.375232162001787 -0.523156419724984 0.419154439786515 2.02931758638381 0.986743165655312 -0.110595598341206
"87" 0.210133719831778 1.27909088611501 0.662842517460054 -0.0263926468297271 -0.501545282722452 0.301218018704512 -0.334002499172841 -0.540400918034436 -0.325350918086101 -1.71515866849109 -0.334537533256611 -0.479968965594281 0.374717321263739 1.81462795332878 0.934292095068564 -0.0646075986719552
"88" 0.38404595946272 2.66535381537464 0.714276141140293 -0.139812326085448 -0.451558276347817 1.26767432660317 -0.443968537557337 -0.70558808863499 -0.413641475553916 -3.22011575405082 -0.213144331190499 -0.363040566283075 0.254312520609007 1.15560814445727 0.813146042321549 0.0770782741463449
"89" 0.560994869526359 3.83987200354122 0.778893359688133 -0.202681565341038 -0.388039042551891 2.20978347670138 -0.540392379543307 -0.900449027349229 -0.475638664822459 -4.64867618772234 -0.106880740108488 -0.281647611739146 0.163836074731399 0.529787082272644 0.749792474703533 0.218212950552015
"90" 0.728038064041789 4.75841791896353 0.833142004144412 -0.223665402752701 -0.317758403818385 3.01935986645888 -0.610748054319213 -1.09192598399964 -0.513206310407612 -5.8404524299027 -0.0184661910822088 -0.236858911575723 0.0982025850324133 -0.0570213477670523 0.721027345527226 0.361533159757471
"91" 0.871001675306635 5.40704783696108 0.839577726629628 -0.209816034829359 -0.249311000029902 3.61309504654626 -0.641829320127809 -1.24267342261338 -0.531626648275817 -6.67626480949923 0.0512166234984841 -0.223931284493034 0.049584648793187 -0.590711366852352 0.700018378405531 0.502127807109844
"92" 0.976329683149761 5.79502934152748 0.752551241648605 -0.163576118982455 -0.191678007881726 3.94369099209305 -0.621202762883164 -1.31685891881785 -0.537885726932874 -7.0935089294999 0.101782607737874 -0.2350097009747 0.0101485984270395 -1.04619901381356 0.664739452878614 0.626681161018553
"93" 1.03291488825074 5.94526782482834 0.527036875032214 -0.0824951088785113 -0.152782604949322 4.00041988935327 -0.538906860057517 -1.28549544941552 -0.538864396546399 -7.08529655852861 0.132511533347804 -0.261594091193558 -0.0259799282711803 -1.39047876421639 0.602989781094237 0.715730273981592
"94" 1.03352341073542 5.88539283014541 0.129680115986091 0.0381246083268607 -0.138101494575588 3.80223508990535 -0.389460597669801 -1.13094859978854 -0.53972869457204 -6.68833838998256 0.142282215142482 -0.296050931861487 -0.0618756089518966 -1.59046344757544 0.513445876768962 0.748271344224179
"95" 0.975674904413138 5.64129551965243 -0.44909917527505 0.200375793563836 -0.149310199003524 3.38825658478943 -0.174172195740027 -0.850713062357855 -0.542651698618116 -5.96702531599085 0.130221635454081 -0.332034326914624 -0.0979667904633157 -1.62310103202275 0.4035625362894 0.707655170243129
"96" 0.862080052538032 5.23345102954478 -1.18381416669067 0.398140639061666 -0.183080660256958 2.80945434982433 0.0965556516830275 -0.460418485537549 -0.545935032202894 -4.999640149863 0.0967611618076614 -0.364142656259588 -0.132766570932127 -1.48481855061329 0.285806402198695 0.587500364622144
"97" 0.700719039802573 4.6756705845782 -2.00640186672693 0.612600317627667 -0.230370275248281 2.12300431099374 0.401632909585541 0.00459281864908512 -0.543659603890419 -3.86916036999945 0.0446648484862457 -0.387291766545047 -0.163744673106718 -1.19769229284143 0.17365689915853 0.396176984639851
"98" 0.504468468546656 3.9760044717938 -2.8062972213201 0.810772012352793 -0.276682916149352 1.38869698676814 0.709394902583126 0.490387213858959 -0.526106342335431 -2.65804145662173 -0.0203966987750466 -0.396200003796281 -0.188065559626648 -0.810419993515375 0.0783515195793569 0.158366418731703
"99" 0.290089512559701 3.13977513206611 -3.44143202414663 0.948514354407934 -0.303727063018972 0.665850092599204 0.980321047364638 0.929573758594753 -0.481204524497814 -1.44494288711016 -0.0900314035565284 -0.385207627417913 -0.203117407955903 -0.393051214900179 0.00683500137802184 -0.0874676648638228
"100" 0.0764853287506 2.17460250725005 -3.76107894323014 0.978328217709979 -0.292575150308595 0.00945966649682273 1.17264934503229 1.25092327269322 -0.397069623685761 -0.301544900757962 -0.154161950066226 -0.348502581702263 -0.206879198652205 -0.0256921192493444 -0.039015669111393 -0.295962076626211
"101" -0.117627225562247 1.0966597105211 -3.63739221555701 0.860654515389541 -0.227888662453221 -0.534664721231349 1.25015272948212 1.39237395173301 -0.265293409994144 0.711303352131656 -0.202738879884554 -0.280730182757083 -0.198192871028531 0.216929117407904 -0.0620571847653082 -0.424967473780669
"102" -0.276228200813958 -0.0634055641724931 -2.99829427166136 0.575772447198119 -0.102218392051707 -0.934931774390762 1.19029202486504 1.31465538897379 -0.0842119405260298 1.54765372253802 -0.227708496195763 -0.177914675729653 -0.176965635106693 0.281517007548626 -0.0687399566601385 -0.446361931781439
"103" -0.388135939601962 -1.25688162118603 -1.85216031593797 0.132610282970113 0.0808942389983653 -1.17766799836884 0.990406853293706 1.01184657971163 0.138851997369405 2.17954750130217 -0.224684498126818 -0.0385951553962798 -0.144281131335608 0.148569390468012 -0.0675294279266154 -0.354297192085539
"104" -0.44827969186244 -2.41738470648487 -0.296131731979608 -0.428624909423576 0.306090611575218 -1.26808487010075 0.669932264842467 0.515637032917514 0.387215559942223 2.59790312661966 -0.193837222059422 0.134936842470012 -0.102382993474702 -0.162581688476406 -0.0672494001340453 -0.168063550596116
"105" -0.457853803862347 -3.4657574524705 1.49525797482186 -1.04116616249667 0.548054723841679 -1.22790789773297 0.267808703013968 -0.108147515577402 0.636636235793682 2.81062371627924 -0.139766532400141 0.335424754860895 -0.0545156388886401 -0.59753138754733 -0.075633442736418 0.0716185810942989
"106" -0.423446223701073 -4.31856037216657 3.29810700536653 -1.62243850972523 0.775608842324425 -1.09016864419321 -0.164194943476225 -0.769807294245735 0.858891698670676 2.83829328135869 -0.070461503800777 0.549611961378076 -0.00464677171840577 -1.07807511502499 -0.0982520575296633 0.311916634845204
"107" -0.355512012423426 -4.89816582063577 4.87578787725825 -2.08761297541152 0.956920269838935 -0.892560109838588 -0.570297359299211 -1.36997114863604 1.02620252136687 2.7086297436048 0.00427724919429018 0.757597067744257 0.0428733520390621 -1.51751129185105 -0.137865465673187 0.500083536255431
"108" -0.266652658893794 -5.14226100229266 6.01471631684218 -2.36225231786698 1.06449787622937 -0.671063266223343 -0.899335419833074 -1.81428762870402 1.11541239106508 2.45117991822173 0.0744833854898737 0.932912471820316 0.0836624446824086 -1.83580109767808 -0.194177862038686 0.595122999813839
"109" -0.170040931051489 -5.01130372088755 6.5521507512395 -2.39144800291217 1.0789780949217 -0.455207813363435 -1.11143982986437 -2.02594537776745 1.11111645830738 2.09351927924305 0.131375880526469 1.04384336288715 0.113652933672582 -1.97135549074544 -0.263957993836101 0.576017959402918
"110" -0.0780903272711493 -4.49372487999999 6.39360651208645 -2.14492858743861 0.991331339866411 -0.265588735860192 -1.18209706363208 -1.95494200105527 1.00745356036652 1.65965477099916 0.168280539055434 1.05668498274397 0.129476651380677 -1.88814410376964 -0.341526295969445 0.444869258374183
"111" -0.00127132464701196 -3.60970091839317 5.52186383931397 -1.61958113878899 0.803733630272899 -0.113510127261179 -1.10400268265768 -1.58443068636442 0.808777356234139 1.17069974271931 0.181208031809939 0.94161044281779 0.128946893501191 -1.5787014662325 -0.419641589450265 0.224669712044772
"112" 0.0530390938669565 -2.41441260184645 4.00133470814974 -0.841563076680529 0.529643121842695 -0.00216066352614508 -0.887597289911064 -0.934912182793077 0.529649803368476 0.647350794513132 0.169269644455666 0.681247747667271 0.111632006357952 -1.06454785637218 -0.490789253324493 -0.0474253796915036
"113" 0.081618342730057 -1.00055221560513 1.9797024232134 0.130941101171601 0.193433461985268 0.0713930783663077 -0.560861807132728 -0.0662457901333244 0.194432914653468 0.113216462350557 0.135025748751235 0.280666814470237 0.0793915046641978 -0.395143190546977 -0.548737994367059 -0.329576635497006
"114" 0.086088602305852 0.502139739812119 -0.315772031310013 1.20591693583906 -0.170645686918743 0.113989779650881 -0.168044959182533 0.924079111780289 -0.163736810417341 -0.402407768094255 0.0846376181992996 -0.224501457311817 0.0366538837536199 0.354924208128231 -0.590014899956415 -0.584998686013591
"115" 0.0728163547784408 1.93409444283378 -2.59403326155133 2.26090271712381 -0.520972139462803 0.134309516073483 0.233867493490142 1.90906535042072 -0.505290950113805 -0.86394033498747 0.0274795061516873 -0.766540051524828 -0.00979492550476646 1.09218544632351 -0.61475919042654 -0.789104794791228
"116" 0.0516334642615131 3.12318863181877 -4.53472016906541 3.1561195612785 -0.813290480041301 0.141117395434689 0.582165450545213 2.74872365602942 -0.788582270418299 -1.23228042816292 -0.0251388603582301 -1.25474391380817 -0.0516895870310963 1.71568140374404 -0.6264360265085 -0.931726605626352
"117" 0.0332976633125517 3.91186500535875 -5.84137554275341 3.75844067191025 -1.00760419247534 0.141825254189934 0.818905147561778 3.31406635221577 -0.976187182017945 -1.47088145331085 -0.0621788703168136 -1.59545060344726 -0.0808576607431348 2.13332081476618 -0.630261887902066 -1.0138126052118
"118" 0.0262225531489344 4.1883899118184 -6.30254350013699 3.97105378763651 -1.07582546519556 0.141372304453032 0.902811994369877 3.51354567077012 -1.04190134260942 -1.55343718839882 -0.0755262912190533 -1.7177215127648 -0.0911976272326589 2.28003469344897 -0.630831112196176 -1.04049775579438
"119" 0.0336324596165811 3.91222768866023 -5.84134990091255 3.75842966109284 -1.00784500523301 0.14149869240106 0.818891521827567 3.31397781345573 -0.976297270887857 -1.47034979000797 -0.0621903067750535 -1.59510047637673 -0.0804069239273826 2.13229167732114 -0.629976026926116 -1.01436247107125
"120" 0.0523903122011142 3.12382704728051 -4.53465168528183 3.15610580966489 -0.813826127527613 0.140508541822435 0.582135047485894 2.74853791199484 -0.788833774266427 -1.23128741538015 -0.0251599510976899 -1.25413524025436 -0.0507173036884385 1.71372626484541 -0.625912134104979 -0.932683119050864
"121" 0.0740649103815025 1.93482649711109 -2.59389364827837 2.26088138009774 -0.521841717580368 0.133535553532498 0.233816689866511 1.90878658927684 -0.505705794688987 -0.86267297353683 0.0274526579413035 -0.765810677684499 -0.00827349647153941 1.08961437147761 -0.614099330661986 -0.790244674440089
"122" 0.0877516069368305 0.50273418721952 -0.315535932278827 1.20585821894363 -0.171789291866151 0.113232536499355 -0.168116749235917 0.923741832176994 -0.164280660669979 -0.40115715778199 0.0846109211198209 -0.223779379346126 0.03858326288728 0.352263297150015 -0.589359716813689 -0.58610247189074
"123" 0.0834361982340845 -1.00026319199306 1.98003822257784 0.130809838965362 0.192195923032698 0.0708216533432946 -0.560949918732304 -0.0665850851531147 0.193857295138006 0.114178245775772 0.135005573926567 0.281297246292638 0.0814104245712866 -0.397353926108732 -0.548215740333362 -0.330491066546415
"124" 0.0546796581311342 -2.41444238619963 4.00173827725439 -0.841773378687328 0.528537100694523 -0.00247675420746685 -0.887691980739272 -0.935202029755009 0.529155447208195 0.647908861831166 0.16926002145929 0.681750222682183 0.113384257718871 -1.06601823770462 -0.490460906317267 -0.0480879214270544
"125" -4.31421315463254e-05 -3.60992668004343 5.52227443471946 -1.61983589192817 0.802915972377862 -0.11361558780939 -1.10409174246804 -1.58464515450829 0.808432196230018 1.17091971829188 0.181208627716225 0.94198323332364 0.130212773545828 -1.57947483839095 -0.419487735538112 0.224242737210261
"126" -0.0773236129420156 -4.49399102348515 6.39396045008951 -2.14517332725405 0.990830931939183 -0.265581434067308 -1.18216998102238 -1.9550813402825 1.00725772545211 1.65968680024855 0.168287352485896 1.05694381053394 0.130240941482416 -1.88845828421853 -0.341482300043779 0.44461886337632
"127" -0.169639225340871 -5.01151137070131 6.55240947477013 -2.39164068719496 1.07872455266709 -0.455169267685141 -1.11149145090511 -2.02602474725285 1.11102646716115 2.09348959733317 0.131384084206577 1.04400982776448 0.114040637669471 -1.97144941533306 -0.263960937876774 0.575880612064509
"128" -0.266474546745008 -5.14238606233489 6.01487695536358 -2.36237952551006 1.06439163329927 -0.671032094634373 -0.899366847261453 -1.81432634701423 1.11537918798481 2.45114996258433 0.0744898543681964 0.933009541657526 0.0838289008250896 -1.83581926362665 -0.194190614882913 0.595051328286559
"129" -0.355444507949221 -4.89822738395403 4.87587284424774 -2.08768457415461 0.95688358278966 -0.892543402766443 -0.570313770540753 -1.36998652037634 1.02619291080667 2.70861354074127 0.0042811532151541 0.757647220745781 0.0429344465389194 -1.51751236636257 -0.13787472847244 0.500048228468586
"130" -0.42342417155029 -4.31858592374637 3.29814547601849 -1.6224732771943 0.775598525544073 -1.09016172301134 -0.164202300641646 -0.769811754523374 0.858889689360436 2.83828694375204 -0.0704596000983191 0.549634558964385 -0.00462735769104583 -1.07807461055637 -0.0982565907290933 0.311900619891219
"131" -0.457847640222143 -3.46576653877147 1.49527299034093 -1.04118084487742 0.548052467960856 -1.22790557730953 0.267805857660212 -0.108148133921311 0.636636070652647 2.81062182593227 -0.139765756978762 0.335433604577588 -0.054510228748061 -0.597531340204761 -0.0756351868514429 0.0716120348591289
"132" -0.448278329200416 -2.41738733566862 -0.296126654072472 -0.428630341250802 0.306090316122447 -1.26808421298822 0.669931303875105 0.515637253884689 0.387215666581136 2.59790267290751 -0.19383693698598 0.134939914691159 -0.102381684556235 -0.16258189667705 -0.0672499912734281 -0.168065952979418
"133" -0.388135810588685 -1.25688138862445 -1.85215895245348 0.132608436336888 0.0808942843412135 -1.17766754448725 0.990406547325669 1.01184683446711 0.138852005752653 2.17954692234485 -0.224684325054215 -0.0385940467736532 -0.144280998138231 0.148568940974239 -0.0675297964270385 -0.354298005117357
"134" -0.276228311027141 -0.063401035533067 -2.99829469824035 0.575771462567943 -0.102218368249301 -0.934929906453154 1.19029184114971 1.31465582398256 -0.0842123651435065 1.54765067322572 -0.227708028890051 -0.17791360200556 -0.176966365758267 0.281515547793623 -0.0687410848151302 -0.44636224160314
"135" -0.117627397723719 1.09668045710377 -3.63739587915523 0.860652150413429 -0.22788884335733 -0.534656477609522 1.25015224460777 1.39237566375457 -0.265295566729078 0.711289716853795 -0.202736882543625 -0.280726535776267 -0.198196416357065 0.216923051443178 -0.0620621894483122 -0.42496777694663
"136" 0.0764848635625661 2.17468700940696 -3.76109435016799 0.97831875770202 -0.292576114389016 0.0094917782027899 1.17264752676261 1.25093054135138 -0.397078622788754 -0.301598241719981 -0.154153761783165 -0.348487941737858 -0.206893930180522 -0.025717252293824 -0.0390366409811236 -0.295962748195166
"137" 0.290087728716456 3.14009024808112 -3.44148985280714 0.948477952854887 -0.303730951657703 0.665962615177826 0.980314629853399 0.929602290660734 -0.481238596190681 -1.44513082069839 -0.0900005487905977 -0.385152786064594 -0.203173430068487 -0.393148470722009 0.0067543268710466 -0.0874688062717723
"138" 0.504461957860219 3.97708146175786 -2.80649558050992 0.810643243259747 -0.276696674540966 1.38905327085814 0.709374221550467 0.490489704121236 -0.526224692766047 -2.65864068204828 -0.0202900857068924 -0.396011409354998 -0.188261188439195 -0.810767553770165 0.0780670375756785 0.158367358414807
"139" 0.700697874218791 4.67904608339843 -2.00702490612107 0.612182240648764 -0.230413753850349 2.12402327123666 0.401572153425889 0.00492987696936886 -0.544037353068912 -3.87088933546551 0.0450027914147588 -0.38669629236864 -0.164372631898894 -1.1988367542844 0.172736957862384 0.396195604343234
"140" 0.8620178022763 5.24316120045746 -1.18560802228113 0.396893559385099 -0.183204470193536 2.81208303597485 0.0963929023270325 -0.459402300005152 -0.547043023076449 -5.00415087234819 0.0977447305340942 -0.362414432441028 -0.134620737838747 -1.48828740693736 0.283076003750402 0.587599541652992
"141" 0.975502523125726 5.66696419957148 -0.453839305802848 0.196953306093448 -0.14963085328957 3.39436066775707 -0.174570000533393 -0.847899982772153 -0.545637774063959 -5.97765259605583 0.132853280435749 -0.327418762088485 -0.103004965512334 -1.6327761367961 0.396115359738928 0.708039157475866
"142" 1.03305561241507 5.9478441575633 0.118168981194839 0.0294683882819982 -0.13886381713768 3.81494481467951 -0.390348940806224 -1.12378551649594 -0.547124385575159 -6.71089520429384 0.148765258935126 -0.284694864475483 -0.0744793465354627 -1.61531064897795 0.494751228321284 0.74950940291518
"143" 1.03165895521673 6.08536607781252 0.501308809345428 -0.102708579328436 -0.154460398840075 4.02397790614454 -0.540722691708059 -1.26868807420397 -0.55571342964739 -7.12823117139987 0.147242343379708 -0.235822716333928 -0.0550316963932707 -1.44931899144332 0.5597256351044 0.719222043149728
"144" 0.973082979288526 6.08539462615721 0.699546746429378 -0.207235427276103 -0.195122427202512 3.9820206482785 -0.624609659147929 -1.28045785406093 -0.573259831144016 -7.16615290474718 0.132714209708854 -0.180991386321949 -0.0516402425133426 -1.17493090996225 0.572273605914731 0.63550524887421
"145" 0.863210907951568 5.96423181848058 0.738767786867515 -0.297201491296505 -0.255947154847864 3.66624420684887 -0.647719884439953 -1.16978696035493 -0.600248569967807 -6.78365269366801 0.11136043580729 -0.119194369329563 -0.0719383509124611 -0.851475390506851 0.51717913745059 0.522386970236141
"146" 0.711076076510304 5.75055510330513 0.655860249578777 -0.386062299694608 -0.329792671060689 3.07759283080044 -0.620186800015695 -0.956769711079734 -0.636606505953423 -5.97396226084304 0.0900599205626467 -0.0486826210004097 -0.123450332497629 -0.547182279278759 0.385878619743949 0.404167260116083
"147" 0.527668372057981 5.48316233802252 0.490161375918341 -0.483509782170053 -0.408544668061801 2.24658883882013 -0.554518963332779 -0.667895735705835 -0.682075070008413 -4.77393350940964 0.0752709508167033 0.0322517263193447 -0.212378746492068 -0.327241316836556 0.17912536678368 0.300949190756
"148" 0.3245861876571 5.20374004781209 0.27806846524391 -0.592810136227932 -0.484202780110539 1.23490580076812 -0.463926253813499 -0.333467980388991 -0.736077965499237 -3.26670751102988 0.0719090541593994 0.124185691417381 -0.342090983511364 -0.241834302117785 -0.0913683797121294 0.225747104876461
"149" 0.112695757064322 4.94596580913436 0.0506190964965612 -0.709837503221564 -0.549778455379641 0.130867802518442 -0.360973747818232 0.0147577572415463 -0.797220316129553 -1.57507261086635 0.0823651596035067 0.225371962111012 -0.511598819418873 -0.316215218999927 -0.402866496106725 0.183444425365224
"150" -0.0954644699127525 4.72780383650359 -0.163378998777308 -0.821979093467682 -0.599327792073475 -0.943228659465475 -0.258253708971571 0.340638247448464 -0.861610179500463 0.12530908411628 0.105408136304478 0.329074246249888 -0.710815481061186 -0.539991988403008 -0.718242666598755 0.171485330591622
"151" -0.298751109832997 4.53221942456216 -0.349664101716011 -0.917194096381898 -0.631400731817087 -1.91017288057732 -0.161465641813602 0.62563089649985 -0.926523341081234 1.72934193894438 0.137711827918533 0.429776652876598 -0.932506540726659 -0.881968424064167 -1.00923677633858 0.181475475687591
"152" -0.490614760377686 4.32568748718064 -0.49016055674864 -0.97765330468998 -0.645068851232308 -2.66238377506364 -0.077527066168098 0.843871591414274 -0.985518049708299 3.08236518183997 0.172886960545042 0.515715837069422 -1.15750702256266 -1.28008822021336 -1.23571722862492 0.203017797239454
"153" -0.667569611042589 4.05597617720574 -0.572886100123422 -0.988068051075501 -0.642599281341109 -3.12055572091834 -0.0100751281162137 0.978843871521769 -1.03196271283959 4.06911608045091 0.203487667263652 0.575183099013117 -1.36439353354588 -1.6581122634132 -1.3652013656741 0.224967351175678
"154" -0.825878692869296 3.6681724840309 -0.590620733994309 -0.937544921433592 -0.628795259525837 -3.23041393967431 0.0392281208333762 1.02143767387648 -1.05955028141456 4.6063175666321 0.222387629795465 0.597859492669613 -1.52982958001978 -1.93708496978138 -1.37495725404469 0.237554676692753
"155" -0.960055182754971 3.11995173585985 -0.542057118992314 -0.821878418091558 -0.610596602651005 -2.96840105301577 0.0703381607147988 0.970825135426742 -1.06349012319851 4.64954161035859 0.224268451449678 0.577122926100486 -1.63096722391549 -2.04976338961087 -1.2559990395517 0.233704395874838
"156" -1.06166962735393 2.39414473245475 -0.432774190171211 -0.644943488232308 -0.596304444601624 -2.34718116224306 0.0845831860856341 0.834926652547262 -1.04141417557357 4.2005548299262 0.206739322772073 0.51181369203195 -1.64789603322649 -1.95458193773719 -1.01546101657215 0.209866091326262
"157" -1.11896237230486 1.50593246348913 -0.275487453556422 -0.419063587487791 -0.594232347137315 -1.4203824530269 0.0845276914249129 0.63027892408901 -0.993609634913915 3.31440845550932 0.170882084387883 0.407068840439109 -1.56598816317205 -1.64667144637359 -0.676972931332358 0.166426855736404
"158" -1.11774945231175 0.503925016987109 -0.0892854115625772 -0.164317822569792 -0.610552229984821 -0.284243336335846 0.0738287117633141 0.381068160228625 -0.92231362420869 2.10253866812147 0.121147864892539 0.274064044805556 -1.37815466967926 -1.16309637308669 -0.278861362518562 0.107667671651797
"159" -1.04392423683512 -0.534262717330465 0.102155413727345 0.0932288806684625 -0.646287609813275 0.926973638942506 0.0569359476909685 0.117125642461373 -0.830114746779045 0.726868431081 0.064632502334649 0.128693134261823 -1.08712336072057 -0.579699783865775 0.129839352141921 0.0411345687371067
"160" -0.887451062009288 -1.51103186482601 0.273230701838172 0.324420399175764 -0.69394613180627 2.05445868545281 0.0385438238317164 -0.129226492909078 -0.718008837431281 -0.618870130215853 0.0098254911380069 -0.0106652222432899 -0.707730595867186 0.00183488721416381 0.495491636275176 -0.0236896975962395
"161" -0.647181742311171 -2.32198896065816 0.399791429350322 0.501077760329608 -0.735151199524985 2.93822814352676 0.0228231282856401 -0.32744545617021 -0.584202422753325 -1.74092110591511 -0.0350088513349958 -0.126065919355995 -0.26874330056508 0.475771907435317 0.767878181174282 -0.0773695276570265
"162" -0.335245891014941 -2.87314382147411 0.463094100639048 0.601084483490915 -0.741491117809275 3.44845191147781 0.0125993684339876 -0.453832983122128 -0.424980705577159 -2.48565405935621 -0.0635667078615301 -0.203255210206294 0.187040283333265 0.758861532736028 0.909540583669333 -0.112827806738608
"163" 0.0206179604234404 -3.10090995163112 0.453965206579214 0.613774568255231 -0.680943021179617 3.51844065150089 0.00875297589444646 -0.496565907622445 -0.238418093245297 -2.77759637835555 -0.0729879385576782 -0.23471267505812 0.606247618539167 0.814311068102918 0.904932111533086 -0.12732155226513
"164" 0.378334256917146 -2.99108638682725 0.376354664688407 0.544121282399018 -0.530670763747208 3.16844679657187 0.0101307300825484 -0.459255782590525 -0.03021872716751 -2.64084743159411 -0.0646407087150749 -0.221688579469003 0.933395517657125 0.664196205924428 0.766717069610138 -0.123210927124831
"165" 0.687246747793794 -2.59003501659187 0.248827367728211 0.413675113815572 -0.293036199604235 2.50787941144345 0.0141219365496634 -0.361282364273618 0.18112107263988 -2.19111455932902 -0.0438219821986845 -0.174367015389663 1.12387532072384 0.383234925462911 0.535879513987013 -0.10686747859603
"166" 0.898343701241059 -2.00030423475808 0.102132904671784 0.256496698276926 -0.00623418509115936 1.70846099061025 0.0177686238151336 -0.233583574537159 0.364241779593615 -1.5960486171741 -0.0182506609464124 -0.109541150251573 1.15788281816801 0.0732976838134236 0.27309342827126 -0.0859123207756056
"167" 0.977856226029595 -1.35643414017636 -0.0284311622379203 0.109924122232329 0.261638877493058 0.952762823977965 0.0189632527578816 -0.110067516976079 0.483535513048849 -1.01782775544421 0.00433027962019494 -0.0459073883197618 1.04914335375329 -0.172852575250516 0.0416976066433463 -0.0661237970542174
"168" 0.920750106453744 -0.785591123289771 -0.114655070150105 0.00280678919612498 0.439565008469568 0.376810193580274 0.0171585479187413 -0.0171514562151076 0.515072609655935 -0.563902077643069 0.0186336449151963 0.00173641838586036 0.842563769505613 -0.303063104551985 -0.112662375871196 -0.0498372734945178
"169" 0.756906847319908 -0.368783184390482 -0.145954927380937 -0.0534973700041306 0.489479865965273 0.0329880534579048 0.0132443558833966 0.0340143563276989 0.461059217975052 -0.268497888761551 0.023299881480956 0.0269435460865139 0.599459771140474 -0.317492453058758 -0.176418929644512 -0.03667410712265
"170" 0.606356447216376 -0.178106366402528 -0.139532068206896 -0.0660152966725356 0.453347568602694 -0.084064356380273 0.0100318112368465 0.0472366229480872 0.386507187281615 -0.143747210280637 0.0219073842056323 0.0323590231196533 0.436580106201696 -0.278402974159427 -0.175886099576317 -0.0286312765591958
