"V1" "V2" "V3" "V4" "V5" "V6" "V7" "V8" "V9" "V10" "V11" "V12" "V13" "V14" "V15" "V16"
"1" -6.28341479115286 8.21471276848553 -0.356939479372159 -3.11237319825727 7.09078672103057 -9.17872897792299 0.030619527315217 2.75086165642833 4.4263664237625 11.9924451409425 0.434142349299051 0.264247762806917 -7.46908942310226 -11.6713639025242 -0.728376453924056 0.458242456290463
"2" -6.59385860686065 8.09575612585638 -0.334539913067772 -3.12680747139621 7.19299503907995 -9.08984277749346 0.0262913626379699 2.75696834024188 4.85079788148187 11.8042569247509 0.424186234294368 0.21956589327965 -7.40635216290649 -11.5700264389094 -0.719527123303124 0.476855972141493
"3" -6.66664871934447 7.40196564239352 -0.280838811691495 -2.93136663323753 6.92013966082798 -8.3603944606235 0.0191769135127942 2.57893820659575 5.13111130281891 10.762634219453 0.382212682158254 0.14433899823689 -6.90619159234987 -10.6468646660291 -0.656200044168145 0.472486448819836
"4" -6.58449803608713 6.57087245731918 -0.224894754939214 -2.66424674778705 6.5112234603214 -7.4608124581012 0.012895728875975 2.34140976697046 5.22949682175049 9.51989779822992 0.333595653683091 0.0742992126888566 -6.30742618162665 -9.49922466775658 -0.578201780095924 0.455619779224435
"5" -6.31937309622377 4.98344988426379 -0.125225014595003 -2.12332207174177 5.67957508803681 -5.71742862786766 0.00330726079540966 1.86704693578554 5.22271537095505 7.15051813883883 0.24198964371206 -0.0435833455703687 -5.18413154171265 -7.26525891392575 -0.426262119377043 0.41532234846818
"6" -5.94593094859266 3.05318189565025 -0.0107471541478503 -1.43700499069109 4.64256745941565 -3.57306897830483 -0.00542426070488489 1.27415382528227 5.0524045682012 4.27665892545519 0.131511011199223 -0.175567385640534 -3.85395271984237 -4.50748610213481 -0.237799590924624 0.362353654987601
"7" -5.54746959951572 0.996667742966338 0.104420824185752 -0.682238232310283 3.52640570459216 -1.26769011993781 -0.0110321082845815 0.634290604841055 4.7390013644281 1.23072148969482 0.014377608140876 -0.310972606597716 -2.47607775583478 -1.53425212088871 -0.03296121050289 0.307141743089232
"8" -5.20055854008638 -0.934391204931785 0.20395215427078 0.0452510047152828 2.46157292965211 0.913224453286716 -0.0111106624076598 0.035202702442291 4.31277285808956 -1.59567670004708 -0.0952891182595863 -0.439414697197208 -1.21490531439332 1.28489228831359 0.164011945098991 0.26225213255384
"9" -4.95838436804965 -2.48898566206958 0.271590578660323 0.643143322334709 1.56113865542297 2.67727414726619 -0.00344064444192327 -0.430297138215337 3.80879672976713 -3.80487222115801 -0.183604434799179 -0.553016751557152 -0.215250112546443 3.56966381029025 0.328627524487274 0.240733772450767
"10" -4.83975186517389 -3.45340695910318 0.293577965426152 1.01631632207591 0.903820120024854 3.7658048968363 0.0136923074639554 -0.676722758197911 3.26226759219003 -5.04886837886374 -0.239157525351033 -0.648339991877947 0.417507166802324 4.98307999215072 0.440471628829528 0.254266850923159
"11" -4.82621023229242 -3.68258512191142 0.260806839231577 1.09010138837084 0.524737648517437 3.98997308624098 0.041243616879612 -0.63766431670274 2.70485849790647 -5.0784696839786 -0.254970249854267 -0.727647050915039 0.629632336256378 5.280096675957 0.487286375870099 0.311374508568406
"12" -4.86764477139607 -3.12136501311852 0.170318874024588 0.821078240322549 0.414712452975863 3.2567505725608 0.0792668107621211 -0.275192255106447 2.16242881158912 -3.77836680811754 -0.229856286513694 -0.799223178337343 0.422966517299102 4.34324011520397 0.468066497899144 0.415938055964943
"13" -4.89460309712439 -1.81290729736577 0.0258837841894888 0.203973281433264 0.527036684888344 1.58141060282509 0.126907399459299 0.414305833323624 1.65402054697915 -1.18345732859882 -0.168961906574481 -0.876630374723391 -0.148569428240393 2.20019668556449 0.394583305223932 0.566206089388288
"14" -4.83415825978034 0.10640662955052 -0.162447598086999 -0.72611839825322 0.789361737642707 -0.914638259258538 0.182533541560517 1.39846626082544 1.19190665920969 2.52509814409768 -0.0833970490727722 -0.976929037524314 -0.988337378385921 -0.97849977738818 0.2909755108426 0.754424223796377
"15" -4.62557020369428 2.42417128039779 -0.379745879849906 -1.89629558085289 1.11785242498583 -4.01956469549503 0.243977568462753 2.61146854172767 0.782420671769984 7.04248653609125 0.0110041608035942 -1.11805127368643 -1.97056163224386 -4.90037403511826 0.191324373132375 0.967142503544892
"16" -4.2324281098758 4.87829131690989 -0.608328326047967 -3.2027265805541 1.4309290680393 -7.45743326513207 0.308841490023227 3.96022352239908 0.427319010046155 11.977377298918 0.0956385016420143 -1.31563674373683 -2.95655630226304 -9.18655294037785 0.135407138559458 1.18618792388224
"17" -3.64911558000551 7.18851459403822 -0.830252635673617 -4.52094077386892 1.66052185101628 -10.9209650667045 0.374807590430152 5.33336679782121 0.125426115037556 16.8977447167526 0.151560791217918 -1.57973621937344 -3.81194359426107 -13.4162264337158 0.163061332506913 1.39022569889676
"18" -2.90094685243042 9.08889189009642 -1.02976670676514 -5.71837670051218 1.75954681759836 -14.1060697344685 0.439894520784563 6.6120017391367 -0.125730456817866 21.3788510944727 0.162085264225283 -1.91184056246493 -4.42291993329277 -17.1736032900101 0.307774916881044 1.55678095080839
"19" -2.03874620051079 10.3571602646732 -1.19531598408776 -6.66790134724761 1.70510824680274 -16.7436905161521 0.502610159623998 7.68107727947671 -0.328625843042094 25.0471903286311 0.115245669671395 -2.3026941109747 -4.70940510753402 -20.0912831546503 0.590241480981604 1.66455637197578
"20" -1.12964527676107 10.8378066435713 -1.32079341513224 -7.26098586639455 1.49764278400293 -18.6253328482487 0.561973016711818 8.44031771108186 -0.485079634557618 27.6153899174251 0.0058152068380366 -2.73129476306895 -4.63309887162563 -21.8851698538874 1.01268921478777 1.69586012276886
"21" -0.246290654810366 10.4566520596782 -1.40585350683398 -7.41926479411495 1.15679388720448 -19.61989678482 0.617400332232336 8.81371322394611 -0.596382050844674 28.9048615202828 -0.163366805452341 -3.16536812455888 -4.19924295024131 -22.3778009696838 1.55480594936262 1.63894490267921
"22" 0.543484877060649 9.22601168608878 -1.45527567992525 -7.1033187820999 0.715197626566365 -19.6808535751766 0.668488371013893 8.75671981416457 -0.664122882534741 28.855011538241 -0.380946461331234 -3.56343845576703 -3.45210780789341 -21.5088998979905 2.17202769476717 1.49004418408003
"23" 1.18499595123265 7.24064601049281 -1.47752308587383 -6.3177237813702 0.211532688434289 -18.8441425767149 0.714733600857159 8.26051134447556 -0.691408439207304 27.5197039367271 -0.627586193559239 -3.87842190059746 -2.4655065800894 -19.3337275389383 2.79681499904473 1.254869285307
"24" 1.63889050770092 4.69138094053699 -1.48277156918289 -5.12446398118436 -0.311034624190839 -17.2362714191096 0.75491584885782 7.36292590943106 -0.684207925940186 25.0802568179344 -0.875261829572821 -4.06150285309923 -1.34135409389475 -16.0462153492747 3.33891825664568 0.952361696783555
"25" 1.89979530690078 1.72330278017591 -1.48077902025142 -3.57798161871324 -0.833107997342232 -14.9723592110373 0.788557881882397 6.09799900428831 -0.651030613076799 21.6940238311601 -1.10045955261668 -4.07267359593789 -0.145030539798398 -11.7917164047455 3.71486449014674 0.599631322113055
"26" 1.96405293836364 -1.37233621036069 -1.47889728830808 -1.82012022708705 -1.32015782158363 -12.2805673227448 0.812773379283058 4.56971664196314 -0.604068306216949 17.6846250069548 -1.26746842985406 -3.87436989724847 1.01344542748703 -6.92649439221307 3.81686871090278 0.235796893935913
"27" 1.85577065487141 -4.33661561281804 -1.48076484413019 0.00285120549915518 -1.75507598425976 -9.38591546039828 0.82482124402884 2.89094431282646 -0.557586416205467 13.36924177278 -1.34752294378868 -3.44963765682769 2.05603832159846 -1.79585268641515 3.5613131133091 -0.099408101012159
"28" 1.61299739400704 -6.92840750748167 -1.48539507923408 1.73818215584515 -2.12800660465632 -6.51070560304271 0.8216443087383 1.18484581145157 -0.52574389967975 9.06350933780766 -1.3183436894081 -2.80195349408496 2.92301207264921 3.24577672288271 2.89287959347894 -0.365664824106716
"29" 1.28217247525998 -8.94575076940293 -1.48734452985747 3.24221594932396 -2.43359301241682 -3.8563439408079 0.800291501384962 -0.426201832157403 -0.520121701042136 5.05731869029034 -1.1675640846357 -1.95747581209616 3.57403691852795 7.85907695593323 1.79759500149567 -0.527686756669937
"30" 0.912230528061485 -10.2427958303798 -1.47770649634748 4.39499095911196 -2.66774099790037 -1.58858244462897 0.758435403280913 -1.83120336360537 -0.547297110889971 1.59502695122467 -0.895358146143622 -0.964979667964144 3.9869627924781 11.7410033778893 0.312653724724441 -0.561139380191889
"31" 0.54899035153943 -10.7410413186074 -1.44574393248922 5.11213247948808 -2.82472997382306 0.17308419850383 0.694903485600648 -2.93955649290592 -0.606964520956424 -1.13916825598096 -0.515848879089532 0.106690954253281 4.15527893245957 14.642363170295 -1.46898667217874 -0.457876686130476
"32" 0.230386621267229 -10.4340685573736 -1.38087676402677 5.35259623525144 -2.8953739612388 1.36146057726148 0.610130239495021 -3.68760549200243 -0.691024771707337 -3.03032272019561 -0.0569655251031804 1.17354436647111 4.08516940240207 16.3816197358225 -3.40086221166757 -0.229387651746947
"33" -0.0169936223391005 -9.38550909965761 -1.27469163956766 5.12133223890078 -2.86670554489879 1.96301278497162 0.506441959185025 -4.04219946797764 -0.783918273160026 -4.03622390214809 0.441432219842028 2.14337359501224 3.79282515025182 16.8548214255343 -5.29302411989238 0.0925442297084373
"34" -0.179744684948759 -7.7205447221163 -1.12265234566985 4.46660257992335 -2.72336328167751 2.01470802974927 0.388106364884194 -4.00112774388901 -0.864285386226978 -4.18540770053858 0.931141645251756 2.92413901520194 3.30237947002428 16.0415142699267 -6.92973417878557 0.458592491322634
"35" -0.25770120520184 -5.61181459897898 -0.925252224753024 3.47242147458337 -2.45054258100102 1.59677652278094 0.261113020678479 -3.59072898881396 -0.907825579599013 -3.57011240878398 1.36065785703437 3.43310838015714 2.64455700572211 14.0064041737913 -8.09355695917247 0.808077467892872
"36" -0.262290111006934 -3.26114719331576 -0.688451945783868 2.24727785819914 -2.03806120482371 0.822141257040641 0.132692506102629 -2.86133645085681 -0.891020530239331 -2.33484456359724 1.68117026871218 3.6059874166458 1.85590070648769 10.8964678465836 -8.59337221340729 1.07791024156904
"37" -0.213463713682415 -0.878984083794876 -0.423366273451052 0.910828426438002 -1.48483646176868 -0.176449735971971 0.0106256292326918 -1.88145631515488 -0.795213775430085 -0.661529074595592 1.85281371648168 3.40523589774057 0.978284315269576 6.93323847528674 -8.29282365299514 1.2129409513982
"38" -0.135696359271009 1.33634873503297 -0.14527911582087 -0.419493657926978 -0.802915052189256 -1.26032132591081 -0.0975689196030629 -0.73162513830971 -0.610429333950016 1.24750455607909 1.85034611401514 2.82674146447607 0.0583403558336215 2.40014917685741 -7.13511711513138 1.17591120979341
"39" -0.05365943494769 3.21730093147107 0.127843292222053 -1.64008556701037 -0.020173642780513 -2.29840696325925 -0.18545598375259 0.50126273152506 -0.338288276533277 3.18724290448529 1.66740736367743 1.90401404119439 -0.85356005265163 -2.37488861743958 -5.16005406880004 0.955108288060728
"40" 0.0117682123089082 4.64166395626671 0.377119288754386 -2.66953746783611 0.819063186489075 -3.1790547471528 -0.24839562489565 1.72869491568554 0.00654024259199559 4.96688198068057 1.31862613644188 0.709091877195533 -1.70505208989067 -7.04108544315969 -2.50982772232874 0.568121541706205
"41" 0.0465584736457458 5.54147806142259 0.584567965983354 -3.45295974195506 1.6559671358739 -3.81893201506921 -0.284039494289601 2.86430550823047 0.396739610276882 6.42444498560155 0.839081042715719 -0.650535462575135 -2.44436980965838 -11.2494879098253 0.578599463141018 0.0607686659022875
"42" 0.0452233033000766 5.90539993012612 0.734772404503644 -3.96227468829875 2.42180605668919 -4.16821188632537 -0.292537377663791 3.82701879616263 0.79472590161015 7.43793078369038 0.280966645828642 -2.03942455673314 -3.02371555297105 -14.6792577671931 3.79491555273898 -0.498841589222138
"43" 0.010928805662644 5.7744790365241 0.816241169856141 -4.19321582271277 3.04485178869671 -4.21169821691547 -0.276423425529117 4.54417749560514 1.15683180185926 7.9321959772725 -0.292282485052738 -3.30609274283779 -3.4031363404701 -17.0635511796922 6.78898914799265 -1.03020654330976
"44" -0.0459074731421367 5.23215027727292 0.822381306960608 -4.1603077895229 3.45882358310983 -3.96606912261996 -0.240201271068429 4.95527131407005 1.43881666147001 7.88125814753892 -0.813755319502036 -4.2987249084581 -3.55447103251532 -18.2127608673796 9.21281422410721 -1.45261569477952
"45" -0.11022480809325 4.3900139060745 0.752051412543892 -3.8912988806901 3.61176111432167 -3.47391371730669 -0.189694186971252 5.01661806930531 1.60197579472742 7.3062105912602 -1.22172767700087 -4.88330868434787 -3.46483163068461 -18.0328211182035 10.7655646841267 -1.69752757477545
"46" -0.165624985665886 3.37152108194687 0.609701751923637 -3.4223483475248 3.47404217498869 -2.79562416233784 -0.131262614093941 4.70685725557507 1.6189713573367 6.26938737342766 -1.46803223185793 -4.9621063179984 -3.13906959870678 -16.5364704259623 11.2355440560523 -1.7190403845816
"47" -0.197760528501249 2.29592213989849 0.405126885085338 -2.79478703718405 3.04427679887056 -2.00042422638467 -0.0710105968925347 4.03251737552819 1.47848707330212 4.86575044688277 -1.52490888724736 -4.489828411286 -2.60075977226256 -13.8458366909429 10.5328117307708 -1.500775389708
"48" -0.197192375817338 1.26471842999763 0.152859385352031 -2.05360981601734 2.35203146580316 -1.15783281790129 -0.014101586801047 3.0323890088286 1.18793182654449 3.21264808694309 -1.38926595860352 -3.48469884998485 -1.89139957865359 -10.1854360883985 8.70723457710392 -1.05821127396484
"49" -0.161213667233767 0.352397094115304 -0.128769264383777 -1.24720934171137 1.45673953582709 -0.330676828053811 0.0357170874610802 1.77916136218681 0.773671223561195 1.43910315490484 -1.08361664308762 -2.03193221940819 -1.06774416471006 -5.86559832409364 5.94855827265383 -0.436353369874269
"50" -0.0943339533952781 -0.397510760335535 -0.418871432463675 -0.427412885737795 0.442680725377656 0.429583404247524 0.0763194111834196 0.376905438293534 0.278617128879723 -0.324354441475407 -0.653423101629812 -0.278033357048116 -0.197442701864759 -1.25734934412804 2.56757032129917 0.296598961769632
"51" -0.00736778631818424 -0.970907268532301 -0.695503657523204 0.35122404349022 -0.589516443928332 1.08490791934071 0.10712152429673 -1.04643416134968 -0.242600078981781 -1.95455587497054 -0.161113467630742 1.5843051697193 0.646631699226589 3.23922850780639 -1.03982779454873 1.05836710552467
"52" 0.0846723694901925 -1.3769103085242 -0.937345827111926 1.03363934413392 -1.53386968014561 1.61028135281526 0.128753714178828 -2.3514143527841 -0.730276151012163 -3.34282654509661 0.322448316192947 3.33930012410929 1.39279148162393 7.23031492087199 -4.4412344633547 1.7630180963497
"53" 0.165463269590703 -1.63847933439706 -1.12543838641045 1.56819473607084 -2.29116045892218 1.99145777121385 0.142561849776712 -3.40306282264186 -1.12719977300151 -4.40026778356196 0.72784843994242 4.77617981063668 1.97701887741289 10.363967930724 -7.22263091730838 2.33127122502992
"54" 0.220485782576759 -1.78191397233195 -1.24481785420642 1.91181123392744 -2.78059832723157 2.22172235914081 0.150045027729391 -4.08812495095339 -1.38608386829356 -5.06133212790792 0.996936238830244 5.71812383532961 2.3488488585171 12.3624946882489 -9.04201711129008 2.69951473882975
"55" 0.239781210214176 -1.8273820369177 -1.28587063963153 2.03523169056189 -2.94948339222323 2.29865005819647 0.152345135132435 -4.33064299419038 -1.47580119660636 -5.2859978892875 1.09111675434161 6.04740318035692 2.47604434058076 13.0482796339599 -9.67429513160369 2.82671131955067
"56" 0.219835562678213 -1.78237309578776 -1.24523584098449 1.92709667242434 -2.77957044119806 2.22174736756813 0.149891548418509 -4.10294091938226 -1.38552441565717 -5.06088779755873 0.996883715849435 5.7224919158034 2.34759124318174 12.3604059661388 -9.04103696981201 2.698703770664
"57" 0.164243123976689 -1.63937153653319 -1.12613351002915 1.59572807990571 -2.28927740623568 1.99159309285972 0.142272315457745 -3.42982193966367 -1.12616984901959 -4.39959983646281 0.727759822309281 4.78418347203842 1.97471815003462 10.3603508164125 -7.22088566588354 2.32968293378872
"58" 0.0830266920539202 -1.37820769654945 -0.938069079573893 1.0681118724533 -1.53144247433451 1.61070158401537 0.128357667331443 -2.38509179905611 -0.728935526315148 -3.34235817427748 0.32235127072579 3.34962879986051 1.38984469609829 7.22617688933389 -4.43910214510834 1.76074613694436
"59" -0.00926133379209659 -0.972628254507754 -0.695951084525291 0.386352679644915 -0.586936523012554 1.08589616044367 0.106651090187398 -1.08107442343533 -0.241146878780022 -1.95490025456957 -0.16118923272245 1.59533310090046 0.643567016898032 3.23584830936392 -1.03776033481154 1.05560637912276
"60" -0.0963086349468085 -0.399794009841571 -0.418737390688648 -0.397439880291131 0.445005486642785 0.431587882843132 0.0757970772860403 0.346822452365416 0.279987406936463 -0.326352627891765 -0.653457260469565 -0.267948206295841 -0.200017060733671 -1.25857336291443 2.56914986351512 0.293680124996172
"61" -0.163172625909169 0.349185000189436 -0.127776921634108 -1.22652516001654 1.4584382753932 -0.326915574647387 0.0351418451513723 1.75756841066101 0.774810945182679 1.4342329661531 -1.08361045754066 -2.02418236393351 -1.06917070831747 -5.86317391729216 5.94934980230028 -0.438964776367357
"62" -0.199187641427841 1.25982294011828 0.154970000510843 -2.04396278183594 2.35280343892587 -1.15103889492275 -0.0147701336643706 3.02093321823781 1.18879013990178 3.20297508167369 -1.3892550831643 -3.48023462737547 -1.89096834396781 -10.1775788586962 8.70713439504925 -1.05998186463694
"63" -0.200100337597235 2.2879544197956 0.40866720826682 -2.79540044958776 3.04390409088059 -1.98836703775044 -0.0718726234270548 4.03036781550429 1.47916592959789 4.84801864362953 -1.524978459669 -4.48903822226566 -2.5976656597889 -13.8299614821026 10.5319682900399 -1.5012636082829
"64" -0.169017998712633 3.35807299954558 0.615168511398849 -3.4302188961301 3.47239082931714 -2.77444267777867 -0.132507707652366 4.71088797897801 1.61979428115482 6.23801238565352 -1.4683379363305 -4.96473593206247 -3.13233074306913 -16.5082916028344 11.2344132223625 -1.71816410096289
"65" -0.115967515940469 4.36706160599715 0.760334120466496 -3.9016776499102 3.60878477150406 -3.4370798346298 -0.191647089418097 5.02171457840086 1.6035748289338 7.25174024862702 -1.22252815611856 -4.88837139867246 -3.45317040073081 -17.9849710538588 10.7649906657143 -1.69593819216971
"66" -0.056118075339981 5.19315440487458 0.835055319672449 -4.16706801126429 3.45458443620836 -3.90285876399594 -0.243392355094301 4.9544700504174 1.44224145129029 7.78811324430399 -0.815462385580048 -4.30436177997035 -3.53615523047773 -18.1328095676435 9.21416434519506 -1.452158226748
"67" -0.00697211084391824 5.70907566840356 0.835965275743263 -4.18884824932002 3.03956958589261 -4.10501541838289 -0.281693756495088 4.52838137002226 1.16368473413592 7.77547159803134 -0.295535867342267 -3.3093647959904 -3.37577018898713 -16.9312764586126 6.7943664315535 -1.03442761776751
"68" 0.0149701740703563 5.79757359136079 0.76581695471242 -3.93733243748147 2.41593640200752 -3.99160113859193 -0.301188640171858 3.78410689983713 0.807331110413003 7.17902072208653 0.275193925459547 -2.03604582659682 -2.98395901976733 -14.4629926420921 3.80746464748836 -0.513495035265805
"69" -0.00254311527351092 5.3671247844386 0.633502272671251 -3.3948671794542 1.65029410891576 -3.53263114212768 -0.29803818229756 2.77754256060757 0.418361740926308 6.00527261621585 0.82934237561642 -0.634577387363606 -2.38755045166977 -10.9013827301489 0.602910397381947 0.0272745064066839
"70" -0.0649707559615251 4.36549718257652 0.453680852922901 -2.56076381525918 0.814767649747985 -2.72500080503511 -0.27063791720596 1.57443057621174 0.0416770148697978 4.3026046976031 1.30282515825562 0.745482025518868 -1.62461521692921 -6.49119015299701 -2.46722701066392 0.504390616086312
"71" -0.169624493559468 2.78913490772379 0.24599239128986 -1.45576306999692 -0.0215371795971535 -1.59422724272122 -0.220093682772458 0.245995019863187 -0.283516689083974 2.15746771644967 1.64259027687692 1.97083341712823 -0.740281768061521 -1.52410542770826 -5.09014276767766 0.846591675413947
"72" -0.305773936531608 0.686919417355739 0.0338491966772949 -0.124643580867541 -0.799625700636163 -0.192533218443373 -0.150386793437065 -1.13465100194554 -0.52779366816354 -0.313671986956365 1.8124745381472 2.93624087292119 0.217471118661564 3.68795803902938 -7.02581308699928 1.00496436474714
"73" -0.456196884095419 -1.84232991567796 -0.157156378492346 1.36419992538367 -1.47550143135359 1.40663896882444 -0.0681946476501025 -2.49581980281908 -0.673845282308413 -2.97595676964079 1.79654011064753 3.57186299246496 1.20161245450592 8.83937860490005 -8.12847849950413 0.959162842336809
"74" -0.599876210901158 -4.658353908045 -0.301149072722296 2.92283830700171 -2.02248351322181 3.11700689112763 0.0176216928355331 -3.77074251143921 -0.716974258528616 -5.69004878823444 1.59964965801382 3.84610005809918 2.16914989262858 13.654768311845 -8.35443761653687 0.718832181788457
"75" -0.715315705572948 -7.59283836261125 -0.374050024706889 4.45143902145537 -2.43099781544305 4.8495376297443 0.0968104100542888 -4.90144142281247 -0.663968491008099 -8.32660134344644 1.24544144094696 3.76438680891624 3.08336347848592 17.9083613879199 -7.75655736985209 0.320274945090205
"76" -0.78382854400391 -10.4659001007683 -0.355689190292253 5.84858087369639 -2.70624363600177 6.52273417721233 0.158718927849264 -5.84281448324123 -0.530803922739484 -10.7793424066156 0.772207429371917 3.36462837172803 3.9151618397951 21.4373895679587 -6.46769597745515 -0.180713281733915
"77" -0.792174405120534 -13.1034909468951 -0.231796725942615 7.0227922083368 -2.86440090934851 8.07151913347235 0.193380204616233 -6.56641982438884 -0.339724399581591 -12.974891245838 0.227411880203931 2.71011142150201 4.64363064620619 24.1486014918715 -4.67650445912932 -0.718268937282119
"78" -0.73408230362287 -15.3534701961452 0.00426527920814124 7.90354451939902 -2.92818013807079 9.45330402305967 0.192590871426802 -7.06323553395004 -0.116209443858644 -14.8778106922987 -0.338309337595774 1.88077749697732 5.25589138062497 26.0177566236048 -2.59968350422832 -1.22630431840662
"79" -0.610457595364466 -17.0983664655454 0.35014167976567 8.449964100741 -2.92251476569187 10.6502754518601 0.150884395461702 -7.34465286376332 0.113794328135484 -16.4900594503397 -0.876857896843887 0.963762511542882 5.74640694445389 27.0826104159594 -0.454710275330399 -1.64706688917067
"80" -0.428367418559901 -18.2634092244255 0.793577921810083 8.6558673192153 -2.87105687792789 11.6675595912176 0.0663170722108077 -7.44114601834752 0.326170806582493 -17.8448613114957 -1.34742117921942 0.0441023541698087 6.11587751265859 27.43055397718 1.56358806703975 -1.9371954579874
"81" -0.199154492214177 -18.8191649189824 1.31203921352062 8.55029523079611 -2.7938870890624 12.5276363497396 -0.058998445702386 -7.39840591135356 0.500390725224172 -18.9959139264499 -1.71980713208467 -0.803530891402261 6.3698769731991 27.1826127944518 3.30027133878457 -2.07074145655133
"82" 0.06381600507288 -18.7789363024007 1.87293245844029 8.19340601046179 -2.70653780789829 13.2620347411493 -0.218661842431089 -7.27115626134696 0.620727754120757 -20.0036565330684 -1.97616301914357 -1.52129016459003 6.51738487117922 26.4758718763983 4.65020191780604 -2.03932788453312
"83" 0.347247116690909 -18.1918386519698 2.43453109105764 7.66826384071373 -2.62012528716177 13.9018256021249 -0.402093096436573 -7.11530608196057 0.676949808180368 -20.9208482510345 -2.11111461458617 -2.0722151651662 6.56935803519477 25.4465113943923 5.56067925312118 -1.85016467019886
"84" 0.639406861742117 -17.1330284489827 2.9477279115124 7.06964384912862 -2.5421640092187 14.468641171344 -0.595005615890088 -6.97945655888932 0.664498956393786 -21.7798622908973 -2.13055703812026 -2.44156304255739 6.53744940325399 24.2154647388533 6.02779222029585 -1.52290685485605
"85" 0.930782914857019 -15.6928411645453 3.35874578054336 6.49138349320219 -2.47755253980601 14.9678487862313 -0.780257458606158 -6.8970093214549 0.58419604431565 -22.5838326431689 -2.04945669286181 -2.63541244398584 6.43292454470063 22.878250802151 6.08812314978468 -1.08629628038761
"86" 1.21386523055523 -13.9665612667031 3.61289671531159 6.01400564599544 -2.42928874372493 15.3851061475048 -0.939074148984261 -6.88017043437549 0.441566182921523 -23.3031383488286 -1.88907857654746 -2.67690446008601 6.26577365836138 21.4998405180567 5.80771180316833 -0.575224750444249
"87" 1.30061858126797 -13.3761141262324 3.6522508845519 5.89396617065768 -2.41768664651349 15.495079381242 -0.980736193030509 -6.88724770140649 0.384904839951847 -23.5040599359155 -1.82577967160987 -2.66369661096905 6.20123368109591 21.0616788135833 5.6612843040607 -0.40426652647875
"88" 1.56299946896519 -11.4122805832783 3.62385673047328 5.63110129442248 -2.39259381884101 15.7508424630408 -1.07625324481809 -6.93469124551714 0.174973329112063 -24.0165748455672 -1.59874263412468 -2.55867986627891 5.96345792585333 19.6770280008358 5.0610624038768 0.145408566271726
"89" 1.80170417753365 -9.36207598728595 3.33645659957597 5.5531122464663 -2.38361062054343 15.8257164884219 -1.10464568559996 -6.98514054840251 -0.0713087414391964 -24.2730340885554 -1.3499300620571 -2.3890399572665 5.67771322783182 18.2917914054923 4.32164224767257 0.677149037126583
"90" 2.00802975943981 -7.29490818106467 2.77068308959559 5.6419169316423 -2.3862606717614 15.6638260074043 -1.05406716157941 -6.98053499993802 -0.338902081028493 -24.1800164393397 -1.10177126622457 -2.19290052732686 5.3458570907828 16.8907171745766 3.52699776892177 1.15066197903616
"91" 2.17095285220745 -5.27069792229531 1.9305130170481 5.84910773172123 -2.3925470842978 15.2144200282882 -0.91881439469735 -6.8559358962886 -0.611204860956413 -23.6522795579103 -0.872653251469814 -2.00132728860808 4.96728156244436 15.450778412321 2.7489879016066 1.52886872717863
"92" 2.27741165952884 -3.34272893269895 0.847710369383094 6.10313578951718 -2.39081859690546 14.4411243115141 -0.700814282132967 -6.5508691325571 -0.870397747457634 -22.6263069285828 -0.675923788792858 -1.83541735986546 4.53977846191475 13.9489884609327 2.04351737393426 1.78117845895031
"93" 2.31354263411743 -1.56086561275856 -0.415992047619966 6.31938859943193 -2.3662973586997 13.3294329096713 -0.410511331982491 -6.02095088788306 -1.09788976378348 -21.071063413125 -0.519481268576527 -1.70525762792749 4.06096266751999 12.368270681489 1.448955358886 1.88717368842663
"94" 2.26675646382768 0.0260117116928313 -1.76986483734976 6.41171472903079 -2.30232403458735 11.8913195238024 -0.0669278266094011 -5.24786953237617 -1.27507001337344 -18.9945397107439 -0.405882604917252 -1.6105844464837 3.53008675382841 10.7008599288617 0.986394400714744 1.84006092490381
"95" 2.12832051173729 1.36925542458641 -3.09894758640064 6.3038404999561 -2.18221769327191 10.166364755004 0.303266937383981 -4.24593246728426 -1.38448549913164 -16.4454195308125 -0.332882312430485 -1.54273342195665 2.94992655646675 8.94934790564568 0.66127472494054 1.64902586983408
"96" 1.89594771683491 2.42187511363716 -4.27281524060044 5.93925454425789 -1.99152359322422 8.21936505618459 0.667735940021331 -3.06384712186485 -1.41142399708895 -13.5099850489673 -0.294310272237226 -1.4873450936866 2.32833619630327 7.12599032669419 0.465921604980394 1.33965685140356
"97" 1.57581965448756 3.14213746971689 -5.15797964824509 5.28845791608092 -1.72034742941027 6.13491001459033 0.991420772441799 -1.78112299621063 -1.34573141308697 -10.3050440784812 -0.281194862357012 -1.42729857373888 1.67909644800983 5.25116216826422 0.382608816949869 0.951879962454768
"98" 1.18352090735232 3.4988517451967 -5.63292040364792 4.35291049882926 -1.36545088229455 4.00980525198509 1.24021892017984 -0.499337584162049 -1.18358041990096 -6.96811446067341 -0.283036232651824 -1.34545818067636 1.02180565481152 3.35183719455713 0.386836749117265 0.53533197267825
"99" 0.743532678187876 3.47744594645496 -5.60413408263838 3.16546277867837 -0.931803277935558 1.94443164560226 1.3850098747053 0.670641902907903 -0.928859704805159 -3.64629123269981 -0.289129207105589 -1.22699150578228 0.380748625629906 1.46071030370089 0.450577853739105 0.142673151334748
"100" 0.287195605368765 3.08568411746137 -5.0211366225322 1.78747372657608 -0.433338803972141 0.0341582904700317 1.40553747985852 1.62369007093656 -0.593878168693916 -0.48516077093916 -0.289828061944149 -1.06119304576168 -0.217125819227732 -0.383834804510258 0.545286923349522 -0.178129116553464
"101" -0.150648418590038 2.35781235899458 -3.88815777409832 0.303134740085625 0.107249592635689 -1.63820984503604 1.29360595574306 2.27548479362173 -0.1991658428006 2.38113037915809 -0.277640725642385 -0.842870303802556 -0.744828663925205 -2.13716313237487 0.644503542235725 -0.3911728541716
"102" -0.535851902547989 1.35606378894806 -2.27040652054785 -1.18827154435348 0.659746113179771 -3.00822191112991 1.05507531074853 2.57528217091294 0.227717461889892 4.83791287137296 -0.248043559678422 -0.573382230912102 -1.17816908727627 -3.74784857647361 0.725900999760142 -0.478224354228587
"103" -0.839322830201752 0.168783333575448 -0.29328897870181 -2.58134603289773 1.18862835324181 -4.03339444128676 0.710254392951299 2.5143550531555 0.654308337842426 6.79579125799626 -0.199924829965539 -0.261357013136148 -1.49839392315707 -5.15795900016238 0.772672977890124 -0.441399397037458
"104" -1.0408165709423 -1.09509331779964 1.86621000412043 -3.77393605969746 1.65609492325385 -4.69455115821052 0.292478382445026 2.12863769197878 1.04610391323572 8.19419379605711 -0.135597653516328 0.0770126348670601 -1.69425237528955 -6.30492068854102 0.774204229954648 -0.302326964632812
"105" -1.1315018330026 -2.31492384900048 3.99571214682169 -4.67609341810157 2.02562588660617 -4.99506902444546 -0.155100508288712 1.49495550280346 1.36985539410195 9.00290864719216 -0.0603701876026719 0.418333558574886 -1.76320021125619 -7.12544153512087 0.726042966211935 -0.0979173900632304
"106" -1.11484788302755 -3.36978149897959 5.86979138624855 -5.21793204300775 2.26571310501141 -4.95841506593905 -0.584219107851709 0.721179078710406 1.5969142468274 9.22195932259217 0.0182832396600929 0.733341491008105 -1.7115856230692 -7.5615262603489 0.629270260721114 0.126433342837117
"107" -1.00567206417566 -4.15113695888977 7.2760349376116 -5.35581447552431 2.35335260479318 -4.6244778569162 -0.947176010971845 -0.0684172222697157 1.70623840971938 8.88018162419723 0.0918498850219009 0.989444338272733 -1.55380850720846 -7.56809482170013 0.489429288268639 0.324844567374384
"108" -0.827511663514258 -4.57522983203125 8.04161123285525 -5.07643537627655 2.2768949396479 -4.0452325541313 -1.20276187853416 -0.750535148761514 1.68670366086679 8.03279454034418 0.152057819486714 1.15452158608787 -1.31059666123392 -7.12122966898383 0.315218400858157 0.458586205772008
"109" -0.608782106697873 -4.59348001855028 8.05679123603227 -4.39851676963826 2.03790440601531 -3.28024158050482 -1.32165304195019 -1.22042854165051 1.53844974176102 6.75815051982033 0.192130317795232 1.20169466618063 -1.00667357639324 -6.22573631062053 0.117156582377447 0.501929444471898
"110" -0.378398958432285 -4.19944337365041 7.29202857201909 -3.37198112994838 1.65177795345287 -2.39240418074445 -1.2905020299862 -1.4070261850934 1.27310820008982 5.1537486409361 0.207835054519791 1.11441503048809 -0.668179711660116 -4.92058617385777 -0.0936031107635245 0.445263103927573
"111" -0.161633385792442 -3.43119102980472 5.80587655708428 -2.07462606568652 1.14700687121619 -1.44424958125899 -1.11410186842535 -1.28325538856893 0.912890850600597 3.3315312470736 0.198171110878377 0.890920642368656 -0.320233751753761 -3.28096026482564 -0.306197624830929 0.295180553683167
"112" 0.0230796845976613 -2.36854300016671 3.74213588347675 -0.60649019686025 0.563111685900189 -0.494941881472016 -0.815243745613401 -0.869900844217455 0.488645002254415 1.41247989173132 0.165585462344097 0.547000687482068 0.0150251299873787 -1.41601613336229 -0.51067383945292 0.0719041201882646
"113" 0.165848122503405 -1.12524257152268 1.31604181831665 0.917726993529868 -0.0525750527724895 0.401952196424475 -0.432197810329967 -0.232296688893825 0.0370876293625102 -0.479417962359207 0.115678072705805 0.116158407288822 0.319680868777823 0.537899797295694 -0.698328838276666 -0.195087735311972
"114" 0.265301835637246 0.163170032495827 -1.20918291446583 2.37765535912422 -0.648978806765179 1.19997665303049 -0.0140805750452841 0.529749198067009 -0.402495578535024 -2.22365815140063 0.0564309821128859 -0.353318698542353 0.58048468388543 2.42817443595584 -0.861839720973421 -0.472144842926355
"115" 0.326943215240874 1.35443178082755 -3.55268663857566 3.65696112221576 -1.17581460135409 1.8606912896185 0.385319696732651 1.29733429487129 -0.791763296706463 -3.70986951239195 -0.00293003699454175 -0.804255158771412 0.788570602441297 4.09988622443652 -0.995268576462877 -0.726238308434404
"116" 0.360291087595442 2.31579450379672 -5.44947424038497 4.65296003168578 -1.58813799363071 2.35411615198609 0.714453444092371 1.95082393678894 -1.09671878117039 -4.84421826351445 -0.0532744234013762 -1.17864928574636 0.938644620300806 5.41116004128881 -1.09401868147779 -0.928776989840117
"117" 0.375480675019645 2.93943896684186 -6.68268179940435 5.28527535612238 -1.85046789920559 2.65887281219983 0.930726028677256 2.38837597714144 -1.29069937848899 -5.55509280682725 -0.0869060290491745 -1.42653899676407 1.02793126145235 6.24797344940785 -1.15479214181505 -1.05818267482755
"118" 0.380086227758596 3.15513861039017 -7.1103576851923 5.50271872976737 -1.94007339832778 2.76216733989719 1.00609853052259 2.54174896216654 -1.3567059778467 -5.79759011105807 -0.0986995267922453 -1.51402136674551 1.0551796580925 6.53645607481093 -1.17556991416086 -1.10133073336328
"119" 0.376875789452242 2.93856797373019 -6.68314088370295 5.2877115624201 -1.84909721160217 2.65973016039317 0.930795450453815 2.38691863891825 -1.28888530586269 -5.55639270818619 -0.0868601516940828 -1.42885229504827 1.01998718993633 6.25101372693166 -1.15561355693262 -1.05416896613315
"120" 0.362998307653839 2.31419411352795 -5.45043153203108 4.65779671118162 -1.5853020775485 2.35578652821903 0.714600623995892 1.94783191960329 -1.0930480889149 -4.84675906901589 -0.0531897701482649 -1.18249568531792 0.922604628072321 5.41715982987287 -1.09547972119708 -0.921823157423205
"121" 0.330785368722246 1.35238117877248 -3.55421075735876 3.66408652882046 -1.17136179774857 1.86308275226401 0.385559399919913 1.29270451105106 -0.786180386293267 -3.71352930533885 -0.00281791056966085 -0.808203881244481 0.764263131551473 4.10866323680278 -0.997041892181642 -0.718323007655272
"122" 0.26999156769952 0.161082956921291 -1.21135524157165 2.38681148552814 -0.642763055912503 1.20294190144278 -0.0137306888642712 0.523443537628111 -0.394981782002127 -2.22824293073415 0.0565613537189051 -0.355522885760365 0.547934763757951 2.43940844478601 -0.863522228652528 -0.465841821889626
"123" 0.170976683922817 -1.12680837407561 1.31314616852842 0.928425341663115 -0.0445229771515443 0.405272805977233 -0.431721791083547 -0.240141975685106 0.0464590063116574 -0.484642786796257 0.115830221649077 0.117669429013404 0.279328715547081 0.551086556434853 -0.699540490697927 -0.193166874389135
"124" 0.0281186365998849 -2.36884306828028 3.73846271602861 -0.595053290871874 0.57295338478545 -0.491587591415737 -0.814632221817533 -0.878867631783692 0.499665882768053 1.40703015620363 0.16579255423693 0.554035606604884 -0.0321444997768765 -1.4016208500725 -0.511180233619598 0.0668914522211708
"125" -0.157316335830757 -3.42918505953867 5.80139501940647 -2.06365298868877 1.15846456393781 -1.44135092085287 -1.11335620487714 -1.29254901501866 0.925201760873549 3.32648234290389 0.198521861540712 0.904919525983132 -0.372725880560637 -3.26642115930835 -0.306053540718949 0.281246814134647
"126" -0.375519322364966 -4.19357092942482 7.28671312411439 -3.36317415028725 1.66459751452323 -2.39074108641051 -1.28963677492762 -1.41538639612446 1.28621391189585 5.15009341671328 0.208513140374208 1.13639198284545 -0.724223927319514 -4.90742995308386 -0.0933201535931403 0.421177423690096
"127" -0.608133318720036 -4.58125376515682 8.05057536247392 -4.39424039730511 2.05185359909159 -3.2811062865253 -1.32069585002026 -1.22601540429292 1.55176325467285 6.75753503910653 0.193474025141484 1.23238645560014 -1.06465179023695 -6.21621819143007 0.116404444293948 0.467192366049858
"128" -0.830002454123644 -4.55255746463126 8.03430601428454 -5.08000763426526 2.29191608420022 -4.05080717822045 -1.20175050261058 -0.750736215787583 1.69960544292681 8.03801109191886 0.15464975471042 1.19477816080689 -1.36962221644794 -7.11882005906352 0.311322872592427 0.413151456978085
"129" -1.01243478583979 -4.11125888944707 7.26720654873372 -5.37201246852692 2.36975621245034 -4.63844609193563 -0.946152521126109 -0.0595053134370005 1.71813242657448 8.89597548056793 0.0966502667292843 1.04087516552681 -1.61440442652457 -7.57831534777114 0.478963914632914 0.268590525811305
"130" -1.12744053761244 -3.30168623052191 5.85859215764941 -5.25380395025786 2.28440549737717 -4.98691022062201 -0.583222095288718 0.744614329868057 1.60726235970053 9.25629090068605 0.0268240784918135 0.7992142363928 -1.77642720547661 -7.59330010891244 0.606933649535222 0.0584228072657424
"131" -1.15221653338705 -2.20108133277517 3.98066010681163 -4.74216231211267 2.04837125766952 -5.04808503592551 -0.154156541788439 1.54087265972925 1.37817697059698 9.06884935575169 -0.0457098363408193 0.504710901746876 -1.8379263051302 -7.19315827243412 0.683858201436124 -0.180322068335954
"132" -1.07309519918439 -0.908337413989329 1.84491274663594 -3.88585999321276 1.68582244673285 -4.78796183155134 0.293362408528097 2.20875651387655 1.05193574538248 8.31266423621355 -0.111214638756593 0.194105156597288 -1.78839600505293 -6.43144380062333 0.700404607068776 -0.404405774504994
"133" -0.888267644053769 0.469374775306051 -0.32446685031158 -2.76206343817421 1.22980476807302 -4.19172891464694 0.711096076604761 2.6457391739379 0.657127530428806 6.99936067067472 -0.160495897872948 -0.0976583386345737 -1.6265195838285 -5.37881234907175 0.650220770116903 -0.571967554958974
"134" -0.608803076223296 1.83038060907506 -2.31672502074656 -1.47061012511813 0.718841250063988 -3.26831715669681 1.0559163963908 2.78227347479105 0.226832874018129 5.17584908817605 -0.185902826971414 -0.339862699251171 -1.36131720286645 -4.11678559749473 0.530622450247847 -0.650345638659928
"135" -0.257779034402319 3.09097933468229 -3.95691038126915 -0.126523714649466 0.193324944573433 -2.05378747117027 1.29450390527892 2.59192096915916 -0.204752408801962 2.92579641099167 -0.182040469289859 -0.507363725260802 -1.01234981353846 -2.73322449828188 0.34288348254222 -0.622528020616301
"136" 0.132344383372214 4.1951447623436 -5.12204351584649 1.14875186410472 -0.307891313111625 -0.612920834165607 1.4065453063433 2.09527281926887 -0.6056511133845 0.369352768829799 -0.146119090215706 -0.581176826557567 -0.608936114507031 -1.31981128092687 0.0920532250729593 -0.49083541773507
"137" 0.52368216158456 5.12034191920407 -5.74965183666006 2.23681685671818 -0.750355793484296 0.961580906334973 1.38614002207554 1.35724318976071 -0.949032534534101 -2.33950169950754 -0.0779325910012858 -0.548700928406106 -0.188455890861661 0.0287894798478874 -0.213680146835486 -0.276982189836417
"138" 0.87757414455038 5.87883259486773 -5.83837590932762 3.03181843306083 -1.10607336005489 2.5527397198793 1.241387129022 0.478260312900716 -1.21543208423188 -5.01860827157088 0.0204791129121418 -0.403887954993479 0.206092229236816 1.21497159211069 -0.563961827895127 -0.0184158968440897
"139" 1.15918245689662 6.5143684509037 -5.44141936906084 3.44928703810956 -1.354627312041 4.02601972478328 0.992367350518862 -0.419292058948542 -1.39405384583324 -7.46673442884503 0.145379251437362 -0.147484515042379 0.529052744223094 2.13866070122106 -0.947379071869818 0.238374134061814
"140" 1.3413177595821 7.09468433638665 -4.65445918273218 3.43359992594787 -1.48338306222176 5.23903333412835 0.667925072272539 -1.20742957240935 -1.48306030703134 -9.4762634038301 0.291963009128239 0.2127270241308 0.735355887286232 2.69951056939811 -1.35246947165979 0.446250486509598
"141" 1.40693180071176 7.70065777002662 -3.60015652047201 2.96341514685264 -1.48692987268722 6.05377071815559 0.301769630970995 -1.76946198880898 -1.48887389780473 -10.8491296977805 0.454933329321932 0.661903823978719 0.78383011332653 2.801843505227 -1.76841012634213 0.565855390821525
"142" 1.34997767681256 8.41335711877343 -2.41157238980179 2.05452642389173 -1.36603281369 6.35048105671217 -0.0715553525547961 -2.01518832725012 -1.42463133443562 -11.4150912925405 0.628916386690292 1.1785893189608 0.640428062632537 2.36278623602649 -2.18524361570326 0.572435831125404
"143" 1.17466336845374 9.30043873271154 -1.21661947726045 0.759755827791196 -1.12643516436715 6.04194864165561 -0.42033545186122 -1.89246811646933 -1.30803192271866 -11.0508344631135 0.808655378867655 1.73581460888818 0.281263643861195 1.32327063753058 -2.59361319089703 0.459811898985208
"144" 0.893440826018264 10.4034622971528 -0.125245687454651 -0.834277149029731 -0.777851670766765 5.08660219051188 -0.71859386977728 -1.39379603163306 -1.15889058219531 -9.69788550140811 0.988978569632707 2.30288525745891 -0.304618494116227 -0.339286159617501 -2.98411126507244 0.240864835273896
"145" 0.524308291072458 11.7276715872996 0.779550004595251 -2.61340622619264 -0.333415746079254 3.4987329864399 -0.948005007094849 -0.557207346776067 -0.996731032855806 -7.37696125846264 1.1645946335326 2.8477067808908 -1.11284822216237 -2.59857032033639 -3.34645977064793 -0.0553558027695544
"146" 0.0880996896138129 13.2356337172357 1.44641007699624 -4.44479645261572 0.19030287355254 1.35413147164718 -1.09873108758428 0.538410477466613 -0.838726220624263 -4.19632563547157 1.3298138619642 3.33935901597761 -2.12189675469526 -5.36968256496473 -3.66880861445861 -0.389156356188323
"147" -0.393627888434025 14.8458397299999 1.85614831657995 -6.18777598704537 0.772779272555596 -1.21027811996044 -1.16924306641847 1.78282909321265 -0.698217395228866 -0.352006275777285 1.47831836951622 3.75056389347446 -3.29209193791439 -8.50474010572617 -3.9374403830675 -0.717161592549019
"148" -0.899690927054337 16.4369365224962 2.01870998181249 -7.70570945646023 1.38876029414288 -4.00370526193848 -1.16529831671369 3.04748563539545 -0.583942543442159 3.8816010189131 1.60310253891612 4.05971700300506 -4.56583388684075 -11.7959757419666 -4.13710231021332 -0.999358403565566
"149" -1.40920199722547 17.8576847636784 1.96745889154943 -8.87784311149699 2.00760393240642 -6.7958116984575 -1.09831755562293 4.20030077184288 -0.500010131570448 8.17117306637704 1.69667578064929 4.25225471188969 -5.86933548133393 -14.9876907258051 -4.25206300590071 -1.20498198099995
"150" -1.89253134527348 18.927671474167 1.75644768078899 -9.60180633323762 2.58388679584837 -9.29847419791264 -0.985640989579494 5.10767613405017 -0.447237198838454 12.0913902233086 1.75100937777262 4.3211375692772 -7.09631957894717 -17.75514263734 -4.2684509349524 -1.31530579108403
"151" -2.33872190978462 19.5208845755161 1.43794915849759 -9.8435840960019 3.09317648434059 -11.3432193762427 -0.84120912568963 5.70191082004916 -0.421542324894851 15.3991452253315 1.76145379368785 4.27011384737671 -8.18793692860811 -19.901049518199 -4.17698995617184 -1.33097134158197
"152" -2.71448206818556 19.490584064923 1.07008892835495 -9.57539087570422 3.48678470650439 -12.699061565582 -0.682155115277169 5.91208383437322 -0.420422740617884 17.7469523406646 1.72247365874989 4.10525817504276 -9.03908594587654 -21.1548850916888 -3.97169055730865 -1.26018657209715
"153" -2.98459727234388 18.7442236020313 0.70398451858506 -8.81936512483344 3.72123067610899 -13.2160101512437 -0.523107082032794 5.71596959322937 -0.442081784402355 18.9029628942156 1.63186837064663 3.8395928524842 -9.56215077078068 -21.3384306893418 -3.65461736956013 -1.12279808193853
"154" -3.10673582071107 17.2472434912526 0.380272680346764 -7.63684437370375 3.75643280694743 -12.8201861127796 -0.375946993564824 5.13179964748673 -0.488110017674483 18.7420146104969 1.4908883399336 3.49071484511114 -9.68264348765149 -20.3652290460921 -3.23651389051565 -0.944822039931751
"155" -3.032838134629 15.0325713120388 0.126205140362572 -6.12280005663479 3.5602862046341 -11.5257110177192 -0.24917015378152 4.21525471207917 -0.565001774082187 17.2640135823871 1.30471571060974 3.07955152527938 -9.34657337723883 -18.2584579850236 -2.73703322133906 -0.754078508878592
"156" -2.71320974570708 12.2022827611288 -0.0452987311807647 -4.39703534076943 3.11373658634788 -9.43634274866838 -0.147689651588095 3.05250798179372 -0.68453783911669 14.5979156931268 1.08247802907766 2.62910167200425 -8.52739246353329 -15.1555752604646 -2.18375600588615 -0.576194691933779
"157" -2.10358656574451 8.92056238805048 -0.134753820529397 -2.59289809135271 2.41577467278993 -6.7358499677473 -0.073035745293339 1.75016148189275 -0.86252426878141 10.9896924668623 0.836719646291897 2.16316704597557 -7.23200850106522 -11.2976874508612 -1.60998429164829 -0.431524027342675
"158" -1.17466132692027 5.39835511920955 -0.15366704681162 -0.844566495729396 1.48749404895433 -3.6677760239898 -0.0238683862296938 0.423236332560691 -1.11569313612996 6.77502048545693 0.582345527186362 1.70505292756206 -5.50506321794913 -7.00403052363566 -1.05151411813404 -0.33328065646856
"159" 0.0774033556579354 1.87140407836205 -0.12101064685055 0.725794382386994 0.37413471553657 -0.506974885055456 0.00329900094305913 -0.817405414703785 -1.45708010406284 2.33990977558722 0.335149206027467 1.27622422560125 -3.43033146362697 -2.63459578626535 -0.542792984342668 -0.286935274383723
"160" 1.62179560449707 -1.42549727673554 -0.0591788312489143 2.01957954684258 -0.855966360646995 2.47321596559544 0.0132746763671463 -1.8767447347642 -1.89075663569684 -1.92537658771755 0.110122039998402 0.894946113556216 -1.12795215613292 1.45374675381359 -0.113018954111794 -0.290709191071073
"161" 3.38790308939045 -4.28446687560267 0.00996530620074054 2.9706060035337 -2.11624142423721 5.0333837802188 0.0113697758504117 -2.68500772380952 -2.40721533949948 -5.67241314052058 -0.0802037679257808 0.575002806031989 1.25349478751025 4.95081915935316 0.217201670513987 -0.336871862673433
"162" 5.2665269885984 -6.54695070731918 0.0683895357854567 3.55013888631629 -3.31056622903118 6.99513270413536 0.00267893065107216 -3.2036500757543 -2.98080869507295 -8.63379511937842 -0.227114753733559 0.324653689882325 3.5501963354242 7.62938720925791 0.438074776746816 -0.413503881958604
"163" 7.11866505376747 -8.11928789149704 0.104104258934228 3.76737459209426 -4.34476929826386 8.25874126034324 -0.00846911824703511 -3.42721205247443 -3.57033743365952 -10.6495350310811 -0.326553962273948 0.146025600059147 5.6004647527804 9.36825726425474 0.551322032129519 -0.506419840447052
"164" 8.79137497989325 -8.97917790964755 0.11205065637489 3.66528637784768 -5.13909312543776 8.80884919580325 -0.0188499288285584 -3.38089258056925 -4.12321397604507 -11.6769640541871 -0.379298050504161 0.035128232828356 7.26380671873048 10.1587601163986 0.569231315502748 -0.60102264064335
"165" 10.1384003729925 -9.17231332222116 0.0936684038580893 3.31243706006831 -5.63919710167971 8.70775004122027 -0.0264626751988288 -3.11431865456876 -4.58274483193152 -11.7833476205028 -0.390452227505023 -0.0173974583776726 8.43838130595807 10.0942685711099 0.512218825190303 -0.683944257058101
"166" 11.0417872693664 -8.80012695901871 0.0553812169975174 2.79202725245341 -5.82338251501916 8.0780907334003 -0.0304539742558063 -2.69257986045054 -4.89721548296347 -11.1235112668388 -0.368367365368471 -0.0248239315587853 9.07343689939324 9.34556391471293 0.405348828615843 -0.744386114058216
"167" 11.4300902747872 -8.00112254695807 0.00642156160259333 2.18993299428234 -5.70446489967076 7.07864069484108 -0.0308955295872408 -2.18603874648804 -5.02886895630356 -9.90737203968638 -0.323190288934299 -0.00236444148868031 9.17414503878487 8.12739378304025 0.274453613815467 -0.775093582038608
"168" 11.2892200962035 -6.92927813672873 -0.0434943091208027 1.58366234097889 -5.3259284230288 5.87786700320038 -0.0284803021124489 -1.6606054864483 -4.96074045941366 -8.36380434501518 -0.265320350948755 0.0349854454661909 8.79781105761035 6.66287909229382 0.142557914922008 -0.772896498427144
"169" 10.6634866508362 -5.73329744017633 -0.0861549048183576 1.0339498147755 -4.75331714272759 4.63008908265039 -0.0242044606960476 -1.17001335136638 -4.69972576883021 -6.70739557835361 -0.204047041487414 0.0743926681425364 8.04231145906633 5.15224782448971 0.0272184585649029 -0.738750617585538
"170" 9.97583543233111 -4.88070650763041 -0.108917318468002 0.700870220423667 -4.27137313210573 3.78561639230372 -0.0206110980460465 -0.864196957110153 -4.41308916414601 -5.56252199666676 -0.162587117682051 0.0983282157430949 7.34306931632526 4.14037318493725 -0.0383814290335067 -0.697579269346534
