"V1" "V2" "V3" "V4" "V5" "V6" "V7" "V8" "V9" "V10" "V11" "V12" "V13" "V14" "V15" "V16"
"1" -0.138288979382173 -0.0963777054109178 -0.0464800606990681 -0.32972338466746 1.31871828774791 -0.744114587896392 -0.00563546196755951 0.187203674704647 1.27460840069611 0.480409888009817 0.00119991045440897 0.150031231727779 -0.235392816233326 -0.361620742165702 -0.205308121969653 -0.231972800805086
"2" -0.332678644402491 -0.283888651603753 -0.100105435185429 -0.642790253325439 2.54605559230965 -1.6105439227738 -0.00230161583471797 0.38485975858493 2.55018784541907 1.13328906589462 -0.00726750887681296 0.299848224973505 -0.418199046378956 -0.614294177410573 -0.428576634183583 -0.470145344136995
"3" -0.131645840300928 -0.0488521710257139 -0.0793783041266632 -0.534190838086414 2.14754586532568 -0.979866218816078 -0.0171334007325651 0.287870541829156 1.98190770101299 0.540003278377158 0.0166709415175081 0.241619950639814 -0.407334482588939 -0.728998563747896 -0.312716986285237 -0.353194450262993
"4" -0.0236835125615533 -0.00479393099718618 -0.0827924010072379 -0.409249869553638 1.64093573227634 -0.545319981300485 -0.0143313117745364 0.222207817362015 1.44753096846057 0.22264630124181 0.0255206898340259 0.195010358451982 -0.322551409961332 -0.621089492192854 -0.251388123476187 -0.256856015882725
"5" -0.00803961798841513 -0.141625320450878 -0.115364656522069 -0.286199672220412 1.12409664021872 -0.304041389291524 0.00432361895380939 0.196887302615008 1.05048806217077 0.197045664882842 0.0237882597942936 0.166210715551156 -0.16175763559122 -0.446691949109688 -0.244351013475153 -0.187053717352009
"6" 0.0167961518899934 -0.27225457003355 -0.14370026139874 -0.183342125259037 0.757913763968231 0.0576487268650412 0.0175615379221807 0.170599863229987 0.736073540722289 0.0087302613473513 0.0290980041219518 0.140378233255445 -0.0619717813586828 -0.347188903517612 -0.226848470491172 -0.122505873023425
"7" 0.0370333658788517 -0.399719817097244 -0.159368225549859 -0.0809046030113683 0.450289775527626 0.507183453787264 0.0264303473788936 0.132835042150402 0.443838847178267 -0.294998364034504 0.0367393392934776 0.106367637499037 0.0024139220680216 -0.274010849461872 -0.185989008459307 -0.0540753279062489
"8" 0.0416511485096485 -0.525408648332958 -0.164703330003267 0.0169383854809146 0.184955054863994 0.958685471407843 0.0325261419779093 0.090334659403717 0.185782463550997 -0.62178227053163 0.0432023121006112 0.0682527772531971 0.0488974378185663 -0.206557791392891 -0.133183815725729 0.0114671037017811
"9" 0.0364879672116042 -0.627144467883436 -0.163000369745366 0.102427495994987 -0.0403468180819203 1.35289075796632 0.0358168832450843 0.0486843941979381 -0.0374918747179452 -0.915445243104836 0.0474054989301797 0.0319797611265731 0.0817468620923343 -0.140197831132276 -0.0800100971670341 0.0689208508830035
"10" 0.0279045680283684 -0.681516673231794 -0.157693583594483 0.167875762357103 -0.226765376541093 1.62845845531092 0.0362892381599145 0.0134958049742362 -0.226544389178341 -1.11653603205593 0.0483461227924717 0.00363509123009642 0.103693689164194 -0.0727745272772582 -0.0382330675382778 0.11331951395613
"11" 0.0209984063968162 -0.671220123213925 -0.151506132872428 0.207627615981883 -0.375666910804362 1.73774572678897 0.034019709063235 -0.0108994134792488 -0.382329811227347 -1.17788960489311 0.0452587773101042 -0.0121490301340792 0.117032651424736 -0.00329867786173965 -0.0169029497240258 0.140968703410406
"12" 0.0189878738483096 -0.590408931983803 -0.145651034649801 0.219728702801541 -0.489279361191868 1.66491076705944 0.0291043929662766 -0.022871313680292 -0.506377846795323 -1.08360439342741 0.0379486986705382 -0.0136606936362647 0.12391942704579 0.0687824200716356 -0.0194579296592705 0.150586639673632
"13" 0.0230298380790482 -0.446560893630631 -0.139555514409765 0.206512993557026 -0.570960265756437 1.43252976865741 0.0216312740634203 -0.0239999847478848 -0.600869836469223 -0.856030236717001 0.0269180797492724 -0.00262808973198414 0.126501434546823 0.143875704428391 -0.0426938738472242 0.143712645469439
"14" 0.0297324101355194 -0.244117644616203 -0.132827926145217 0.173832071894823 -0.625845436589192 1.08929448099705 0.0117452056275091 -0.0179647500531677 -0.669674280280949 -0.538082774893082 0.0142398469907923 0.0171359446394943 0.124961914278978 0.201624523166532 -0.078509826737676 0.125900928666516
"15" -0.0879457648426397 0.408922851760719 -0.169700481293428 0.177142909564736 -0.694161586873301 0.563784028033492 0.0082734796195148 -0.0103884799522028 -0.764260496575269 0.263205970768612 0.0414323651977649 0.0375212348808622 0.0365154836396782 -0.718011909647733 -0.0798954844360256 0.196415672671447
"16" -0.257836955906461 0.421462644839619 -0.127165948479004 0.40105373347275 -0.750838399249642 -0.0273236838857407 0.0418344568887528 -0.0826396565344964 -0.862072524993423 1.73786218056054 0.0621864235973556 -0.0772219526703255 -0.101615594779256 -2.41431488791335 0.15833763854095 0.382926976813626
"17" 0.0392625850405902 0.196062846316044 -0.0534846083081573 0.119653444866066 -0.675034584463935 -0.0568267856913209 -0.0140169899615267 -0.0349100026479917 -0.759943098289256 0.67304958386001 -0.0282461710202225 0.0224852646738878 0.097063085760159 0.0118520087645603 -0.0724343530432203 0.094102216133809
"18" 0.112983246298175 0.513516648531261 -0.0371667155688619 -0.0120865349449053 -0.708489034582886 -0.280483374002611 -0.0446482135479303 -0.0147527117314095 -0.703801386028946 0.531934456018874 -0.0474899226125834 0.0749871703803118 0.144031124629466 0.514070639445726 -0.161245691649037 0.00728099133122306
"19" 0.445852722646932 0.669899354282705 -0.0214194051139487 -0.0720607651977323 -1.91554652825163 -0.477755653019069 -0.0558361268746544 4.70089826980491e-05 0.0569216583746182 0.648753470222353 -0.0610611385040523 0.092020617665713 0.3723469985776 0.602669932935568 -0.188883255346352 -0.0425671639016318
"20" -0.291128888594446 0.590330822661931 0.129991314157798 -0.153215246152319 -1.63165605210971 -0.590887922482663 -0.0669017586959953 0.0190871454830223 0.715952970527877 0.825860380389863 -0.0870779470215357 0.0925741885712439 -0.246605138155232 0.547300776730379 0.0402129650759397 -0.209210178468137
"21" -1.60736766886802 0.0910720320200783 0.337048649334215 -0.237548994442268 0.379517390745062 -0.445652061345067 -0.0507047453459619 0.079636486514732 0.504104297285841 0.919867229197427 -0.0983016481131821 0.0905475753900231 -1.34928035705714 0.23420156921455 0.466868646710137 -0.47051096215349
"22" -0.391618694535945 0.743950670156826 0.247766836623898 -0.339058353565123 -0.329884502990661 -0.581986333861894 -0.0954515354078486 0.0545385119380601 -0.486778084692623 0.607498373250537 -0.0996723743884987 0.139349641621728 -0.377504654678491 0.735290020857549 0.203985327830795 -0.426118312987521
"23" 0.130013191522893 0.756623145722931 0.204862940260935 -0.118880896067777 -0.487906676936202 -0.817296287230952 -0.104900514608606 -0.125563954011884 -0.570332450302665 0.706777604017057 -0.105001831894257 -0.0149236787197236 0.147617067009105 0.671549123981012 0.0805636065586315 -0.101942106663955
"24" 0.146570189979385 0.590046454563232 0.220064563163569 -0.0725416162368258 -0.463056769518213 -0.930010925256364 -0.0977017829160917 -0.150317627543343 -0.5101806999136 0.81155248437465 -0.121989544303412 -0.0744978678275086 0.216232858319602 0.730876530371866 0.142395852785768 -0.0946523021933015
"25" 0.0787944300180473 0.361955395762754 0.230708180840147 -0.055712170628754 -0.43183014878286 -1.04734870456336 -0.0834608927385877 -0.133305891822103 -0.44823403546046 0.952156543908676 -0.146275949035616 -0.119745309996441 0.223106023099434 0.875158950549128 0.243527574515798 -0.164467665499064
"26" -0.278533434065994 0.276521388323761 0.277540864888276 -0.279430583467073 -0.277828054066692 -0.845568017692514 -0.0713489636975084 0.0429813272599138 -0.369551487793538 0.817407501207431 -0.145994126751702 0.00925966401779998 -0.176608218340758 0.960832517506588 0.40936453879728 -0.524349413634503
"27" -0.151528509558277 0.080499055045157 -0.0615479768904185 -0.0989151840372174 -0.098936592771843 -1.37539528968437 0.0460240189638034 0.140315259786628 -0.171750921853827 1.74421062269056 -0.0279422222596098 0.0818985082596515 -0.147934151680845 0.138753029262519 -0.0845396516733412 -0.250718862669522
"28" 0.012575268913522 -0.243557946759744 -0.128034129619259 0.145595937295953 -0.273443421926757 -2.29563862957868 0.0790329310342004 0.049297318732588 -0.239578527261264 2.76958639552253 -0.0886485638348115 -0.14916918601547 0.231699433680249 0.472379417757216 -0.020365947095033 -0.152853223756653
"29" -0.0208309229068655 -0.495987817601959 0.0953580164722697 0.18930518354789 -0.317574419974059 -1.18519881758522 -0.000295267708542463 -0.0965591064249876 -0.195412976790719 1.18881590799066 -0.165931651996986 -0.379768088350163 0.387515647769852 1.11658588465774 0.519527557184905 -0.23623718911861
"30" -0.0397879302358743 -0.619973186015165 0.0681864778665559 0.238805250758576 -0.28285153618211 -1.01635238404489 0.0077143701613413 -0.0933375955153886 -0.140276677872791 0.9956037611153 -0.147827768817832 -0.439391249416637 0.403300163951626 1.12827651929441 0.584259162572004 -0.24951815276375
"31" -0.22251099488392 -0.65047317091039 0.00250292132103541 0.299359861497532 -0.153716822061094 -0.890272883553263 0.0232596524132073 -0.0820909578336437 0.00835565497080248 0.875411929717037 -0.0987866574598493 -0.467798674115281 0.243901988344971 1.08789370955353 0.541726177777638 -0.224006666852354
"32" -1.38739644001376 -0.152730537103581 -0.281070610809045 0.372512992333778 0.527940415558385 -0.500616353730492 0.0909530741229559 -0.0336990898027605 0.722473953847326 0.501222831780807 0.0838987435811591 -0.266738087691861 -0.931849579585504 0.941311328641168 -0.0802849620059116 0.0334976926207577
"33" -0.485443354717827 -0.00459581428890393 -0.278817681224489 0.198839588541665 0.266168228650894 0.0178926509381197 0.0814085247425518 0.0643522404546657 0.307182842598103 0.0161739459940584 0.0479792687481968 -0.123069829795864 -0.403987816607445 0.0464562283969217 0.13916369195844 -0.160491329801632
"34" 0.0246535519248484 -0.488253384486338 -0.324695136270907 0.420142032034114 0.0771539686553418 -0.00497558804553552 0.085510401475615 0.0957522010724342 0.119158062217414 0.0724865809497396 0.00790560407470534 -0.522355892620738 0.123534016222168 -0.136677599874603 1.00106155308819 -0.62976750392126
"35" 0.010660871911354 -0.504519945954005 -0.106988334074 0.375765746741315 -0.0622409455465574 -0.272696300480499 -0.0127089398520577 -0.0393485021676072 0.0507623210796797 0.254193197379286 0.218967628690452 -0.480292602900127 0.279983283445502 0.40738330262466 0.203326409191408 -0.177626673259663
"36" 0.0384773114559572 -0.345682502455547 -0.0678041517365693 0.345881745101758 -0.0404583842882021 -0.150270921969938 -0.0554683942014963 -0.059047006390738 0.0571198147143518 0.110643691058672 0.356793467223074 -0.415982542561055 0.243503560774019 0.270596793423918 -0.123796943730506 -0.0503654213275659
"37" 0.0532101264332507 -0.151004091194516 -0.0600342853345642 0.323382254142853 0.00153830371918778 0.00944003806536536 -0.0902417599846581 -0.0621856604908038 0.0645358309674289 -0.0592449004382262 0.485210583351365 -0.351101031079788 0.157802099833508 0.0686067137577058 -0.387109801845799 0.0327287158367007
"38" -0.223659929976754 0.390015366770058 -0.273709893496299 0.293690062720387 0.0508382249194737 0.162848504759162 -0.0539455383743368 -0.0154259698678205 -0.0383420199335586 -0.188884583769057 0.628682578286974 -0.0901664904155393 -0.32851182445414 0.167814107671491 -1.06649392886634 0.232247659503473
"39" -0.151747921552595 0.519884057875287 -0.260757112198533 0.0973302476502271 0.033853228892952 0.15630645873736 0.00768351282127152 -0.053212751103822 -0.0727791271008594 -0.162059943933476 0.380802209226904 0.381642972516764 -0.326867833271683 0.0418706363350555 -0.917681207863781 -0.0565237357445918
"40" 0.26079012093402 0.667705705909772 -0.0929272365514421 0.2022766047907 0.152754575536536 0.479846643138062 -0.0934722780894088 -0.645615350215721 0.0322919257480192 -0.509172541499532 0.549811638242886 1.80923563174062 -0.176824777712957 -0.851013371557056 -0.523862659399958 -1.87731886848275
"41" 0.198982821890314 0.189324884929837 -0.0283101265863835 0.257187408960367 0.161239570863053 0.483482197107069 -0.15771661702822 -0.24096140918854 0.138987281283153 -0.526558822244647 0.58643963635397 0.358544487681822 0.00663306966053789 -0.772143341068089 -0.25438943760251 -0.583073843587549
"42" 0.127044371577895 -0.0847307652674718 0.00378054243780757 0.204185866742704 0.149849127144536 0.427281963759335 -0.157772175973763 0.00910800257493261 0.173942548915598 -0.46214268055465 0.452597221084717 -0.375745473559721 0.0789472555719255 -0.653897518736875 0.0326386817897375 0.146826700919295
"43" 0.0961193599161722 -0.243573142615629 -0.0181353879394593 0.183743403556467 0.162388161964963 0.419912565835325 -0.134389578696995 0.0481172641817322 0.198597060870377 -0.434327842554337 0.308630794087826 -0.439487751576269 0.0960239105023384 -0.659163287917314 0.410291763145805 0.144669114464136
"44" -0.0808548728082417 -0.196421093320223 -0.135429915186331 0.175075028463838 0.174741698657379 0.392552460160762 -0.085004421470632 0.0833244419081045 0.158774791295576 -0.377409176853111 0.219778783970043 -0.378694659482093 -0.102776763939218 -0.470145590763645 0.457741857490082 0.195705729907743
"45" -0.287188182145928 0.29042485637353 -0.323683672504054 0.076797322264646 0.0996558142551075 0.22337264100234 0.0191418381929619 0.122461170042631 -0.0189393000564104 -0.1949302363298 0.244235757079409 -0.00734582546802276 -0.423455572073698 0.0239900345873024 -0.388653983404746 0.236665749380322
"46" 0.00141317561378668 0.106798267084795 -0.221654002229959 -0.91330771706066 0.0824685903325134 0.16240000615538 0.0550373341754865 0.964758530987095 0.0422557746885216 -0.120518391010941 -0.0109842619051367 -0.211619585362454 -0.0961044089914163 -0.338371006916193 0.297858723011514 -0.0156893096514379
"47" 0.0122720818206107 -0.325069256327808 -0.278259538972563 -1.09144881012925 0.162072871844393 0.309208691475879 0.0383273831062635 1.12288171522135 0.185198841742856 -0.241435006506716 -0.167705846441197 -0.362491027048323 0.0441940179241747 -0.656036017684224 1.18357656790861 0.132112166812902
"48" -0.0560362147427758 -0.616287613632692 -0.154169638761117 -0.199072726731262 0.109202864591583 0.213119190338933 -0.0144953716031457 0.0818883349295869 0.199927322712275 -0.174604152758839 -0.227411852851053 -0.0205525852470316 0.162630676581987 -0.37828311256477 1.17076673277269 0.373775498351147
"49" -0.0852023392306376 -0.561314252945607 -0.161479822648141 -0.251313043440214 0.0732982600908203 0.146908655416568 -0.00520197763512617 -0.0645074851037692 0.169199866394299 -0.115770530363637 -0.254522644698714 0.284746578385832 0.158971640498575 -0.257215142665332 0.961721518457852 0.502956939090467
"50" -0.111470383955747 -0.445899639922172 -0.143309665536494 -0.33351139501457 0.059109912289836 -0.0192979364488927 -0.000990551427220682 -0.21507805197952 0.136710190283571 0.10084259702232 -0.247170710337129 0.628706099714705 0.0996671002684835 -0.257286247616722 0.644665171855568 0.653433585789866
"51" -0.0948734017513496 -0.169691991630351 0.0637804311166622 -0.165799014529811 0.168491476462892 -0.620625397516366 -0.0371598872727832 -0.348242864873347 0.117116010402741 1.02449544770194 -0.0729739456817156 0.56523859373138 -0.196720124434596 -0.852159592652166 0.122652774975208 0.67741821519094
"52" -0.0040768413292947 0.172076584297684 -0.0419617406101702 -0.754915128056859 0.0650660368332806 -0.161686442608368 0.013138111138357 0.446837275278974 0.0136094532387135 0.293910215766857 0.00937928413334606 0.27340726770552 -0.134146201898866 -0.381823670585833 -0.128485096865347 0.203072531383453
"53" -0.0702967714214313 0.42647175319615 -0.251210483467667 -1.93132723903945 -0.0323101896304422 -0.0264255404581719 0.0707446329071856 0.59846260288286 -0.0493863523120569 0.0319425038839052 -0.0938759659733472 1.63318018988201 -0.106708698044419 -0.0847530005130104 -0.650571638072225 0.672907662330505
"54" -0.178077498688757 0.422021871903226 -0.131755922238203 -0.885810556056345 -0.160499059982479 -0.207009751678911 0.00824054965578136 -1.22591966060821 -0.115342820852587 0.146139032452535 -0.0610788864242305 3.05084130148949 -0.0346808981834088 0.397541897115966 -1.54247203604711 1.21806327000407
"55" -0.191753915298094 0.51982319134182 -0.101361434370487 -0.776111520277421 -0.19275206650243 -0.254001610281806 -0.00205852701663661 -1.57718100816782 -0.14897973413659 0.176560455812935 -0.0241883789277112 3.45708110349629 -0.0497833886865879 0.500955344628644 -1.88521588986577 1.30988348669224
"56" -0.18909941860014 0.387760955992912 -0.106272790373684 -0.732430234233654 -0.155054452901574 -0.203841144744435 -0.000420880690991554 -1.3804156624904 -0.107823468392897 0.147879833413304 -0.0614428595144626 3.06781222339154 -0.038184120386787 0.395466740461647 -1.5387648545623 1.24656067213603
"57" -0.194632563746202 0.0650083298847362 0.0197670890507528 -0.392545498188048 0.051489348241376 0.0416097202589001 -0.0180056364465814 -0.963568881039705 0.044515582200906 0.0332724204782008 -0.107452268399862 1.7912068922756 -0.179785192868538 -0.190743123606083 -0.545430654555641 0.977235593982286
"58" -0.161268344316022 -0.143025723666526 -0.0767840422117192 0.0769405938361428 0.183247417274889 0.213855193747787 0.0226653235053308 -0.216537952231087 0.0998282282090128 -0.0958107419397263 -0.148279115221965 0.201089135172785 -0.296145454594259 -0.433147707754821 0.694807598362243 -0.0121394773742942
"59" -0.331929835471005 -0.286345219554756 -0.310283187393002 -0.0630140932845213 0.198212606136438 0.235834851139107 0.0591220409044607 -0.160438731095629 0.107327486905821 -0.127325939382907 -0.306060220588386 0.429856129397676 -0.383969859935304 -0.269954815413256 1.17973394700995 0.0656455937439517
"60" -0.138369649130732 -0.438955422469771 -0.185749192116395 -0.338657433121275 0.0499177478963343 0.0971212536287481 0.00778161685838688 -0.190079109955798 0.127309520685189 -0.0691710589048409 -0.26301770765547 0.63211667980983 0.0883132608907689 -0.141144308821118 0.702964784183819 0.602601090731262
"61" -0.0855384907814081 -0.561015873671228 -0.161736260114722 -0.251241690847904 0.0732086400092631 0.14770533173384 -0.00517434862233268 -0.0645075424710568 0.169051606667421 -0.116977901064498 -0.254512558341634 0.284929812097847 0.158686644076175 -0.256106912692762 0.961554416909244 0.502811593605582
"62" -0.0917535776495739 -0.582731648953075 -0.149208979264519 -0.138508535161223 0.111880425371016 0.211084201363426 -0.0196750445828957 0.0206847576604927 0.187759539344899 -0.17305128242381 -0.212780440298822 0.00411675158316349 0.110960796976702 -0.333922631181183 1.10757157629834 0.393571996983532
"63" -0.290680424077768 -0.0460793766748637 -0.142200125477177 -0.00406055564861951 0.168331817227189 0.280998151167723 -0.0489986058713873 0.0196507228250309 0.0720735308058012 -0.238891629917997 0.0236249505881008 -0.0139721417964864 -0.381604579248387 -0.207380620190969 0.448685405056572 0.312576541968944
"64" -0.0289023252332069 -0.208326567148856 -0.224435984990932 0.236049971833766 0.260623903746876 0.458185763958498 0.00595501200808023 0.11929256058504 0.175802838392834 -0.364209589858208 -0.0368278235059721 -0.369096881971513 -0.218997252595453 -0.819849905387795 1.27294379167807 -0.461871616019222
"65" 0.0583018488542236 -0.539880567493651 -0.131455819125612 0.182673216188158 0.214616710778657 0.43527448408961 -0.0540937481026935 0.125713712652755 0.253778324788419 -0.385064347292828 -0.010958960465676 -0.522810222825802 0.0972765272454983 -0.78790605842519 1.34432742677118 -0.10279367718957
"66" 0.0681948818762612 -0.40474204305898 -0.0441957781389544 0.152823723804487 0.168037598116309 0.397477414133161 -0.107113401782458 0.0788963557824196 0.220119685534406 -0.39207267094617 0.158354977066258 -0.46884721614243 0.123819504361083 -0.646893648020423 0.776476226848999 0.135055468913325
"67" 0.0973588211720294 -0.256195013964621 -0.0170172291405577 0.184541832654535 0.162813488220492 0.421387733633257 -0.134033037224855 0.0480179338596323 0.199002600339141 -0.434132992637653 0.308196835828724 -0.440515641816862 0.0966683377970066 -0.652518382808515 0.411262723631274 0.144732120088499
"68" 0.0224666840519572 -0.503203006822351 -0.0491923364378305 0.145563701625885 0.182790990477701 0.514548336908012 -0.112183919587734 0.120210732569463 0.125495386477975 -0.450581173790728 0.512138094439641 -0.337955217747087 -0.151550093274429 -0.104652184935289 -0.301380392256573 0.231631171361492
"69" -0.155405014396453 -1.1915482321459 -0.138543564050447 -1.04570582021467 0.209936241253366 0.712402571229136 0.00116843636827679 1.17691798085149 -0.0734248934423131 -0.448110465981981 0.874422013140031 -0.0621309269163763 -0.733712753914647 1.38352507528296 -1.89062346857954 0.356176408432312
"70" 0.0848992587304035 -0.256490704870409 0.0420134112062478 -0.409491792611518 0.124528240908314 0.430729678602011 -0.136339688702623 0.506194430705147 0.0606007891721454 -0.413729699154911 0.7023203945093 -0.247250809294179 -0.132943856031 0.0526794279498777 -0.913089891476963 0.174899645791623
"71" 0.134005458335829 0.0759516432689042 0.00317909084154899 0.245552559665967 0.0729924218591631 0.271171464929043 -0.157872409393795 -0.0496253336755434 0.0995209829839467 -0.33679763705536 0.641185711209557 -0.283598510307673 0.0919126096773841 -0.344142379468355 -0.625533581502987 0.146089624626708
"72" 0.109073841479808 -0.0143815003891719 -0.0338831451728052 0.295155026144763 0.0362846846767004 0.150567352213463 -0.12697707434563 -0.06258073057133 0.0832746467913543 -0.213135283029699 0.582655090058759 -0.311459534754135 0.13605802402551 -0.162852648139802 -0.54615917943538 0.0926252483838965
"73" 0.0660132494530254 -0.0417203771532021 -0.454732138370799 0.509825940895947 -0.041757942374217 -0.0139596512047736 -0.00155838385917792 0.0591903963139147 0.0239145494700329 -0.0512751059170061 0.470999022100981 -0.39849978276856 0.186656128806924 0.149261819928692 -0.370644825222642 -0.0223047515885746
"74" 0.0238742410923812 -0.133623428971672 -0.723538151956589 0.650913212801889 -0.107013151443336 -0.185366284374941 0.091916909808366 0.139155909548847 -0.0192528881912467 0.124192386508382 0.341051477759242 -0.478305364737597 0.241283117685651 0.432961058879077 -0.140841669758897 -0.125114291218278
"75" 0.00394398310875577 -0.487284401849069 -0.125848353744333 0.383511416400318 -0.0868637619664943 -0.316661861930163 -0.0116556281130954 -0.0407135470809423 0.033321710675299 0.286534478847768 0.229911333837251 -0.469427584914989 0.295586510354455 0.496857298481915 0.108605850972782 -0.124052874903253
"76" -0.0215893608779786 -0.625001750724994 -0.0697383428303393 0.361134883351057 -0.123481989107672 -0.475724503365011 0.00131223673566208 -0.0561500066067036 0.0156164295666555 0.45559210075071 0.116959938951699 -0.497298758511443 0.33970164261257 0.677379371802936 0.307983829994858 -0.173961994675548
"77" -0.0395120492565233 -0.699391104650234 -0.0488130243217196 0.347632808071013 -0.164925138186952 -0.630527467979519 0.015617627560214 -0.0609523552351079 -0.0142222461215208 0.615197849740613 0.0211517653563323 -0.510096422491849 0.372973253017231 0.841644517025375 0.454242122537698 -0.214190421492226
"78" -0.0481364439668637 -0.722642392269973 -0.0162125393490599 0.321248016104963 -0.205676240608291 -0.774605812592509 0.020501132888486 -0.069535577202579 -0.050519191698861 0.760512045025377 -0.0542751239608663 -0.503164889218958 0.39469535641325 0.972976821902845 0.545639536187806 -0.239133114084794
"79" -0.0476711768952676 -0.695356861676949 0.024303175711441 0.284081035101573 -0.245296285981551 -0.904457063404553 0.0172634048224569 -0.0807821625255141 -0.0929184943662528 0.888395093473732 -0.109978293036989 -0.478600818297414 0.404948204236373 1.06892928709525 0.58649771787454 -0.250277030037012
"80" -0.0387159197545858 -0.620194369032599 0.0683186761927144 0.238693449693003 -0.283415025774856 -1.01615099529809 0.00767195925783046 -0.0933385527381239 -0.140897404559004 0.995301758416316 -0.147882207787685 -0.439438287555625 0.404286150048725 1.12821917389407 0.584505917664771 -0.249664421383347
"81" -0.0219845635811929 -0.500604807067509 0.111642796305688 0.187648895585692 -0.319671919845048 -1.10466468529423 -0.0064764732135669 -0.106003022787223 -0.193874728824094 1.07637489776036 -0.170297016464242 -0.388955780040343 0.393426261837338 1.15008170976719 0.548427865467392 -0.239316641726965
"82" 0.0018532260557933 -0.340157469475324 0.150779907517013 0.13330225372919 -0.353680823539296 -1.16328187948098 -0.0236028810029349 -0.117943668149113 -0.251272801948557 1.12465007115783 -0.179448455108214 -0.330336950272399 0.373073583010695 1.13396661892409 0.486949948549413 -0.220940650743858
"83" 0.0322580113177436 -0.142263957357592 0.183131362311803 0.0777395096965054 -0.385009045293105 -1.18296775945585 -0.0424636496746675 -0.128812232111977 -0.312544090041586 1.13025311010345 -0.177255398165398 -0.266548036936802 0.343846035671859 1.07946770552257 0.408208594456096 -0.195792992344437
"84" 0.0689690405912692 0.0904871407271025 0.207229078666076 0.0226679773689873 -0.41300440645162 -1.15084425634523 -0.0622575915468168 -0.138954926947696 -0.377163079712654 1.07838613787064 -0.165174180300043 -0.200286677803652 0.30607910924782 0.985863564161061 0.319796382955611 -0.164602843527321
"85" 0.115354848065419 0.364720895201719 0.226731899906765 -0.031792034753219 -0.433657801668732 -1.03829916500134 -0.0838461192150762 -0.153094111963199 -0.443407578511639 0.932231992330055 -0.143153862116396 -0.134025392092761 0.258141044120388 0.84188902600358 0.230980331406683 -0.126124620024511
"86" 0.1818158351341 0.696523596725784 0.261639147378854 -0.0878488966123174 -0.43051580278456 -0.795903120637718 -0.111252614600793 -0.187971103792015 -0.49737416939667 0.618020730963761 -0.109542507357834 -0.0779991302909 0.197907486505824 0.611252833272544 0.163907212490703 -0.0732813002210371
"87" 0.205986858652764 0.803936427108121 0.279160912190277 -0.104733907088962 -0.421401338106645 -0.697870698534605 -0.120870585759125 -0.20543211181127 -0.507356668184065 0.48816724782861 -0.0975911622541313 -0.0658709871496654 0.178877655464739 0.522549293956062 0.15245166303617 -0.0538938054725353
"88" 0.278378278252631 1.0791219584013 0.347549652205715 -0.146744804833488 -0.372116544250226 -0.40921557687915 -0.147706855556941 -0.271884018255897 -0.511716582118948 0.0971443017794207 -0.0641294474984619 -0.047093080259053 0.130421949413814 0.249052020806388 0.147076658874127 0.0032422074086913
"89" 0.334789635673523 1.2436402789496 0.416018136852493 -0.173769221766609 -0.314329320340505 -0.20512845740471 -0.164507597022914 -0.336688888098617 -0.489369406479684 -0.183116113069527 -0.0395055843171419 -0.0440487030913523 0.0996797609445007 0.0218030377865754 0.158702479324369 0.0508841550332075
"90" 0.377492523453762 1.34598729954463 0.464838509432122 -0.189553367126025 -0.260565716915552 -0.0582971968543827 -0.169917766284138 -0.390828027719881 -0.460267749811473 -0.379357389442441 -0.019654258008421 -0.0424755798988254 0.0787563917675245 -0.168948537745775 0.162379058194217 0.094017659310321
"91" 0.407045150673202 1.41373924378214 0.452302161062455 -0.178666041178202 -0.215815293613196 0.0498883745621794 -0.155150444956961 -0.42183120065145 -0.432962935748602 -0.516630243084449 -0.0045054920969673 -0.0432925392325174 0.0652287462055074 -0.317988733867733 0.154526653112879 0.129657262245265
"92" 0.425686411863299 1.40603892328348 0.506768543022259 -0.202776229080566 -0.166893376021951 0.134787567554033 -0.148603369138816 -0.46811077985397 -0.392382454793267 -0.608867986466538 0.00838141563746861 -0.0343459017058443 0.0598917552488809 -0.455165064068623 0.140552269148749 0.172095909125497
"93" 0.429958290891332 1.35917363293285 0.513461354832206 -0.210481185234142 -0.125178373356986 0.195998209500122 -0.123802086682871 -0.494341789118629 -0.35140369590832 -0.661332451518456 0.0152268571734976 -0.0268746143831624 0.0629551070717698 -0.550201353860864 0.120397621272505 0.207451733007092
"94" 0.418601585554334 1.27547719605944 0.460601161076476 -0.198374618061501 -0.0915824406414508 0.236949476343245 -0.0772947206206104 -0.496168548039103 -0.310777914713416 -0.679147725329374 0.0145185872299828 -0.0224396865908005 0.0751229783230956 -0.598567547714975 0.0970121328163489 0.233431568004296
"95" 0.390896278071889 1.14950675617119 0.359772583918531 -0.173853649458882 -0.0646373108708756 0.261133865251972 -0.0108639701947136 -0.476190264304759 -0.268491999052513 -0.666333673918008 0.00523068918153241 -0.0204748495447813 0.0972029205234731 -0.601867360232914 0.0741253238200059 0.250277984087329
"96" 0.345991576224756 0.98276968253469 0.20357933767744 -0.135072109843722 -0.0448301753610599 0.270233692389935 0.0777374951575322 -0.431270494210086 -0.224908592046724 -0.625617921354612 -0.0139570872178813 -0.022270063664239 0.129730696885996 -0.557683615389153 0.054807251607687 0.256005294607686
"97" 0.283977654205156 0.778410062254077 -0.0114466764829763 -0.0808683625286772 -0.0323791560870392 0.2656731349092 0.189127239098778 -0.359672172450133 -0.180526518182003 -0.559749720576792 -0.0437076805449146 -0.0287391764845815 0.172619048697226 -0.465964821118072 0.0414966708943045 0.249127108725752
"98" 0.207015473468492 0.542824964712638 -0.278544636150758 -0.0123745621603348 -0.0267654969167805 0.249273864579848 0.319980898490709 -0.263323469303983 -0.135994428721452 -0.472795103814282 -0.0832530698687369 -0.039779797110528 0.224427362231611 -0.331926096500375 0.0354132241415002 0.229504696751048
"99" 0.120920913825413 0.28802708194341 -0.572199511285999 0.0649110165855153 -0.0261106786917562 0.224021578776746 0.459854087809183 -0.150898675539138 -0.0921683521326836 -0.3717878354283 -0.1293750533601 -0.0534513646170058 0.2813395680415 -0.170088115662318 0.0359042041477555 0.199455879994609
"100" 0.0339921896236381 0.0391880000981763 -0.839219351342839 0.135962587598459 -0.0259288126706472 0.194176392907448 0.588281530072151 -0.0396473257455547 -0.049011595622792 -0.266014527502634 -0.175779496821894 -0.0652837572348446 0.335386445783023 -0.0180846657664402 0.0445614525427431 0.162037566974075
"101" -0.212936850428848 0.0488280342745415 -0.94689242479939 0.00332259399119317 0.0143184403513557 0.13885797231689 0.680794036917672 0.0983413272806586 0.0562914756032288 -0.0504441663871671 -0.218963726125826 -0.0579011403869387 0.31438259145071 -0.347859694700376 0.238091020578714 0.00634902923424718
"102" -0.960458832887156 0.0598616964133044 -0.837809197278574 -0.38894040425773 0.1050263238547 0.0846443894117124 0.746328504004554 0.241499804718097 0.243321004515049 0.296260781238453 -0.204884245051742 0.0520448742443946 0.0127278681541085 -0.571369418176425 0.240168352693105 -0.0989161740671864
"103" -0.369050761407163 -0.439958563904574 -0.770508003878591 0.0815907219976388 0.0396250348249181 0.140755802013061 0.650290397657333 0.0566442133367857 0.0916544849942082 -0.00691656692041223 -0.207490977067363 0.0132290460445699 0.229956270906466 0.18148110146701 -0.0500805268848521 0.132039449577139
"104" -0.0385176519103586 -0.530391456654099 -0.461628101753073 0.136054631458092 0.0474341169188989 0.143286751550495 0.517720119574239 -0.0384692408064584 0.0749362129247165 -0.0802171715751819 -0.201830351447522 0.0109157040998262 0.36785838694126 0.0174271774265233 -0.00328060456885115 0.121773730805611
"105" 0.0138900570626691 -0.531938492661072 -0.0226929746909642 0.069016982764468 0.0833955034022831 0.149899097831749 0.35421520818632 -0.136191010079976 0.0908995390201417 -0.0981636842809801 -0.16399686073717 0.0556654301547805 0.326193146548094 -0.139071250834959 -0.0364104348287886 0.132618578045779
"106" -0.197824151461182 -0.502621689853081 0.550513984105818 -0.118169586920076 0.140438261135842 0.171025120569378 0.153354968994765 -0.265021790840728 0.130319593812284 -0.0927389291057105 -0.0840365133173304 0.14809460363589 0.10145100619104 -0.149430226268732 -0.208433002042023 0.214470575746917
"107" -0.622072928166585 -0.546675969630877 1.28018466072749 -0.641006492444048 0.205064605995866 0.182412656299595 -0.106662296993459 -0.410153778473693 0.22568566134738 -0.0112932966502878 0.0860520220721148 0.308631865098608 -0.25900028742016 0.0322205525321171 -0.564008619417638 0.369875584307811
"108" -0.426751234721228 -0.453994399846795 1.39777713353766 -0.414497021585921 0.209405323990549 0.179099876642471 -0.18310106340842 -0.367907414491088 0.183222616227227 -0.0686835796550209 0.0576768662354131 0.261027113317246 -0.188305943848808 -0.188561642428281 -0.46885699042007 0.277389325368592
"109" 0.12156938922244 -0.366615451240523 1.19318630882852 -0.0047005044973949 0.161996860320906 0.135878262727976 -0.195282275276716 -0.176511521553858 0.0934258224081888 -0.134987853024267 -0.014713434662652 0.119692030476578 0.128883663951795 -0.542411610879177 -0.207239115471721 0.0464677655430741
"110" 0.189358537819646 -0.323188792489214 1.18790859229229 0.0897271988168078 0.148476943660364 0.108934142141492 -0.249863256606343 -0.0232653909621392 0.0718484956149766 -0.122131345248046 -0.00148003700287896 0.0642183075275113 0.148026433918643 -0.577701239237291 -0.210301295708219 -0.0456580012056591
"111" 0.129042543377783 -0.279473695800145 1.12741337110909 0.173423272820107 0.13635869052592 0.0821612588050286 -0.282052857253982 0.165560505975469 0.0576361825061227 -0.0887081401688667 0.0120429687483348 -0.00403684469094401 0.101201777755344 -0.511888961204702 -0.241581246009008 -0.120713595519543
"112" -0.348695812766641 -0.368254942871276 1.2846040834678 -0.0935348014205233 0.171316534232467 0.0888801876360844 -0.298779043396385 0.0776821155110805 0.129781041170248 -0.010734617567847 0.010331617683795 0.014347957482661 -0.177264179564424 -0.199434369776011 -0.231995590831714 -0.00387598826354463
"113" -0.363466733940468 0.116393354158955 0.615549770219613 -0.0789117086421803 0.110458046542187 0.387101267521903 -0.158709591822352 0.0121916075499859 0.132058040215194 -0.389550325464107 0.0236034275910587 -0.0623370619328965 -0.157871512703754 -0.401017443074951 0.00576820865186645 0.0761253894194303
"114" -0.305955233084115 0.568222473623593 0.19304246066776 0.59862159748215 0.0783821155146873 0.636825267413939 -0.198606120731712 0.833119472015171 0.0774228235377379 -0.732105455500339 0.0571449783661888 -0.459855808344153 -0.0662313900248304 -0.798546206926178 -0.0452085939122777 -0.214598869654377
"115" -0.0505234553137747 -0.0573162911774896 -0.137864720301074 0.91416293972878 -0.00757130638175335 -0.0271107737352225 -0.157895145630097 1.60603531357625 -0.0497633322576709 0.0501328370293094 0.0179290820451228 -0.716742768631754 0.1066381743128 -0.0964062741116254 -0.2530312527563 -0.56831422723269
"116" -0.106126452508501 -0.0976341746684047 -0.621623364082828 1.17833691854386 -0.0599356033705267 -0.134882905915338 -0.0801044475615593 2.11403569179885 -0.088009165450607 0.191366588650512 0.00365146091923735 -1.01057012076374 0.126747335213645 0.146514642628965 -0.249169080625207 -0.696496673570291
"117" -0.147582787972949 -0.0969464364124541 -1.0993394005394 1.44080182502431 -0.0753098092735024 -0.183065485261863 -0.000341388567608319 2.56526700126145 -0.0723108117464719 0.272120518916771 -0.00174156391654134 -1.21134602802429 -0.045505044731978 0.364310483564152 -0.232330868971862 -0.9077934617899
"118" 0.0740710006535813 -0.190872275173947 -0.967328338585256 1.09423012800657 0.0938267202817041 -0.194084217174357 0.0266775917913435 2.04795332856978 0.195321425288605 0.341703101939699 0.0665000613169922 0.0558029326054728 -1.06465857517461 0.643042756887801 -0.324182107092637 -1.99639889062913
"119" -0.106278246273589 0.0757370141201569 -0.312233188338093 0.289038857201017 0.0431464781305994 -0.083569541913557 0.0333740727775625 0.525832988715438 0.100290700258139 0.190076289015822 0.0307187516948929 0.295182098016452 -0.364593554649747 0.00729728626956824 -0.0954950777906918 -0.844878001157222
"120" -0.432596888339336 0.569196872834839 -0.504120808186241 0.799825867100497 0.0172635330359393 -0.153243995093296 -0.00279252100882882 1.19731444542713 0.0375881102890257 0.350225731700326 0.00224136190431157 -0.626013526001794 -0.0824926656219135 -0.766430740104843 -0.0258631389035968 -0.300606045047124
"121" -0.0792701846970278 -0.0071010639187874 -0.141865560499149 0.905965506210806 -0.00244066888659822 -0.0957514252372654 -0.150464474902814 1.57105942838583 -0.0429017559408412 0.153340638325996 0.0156363616590386 -0.702713679061207 0.0906183408391548 -0.187696914739522 -0.242834575389194 -0.547429726870352
"122" 0.0500151763241677 -0.148642902839804 0.28696580695429 0.687055179939279 0.0319035013787887 -0.040262696387158 -0.216665476168098 1.17839597403267 -0.0289549547063482 0.0546251672074277 0.0209407032530025 -0.467946064870349 0.116739404614819 -0.205784756805377 -0.276272035591134 -0.468304808541394
"123" 0.101514338981782 -0.194115380391777 0.640153844297687 0.487268821279872 0.0704080057168279 0.00195831420860831 -0.258679240296307 0.785213057604904 0.00188103743324922 0.00154755554157027 0.0262452193910603 -0.227886815347423 0.117963408082117 -0.333835864837694 -0.281356806665797 -0.403156350899945
"124" 0.0116363658086817 -0.342245562685327 0.804712987817315 0.188525558992487 0.0742880016358914 0.000888231426594832 -0.240302353706613 0.387920798073048 0.0622308677621004 0.0560237001726456 0.085091491949613 0.79044483328159 0.129298585960412 -0.171423966517819 -0.424283532967073 -1.27051692888245
"125" -0.109460179739704 -0.246823431293985 0.418860029658956 -0.105489852197636 0.0336655876426482 -0.00402055832820033 -0.0925504568385591 0.0151562630024163 0.0686062173238259 0.0750439987437416 0.0812471710453797 0.877757874709441 0.0338333543588978 0.074132357624038 -0.300059461699568 -1.02860256991189
"126" -0.387520351830639 -0.321775426457966 1.19132768753959 -0.419483450346532 0.162815606799905 0.125018578488008 -0.211516116657632 -0.281105969008363 0.151925254545415 -0.0299101430041231 0.0858811483698648 0.247141252516869 -0.21390092250408 -0.104805306443993 -0.407203081554661 0.174088703229945
"127" -0.0562631485409302 -0.368653631587027 1.28914621274625 -0.110022453003425 0.180437329749047 0.150877748138564 -0.20777743842245 -0.23922003219937 0.117490813292835 -0.1220946997167 0.00665709106137324 0.160507005568833 0.0138649473611404 -0.44771024280898 -0.282728610989578 0.115178872915251
"128" 0.159883369775572 -0.418854443546942 1.02816649684281 -0.0196157704599058 0.153947070786652 0.147567309973264 -0.0971194535892984 -0.244087851603617 0.0981978878791575 -0.145258684953097 -0.0485010023134214 0.126781095725352 0.199058751592575 -0.527673702155574 -0.146295611342039 0.0845726643584683
"129" 0.134335085963584 -0.466881778063756 0.772330712583426 -0.0207327027388877 0.143004889713356 0.154709427757466 0.0287056303550933 -0.258989034947523 0.10618741730173 -0.138182122694065 -0.0823912038880276 0.120224860718563 0.222497969386146 -0.436305938595453 -0.108815514451412 0.118912234177973
"130" 0.282770566634366 -0.571641519491673 0.610508299936589 -0.123147971521701 0.252902167842152 0.157659536044976 0.129432894408335 -0.280554556343249 0.275340948927382 -0.096534322996384 -0.0793607229783531 0.139757200915879 -0.432183419340091 -0.259111118133799 -0.153555524427747 0.197886134400274
"131" 0.356635792179464 -0.569707907520867 0.64085168379956 -0.403074673332341 0.328907275718939 0.103274043555584 0.0427903266194869 -0.248077887974211 0.424851513483872 0.0128147946457161 0.0282668623705763 0.179322908112328 -1.12857571333026 -0.0181757481310754 -0.287914377735871 0.236657146249126
"132" 0.0876597138582732 -0.583292843867556 -0.356114888187247 -0.149205919569614 0.166087212005935 0.0179311531571048 0.323374943680935 0.107982213272826 0.30087117135213 0.142292385335451 -0.0476294665353015 0.0613873390319408 -0.702983241145916 0.383866939672578 -0.19586128283028 0.0860331852754865
"133" 0.222337533291675 -0.707966374610674 -0.739904508703156 -0.00504242854289694 0.236600439823217 0.111354748916474 0.638189824629072 0.0608045438942718 0.375934045790443 0.0421570217289562 -0.167238909792701 0.0350515004326359 -0.860297606207022 0.385191947538781 -0.144474623017938 0.181379125718156
"134" -0.041320389980629 -0.381037811994851 -1.00462393444668 0.20460278129892 0.00706978526062513 0.14832329735475 0.698445422561882 0.0694117548614708 0.0456747136120806 -0.107804334104859 -0.22837828037868 -0.0542152445162305 0.307748052192996 0.179967342106672 0.0305538003891868 0.121482224161781
"135" -0.030406934959854 -0.194944409634377 -1.01106594490259 0.194078459315726 -0.0225146829719006 0.167584129900271 0.677381755180536 0.042111697465671 -0.0106175178530348 -0.176674205890665 -0.212524200492891 -0.0687487194154137 0.376822750318615 0.117825186458148 0.0424228825692787 0.133998822737375
"136" 0.114046553970245 -0.00902822213755 -0.817477769229816 0.115141245556138 0.0269244076359588 0.191328664775311 0.587465131290833 -0.0453086309492117 0.0216298228720848 -0.248028978623017 -0.166162624949687 -0.051790372116713 0.0489463301301152 0.0314915615552734 0.00953098550848264 0.182316333348915
"137" 0.414158903931221 -0.286745517531443 -0.509694792375159 -0.1398592151336 0.27713427160626 0.135962936181251 0.469004366324646 -0.0347360123525786 0.383634471757914 -0.0720053925349875 -0.0541174108265472 0.0610224911945414 -1.33087417210946 0.279044701331536 -0.250655139488574 0.243233791293124
"138" 0.0328321908918616 -0.111927209944288 -0.506197748940516 -0.0120892988262267 0.0433425858183539 0.0342330992323877 0.26483021902763 0.127395855162646 0.101255431622976 0.0216418569688429 0.0183266929388591 0.0496969824342703 -0.315944657868858 0.252042287060221 -0.281003560165616 0.0658939627672188
"139" 0.129238557327674 0.597856585201121 -0.461063153508475 0.0216120973424765 -0.0618019077129958 0.180213106163902 0.265569642585636 -0.0825401096113481 -0.142515512860555 -0.351540934059277 0.0423698300178317 0.0346507807678744 0.122973347763532 -0.137747133695835 -0.295041170164794 0.176104913554946
"140" 0.335888543673296 0.975965355844967 0.162619037014485 -0.126633323660297 -0.0477723783227934 0.266445267147429 0.087975916915347 -0.411683082895079 -0.223815323607523 -0.614739166969877 -0.00751665037874599 -0.017334585775389 0.128702593157216 -0.535028441481452 0.0265023372736182 0.253008700960972
"141" 0.390845763941922 1.14947301118343 0.359550296622924 -0.173809057531081 -0.0646507754750426 0.261121162643034 -0.0108017757828443 -0.476092597811784 -0.268485659541872 -0.666283472934835 0.00526590520541254 -0.020446678967371 0.0972016104430159 -0.601759326651107 0.0739666180546528 0.250270237112453
"142" 0.412863989041931 1.26727979462362 0.440126572546225 -0.194163998625635 -0.0915781347256497 0.236213317365808 -0.071117853644462 -0.486721809898939 -0.30829849888564 -0.673388267725937 0.0181976348576445 -0.0190995099817943 0.0748493884967864 -0.588908327196936 0.0804390685678209 0.233139930190468
"143" 0.278291358010533 1.06049815164345 0.10194432114687 -0.117218780113014 -0.10675471505184 0.16721497292163 -0.000304818685151489 -0.275571837428714 -0.265301052375788 -0.491905725480985 0.0771894958930965 0.0358419871955356 0.0478665203337465 -0.327065667652474 -0.179060455192623 0.177822724525601
"144" -0.103873235719021 0.485662454653888 -0.0182551418411194 -0.17516724768125 -0.0489138919377153 0.0640757908734709 0.0180562051890546 0.0255232313030518 -0.130090709354958 -0.164736799688451 0.0415348861429701 0.101027967893659 -0.147214353138793 0.0736815844145078 -0.0801885284830456 -0.131835899324479
"145" -0.0904461253689968 1.17277154350574 0.509662257418209 -0.468680760553992 -0.138882854729243 0.0648109377693545 -0.149438134041018 -0.159206913049959 -0.358758205924135 -0.386795759061593 -0.0313186185367388 0.110408372855393 -0.297091236313079 0.0270445605364993 0.318027456685801 -0.313800796146477
"146" 0.336135626848207 1.34600965307615 0.482568353839018 -0.222833996034256 -0.255767305713123 -0.0546224875188887 -0.172853834057843 -0.374082478277783 -0.459657661105446 -0.377074243649597 -0.022314080170616 -0.0279236204861917 0.0441734177889525 -0.143449890827815 0.181857771728112 0.0534901008410866
"147" 0.334793555233206 1.24450234285723 0.41632673632521 -0.17414158045714 -0.314291291890033 -0.204176265206932 -0.164621535337296 -0.336752994821917 -0.489551017262224 -0.184130243575079 -0.0393739128105366 -0.0437854874700143 0.0993049660608992 0.0210357039409746 0.158527571631282 0.0509230674210031
"148" 0.278219853130454 1.04349290427445 0.386114067582051 -0.161934792963245 -0.364892372887191 -0.387457732727865 -0.153057794070681 -0.284839253562815 -0.507702811522605 0.107685684149942 -0.0544643560722176 -0.038009620072291 0.122827775483031 0.191748713140892 0.129380069081593 0.0205765408528844
"149" 0.159359221397136 0.0638539975819017 0.724934104517514 -0.264732926516966 -0.27672305130547 -0.472579873526216 -0.158507748949256 -0.31820910751671 -0.362532418601442 0.758258065966364 0.0125314143209321 0.0265953724462493 0.0923278923151766 -0.211619634414718 -0.00632907940574468 0.110529060713812
"150" 0.163100201822158 -0.47022076684902 0.626448518580029 -0.365993409882016 -0.24571718282688 -0.513073643917118 -0.0951065766448623 -0.0548454875285536 -0.301410331382455 1.09465890679741 -0.0470015435423679 0.068567401698405 0.121387100802834 -0.435681323147098 0.359863505335122 -0.337268549582395
"151" 0.200699358933833 0.526901076350166 0.276682202102905 -0.253940053831786 -0.494028153547095 -0.738143513307687 -0.101311812288142 -0.031873820125488 -0.577770992948448 0.81806608905461 -0.10514273848498 0.052551519113992 0.183108550129713 0.384519263934384 0.203986568837911 -0.294354909050764
"152" 0.150298911012508 0.778574635419273 0.107795622637454 -0.0975428395603937 -0.56676053036943 -0.718938935686236 -0.089063795619889 -0.0799282059394039 -0.655527172659491 0.715175283761429 -0.0835959762476773 0.0374951873697542 0.156151956416502 0.616616280317091 -0.0516346738639832 -0.0553899323727336
"153" 0.132526609691554 0.726659369237536 0.0537937234450525 -0.0736742052934591 -0.601550333038399 -0.630204642295506 -0.0752081899946884 -0.054415746100212 -0.690657677030324 0.704643304698299 -0.0727705909180369 0.0564186573409318 0.146370742049548 0.600148283085513 -0.104862616117706 -0.0341102985229345
"154" 0.055878183227665 0.389571908613307 -0.00417020618955849 0.0300398883683066 -0.644407450207773 -0.52304891414743 -0.0366726648842597 -0.0326051845168296 -0.747867905503416 0.912541170345342 -0.0589546655707102 0.0475545086379148 0.0817954453618118 0.416500656959864 -0.115865827378744 0.0190164955882448
"155" -0.417602039984734 -0.267685641271061 -0.288737675646593 0.269645935394608 -0.803036321706836 -0.508271756193684 0.0958954239766923 0.120611315898991 -1.01318007444968 1.75247786889452 -0.00126006143475779 0.130468014566326 -0.344219401312564 0.286879982510259 -0.372296700617738 0.132585067500091
"156" -0.151276540101645 0.31757684229787 -0.222571509059122 0.0689890770193113 -0.740965476731213 -0.0902318228901888 0.0190618207020059 0.0870991671059652 -0.872081974126513 0.6474548636018 -0.00529931568617822 0.152417840007351 -0.081034858693891 0.593354545227563 -0.354605790841293 0.0514751305495498
"157" 0.057437112416836 0.165010811431378 -0.102704791978431 0.0792124119202049 -0.670279135675529 0.325328778207333 -0.0133186744103772 -0.00365730285174459 -0.739498807410299 0.0989004250717131 -0.0169786611270872 0.0599397082833901 0.122599594370712 0.385841038248722 -0.151217480658236 0.0657059562384585
"158" 0.0463792768179823 -0.047505209898252 -0.118390305887448 0.128946729796165 -0.656003489218504 0.705845429532772 -0.000369726586736979 -0.0109063574152342 -0.712675237107288 -0.212549330671511 -0.00203358616871524 0.0382515370341396 0.126695693383053 0.301557622220034 -0.11573294433514 0.0966101697505053
"159" 0.0326331325011595 -0.257894629422153 -0.131274707759804 0.173767992321948 -0.624980652242174 1.09229047106411 0.0117259381394925 -0.0183434766736296 -0.668572357969727 -0.545958388866355 0.0131884275006173 0.0165234242399448 0.126844447352265 0.221934567654373 -0.0782503251377622 0.124118914258844
"160" 0.023032951975535 -0.446578379488986 -0.139553599994761 0.206513532858179 -0.570959302520145 1.43253293426494 0.021631387020033 -0.0240005790436912 -0.6008686221152 -0.856037368148553 0.0269167033974792 -0.00262925000760106 0.12650348888191 0.14389695365762 -0.042692526356737 0.143710817037224
"161" 0.0189878239511804 -0.590408964157459 -0.1456510530404 0.21972872544968 -0.489279377553153 1.66491075519711 0.0291044035145013 -0.0228713071761324 -0.506377866909711 -1.08360436968097 0.0379486578795896 -0.0136607237686457 0.12391940191701 0.0687824885795386 -0.0194578275313764 0.150586625390339
"162" 0.020998457383492 -0.671220154348779 -0.151506119441141 0.207627608484867 -0.375666910661171 1.73774572634461 0.0340197072618748 -0.0108994155975858 -0.382329799854353 -1.17788960798251 0.0452587750856461 -0.0121490360669148 0.117032700719529 -0.00329872115602581 -0.0169029284437336 0.140968694036928
"163" 0.0279045911913598 -0.681516688533868 -0.157693576582022 0.167875759108456 -0.226765374399283 1.62845845520219 0.0362892371527278 0.0134958033924257 -0.226544381901246 -1.11653603366156 0.0483461218824593 0.00363508807377055 0.103693711137801 -0.0727745492022983 -0.0382330572452625 0.113319510000069
"164" 0.0364879800265662 -0.627144508636444 -0.163000400351916 0.102427411299089 -0.040346497213898 1.35289062429089 0.0358168840335304 0.0486844503385045 -0.0374915577207452 -0.915445147811151 0.0474055038211595 0.0319798073838511 0.0817468334521807 -0.140197962494093 -0.0800101691193331 0.0689207960901541
"165" 0.0416527017960519 -0.525419822496298 -0.164712318417982 0.0169144290498413 0.185048293934992 0.958646777954335 0.0325264232753135 0.09035068576591 0.185873784195992 -0.621754573690157 0.0432037595600328 0.068266024786146 0.0488875566078576 -0.206594913876734 -0.133204777501764 0.0114517714993205
"166" 0.0368501219159363 -0.400389749692235 -0.159955148246494 -0.082611129291682 0.456895093469845 0.50447577181886 0.0264456086045718 0.133965859933239 0.450186756126722 -0.293095422559167 0.0368367240206874 0.107307620536543 0.0015072464194672 -0.276493001628132 -0.187390713264371 -0.0552056802476333
"167" 0.0127090295162288 -0.282045529303739 -0.153126516443854 -0.213682020593451 0.875093152733547 0.00996464194334257 0.0176089108857345 0.190088623697719 0.847368580617614 0.0405444190143377 0.0307531891791567 0.156660925389877 -0.0794446625565297 -0.390663168009581 -0.250298734705473 -0.142697977342037
"168" -0.0212470991155711 -0.171640892956385 -0.15463537561656 -0.429175779932456 1.68020306128028 -0.514300493363067 0.00272661236633805 0.283863713582549 1.56533310655371 0.319577878918482 0.0320778079089553 0.240157692684647 -0.253284680360532 -0.654961019665356 -0.347093056781901 -0.280369393362337
"169" 0.00382977800558948 -0.00628268485221983 -0.110380507792779 -0.473160768174953 1.8813264060543 -0.55559397480817 -0.0152271522004216 0.26257872156734 1.64431025367278 0.19956924369246 0.0343523747268915 0.232983020662709 -0.365871353445198 -0.731178114928335 -0.304168560828038 -0.293541743345234
"170" 0.012992987312275 0.0276371333685377 -0.0415959818179353 -0.210754169122992 0.847182763731767 -0.217471042927463 -0.00991445244959827 0.108781371797056 0.714752223807834 0.036832182161604 0.0166673443798833 0.0995233810479235 -0.180639127601344 -0.334371583022028 -0.123384851921851 -0.126788401101834
