"V1" "V2" "V3" "V4" "V5" "V6" "V7" "V8" "V9" "V10" "V11" "V12" "V13" "V14" "V15" "V16"
"1" -0.824297535877218 10.6946288213121 -0.267424883198297 -6.45032895579056 5.02983964676968 -13.1089866428647 0.0232627093613029 5.63989801947491 2.19061967207992 17.8888396330613 0.519133372937302 -0.173914592601299 -5.15205072352117 -18.9345397334084 -0.231873181471386 0.101277984659351
"2" -0.747511881207281 10.6140905810816 -0.259077799140726 -6.47594602628901 5.19304046761922 -13.145158595102 0.0190251425283625 5.64337360174387 2.34204297517092 17.8738935167324 0.513333314216698 -0.18796178365389 -5.08678570883409 -19.0182801736283 -0.220069071438886 0.0909575626374135
"3" -0.591129477921965 9.76039788397045 -0.229751547433722 -6.06038449505531 5.05529096171129 -12.278270011294 0.0122725762716103 5.25662398682267 2.3865733010713 16.6120831652969 0.469353347160787 -0.194969612302529 -4.64401280858428 -17.8125044231955 -0.186373767615606 0.069854684948357
"4" -0.43626792639942 8.68899873361001 -0.196846145072517 -5.49727789936474 4.76720889908924 -11.1144868423282 0.00636264036617451 4.74646984752264 2.34585173278561 14.9644172912439 0.415226229794861 -0.19525349010997 -4.10500150555312 -16.1735797838881 -0.149086027480607 0.0486240783737273
"5" -0.169391924697046 6.59427213846745 -0.136305096862355 -4.36364971425048 4.10887042621384 -8.77942822792154 -0.00262951469002015 3.73136699748763 2.18579051066713 11.6984368306898 0.3102475084711 -0.189257003295239 -3.06758533901478 -12.8724256807559 -0.0790791590795976 0.0110517160525916
"6" 0.126964887259189 4.00096126673285 -0.0656475367559466 -2.93436133924236 3.21105941994485 -5.84166516858639 -0.0107945576305388 2.46374995484383 1.91650894469948 7.6300225162348 0.180917510597116 -0.176916385753771 -1.80178836304509 -8.71205999026753 0.00705477927166953 -0.0327160387042866
"7" 0.413564199996056 1.20014119658658 0.00549012282620964 -1.37203503850979 2.16977068182322 -2.63608338524213 -0.0159790419410548 1.0917126626448 1.56258419252964 3.23443418678156 0.0415397280059047 -0.160558620938289 -0.456766675144538 -4.17019923399148 0.102608673740122 -0.0786513482984645
"8" 0.646054525677982 -1.4594950800503 0.0659352670735522 0.126684267337733 1.1063023953718 0.431789930932872 -0.0158517129973674 -0.206612713935584 1.15895332506209 -0.916900387284365 -0.0909946145460658 -0.143571512822078 0.790430867925298 0.176269316767133 0.199978648368329 -0.122258964166257
"9" 0.781113642842087 -3.62081285731763 0.104588833382234 1.3586668974959 0.150340968462288 2.94193848790293 -0.00821112195317752 -1.24784581235933 0.746108407389261 -4.23570186250396 -0.199778646301073 -0.130270892946811 1.75965967266039 3.73216863059818 0.29242541077889 -0.159393998865816
"10" 0.782813834794703 -4.97051820714139 0.112125083101173 2.14367522829501 -0.578395468104464 4.51986350143475 0.00870168634290813 -1.8697344054468 0.364654361750386 -6.2013041451487 -0.270616398043792 -0.125761166434984 2.29392227915529 5.97018832561943 0.376004404880405 -0.187124097241878
"11" 0.628144965844417 -5.28568522419586 0.0824755380257578 2.35059804421422 -0.986814568752092 4.89027630805594 0.0359422237441436 -1.95463956365276 0.0501770944143338 -6.435958210211 -0.294433504649376 -0.135804292948876 2.28261702890871 6.50768716609819 0.451309270029782 -0.204487693241823
"12" 0.310810530331693 -4.46715949529533 0.0138323602311843 1.91641790110536 -1.02082121744842 3.91604964097982 0.0737016762979703 -1.44642962446031 -0.170805799510273 -4.75912275855281 -0.268969221964305 -0.166678401583127 1.6781133419816 5.16205561069533 0.524666162087527 -0.213012207984811
"13" -0.157265645461261 -2.55511239127098 -0.0910044104700916 0.855286508247768 -0.671768574486233 1.61706063972192 0.121276012765119 -0.358443553718487 -0.283330606671267 -1.21320940397732 -0.199477428123863 -0.224975546144378 0.503314006078828 1.97698573870788 0.608465970447384 -0.216888329446228
"14" -0.746894150180594 0.274846010151418 -0.224994861510261 -0.743152602778081 0.0235440822388071 -1.83283444631583 0.177170415650602 1.22821240689542 -0.284751327187337 3.94164904708457 -0.0983262302779941 -0.317268188626926 -1.15054733023875 -2.7827951218748 0.720417046340543 -0.222741604410366
"15" -1.41482208322119 3.73355209786499 -0.377879994222173 -2.72535953028201 0.988822608456132 -6.12898586560542 0.239318387754363 3.17522911633818 -0.183912794777044 10.2613229470326 0.0164499489775309 -0.449572397957894 -3.13508723561376 -8.66577245433754 0.881629685709186 -0.238993482039461
"16" -2.10864604573474 7.45423464435846 -0.537686161143654 -4.89320018284544 2.11885278662647 -10.874773243971 0.305372577120632 5.30446515457388 0.000921462264809492 17.1734217217427 0.123448223126776 -0.626556026808458 -5.26288710764395 -15.0902730973752 1.11359322027405 -0.274855121197902
"17" -2.77268521785514 11.0369215438089 -0.692467737423705 -7.02784667530505 3.2928564971803 -15.6297128565939 0.373010185686319 7.41926467848691 0.244919341604833 24.0459648693016 0.200740161041875 -0.850483122028251 -7.32967073465592 -21.4142594550209 1.43426692935967 -0.339044640348781
"18" -3.35398258956956 14.0950194969098 -0.83200675603894 -8.91482634318241 4.38861060214082 -19.9598089165734 0.440192821721316 9.32657803112094 0.519813112832841 30.258951844907 0.228893270296322 -1.11994913947429 -9.13735977056733 -27.0081233208573 1.85366666049586 -0.438358925155534
"19" -3.80765720301746 16.2980611849929 -0.949196983933689 -10.366975323405 5.29545843995784 -23.4835440576384 0.505329755253586 10.8569665763674 0.796874949909798 35.2694485531251 0.19379133755983 -1.42853832739462 -10.5150160747037 -31.320995884973 2.36947610876749 -0.576261799665822
"20" -4.10099960144469 17.4057171266081 -1.04089136290038 -11.2427102107202 5.9247544517409 -25.9082689897696 0.567313241232801 11.8802214067171 1.04941106241124 38.662796695224 0.0889056809295354 -1.76361277433247 -11.3352979230116 -33.9331198531568 2.96332553324692 -0.751668394722614
"21" -4.2159449552845 17.289820593344 -1.10807802403597 -11.4579761464893 6.21685318541117 -27.0537078782356 0.625421160719066 12.3152385204269 1.25459880674457 40.185383985855 -0.0832625943020879 -2.10550537639864 -11.5249467541351 -34.5897042937184 3.59843678654008 -0.958107840608875
"22" -4.14982150299896 15.9430171412772 -1.15535809899981 -10.991262085513 6.14436379511541 -26.8614339442169 0.679110471247117 12.1337779752984 1.39463937868715 39.7574894274447 -0.310756675942248 -2.42741781714827 -11.0687948405127 -33.2147928372653 4.21930671645649 -1.18343004919527
"23" -3.91450656130301 13.474400900902 -1.18981151023727 -9.88200616540799 5.71192722294104 -25.3911006817974 0.727749218915026 11.3586078292571 1.45731790432709 37.467472693444 -0.572836676033507 -2.69630330837262 -10.0076638869598 -29.9064453684729 4.75397168510074 -1.41018515011839
"24" -3.53834763355302 10.1282661135312 -1.2191636420186 -8.24075866119373 4.96144931647025 -22.833785806782 0.76999071188936 10.0712187448946 1.43671653070428 33.5929864713477 -0.839320207974165 -2.87381908795703 -8.4476401605982 -24.968966644174 5.11683736886673 -1.61501209562354
"25" -3.04373080520815 6.09489806508007 -1.25136477739827 -6.15472668640902 3.92741566440779 -19.354780357006 0.805323551832602 8.33524544844775 1.33041796507945 28.3662152355057 -1.08493859716158 -2.92524215889885 -6.47034540032005 -18.6307263464879 5.22834483836169 -1.77894584658756
"26" -2.47630488630337 1.7647396015907 -1.2907880031894 -3.81503598113369 2.69671136586054 -15.2916217771569 0.830767448254061 6.29809998577959 1.14258413930906 22.2755866333895 -1.27134223507168 -2.81132611989119 -4.25393124821773 -11.4316168014523 4.99931350038801 -1.8739606121468
"27" -1.87884574274322 -2.50577750807516 -1.33856387777185 -1.40326003103784 1.35757296737993 -10.9724658241462 0.843556052067052 4.10323794353739 0.88301903600272 15.7942819796427 -1.36766337844135 -2.5056545600218 -1.96572549726333 -3.88830836185905 4.36787424616497 -1.87889411524387
"28" -1.292928619268 -6.37721310150204 -1.39141563053639 0.900607924493698 0.00290456095394731 -6.72147895368147 0.840635659185887 1.89681813703852 0.566515649738935 9.39259915743619 -1.3499771588863 -1.99633837398879 0.229315002581263 3.4757463622862 3.30418859680006 -1.77891320947187
"29" -0.755837269969086 -9.55629552510715 -1.44175850544837 2.93231122651552 -1.27594270049819 -2.83307121492024 0.819081426110484 -0.181828057576972 0.21247686732187 3.50219084583499 -1.20487679045504 -1.29099837497728 2.18104601896205 10.1668083041373 1.82143172001858 -1.56841519547469
"30" -0.298088242587692 -11.8195748741505 -1.47855542922327 4.55534093043124 -2.39468096298599 0.449140665311637 0.776605753046683 -2.00808271220041 -0.155680631622459 -1.51336358225943 -0.93217814893746 -0.420286584744019 3.76446683381999 15.7521658673655 -0.0166343305229191 -1.25323443070692
"31" 0.0583283604038591 -13.029908587165 -1.48881795731201 5.67015911362568 -3.28081636578593 2.94764542834887 0.712078650882528 -3.47825286226238 -0.51147358530195 -5.38047526448671 -0.546334129624661 0.560915580637129 4.88748435113619 19.8853836787556 -2.09327858079649 -0.851731175614255
"32" 0.30093986245525 -13.144715480159 -1.45954120509209 6.22018197681487 -3.87758829068557 4.56006886327775 0.625969819157717 -4.51422349285206 -0.826756191105954 -7.92933070750993 -0.0762329840180982 1.5753193770712 5.49584618212067 22.325045451077 -4.24300303487973 -0.394418371637087
"33" 0.427003474213657 -12.2155642345777 -1.37979410075367 6.19425607406779 -4.14710713732171 5.26175338656349 0.520627125519248 -5.06671078374635 -1.07362056560428 -9.09936144714145 0.43679187733898 2.52845310175553 5.57513927409564 22.9467906688763 -6.2630332649953 0.0780708547847269
"34" 0.442969909706271 -10.3793459881746 -1.24266126629214 5.62556412668177 -4.0726450348418 5.10208527218511 0.400326122906964 -5.11723834435354 -1.2267391413851 -8.93660709858329 0.942707767877799 3.31722553016431 5.14989906673029 21.7485612020655 -7.93186030072457 0.518665592355113
"35" 0.363270518694278 -7.8419971528419 -1.04675281303179 4.5871283846602 -3.65998361413538 4.19515348597963 0.27105758417316 -4.6788771918418 -1.26598747535669 -7.58357950804297 1.38801327702557 3.84123788966961 4.28002403456405 18.8490490388054 -9.0335006982551 0.878935612335667
"36" 0.208546001826597 -4.85643455450914 -0.797059092600453 3.18433273197753 -2.93767965457699 2.70571889609565 0.140059985748135 -3.79569685559582 -1.17908423028782 -5.26266006371881 1.72194198275425 4.01571793752275 3.05484466267185 14.4794356574656 -9.38504309344057 1.11506285282511
"37" 0.00347936373871072 -1.69695905635164 -0.505018788421062 1.54513522762594 -1.95609075730775 0.831843744953485 0.0151451211999589 -2.54080116628356 -0.963908042216183 -2.25448639937705 1.90292321007963 3.78449527735248 1.58534499845115 8.96867509879189 -8.86413158271921 1.19398972850966
"38" -0.225568088603412 1.36721805625062 -0.18777635750169 -0.191145868003529 -0.785021235582413 -1.21417780297348 -0.0960992844760842 -1.01279230013523 -0.63011627510474 1.126849664106 1.90445486465053 3.13115696234078 -0.00483944338130726 2.72280703498242 -7.43248691170049 1.09889317750869
"39" -0.452899396509018 4.09655384641821 0.133287317563145 -1.88545582499276 0.490090899132575 -3.22479803051963 -0.18712222779202 0.669463386824418 -0.199711459711075 4.55973474562435 1.71952412831766 2.0864951954224 -1.58894248889046 -3.80091685123499 -5.15154316609326 0.833112406294426
"40" -0.655588599087702 6.30129955582639 0.43457439795646 -3.40999393126122 1.77342176205057 -5.01435257906838 -0.253122157751914 2.3737971670007 0.293716477649181 7.73999076010507 1.3628223027232 0.730631279253217 -3.04638178780125 -10.1239710717431 -2.18687209073056 0.421772644445305
"41" -0.815166155294727 7.85516198461966 0.692597443298929 -4.65762132128423 2.96528051631563 -6.43285054634952 -0.29155553979308 3.96329533014725 0.807203438721775 10.4029169804905 0.870240610853095 -0.811227091462598 -4.27118941819561 -15.7790813976543 1.20072309079043 -0.0894023892472049
"42" -0.918750709850437 8.70131090861889 0.886341554122346 -5.54894081921833 3.96957182615662 -7.37534082441011 -0.302365287218894 5.30610729316309 1.2920253224759 12.3408466227302 0.295481794546689 -2.37961641181955 -5.17899020197857 -20.3435131807021 4.67784801198496 -0.638233209804092
"43" -0.959563752335104 8.85053072539394 0.999393968548183 -6.03658823373832 4.70170444553015 -7.78633102871121 -0.287894612001377 6.28591973094872 1.69845051430448 13.4151627847345 -0.295966297749509 -3.79748936534335 -5.71211303874008 -23.4709939463343 7.87329034937497 -1.15289579367166
"44" -0.936838320072017 8.37232320216458 1.02161266768288 -6.10659592525996 5.09629651055364 -7.6593299269631 -0.252500044179081 6.81227999410169 1.98116751140791 13.5623011996329 -0.83483465780224 -4.89101009940072 -5.84259514882645 -24.9199163655714 10.4213224228461 -1.56068009779415
"45" -0.855201446633603 7.38064383298532 0.950169619353929 -5.77699864621833 5.11392148341616 -7.03212878674713 -0.201924269954693 6.82977073124668 2.10476474693235 12.7938304265443 -1.25704451023243 -5.51193975141028 -5.57301039134901 -24.5753759158187 12.0082607224715 -1.79760765058708
"46" -0.723662219163861 6.01656192116337 0.789882796253274 -5.09410518485285 4.74610562381815 -5.97885140346513 -0.142526995341683 6.32495259310912 2.04855216077769 11.1911707705398 -1.51241462588511 -5.55857447504494 -4.93520199786053 -22.4627017431876 12.4159870826711 -1.81758846368614
"47" -0.554366118981646 4.43038305420582 0.552832404498027 -4.12702741621266 4.0178520044506 -4.60003342461451 -0.0804935656111674 5.33004348448146 1.81002271851578 8.89584668812948 -1.57182755424196 -4.99212144551734 -3.98711744627742 -18.7505017825439 11.5559983599735 -1.59975346787213
"48" -0.361279386323782 2.76563146596219 0.257330235124819 -2.96112933956169 2.98714058126889 -3.01202130551502 -0.0211424908275486 3.92251627922194 1.40636798114908 6.09635301558993 -1.43173033996349 -3.84580655016595 -2.80802874621563 -13.7419071675504 9.48841160761202 -1.15276720711739
"49" -0.158946769308154 1.14679350608468 -0.073631345976068 -1.69103914748206 1.74113548072522 -1.33682848654382 0.0315662533149901 2.2201728754564 0.873679298424644 3.012772352132 -1.11518594750308 -2.22487975534244 -1.49248212652305 -7.85366782502427 6.4221628244627 -0.515297438865304
"50" 0.0385716769635063 -0.328035145898689 -0.414287067025484 -0.413778242702254 0.38919612505817 0.306700773001129 0.075257129998862 0.371760621987434 0.263761404824905 -0.119752928422216 -0.669177254910743 -0.296916701484889 -0.143366432854911 -1.58396180935011 2.69518308184934 0.247651764482413
"51" 0.218525656711196 -1.58934318200491 -0.738183431814505 0.77756879273133 -0.946805468933782 1.80992574248478 0.10908212237239 -1.45622436251676 -0.361181915489713 -3.06767377912311 -0.158424747077362 1.72676834509647 1.1354736451415 4.52889155842541 -1.26374743438043 1.05222559254466
"52" 0.370049044254049 -2.59384858138244 -1.02026368952857 1.79936029987291 -2.14397185290079 3.07950451305202 0.133414467068107 -3.09534002642299 -0.935410661657713 -5.61489263817711 0.343476877170346 3.61640546232709 2.24662415553816 9.95336483922858 -4.98693704997061 1.80610922833243
"53" 0.484509939745896 -3.3189078870267 -1.23879363359315 2.58192425508539 -3.09047887487973 4.04071163828808 0.149370293786927 -4.39195069903937 -1.39722700778951 -7.57700780019854 0.764360291782012 5.15244863738977 3.10601697498435 14.2128727664061 -8.02671328659579 2.4204304488122
"54" 0.555688390025113 -3.75543439811053 -1.37699503264128 3.07304807333288 -3.69693117809388 4.63933932702328 0.158264388897141 -5.22302301318825 -1.6962947161161 -8.81322787707029 1.04372815679105 6.15371512192527 3.64890966235687 16.9302103350639 -10.0132458824683 2.82150253250578
"55" 0.57984396563756 -3.90117011775583 -1.42428384710699 3.24043573688056 -3.90563817110382 4.842626117189 0.161115099264617 -5.50907055885565 -1.7997243380486 -9.23535537174783 1.14141672542443 6.50100472273905 3.83450775778184 17.8634657805385 -10.7030801330865 2.96071307663166
"56" 0.55573041219906 -3.75592213021287 -1.37704125526237 3.07316355316859 -3.69668282009695 4.63962593129716 0.158300454993491 -5.22264025125068 -1.69609516124557 -8.81337825253813 1.04337829655001 6.15279673048806 3.64888841389361 16.92936821229 -10.0113899198449 2.82110813541686
"57" 0.484597236302118 -3.31985640664621 -1.23887507170774 2.58216540208523 -3.09003128205324 4.04130654991454 0.149435426302503 -4.3912657364441 -1.39685891109669 -7.57737852953824 0.763707211006171 5.15073986793678 3.10600328101647 14.2113830468996 -8.02325781137739 2.41969688637477
"58" 0.370192749736524 -2.59523591194805 -1.02035717604363 1.79976069901561 -2.14342099220222 3.08048293104013 0.133494931942188 -3.09451276365833 -0.934930920580008 -5.61566193146595 0.342602202577048 3.61413412463597 2.24668482956366 9.95161993041228 -4.98233673979274 1.80513489810055
"59" 0.218755117240076 -1.59121868671019 -0.738249966392019 0.778215127784399 -0.946294544357606 1.81148734505784 0.109157291500999 -1.45550008966285 -0.360665558251196 -3.06921816889371 -0.159424589692897 1.72421484097342 1.13573656329771 4.52751018158153 -1.2585569572563 1.05113190028506
"60" 0.0389529515477935 -0.330628164224915 -0.414262854895668 -0.412692558982448 0.389464423802636 0.309296944745281 0.0752975937077736 0.372021848904723 0.26422732819924 -0.122818621508671 -0.670214923784435 -0.299470658605998 -0.142665765129809 -1.58403956590328 2.70041816296271 0.246561310716487
"61" -0.158279724446641 1.14290496574226 -0.0734092344404189 -1.68912313674899 1.74086236649549 -1.33228020068094 0.0315283746809918 2.21942095708971 0.873995232684972 3.00676693664403 -1.11620635358844 -2.22719130004418 -1.49091482973509 -7.85095930379097 6.42699698156667 -0.516277727463347
"62" -0.360073432315876 2.75925852924654 0.257935159230144 -2.95764495513501 2.98585469685719 -3.00378475170024 -0.0213279431108617 3.91986076724069 1.40641004405779 6.08480592824652 -1.43273110880254 -3.84769000239137 -2.8048242542325 -13.7339613174017 9.49255315050277 -1.15355326187422
"63" -0.552166208722789 4.41931560375471 0.55414188595573 -4.12064896239577 4.01477383961428 -4.58498603442472 -0.0809417677059994 5.32399067777695 1.80961524683642 8.87413775381466 -1.57287828940738 -4.99344085184953 -3.980918963154 -18.7331657542659 11.5593220704871 -1.60027962650958
"64" -0.71968095014644 5.99692952813094 0.79245148783626 -5.08254150329523 4.73992801041571 -5.95159026710457 -0.143432481791882 6.31298041144571 2.04742032675181 11.1513416612374 -1.51367993171649 -5.55921226323176 -4.92367875303238 -22.4289428722661 12.4185152383784 -1.81779182223889
"65" -0.848118867099472 7.34593890399648 0.954934950792889 -5.75641605878882 5.10247363277695 -6.98360123835649 -0.203612885345816 6.80767558061085 2.10246207350957 12.7225618201812 -1.25881826528592 -5.51174627212161 -5.55226372005217 -24.5134775998265 12.0101299110256 -1.79740271493115
"66" -0.924504009601232 8.31194920424693 1.03012032691089 -6.07076375753316 5.07605000351064 -7.57479966984833 -0.255506569425613 6.77321117436422 1.97697145731159 13.4379109087284 -0.837594288369758 -4.88973814581445 -5.8062784442511 -24.8108162079126 10.422754372314 -1.55992472673461
"67" -0.9385681669802 8.74771646707446 1.01412550513931 -5.97565565637907 4.66707142474918 -7.64245818065579 -0.293074801816616 6.21899993579321 1.69121745827889 13.2032995882289 -0.300455824073616 -3.79471449050642 -5.65017122521913 -23.2844881746203 7.87458032952881 -1.15134778211048
"68" -0.883830491832901 8.5302250251772 0.911173345673724 -5.44774906028692 3.91194192919157 -7.13614124825608 -0.311052033118726 5.19452919161057 1.27999521220088 11.9885336595977 0.28813224243428 -2.37463972712662 -5.07591825809457 -20.0330311139984 4.6793769654717 -0.635494843185192
"69" -0.758411101509529 7.57708255952022 0.733418680055465 -4.49346631736216 2.87174846940164 -6.04432405540688 -0.30576844533916 3.78179317413216 0.787745218565405 9.83063214272394 0.858353350175641 -0.802953930961351 -4.10371942464499 -15.2747620650765 1.20299194543475 -0.0848486918141091
"70" -0.565429383786595 5.85975776798781 0.500082858013826 -3.14978998917785 1.62517733489463 -4.3976525259253 -0.27583702567752 2.08542949126286 0.263009311083998 6.83159122209794 1.34396705833475 0.743844655465111 -2.78054334513956 -9.32387950462399 -2.1831942696123 0.429086831681985
"71" -0.312878244067921 3.41149410256201 0.235962277299237 -1.48231994730141 0.260482384490437 -2.26797880709261 -0.222600801924916 0.221719047762036 -0.247058196550807 3.15027152912369 1.69027366514902 2.10703303581271 -1.17651184737083 -2.56044906623323 -5.14557123837923 0.844570520414443
"72" -0.0129321178308581 0.32841371445889 -0.0305575658672979 0.419467665741069 -1.13267556202254 0.237179903304558 -0.15026919638178 -1.69242838436944 -0.701488540349938 -1.0112972555446 1.86011419655111 3.16237476357904 0.620693786905107 4.60294048521042 -7.42309082587266 1.11646158751929
"73" 0.319269374650342 -3.23672069445196 -0.269801835652856 2.44946728337408 -2.47078031560794 2.98446103320702 -0.0657146875108143 -3.54951069531435 -1.06912498049349 -5.4261818119295 1.83725676805452 3.83098226171575 2.51300522390554 11.7550186253403 -8.84994931824775 1.22038573697058
"74" 0.667232066890105 -7.08754264786914 -0.453214393590432 4.494046175502 -3.68279571285993 5.82777105052397 0.0220551441133985 -5.25968679319519 -1.33079367217165 -9.86365092742152 1.62693685695703 4.08357113388675 4.40010417833195 18.5174455503779 -9.36456003281069 1.15393617248101
"75" 1.01490581122286 -11.0023528268633 -0.555672312296323 6.44204972078721 -4.71483733280565 8.62311176673712 0.102696389942055 -6.75665706962553 -1.4799416114027 -14.110807873743 1.25373104602916 3.93831181553612 6.18773615423386 24.571715078008 -9.00521906854755 0.935044939218578
"76" 1.34841598618355 -14.7552661976204 -0.557536290272093 8.19457095591612 -5.53290705757421 11.2431435797382 0.165516189212671 -8.00080824647747 -1.52185301252543 -17.9921186553031 0.757289796881047 3.4533039374323 7.79531877218088 29.6792611597689 -7.89457729842007 0.598022257863633
"77" 1.65746431282198 -18.1374487858205 -0.44631809637437 9.67331967571125 -6.12359578657484 13.5894196759713 0.200550951040265 -8.97949155848003 -1.47170505418404 -21.3842612976648 0.186689589578783 2.71527304748548 9.16198156653252 33.6932403111444 -6.21623690001866 0.188012084846413
"78" 1.93617240250378 -20.9756697871132 -0.217906147156214 10.826579055009 -6.49283639163224 15.6004802387978 0.199634812945776 -9.70453841222099 -1.35182198005777 -24.2241982835515 -0.405734803232409 1.82636719645483 10.2503222282458 36.561190639683 -4.18738049336153 -0.245271440721943
"79" 2.18322141681679 -23.1458466995901 0.122656701552611 11.6320542878399 -6.66295635498044 17.2545777911164 0.15736494256533 -10.2073539455549 -1.18852911369985 -26.5092411546757 -0.970250594548116 0.89091386868671 11.0474340644295 38.3186365572708 -2.03131291766192 -0.653678614181793
"80" 2.40125243792283 -24.5800736815061 0.560817987816076 12.0963501048718 -6.66842689833066 18.5666287841369 0.0718835081815605 -10.5321567552571 -1.00899866513432 -28.2890183030051 -1.46459839899076 0.00373209187461043 11.563117714974 39.0746428962003 0.0467587779095027 -0.995910045160329
"81" 2.59561585729186 -25.2666532583202 1.07255910454198 12.2512891371183 -6.55081871042927 19.5799139426688 -0.0545888661279399 -10.7281331259422 -0.838425797965314 -29.6504908906543 -1.85741520151319 -0.758842650465255 11.8255821046113 38.9912084337936 1.87830469618254 -1.24143851222058
"82" 2.77267190524796 -25.2437190247063 1.62484858978231 12.1477174000681 -6.35353825355064 20.3539149107885 -0.215519654466465 -10.8414189884089 -0.697788254396864 -30.6982702479667 -2.13000333379754 -1.34458110990315 11.8752989197508 38.259091178304 3.34311047968762 -1.37279082227581
"83" 2.93792688431385 -24.5879599025796 2.17657638156456 11.8477605417759 -6.11692053049222 20.9503178506196 -0.400171021134688 -10.9078827777129 -0.602339678250489 -31.5332662315204 -2.27648343568439 -1.72750227104352 11.7579374104702 37.0730500217766 4.37376832583885 -1.38614810111912
"84" 3.09432461778196 -23.4005840261511 2.68010457086811 11.4166425869983 -5.87418877979693 21.4195153290878 -0.59407568428691 -10.9476328938063 -0.560879821420153 -32.232988022519 -2.30256767136974 -1.90684031879763 11.5174236147312 35.6094845290665 4.95374448687571 -1.29042078880195
"85" 3.24099264463485 -21.7928993532557 3.08361122859831 10.9151398787905 -5.64866374120257 21.7898390266489 -0.779897592653588 -10.9620029280544 -0.575747371848566 -32.8365624220291 -2.22332054467757 -1.90345386477739 11.1901177716676 34.0090363537644 5.11040944315513 -1.10509630578732
"86" 3.37267052260698 -19.8737174843624 3.33439263401347 10.3935360844571 -5.45243069765046 22.0612747853232 -0.938672013301481 -10.9334826546446 -0.643404371362365 -33.3367669891231 -2.0603310711758 -1.75446739491166 10.8008939464441 32.3659353676428 4.90476655234522 -0.857236385872199
"87" 3.40977668415504 -19.2180406487832 3.37381248399622 10.2305995424932 -5.39691545906114 22.1225829995501 -0.980165907567768 -10.9105181049302 -0.674545467195767 -33.4660127949693 -1.99535252201582 -1.6844649005138 10.6671788718496 31.8459634921155 4.77726536203576 -0.770803797637988
"88" 3.50681344236196 -17.0344826047097 3.34975327509807 9.73448726792798 -5.23912882682975 22.2152133533963 -1.07459553452342 -10.7728246895437 -0.798229946765488 -33.7423445982993 -1.76059433595143 -1.41636317179966 10.2124521070801 30.2072698187528 4.22296123338836 -0.488352592078471
"89" 3.56247536928574 -14.7396335932279 3.07318944170885 9.27634565418122 -5.09854726765288 22.1054095622861 -1.10100200386073 -10.5005981106524 -0.949821632614473 -33.7360406615456 -1.50089229599549 -1.11612371008191 9.70500581019643 28.5614279333371 3.51195255954516 -0.215945996125313
"90" 3.56260359460818 -12.3932159083874 2.52420213140728 8.85493000091842 -4.9575169262373 21.7219839507074 -1.04754671873472 -10.0487795929895 -1.11430867289561 -33.32899412792 -1.23935198346754 -0.83002471024561 9.13310213921295 26.8633303986391 2.73498095401825 0.0188048304183894
"91" 3.49422633669082 -10.0434163613949 1.70528141253594 8.45572181903944 -4.79503479626013 20.9951059867085 -0.908643021862636 -9.38119337116336 -1.27575138727149 -32.4050460208102 -0.995054674199405 -0.595559025556312 8.48163504753938 25.0505714378332 1.97204026412396 0.194507133522812
"92" 3.34762221205075 -7.73291230433182 0.646052532377421 8.05415160787291 -4.58976750095299 19.8694625045167 -0.686449520843771 -8.47855279596367 -1.41820169552825 -30.8696540681899 -0.782036143836038 -0.438184987614505 7.73711106360439 23.0584704434487 1.28730542315307 0.297818475640895
"93" 3.11805169765683 -5.50492837394229 -0.594106162604252 7.6192562322769 -4.32271313466442 18.3156266150794 -0.391749069465594 -7.34456355774051 -1.52644575744818 -28.6667773368889 -0.60885703188589 -0.369591318184433 6.89211842893022 20.8335705136047 0.726472400185344 0.324422095451062
"94" 2.80690745577766 -3.40773818896708 -1.92653152635851 7.11742550011859 -3.97928235502347 16.3379406309346 -0.0439853442932225 -6.00912636154153 -1.58663011456269 -25.7906521274447 -0.478692145485326 -0.387501015896035 5.9485990184646 18.3439792609078 0.316195241496217 0.279092204452951
"95" 2.42212895727909 -1.49644261616563 -3.23757240939975 6.51606733316826 -3.55071403473626 13.9778511927288 0.329704811036509 -4.52801670682941 -1.58685981825809 -22.291060487855 -0.389849302924272 -0.476937478767439 4.91949446587052 15.5856695084209 0.0651856620434899 0.174854369173644
"96" 1.9778394355155 0.168535762126336 -4.3970226943571 5.78716270627762 -3.03486383482384 11.3123873025081 0.696517152754781 -2.97889708522411 -1.51785411396513 -18.2717528765171 -0.336624956377293 -0.612782909281137 3.82863899675116 12.5846344276256 -0.0334897063829942 0.0313096724423829
"97" 1.49327373315113 1.52612370093545 -5.27040262876006 4.9107408238925 -2.43648452662925 8.44820463548161 1.02097743574372 -1.4540292308265 -1.3737102601685 -13.8826834789945 -0.310405359777867 -0.763368820348333 2.70905768007458 9.39543516964247 0.00065393473136055 -0.127738956216753
"98" 0.991156665945435 2.52168726796311 -5.73412172179559 3.87826077476224 -1.76714104119829 5.51221284376112 1.2686688330343 -0.0505284481807919 -1.15276534834402 -9.30748911207739 -0.300921952273111 -0.894751251414462 1.60005148938303 6.09707824870704 0.138984581359296 -0.277147244752108
"99" 0.49575118486295 3.11531724244656 -5.6919041803787 2.69575174626947 -1.04487326708553 2.64017780518424 1.41030189942983 1.14062824604879 -0.858472595714705 -4.74809369933479 -0.297565088036027 -0.975245997038627 0.543580200609 2.78727524278936 0.347331738915955 -0.393498543436316
"100" 0.0308187372896507 3.2898285066795 -5.09035631962313 1.38638436184356 -0.293652422941843 -0.0351815151583956 1.4256298090993 2.0454155146665 -0.500139926101987 -0.408427372516208 -0.290652511921433 -0.979744559989911 -0.419516509578365 -0.423997974533137 0.589455343303001 -0.45805259110822
"101" -0.382277767154126 3.05698136251972 -3.93132081929038 -0.00801585783740766 0.457401196159573 -2.39518491003442 1.30666261212968 2.61594519142256 -0.093332965658373 3.52094424060086 -0.272542546629605 -0.893315438229834 -1.25297773336487 -3.42102233853596 0.830229950284348 -0.459225316507428
"102" -0.726138532984422 2.46065968459144 -2.27877907651559 -1.42708074075285 1.17513162048746 -4.3441370984827 1.05966359858966 2.83674495598313 0.340263147602933 6.87589041529345 -0.238482830034297 -0.713632168634064 -1.92789752264022 -6.08866035780231 1.03839821867319 -0.394272025647467
"103" -0.988428583783499 1.57616373793368 -0.258561237706598 -2.79415274270325 1.82390380072979 -5.81548522979387 0.705524457123385 2.72719924990244 0.773690348130682 9.52860489396836 -0.187099080832787 -0.451867795069759 -2.42460570582288 -8.31848816235278 1.18876647502742 -0.269914430716035
"104" -1.16245380703087 0.505329313346152 1.95003048221156 -4.0209918461131 2.36768236497948 -6.77487175426235 0.278305535542795 2.33970578568255 1.1763562764658 11.393945362319 -0.120457817690411 -0.131853993381512 -2.73358917906117 -10.0148786606053 1.2637340342057 -0.101765133533213
"105" -1.24721437690348 -0.632209149224433 4.13048600195501 -5.01491281031186 2.77262811379548 -7.22016495653163 -0.178029272170749 1.75366141519924 1.51643043649976 12.4322871972923 -0.0436816170073406 0.21249067411749 -2.85551451856738 -11.1011508288943 1.25407724435738 0.0874491974391702
"106" -1.24699458033385 -1.71071835436292 6.05185267707694 -5.68791155876138 3.01008980964692 -7.17887139032349 -0.614390581657252 1.06595504198842 1.76382910748422 12.6492649142266 0.0358491666599754 0.541228713803378 -2.80050050416456 -11.5257234230619 1.15895540313934 0.270701035905724
"107" -1.17058879028787 -2.61166868346509 7.49551898070746 -5.96691465376099 3.05974152697629 -6.70355237565397 -0.982319794920652 0.3791363382146 1.89349334301933 12.0929456845804 0.109616107316537 0.813511010198383 -2.58683575841551 -11.267947634322 0.985169185266017 0.4201906536019
"108" -1.03028615594523 -3.23698492655727 8.28271353442963 -5.80393856186991 2.91250858159578 -5.86597212986683 -1.24000732514756 -0.211222889709582 1.88856886184977 10.8490263556256 0.169260412514895 0.993087746721216 -2.23934608467489 -10.3430249650119 0.745776746847895 0.511146169077563
"109" -0.84074152700396 -3.52051274210331 8.29902591617138 -5.18475272208347 2.57286481796157 -4.75070566404011 -1.35776874639412 -0.628306718349187 1.74305271284013 9.0346015261297 0.207880474388467 1.05348429927891 -1.78759710572785 -8.80522714863514 0.45824628786221 0.525383117886534
"110" -0.617849432990937 -3.43612414745812 7.51238952097866 -4.13465643994321 2.06008984672589 -3.44884982167714 -1.32220094420978 -0.82337954438848 1.46349192406047 6.790956862559 0.221140778134362 0.982100508433305 -1.26408145362438 -6.74858945442691 0.142381562068522 0.454114552043457
"111" -0.377715453531468 -3.00126230026173 5.98164155000384 -2.72022453770699 1.40815397039296 -2.05233746371456 -1.13838336398486 -0.781363735021628 1.06940645694936 4.27573945519994 0.208021918017643 0.782598789816007 -0.702496759718725 -4.30438099404476 -0.18171578712068 0.299581453229095
"112" -0.135789800152577 -2.27528155393323 3.85392256742757 -1.04633150317786 0.664044916417556 -0.649181983867512 -0.829734185773491 -0.521868149247496 0.592254242753015 1.65477748258563 0.171087777833179 0.475156594897811 -0.136179793380746 -1.63496197747989 -0.495396032945933 0.0752212455779429
"113" 0.0938037134011402 -1.3526047306085 1.35065118183337 0.751628212352657 -0.115454608180887 0.680195557471386 -0.435445791022966 -0.0954842198544981 0.0729413839987494 -0.906217073586866 0.116214796350647 0.0944471414693595 0.403270888490464 1.0759218416035 -0.78272755750956 -0.195708928000222
"114" 0.298739550917996 -0.351408790356459 -1.25659774467663 2.51973197749381 -0.868314594485266 1.86555918699564 -0.00576390111439373 0.424171187725086 -0.4419202487619 -3.24982405781594 0.051809718454976 -0.314460705636847 0.887173905251631 3.63585199882996 -1.03117420873184 -0.482915614055713
"115" 0.468783301982314 0.600831923160811 -3.67750611388522 4.10050458129171 -1.53270541078211 2.8484928894325 0.404310091453063 0.951575942067279 -0.904622498819041 -5.23469428003767 -0.0123765956417472 -0.701776534687525 1.29074803836337 5.85841703272237 -1.23168846186664 -0.752909151619413
"116" 0.595941939729905 1.38315810324882 -5.63778031838055 5.34915457643589 -2.05276595531059 3.58327709081847 0.742072535309145 1.40202784266597 -1.27131330882951 -6.74261159330685 -0.0666646365951422 -1.01947605053194 1.59390605213238 7.57844076692113 -1.37833247333177 -0.973383331569295
"117" 0.674515929905446 1.89628031133018 -6.91273772356967 6.14908162108918 -2.38403271913274 4.03724017765051 0.963976950034239 1.70416619753321 -1.50669704605262 -7.68448699306866 -0.102875413537021 -1.22769520191061 1.78186587285671 8.6661416750168 -1.46762139962291 -1.11752309769143
"118" 0.701097591346641 2.07510797983441 -7.35521884175173 6.42467951927592 -2.49788069653546 4.19081281222867 1.04135706382921 1.81049131117498 -1.58789846154772 -8.0049395486129 -0.115551085486921 -1.30011269617547 1.8455836005344 9.03862896378604 -1.49782220479088 -1.1676250348592
"119" 0.674553064507616 1.89700299334604 -6.91403027896043 6.14976387182386 -2.38443018009447 4.03747401792542 0.964216795674931 1.70435924261369 -1.50699937777634 -7.68517146849868 -0.102774643014357 -1.22753449721084 1.78201092439723 8.66739318084242 -1.4684275346026 -1.11750579722737
"120" 0.596012754885149 1.38466168401611 -5.64038602477645 5.35050825725819 -2.05355622062327 3.58371397826383 0.742555308495367 1.40243396563935 -1.27192163757314 -6.7439418360004 -0.0664582750754832 -1.01915077910361 1.59417839287995 7.58089847510782 -1.37996086752287 -0.973346031474122
"121" 0.468879084577575 0.60324160125608 -3.68145847052725 4.10249739932016 -1.53387380911143 2.84905794575606 0.405040406687935 0.95223896859514 -0.905542150611453 -5.23657167086238 -0.0120541521962423 -0.70127823896793 1.29110525924517 5.86196482529689 -1.23417038059932 -0.752845505168224
"122" 0.298842953940473 -0.347880609015771 -1.26192917685193 2.52228961252859 -0.869826643844053 1.86610810962323 -0.00478290200768861 0.425165718412494 -0.443155005828139 -3.2520502883104 0.0522667800428422 -0.313773490345199 0.887535409008594 3.64025422844556 -1.03455744441843 -0.482813043669758
"123" 0.093883787451797 -1.34761792829628 1.34392638164178 0.754603627438141 -0.117242655669177 0.680476064980246 -0.434216621827755 -0.0940418869154058 0.071392236704046 -0.908435720576918 0.116838499282643 0.0953542819031838 0.40349639514403 1.08075061238594 -0.787087044750876 -0.19554299943929
"124" -0.13578525643002 -2.26828702429326 3.84582288881969 -1.0432029815368 0.662099389598318 -0.649591449027783 -0.828269796744825 -0.519800311029293 0.590396794497874 1.65316948387957 0.171934873039312 0.476346330131008 -0.136325376409433 -1.6304363520448 -0.500864319151134 0.0754976990507288
"125" -0.377873221199248 -2.99134193592428 5.97222258449867 -2.71739555672385 1.40624652320227 -2.05413588927379 -1.13671160076253 -0.778390939603113 1.06724908777658 4.27574244017529 0.209195221108068 0.784196346512303 -0.703405215528427 -4.30137079108842 -0.18854808481521 0.300057614666649
"126" -0.618315461050516 -3.42169204932037 7.50172816038618 -4.13288458410564 2.05853671087221 -3.45321227125744 -1.3203675482024 -0.819038716214315 1.46103661067583 6.79424107899961 0.222826848013376 0.984346051168799 -1.26641292160778 -6.74910570478163 0.133688440762654 0.454953686968757
"127" -0.84176539761677 -3.49879241547919 8.28717405924101 -5.18529777810289 2.57217885654312 -4.7596387876438 -1.35583784291684 -0.621796859566246 1.74027953254946 9.04399453876095 0.210412226688199 1.05681620344262 -1.79247625424443 -8.81263077740451 0.446756496480731 0.526873425229056
"128" -1.03229739726708 -3.20314975882601 8.26961202845775 -5.80888835749416 2.91352910624429 -5.88291784437132 -1.23805882216779 -0.201137157492347 1.8854131173647 10.8693442657739 0.173216036231523 0.998269201940317 -2.24869049726599 -10.3629524698051 0.729808518144694 0.513778565605129
"129" -1.17432068986651 -2.55750343217636 7.48086508591317 -5.97970429780573 3.06384687195175 -6.73435806254028 -0.980443927646993 0.395244038262753 1.88981546946571 12.1323368723484 0.115968807894266 0.821816123571409 -2.60387846927285 -11.3097949390621 0.961840308380232 0.424774246531925
"130" -1.25367518091166 -1.62262859566313 6.03491768233287 -5.71411885836158 3.01952956258772 -7.23327396252043 -0.612680778259758 1.09223216083848 1.75937843558145 12.7212778987916 0.0461854937219393 0.554708066870617 -2.83058388508474 -11.60491915208 1.1235358526867 0.278529734836283
"131" -1.25884847153998 -0.488377563655739 4.10988306770028 -5.06343015178154 2.79102005843291 -7.31396487347632 -0.176575310563203 1.79692247169538 1.5108051269519 12.5589173760927 -0.0268545390683244 0.2343387422424 -2.90724769722439 -11.2424977183606 1.19909961792808 0.100534915623008
"132" -1.18222317696113 0.738856953005186 1.92343629590367 -4.10568787051288 2.40072608859935 -6.93299486853781 0.279421668830068 2.41078634120062 1.16896354989621 11.6099497538046 -0.0932953044723526 -0.0968081553664035 -2.82047231049588 -10.2572792620266 1.17781576565861 -0.0803771608034438
"133" -1.02123880409876 1.95066781289117 -0.294722886358986 -2.93613882644923 1.88036575768234 -6.07613246618961 0.706227548556461 2.84278542303041 0.763713740260961 9.88738182756042 -0.143874729735327 -0.396532303494837 -2.56722516696798 -8.72137977142856 1.05511462731872 -0.235736081140651
"134" -0.779336878049055 3.05135336978145 -2.32967642392123 -1.65767768010791 1.26815079158344 -4.76418520317276 1.05987678513157 3.02175288733451 0.32664694663691 7.45717527135799 -0.170909489426322 -0.627888083285228 -2.15677677364632 -6.74043609999295 0.833004565943241 -0.340864879254475
"135" -0.46655484492986 3.97103795781041 -4.0040488780975 -0.372462974616414 0.606144431818844 -3.05690195127651 1.30628956679184 2.90648574273132 -0.111868115153769 4.44043842173785 -0.168968976201501 -0.76314481887151 -1.61211726371957 -4.44957485267729 0.519826259675909 -0.377606871322676
"136" -0.099645585621349 4.67559495346627 -5.19422355240102 0.824534956892687 -0.0619973470133424 -1.05413412166964 1.42452570810419 2.49230289392463 -0.525033104275401 1.01236495648352 -0.1351746623628 -0.786317081050356 -0.970560925111474 -2.00925154103464 0.129387941888012 -0.336049900088604
"137" 0.29837408100519 5.17213069940266 -5.83860760198551 1.84976843760397 -0.692846568449056 1.10643989732444 1.40823147654676 1.81326882618323 -0.891192422836667 -2.60286346436194 -0.0691294435059007 -0.694077971965612 -0.283242128006771 0.399408173730293 -0.32037350252179 -0.215112137252426
"138" 0.699301314850814 5.5092613121197 -5.93772823579558 2.63331882935574 -1.244678002259 3.25550650367611 1.26525022982455 0.939799724847219 -1.19459915624464 -6.14184071481481 0.0274552547256626 -0.495103317093694 0.386759070766923 2.58047528519675 -0.809003226632882 -0.022021790191701
"139" 1.07145300605558 5.77195862548873 -5.54704307414962 3.11964492501829 -1.67879762491581 5.20238526761915 1.01561167152402 -0.0281069959385292 -1.42546786669579 -9.31668448974965 0.151319664199146 -0.208097718865091 0.967837911024597 4.33116203393108 -1.31518768718738 0.229129131586809
"140" 1.38193721172901 6.07131066283802 -4.76420805556905 3.26765865949185 -1.96096777676767 6.74912371233635 0.688305266364228 -0.971304273063019 -1.57949764918072 -11.8346120711486 0.298264957831123 0.141102303966889 1.38486826463834 5.45261540604893 -1.81825583856261 0.519469997955348
"141" 1.59935961123961 6.53009400282023 -3.71306476511229 3.05092496116077 -2.06313788657748 7.70769103324439 0.317358239859947 -1.76449109291806 -1.65709247240772 -13.4215674731998 0.463677631941824 0.522882102012446 1.5656324662764 5.7639425135408 -2.29936396307136 0.827735181563007
"142" 1.69676691873647 7.26555117442732 -2.52674860818161 2.45859132291601 -1.96558052162808 7.91904065013033 -0.0622309690928802 -2.29041415674951 -1.66249975021405 -13.8484159029158 0.642865277409211 0.907197812480476 1.44829360123617 5.11919962623158 -2.74227544090829 1.13260812414814
"143" 1.65457032789928 8.37116808472677 -1.33210676872505 1.49729937765452 -1.65936682583989 7.27234051692241 -0.418201391366232 -2.45378875835274 -1.60303854553547 -12.9575102620168 0.83115035915171 1.26652704087249 0.989287229775819 3.42624952348275 -3.13372416922277 1.41473975820244
"144" 1.46315002327857 9.89951667309862 -0.237129516946879 0.19388868508921 -1.14892495658973 5.72230016309873 -0.723988107173061 -2.19345633132762 -1.48850979791188 -10.6868310957969 1.02372933582667 1.57814078025767 0.170794903358152 0.665527481628118 -3.46342147072653 1.65824251927187
"145" 1.12482496440357 11.8483286249011 0.677548429111393 -1.40173526199256 -0.454249915675767 3.30232880179592 -0.960685868781512 -1.49142573349392 -1.33079125607309 -7.08852902326371 1.21536394504961 1.8255488208121 -0.993187931396415 -3.09397521746575 -3.72381859399059 1.85156563305244
"146" 0.654888016005775 14.151860900765 1.36270795795017 -3.21453530013544 0.387785359491893 0.131309065118383 -1.11793083260464 -0.377689524508355 -1.14353926146175 -2.33867497652466 1.40001820228973 1.99909942573352 -2.45322160215525 -7.68462443756759 -3.90976126711453 1.98775994860929
"147" 0.0814605642905668 16.6792724375972 1.80042083773175 -5.14420147670326 1.32359352960141 -3.58787978174292 -1.19375787221957 1.06994582467038 -0.941865613590343 3.26455734936714 1.57057908708042 2.09581895820408 -4.12416661131365 -12.8390286020154 -4.0181657038772 2.06422502828902
"148" -0.555984564700947 19.2411351590617 2.00047228194233 -7.06797364738361 2.28499518180721 -7.57927900478678 -1.19360398742508 2.73133628063483 -0.741842671320221 9.31613790387453 1.71879516872865 2.11864720012831 -5.88898385798856 -18.2003663164804 -4.04781041797014 2.08208650467255
"149" -1.20944976924927 21.6043553483621 1.99435563023819 -8.84712487293457 3.19356685006781 -11.5144047195801 -1.12870017108359 4.45458328396276 -0.559718705163911 15.3333136591293 1.83553448249719 2.07525740205512 -7.60685124593684 -23.3454202010115 -3.99928565629256 2.04537350847499
"150" -1.81677623140774 23.4880540159953 1.83175849318671 -10.315592468445 3.95583530551802 -14.988008054302 -1.0163419614603 6.04588781616908 -0.412923806900295 20.713809967362 1.91052711957648 1.97867387939735 -9.10251936503647 -27.7534174202926 -3.87774735555851 1.96192998678985
"151" -2.3435619785691 24.7059226936062 1.56151318766514 -11.3818699114522 4.5175790759014 -17.7644575658048 -0.870574003610781 7.38479748645767 -0.309872483564007 25.1137818942904 1.93771325599574 1.83950591604042 -10.2723263277373 -31.1181301753744 -3.68529871027945 1.83724208142343
"152" -2.73842692163279 25.0324600293243 1.23608540700709 -11.91897645946 4.807878689784 -19.5239421419093 -0.708714223858051 8.31076756481588 -0.261037796095467 28.0532896409976 1.90946660578647 1.67152271915512 -10.9748481652686 -33.0246439348286 -3.42940251688566 1.67967919408271
"153" -2.96620036986811 24.3267594886175 0.90169883015249 -11.8514939812338 4.78488927293063 -20.0629973373308 -0.545688614954118 8.71490675322383 -0.270233485125765 29.2221023613526 1.82202418978476 1.48724911858186 -11.1184899560091 -33.210232115008 -3.11908805135752 1.4972838780613
"154" -3.00607752455512 22.5356309157925 0.595307470818199 -11.1523625989167 4.43469455831305 -19.2872119487047 -0.393753089961729 8.53817810984776 -0.335169914316506 28.4668290823002 1.67561520400245 1.29779949574203 -10.659202929884 -31.55818098486 -2.76576370791722 1.29809439118048
"155" -2.8541995660682 19.7073061373537 0.342395856278898 -9.85006821194624 3.77502674974864 -17.2270714006807 -0.261817907208828 7.77961222131272 -0.447144345786484 25.8149121694287 1.47511705171865 1.11236303198379 -9.60830269286381 -28.1211916397761 -2.38307399325527 1.09001697935144
"156" -2.52434533321508 15.9929433995238 0.156400228856029 -8.02936860158212 2.85513139247636 -14.0391531706112 -0.155210076360763 6.49758798392396 -0.591587561033823 21.4775718828765 1.23017037104705 0.937996302622295 -8.03381971962624 -23.1247469375777 -1.98653612409066 0.880742583223991
"157" -2.04654241813099 11.6346844027003 0.0395507011371237 -5.82475784168978 1.75140879598385 -9.99143079804896 -0.0758288013398012 4.80364416614093 -0.749517461174094 15.8297853681747 0.954652429313818 0.779670785924068 -6.0546898262745 -16.9482092858649 -1.59289869648083 0.677638462811672
"158" -1.46371075776952 6.94110253923846 -0.0151605332806284 -3.40705816191254 0.559162241824701 -5.43388083086276 -0.0226196654155206 2.8494029392134 -0.899777672747078 9.36891193131604 0.665511690590204 0.640488222506221 -3.82820549323035 -10.0849808144451 -1.21917870795917 0.48756280181852
"159" -0.826758541743849 2.25301833937369 -0.0212440556638285 -0.964748126062375 -0.618513662374863 -0.758034625295245 0.00772652034611632 0.808297012460123 -1.02177059311094 2.65712071484021 0.38108207792126 0.521964803305977 -1.53227910779923 -3.0866767375676 -0.881383899989061 0.316582743267233
"160" -0.18879768893883 -2.0955825336093 0.00438903738804086 1.31737179572697 -1.68311315700921 3.64891822785373 0.0199551138902638 -1.14532687766001 -1.09826861524055 -3.74438081280381 0.119101119750301 0.424302108722813 0.65501510262283 3.5008230768069 -0.593019242996291 0.169616817432946
"161" 0.400715635249002 -5.8157910895225 0.044481911707102 3.27902595618137 -2.55248780813785 7.44880462729453 0.0194158371167887 -2.85668866630697 -1.11783520340911 -9.33978082955863 -0.10527150499351 0.346603464533601 2.57564665521974 9.19999754302344 -0.363588069449548 0.050061257912887
"162" 0.901107655027598 -8.6954292529771 0.0840467964444684 4.80168740951499 -3.17017202718941 10.3893333841904 0.0113158615822542 -4.20765123085735 -1.07642478271012 -13.7523299589636 -0.281118434931013 0.287042792668913 4.10861925380376 13.6536301430581 -0.197386125236761 -0.0405151255208054
"163" 1.28420502812758 -10.6193923813971 0.11221873946997 5.81962806483499 -3.51082215192841 12.3278128204772 0.000136681907624947 -5.12797270906277 -0.977855361023234 -16.7595767040139 -0.402837037623282 0.243028645981298 5.18131635889081 16.6584918605079 -0.0929023322391345 -0.10252021012051
"164" 1.53620812429135 -11.5758506830385 0.123151903964988 6.32329209838045 -3.58098810768568 13.2385930616525 -0.0107353084163204 -5.59930533563554 -0.833042052278095 -18.3056267453947 -0.470444001476128 0.211413874658291 5.77373034302849 18.1762935878411 -0.0430548070170289 -0.138267892838044
"165" 1.65758582378915 -11.6479122269043 0.11592745309094 6.3548095989386 -3.41525665672154 13.2038887839052 -0.0191499899320098 -5.65174723178266 -0.658110166204954 -18.4897971929007 -0.489075716699368 0.188779075965385 5.91531319995177 18.3213408461155 -0.0363139574913021 -0.151668027331056
"166" 1.6611701155985 -10.9928649723824 0.0936184630444679 5.9968142479479 -3.06862894865189 12.3904788892267 -0.0241279085093566 -5.35401102004859 -0.471728483188185 -17.5350298794026 -0.467798552947404 0.171777237637983 5.67542633778525 17.3282909891228 -0.0585448536542259 -0.147711771304202
"167" 1.56889668794438 -9.81321220038621 0.0618043600804832 5.35684115257281 -2.60665486957874 11.0171205231129 -0.025639217344386 -4.79931222094572 -0.292166134545871 -15.7427300421333 -0.417970759127268 0.15748733682689 5.14940233340322 15.5066886969737 -0.0952095346627431 -0.131835640503695
"168" 1.40781563438432 -8.32494764359436 0.026907395272449 4.55022875652252 -2.0951937843662 9.31886436230949 -0.0242962794319741 -4.08968969378801 -0.134634889989661 -13.4426343036943 -0.351471933749149 0.143704226688492 4.44285672201094 13.1908716274153 -0.133472225796808 -0.109276036141441
"169" 1.20605423177002 -6.7286041266101 -0.00528463675498969 3.68448938975767 -1.59161685162452 7.51451548784976 -0.021031584952885 -3.32151863909604 -0.00940809077232885 -10.9464694459486 -0.279118719134139 0.129099713626843 3.65697307139615 10.6939774071571 -0.16378105014789 -0.0845261618027848
"170" 1.05260837877234 -5.62255482815714 -0.0241264735049587 3.08394837895433 -1.26348801745544 6.27048407158517 -0.0180908742611061 -2.78586342795651 0.0571029328098493 -9.2019896736459 -0.22908907413259 0.117968704350467 3.09921608909614 8.95750252240353 -0.177285075990753 -0.0675566667940508
