"V1" "V2" "V3" "V4" "V5" "V6" "V7" "V8" "V9" "V10" "V11" "V12" "V13" "V14" "V15" "V16"
"1" -0.840464115971953 3.51162856944612 -0.520293421302163 -1.61127195602427 2.90939716984804 -4.50057491181705 0.0306393737773227 1.30164342017465 1.96906537102722 4.95269144680739 0.310719941677167 0.489858360805329 -1.78994125428327 -4.38085502606275 -1.45562652048255 0.246152040469497
"2" -0.844801805061067 3.43990478518987 -0.517793054882581 -1.62813099806999 3.06780551124011 -4.52231947261133 0.0275966929673093 1.30172987072804 2.17435579645004 4.91274614609412 0.307002352173491 0.477700327683351 -1.73638257307908 -4.42787948864416 -1.45980709628475 0.243967623978733
"3" -0.809134711498171 3.09879265412667 -0.478419426653112 -1.53511193658392 3.08257650566712 -4.23395511364416 0.0219090578306833 1.21028785666848 2.30998984532858 4.51602215358049 0.280287793360237 0.427541663346346 -1.55658102573619 -4.18165494916633 -1.36196245904432 0.223955428611134
"4" -0.764198881664456 2.69580297177662 -0.42848258742449 -1.40087477754219 3.00061651171832 -3.83962436860562 0.016621206419277 1.08986514823595 2.35541267765922 4.02117904908016 0.247517763217992 0.369415654554587 -1.35862453458563 -3.82678760256237 -1.23001542959418 0.19910103400116
"5" -0.684168010196487 1.92699207641124 -0.331058383156275 -1.12274830864499 2.7600849776899 -3.04142771907701 0.00825423037578332 0.850055826921889 2.34284741673891 3.05950637451927 0.184013221149307 0.25960066519724 -1.00000404541317 -3.09577257643466 -0.963840423044758 0.150881414368996
"6" -0.601922153353193 0.988950591040776 -0.211757419025673 -0.76320488884943 2.39428124889966 -2.02944064881413 0.000341136276350795 0.550222928216598 2.24094566443289 1.87993630553316 0.105753619730592 0.126558465982498 -0.586731363839341 -2.16003201187195 -0.62623247523004 0.0917825964579606
"7" -0.538177217339562 -0.0166001765874171 -0.0857423118158778 -0.360061120134276 1.93989727106986 -0.916649355956196 -0.00504116879034555 0.225584937646303 2.05777513274396 0.624825401978768 0.0212680917248349 -0.0155185724847797 -0.171764648393157 -1.12583057121096 -0.253274080113101 0.0288562560472201
"8" -0.511489711007489 -0.969131965065174 0.0289266081318118 0.0394111796842935 1.44249204561147 0.158525160112731 -0.00562242528074108 -0.0808068580064827 1.80808605065224 -0.535284424214638 -0.0594211300244396 -0.150322134845737 0.188191117806511 -0.123300119360543 0.111398087599241 -0.029561735088464
"9" -0.534460570757641 -1.74669476256472 0.113846329710768 0.384876203430281 0.94939949771137 1.05102592827501 0.000758460670038374 -0.323770666744522 1.5108560134348 -1.42495404219395 -0.12638458632528 -0.262108560082652 0.441494313780261 0.711894083237816 0.42322181675604 -0.0751190293158288
"10" -0.611108842319886 -2.24426321060466 0.153003743857099 0.630010013483854 0.502974347412812 1.62948549469024 0.0158455627437313 -0.462225457933954 1.18662542037232 -1.88877351521123 -0.171468535728351 -0.338473344776503 0.549507674916647 1.25846776982232 0.643888806047698 -0.10082730227532
"11" -0.735994066692896 -2.38992076013974 0.135204851476317 0.739100472256439 0.135387900819925 1.79464471599637 0.0407088472610901 -0.464924020739232 0.855162667884649 -1.81372074859689 -0.189782714209962 -0.372725936173083 0.49231330879266 1.42762141523679 0.747837643508888 -0.102330034349507
"12" -0.895229084568172 -2.15628817372291 0.0557871818311639 0.692169654671261 -0.134333929552602 1.49298003411971 0.0755850953569386 -0.314813070460687 0.533817407066675 -1.1454161274149 -0.180738491098708 -0.365446579921354 0.27141042508341 1.17642794814006 0.726968645417628 -0.0788526173432729
"13" -1.06908138760794 -1.56553746226072 -0.0826585773362183 0.487928004540379 -0.300906688255446 0.723659629655302 0.119845628109843 -0.0114358161674772 0.236684209233841 0.104025742732631 -0.14846078796883 -0.324947633188913 -0.0907780670243525 0.514561357940963 0.592806205624356 -0.0336805184206241
"14" -1.23552763395359 -0.68743878833746 -0.27065355875456 0.144247178772787 -0.371354588009063 -0.461845314207849 0.172095418719604 0.428856769012782 -0.025520141574507 1.85734691517933 -0.101496302077365 -0.266534528698685 -0.554240537474477 -0.496378145404197 0.375744367975017 0.0259195494613778
"15" -1.37397560467551 0.369041093069939 -0.493195153532028 -0.303791082763098 -0.362160788411439 -1.96699297416671 0.230382941892863 0.97477785042355 -0.245111848889939 3.98202315172765 -0.0518436095263581 -0.210636501798945 -1.06684312782932 -1.75048400187008 0.121439675252645 0.0893440169629685
"16" -1.468416527729 1.46918947532225 -0.73187568543149 -0.80790187080305 -0.295701408221289 -3.66277885420978 0.292478720045839 1.58367038709473 -0.416928329733977 6.3067657146061 -0.0134235014118218 -0.180031626585787 -1.57102300052902 -3.11063663747624 -0.115196822669191 0.143797359869041
"17" -1.50948053940538 2.46905542973354 -0.967399787154605 -1.312070114243 -0.196613220572708 -5.40361063922695 0.356167204972177 2.20618799461832 -0.537912276096071 8.64193312732803 -0.000180258397250554 -0.196509664087898 -2.01074760786483 -4.4249159871332 -0.277649955392462 0.175810573164199
"18" -1.49516500459889 3.23276305703624 -1.18209687521274 -1.75877919625981 -0.0886116154288321 -7.04408500704578 0.419494202644714 2.79142877628166 -0.606949797204395 10.8008226598844 -0.0240501385134024 -0.277391032203013 -2.33783688933276 -5.54390421516065 -0.316133788872207 0.17296293749223
"19" -1.43030397278888 3.64844741932626 -1.36204405929061 -2.09526172683883 0.00789677653524423 -8.45442725570631 0.480921286609913 3.29187885200638 -0.624988251751966 12.6189973164458 -0.0930494906857788 -0.432347116397068 -2.51690338438171 -6.33658771258282 -0.195563215025686 0.125615451745489
"20" -1.3250754340405 3.64097745292199 -1.4984950471253 -2.27910013925572 0.0772464814751963 -9.53279947680173 0.539357990018335 3.66762737607834 -0.595339519070557 13.9694098155981 -0.209722531744987 -0.66094642357848 -2.52841125379015 -6.70304887473651 0.0978527325803498 0.028464025896028
"21" -1.19296124732073 3.18017081517419 -1.58843656301919 -2.28262866216841 0.109007691800819 -10.2133344360973 0.594068321653392 3.8894787208985 -0.523998809664588 14.7719575644252 -0.370151861079449 -0.951286372668619 -2.36966043172726 -6.58283426971531 0.552282288489096 -0.118263435011158
"22" -1.04858022835992 2.28383756958394 -1.63424269389485 -2.09575010251376 0.0977114363367897 -10.4694723544955 0.644475213270503 3.94077707574601 -0.419791625976896 14.9970527228764 -0.563679006819562 -1.27996809020306 -2.05381586007943 -5.95864016100014 1.12887935655669 -0.308115800517044
"23" -0.905736004462195 1.01561489414834 -1.64254358657928 -1.72695726126335 0.0420779240980411 -10.3128350974773 0.689909435024223 3.81794109831004 -0.294197097243795 14.6636396911734 -0.773413865257574 -1.61353960311908 -1.60736279795054 -4.85562338984193 1.76372253521379 -0.528351340062272
"24" -0.777006386390468 -0.506937522969054 -1.62282625800992 -1.20792989982903 -0.0548590702301492 -9.79466251792311 0.729032737794693 3.53319957618417 -0.161983003177008 13.8423413351875 -0.975760889893323 -1.90894004655956 -1.07179947354173 -3.35269138837111 2.36795617331541 -0.758454120187253
"25" -0.667391133244177 -2.19504918188557 -1.58417381689276 -0.565072048005959 -0.191771217894 -8.9683312758835 0.761270122010941 3.09716826036568 -0.0343261074612216 12.5999742919857 -1.15106946294459 -2.12957501629262 -0.47422607446979 -1.50101147803707 2.86159078139622 -0.981776580881615
"26" -0.583730188027371 -3.87569474164854 -1.5355911248478 0.140115899109105 -0.36111838640418 -7.92893222418407 0.783767392049551 2.54259374339112 0.0718324714819474 11.0635417064705 -1.27017215537143 -2.22743713958289 0.13235534454931 0.557056735171958 3.13647832656966 -1.16905376849809
"27" -0.52672422053497 -5.39895746468468 -1.48325504552049 0.84726495992436 -0.55501755361258 -6.7729936273718 0.793896870765767 1.90536134294359 0.143554262871025 9.35997341122172 -1.31009161925471 -2.1676349651616 0.705198210274474 2.68675054632483 3.10753973642375 -1.29536557933943
"28" -0.493693883789081 -6.62909048706584 -1.42975594131893 1.49546629702678 -0.763856555629931 -5.59474908146505 0.788808885295026 1.22532935107751 0.17128890462015 7.61463447925603 -1.25358401130352 -1.92847882654951 1.20647805731744 4.74798135190976 2.71514793975973 -1.33947338528014
"29" -0.479328408753744 -7.45779446404399 -1.37395618344026 2.02922189666475 -0.976032892930315 -4.47780580837485 0.765835897770963 0.543807465847493 0.150283434820078 5.94144756380115 -1.09190904108939 -1.5061081615695 1.60555136651571 6.60398061523136 1.93676971065827 -1.28705803425783
"30" -0.476624135933868 -7.81469014851038 -1.31157190960909 2.40387232612363 -1.17774581455306 -3.48859601540724 0.722977417959473 -0.0987487946988779 0.0815999145097841 4.43505125128912 -0.826926763495045 -0.917567713427161 1.88044764623692 8.12918510085345 0.795508139109529 -1.13357734476131
"31" -0.47790253734 -7.67398295999621 -1.23634475352173 2.58993038894869 -1.35306794958502 -2.67199220001568 0.659387611677133 -0.66478145715422 -0.0274471962001011 3.1652991945125 -0.472176424125664 -0.201736157448067 2.01865056792414 9.2162867008417 -0.636029453403239 -0.886254783774802
"32" -0.475801297807593 -7.05664134725188 -1.14157992320139 2.57583546674942 -1.48448298117976 -2.04929711719323 0.575778979070957 -1.12141767836003 -0.163575992196752 2.17423885583153 -0.0526658244565468 0.582317051695554 2.01724392151537 9.78242538451479 -2.23776752779963 -0.564737173041067
"33" -0.464141063596848 -6.02781288211685 -1.02177701335913 2.36879537976301 -1.55399579596258 -1.61865365247357 0.47466154611579 -1.44203859543748 -0.308612300760835 1.47557682911915 0.396776316572925 1.35971632209339 1.88249952567791 9.77447188959338 -3.85074137457275 -0.200079395751345
"34" -0.438586730152942 -4.68966334455439 -0.874076121852781 1.99359268088307 -1.54481317924664 -1.35774605704853 0.360357458607847 -1.60767175064069 -0.441324944261722 1.05651353101118 0.834564220338827 2.04675453955224 1.62898007424342 9.17325507250209 -5.29205589801427 0.168072714412574
"35" -0.39704634282873 -3.17031032980194 -0.699282485468174 1.48947909084001 -1.44347139787944 -1.22847710642368 0.238763021389982 -1.60822900507286 -0.53987919574058 0.881694292434645 1.21661818833035 2.55994682155642 1.2782286593617 7.99647239651863 -6.37512681109217 0.495947547286505
"36" -0.339781343851193 -1.60998367209129 -0.502309283323143 0.905531950729937 -1.24216957355398 -1.18311454590132 0.116869298792665 -1.44356860466715 -0.584656580464385 0.898872614148274 1.50141174484562 2.82629657390225 0.857121876671314 6.29991898269679 -6.93316655616729 0.741300205268089
"37" -0.269235586573494 -0.145918604016117 -0.291976483049496 0.295059666173415 -0.940974081022225 -1.17122737626879 0.00209216280277147 -1.12430049301956 -0.561099550379658 1.04572808577464 1.65521882946503 2.79360561040357 0.395974572420506 4.17661646481225 -6.84308595605887 0.869518830674224
"38" -0.18962270184592 1.10228899060786 -0.0802067518393699 -0.290220567912002 -0.549508384332733 -1.14660998544504 -0.0985035442012077 -0.672188970265907 -0.462188522257799 1.25715324653035 1.65687107214881 2.43946864306872 -0.0735014630406639 1.75344576803342 -6.04650089569986 0.859273293415754
"39" -0.106337432227264 2.04511444789401 0.119249360048201 -0.805479754207795 -0.0877500390756358 -1.07335264838548 -0.178979310956407 -0.119951708299681 -0.290160810021218 1.47225277519766 1.50131964813363 1.77756189010552 -0.520269270877861 -0.814994935606975 -4.56449591888679 0.706759930908447
"40" -0.0252728223220942 2.6317810403408 0.29236159539596 -1.21688438794843 0.414370158042319 -0.930284760636482 -0.235185876012103 0.489772414979811 -0.057143605026484 1.64031237515445 1.20138747416836 0.860002331591659 -0.915945201881279 -3.35537116112681 -2.5032811790652 0.427728449240931
"41" 0.0478701947071727 2.85407202569908 0.426413985969532 -1.50404545544279 0.918735294843746 -0.713199940773322 -0.265214538764745 1.10649316826608 0.215505466406797 1.72510748719145 0.787295455682852 -0.225069776176952 -1.23656063859369 -5.68719635004253 -0.0488821223143532 0.0567687088114326
"42" 0.10820100919743 2.74478227341197 0.511424485325065 -1.66060997753618 1.38215842292338 -0.434556141962119 -0.269566999905628 1.67509965029788 0.499188701963374 1.70712841370681 0.303832244196897 -1.36096751432387 -1.46399436083404 -7.63642830318221 2.54957355181102 -0.356255226741268
"43" 0.152121539882877 2.37103068296489 0.541210937915579 -1.69308920899118 1.76062014309108 -0.120694248543401 -0.251015703846733 2.14022457424585 0.761235174559928 1.58357375169749 -0.194626073433554 -2.41457785068633 -1.58698470243288 -9.05011961066915 5.0067429492459 -0.752276479811371
"44" 0.177630563948227 1.82337266783705 0.513989032415864 -1.6182793303584 2.01419784483739 0.193015960997357 -0.214174345489134 2.45150830634154 0.968900251293121 1.36626769424714 -0.650701490134836 -3.25197081553779 -1.6016617424932 -9.81084102373638 7.03524467708144 -1.07082630477998
"45" 0.184432571310921 1.20226038224922 0.432464037137407 -1.45981244355073 2.11209654379644 0.468372104355382 -0.164843834363992 2.56929510332543 1.09369902193049 1.07794018753876 -1.01137539286442 -3.75567390871993 -1.51157688804324 -9.84937876399544 8.38286790764971 -1.25847050948505
"46" 0.173857064809006 0.60379631314612 0.303451774475434 -1.24444812813169 2.03710427829375 0.670925788690127 -0.10923471751066 2.47007919663014 1.11548264892192 0.74752487263018 -1.23511738929852 -3.84131536116411 -1.32724567489434 -9.15415019528658 8.86772151186915 -1.27663974002735
"47" 0.148614865169648 0.106840626445319 0.137123509850881 -0.99867398194192 1.78880313666431 0.775928356883995 -0.0531864379827098 2.15087815142226 1.02565750219982 0.405241432469211 -1.29773877418376 -3.47117208760073 -1.06525431576055 -7.77592857527867 8.40612240095402 -1.10766441859141
"48" 0.112434365403928 -0.236665978625922 -0.0539939448651978 -0.746047680533479 1.38497839478246 0.772688086587436 -0.00150310245592777 1.63169815096711 0.829029272120463 0.0782172250789301 -1.19605493008345 -2.66236880206179 -0.747007103371672 -5.82683252444928 7.02872242651529 -0.75807021464243
"49" 0.0696316720378576 -0.406794015105504 -0.256120776650164 -0.505521646833017 0.860874967017473 0.666630435763466 0.0424956419678892 0.955405289879053 0.543922164827076 -0.212729899748695 -0.948721140487976 -1.48807860686111 -0.397207930623708 -3.47310108959655 4.88183350748636 -0.258586311460931
"50" 0.0246727665424231 -0.415476663651134 -0.455300307640329 -0.290789980032855 0.266228237930325 0.47871394116396 0.0771481043389741 0.184631348637652 0.200456518731924 -0.454756528933046 -0.594003816246271 -0.0710152601350273 -0.0421754827260088 -0.921885067415971 2.21294816137652 0.339199906428803
"51" -0.0182183461017473 -0.301293662470243 -0.638350611980371 -0.110526292745249 -0.339692397863614 0.242280403690245 0.102336460023004 -0.604215067746878 -0.162865621644939 -0.643003362096209 -0.184705555293064 1.43034580381664 0.291908724707113 1.59694991047483 -0.658228634373245 0.969119479216715
"52" -0.0553648694404885 -0.120167069975423 -0.793633715783216 0.0307334212338901 -0.894490595691286 -0.00216109341292281 0.119123548978067 -1.32926486969609 -0.503858400715974 -0.779141348744076 0.219094594374653 2.84121120409327 0.580723032104117 3.8523047234935 -3.37968484095654 1.55878641515847
"53" -0.0838363632148003 0.0663996448034254 -0.911624762392364 0.131358978548064 -1.33972652539427 -0.213372435956899 0.129222247790509 -1.9128127881597 -0.78201499847476 -0.868895789802565 0.558468853501751 3.99298735941466 0.803404578070214 5.63437227050295 -5.61261206120798 2.0389130025178
"54" -0.101546956616168 0.203520691543815 -0.985295936715801 0.191335333740994 -1.6277676372264 -0.355995194396769 0.134407205391149 -2.29092104212947 -0.963792925918336 -0.919151557515647 0.784013932178468 4.74567206320989 0.94393115378864 6.77569972116097 -7.07617564502789 2.35230968215819
"55" -0.107278954020622 0.253491347017984 -1.01034921296755 0.211158273024353 -1.72749302468381 -0.406243751360222 0.135986580870828 -2.42158420202293 -1.02706616655265 -0.935288985665863 0.862930032884719 5.00681529197209 0.992196295868609 7.1683418805988 -7.5851432683819 2.4613508682005
"56" -0.100668817864353 0.202928826416894 -0.985336221648993 0.191096754232831 -1.62807084846322 -0.35574369432581 0.134437595733083 -2.29020002970051 -0.964093750388967 -0.919324873209149 0.783744384793749 4.74418579677968 0.944699193474975 6.77505906295957 -7.0749092929957 2.35290026135863
"57" -0.0821885877007134 0.065286262279983 -0.911694195082845 0.13093094123667 -1.34028336664044 -0.2128805618878 0.129276790631579 -1.9114863833839 -0.782564821121221 -0.869251941208347 0.557966231780128 3.99020570809535 0.804793392304731 5.63320236147757 -5.61025053342428 2.04003377152821
"58" -0.0531386428027858 -0.121683418350187 -0.793708282322712 0.0302037821356862 -0.895213279728244 -0.00143458264921037 0.119189934837131 -1.32754175758842 -0.504563627063271 -0.779717270928444 0.218423044483146 2.837472838758 0.58247128270952 3.85081419668668 -3.37652817536036 1.5603283103901
"59" -0.0156441503240998 -0.303086614926485 -0.638388527378936 -0.111047046917861 -0.340474657053673 0.243275376716213 0.102396008757495 -0.60236152141502 -0.163607666137657 -0.643902583016654 -0.185469325322984 1.42606396210203 0.293699760033917 1.59542516080626 -0.654632815494097 0.970944683542257
"60" 0.0273728469127761 -0.417465333665746 -0.455231060635185 -0.291182783556678 0.265487995367493 0.480106398273364 0.0771738051516877 0.186323681873745 0.199803347409843 -0.4562178637415 -0.594788053325033 -0.075435080943862 -0.0406414572084799 -0.923088865021509 2.21665651848525 0.341163794120803
"61" 0.0722827169015972 -0.409006215356897 -0.255823494135768 -0.505662309532568 0.860252134723433 0.668730748402822 0.0424468427340727 0.956630170711662 0.543477899745138 -0.215241392115757 -0.949475291814892 -1.49230846281307 -0.39614015319691 -3.47353876105857 4.88543822657243 -0.256618648028052
"62" 0.114929996389534 -0.239314680315715 -0.0532582781699773 -0.745792287253494 1.38450587230706 0.776122034470234 -0.00169155660582732 1.63210768380927 0.828905949348169 0.073732470205357 -1.19676266868615 -2.66620051306563 -0.746456096749156 -5.82589593248849 7.0321868344347 -0.75621999626037
"63" 0.150920239797138 0.103255440664441 0.138663705793647 -0.997820339391751 1.78846151292682 0.781847720921164 -0.0536234925028793 2.15000431821937 1.02597073289297 0.397126265882434 -1.29842836772019 -3.47452706856939 -1.06504878046331 -7.77269868044282 8.40965138057095 -1.10605328187467
"64" 0.175999986550543 0.598338515815101 0.306425598367326 -1.24266777920002 2.03681751062727 0.681337670663623 -0.110104680479786 2.46719133201088 1.11637869059604 0.732916647224101 -1.2358723805019 -3.84422749849045 -1.32692588980846 -9.14714726025258 8.87183384550508 -1.27542495176567
"65" 0.186494597404888 1.19333039403085 0.437930016955477 -1.4565459844174 2.11173076376464 0.486644037317944 -0.16645542993863 2.56317756923264 1.09539758035752 1.05204700108428 -1.01235019799506 -3.75825794812272 -1.51030917652855 -9.83617715773063 8.38850487254956 -1.25790151719139
"66" 0.179752352255015 1.80836401864542 0.523684778616541 -1.61258377303579 2.01356063536453 0.224628407091771 -0.217034034103364 2.44013549330229 0.971752708348581 1.3212917175656 -0.652147149140504 -3.25439149133399 -1.59811353927414 -9.78750616596527 7.04394465470159 -1.07132006016218
"67" 0.15453629121982 2.34582851784509 0.557914727722235 -1.6834210911004 1.75945813310331 -0.0670649692813043 -0.255933580045387 2.12030122786015 0.765798237950353 1.50716397517627 -0.196931104011782 -2.41703411701837 -1.57913666427084 -9.01041609957044 5.02091112929668 -0.754506374915763
"68" 0.111307704231685 2.70306269069019 0.539460226324863 -1.64452396258616 1.38015160879341 -0.345537442220021 -0.27780451130991 1.64142713781581 0.50631448633027 1.58023816885915 0.300081914196767 -1.36370326303449 -1.44886481375431 -7.5707444412543 2.57287141813254 -0.361246042223684
"69" 0.0523554801936683 2.78636937859309 0.472329032881746 -1.47778803101005 0.915486257659444 -0.568727675406336 -0.278682870438516 1.05112144950014 0.226450456064994 1.51914414129379 0.781235084052639 -0.228418808330389 -1.20981887363467 -5.58113643167936 -0.0110109405617322 0.0475499054227839
"70" -0.0182579254319535 2.52430966567596 0.365797143345119 -1.17486883777133 0.409384676295911 -0.701066732312427 -0.256701214441826 0.400908296664312 -0.0405870730400792 1.31350869527003 1.19177054657236 0.85553272997231 -0.871394681679135 -3.18798883256034 -2.44294514419596 0.41229822994319
"71" -0.0949418108190514 1.87836581224883 0.234002221549375 -0.739644240056691 -0.0950975433697483 -0.717805354885698 -0.212575389622156 -0.259282328014081 -0.265507314001274 0.965273294595278 1.48639661388606 1.7711674908528 -0.449191072462575 -0.556684383021564 -4.47056635828517 0.682577141087677
"72" -0.170997294849457 0.849478420942148 0.0950327289853163 -0.189296949712798 -0.560034555891045 -0.607380280555731 -0.149792062594841 -0.885680674794429 -0.426077336235529 0.488084190250788 1.63425763417934 2.42988674401886 0.0361360814660188 2.14331456279624 -5.90374446490296 0.823249655236395
"73" -0.239170635543232 -0.520408349917489 -0.0304238116574851 0.446303990569731 -0.955783278850729 -0.371546805076406 -0.0744631307051513 -1.44399968523224 -0.509097737412653 -0.0952103007287519 1.6217675800954 2.77892093409037 0.560410261930244 4.75213501385807 -6.63130153266457 0.818103816983694
"74" -0.292276779586331 -2.15192452914175 -0.120759913071041 1.12697773568254 -1.26279696591122 -0.023403609638919 0.00514324025176194 -1.91140578712694 -0.511073488675792 -0.756569097255465 1.45310779928735 2.80372507070433 1.0977367296142 7.13084578422053 -6.62645329251848 0.67066393730056
"75" -0.323816902653739 -3.93638071073744 -0.155310194598201 1.80612682023121 -1.47207389048939 0.416197142890425 0.0793460056928801 -2.27717538882615 -0.437638543920142 -1.46758772228688 1.14852633299249 2.52561460224706 1.62241475769339 9.16976980025133 -5.94145470821013 0.402283457244721
"76" -0.328513282540669 -5.74720290870704 -0.116244759595659 2.43566082849685 -1.58439556610837 0.92309103125379 0.137990614745359 -2.54216795095901 -0.301959889383158 -2.20427172677873 0.740860481399089 1.99549775837204 2.11078502252719 10.7933995711633 -4.69334655824753 0.0480339865980568
"77" -0.302699464705377 -7.45309504471066 0.00964306260787851 2.97128295052181 -1.60864196668854 1.47420453549226 0.171488966750836 -2.71729668476885 -0.122459669391223 -2.95084249377499 0.270898823078078 1.2849374733878 2.54283668334675 11.9619035492606 -3.04368301637987 -0.34881112084895
"78" -0.244531644613417 -8.93118213026906 0.229362385006908 3.37741470883378 -1.55954503515006 2.05107121867586 0.171860263596159 -2.82120054483975 0.0797590775652317 -3.70179874804319 -0.217715419225016 0.475941802562375 2.90341876093282 12.6695106020971 -1.17557223552728 -0.742776798041177
"79" -0.154022423480065 -10.0785029742756 0.542439860454394 3.63109547006769 -1.4552541149257 2.64181040557737 0.133679162927169 -2.87733286904728 0.283415152591612 -4.46174754271712 -0.683360847387057 -0.349153087332525 3.18294212246222 12.9403002907699 0.728719637808922 -1.09179100090159
"80" -0.032931444834567 -10.8205650398638 0.939978774144663 3.72435718436583 -1.31504431090693 3.24123603000174 0.0548503077170395 -2.91069541065011 0.469181614083953 -5.2429174058469 -1.09053009248387 -1.11654297829455 3.37751814471618 12.8220985831735 2.50688405146127 -1.36169779697821
"81" 0.115430434447198 -11.1161785433054 1.40411536122227 3.66480551597209 -1.15741451987213 3.84914046701552 -0.0628565453700105 -2.94446768154678 0.621250082046534 -6.06070231431532 -1.41275073136927 -1.76770744680744 3.48854953301007 12.3792746361227 4.03053129014165 -1.52925291951851
"82" 0.28642198611594 -10.9583638072182 1.90794715856599 3.47439240585237 -0.998713981128754 4.46716232227693 -0.213562078835363 -2.99680926929581 0.728241211944975 -6.9279758724068 -1.63415223622783 -2.26357125641698 3.52185597295806 11.6852491567572 5.21310421457054 -1.58347096055695
"83" 0.4742692290428 -10.3716814925271 2.41604595665915 3.18659994002792 -0.852324919478287 5.09492939455885 -0.387362265815295 -3.07813914685569 0.783481137457291 -7.84918392679721 -1.74969362236916 -2.58596317340016 3.48647039900531 10.815457925419 6.01180088900514 -1.52545293932144
"84" 0.672217866951339 -9.40678569231241 2.8857055695472 2.84243798294307 -0.728333610900919 5.7263158579499 -0.570769189128892 -3.18920777885924 0.784749739140068 -8.81531604135962 -1.76422895651514 -2.73658579514722 3.39327255929611 9.84137230248965 6.42434214994489 -1.36700323207924
"85" 0.872649386101781 -8.1332836511817 3.26908936027091 2.48576838275682 -0.633558192505182 6.34663989655728 -0.747520226015087 -3.32025923345097 0.733664622284698 -9.80075023333556 -1.69069782882804 -2.73395934521295 3.25363309488776 8.82597872902547 6.48194034789412 -1.12842643248814
"86" 1.06719597188461 -6.6320727292123 3.51641055923857 2.15850099740373 -0.571776698191476 6.93145901782356 -0.899747549020642 -3.45151698156262 0.634889508539563 -10.7626773280836 -1.54777909722953 -2.60895863956785 3.07822668448399 7.82088786233778 6.24005333817354 -0.835884327471376
"87" 1.12606560331181 -6.12362658558831 3.55851993574515 2.06708480308345 -0.559341406837911 7.10383899289678 -0.939865523624668 -3.48875742953042 0.594792060126039 -11.0530318902849 -1.49161619392506 -2.54997495257339 3.01683003862625 7.51180155100476 6.1122301464253 -0.736807512840187
"88" 1.29915747592096 -4.45223642249013 3.55541390053007 1.83115472404626 -0.542138242038788 7.58982929284868 -1.03261504909743 -3.57692036704283 0.444068908539064 -11.8942824546901 -1.29088602081904 -2.32233122832668 2.8078711608462 6.57753166447316 5.5835624598983 -0.417940371297846
"89" 1.44519812026832 -2.74701454724143 3.31860157964483 1.6912334178981 -0.556496711971735 7.95395129639957 -1.06196573760559 -3.59414083553818 0.264061823628172 -12.5643234195272 -1.07218495503775 -2.06253581582678 2.58098387492675 5.72448134412843 4.9233838208562 -0.112997100454322
"90" 1.55512864811531 -1.08347713453819 2.82680285998336 1.65600364999085 -0.597849549681718 8.15503468751555 -1.01652459081229 -3.50838617332764 0.064782180773421 -12.9933549226506 -0.855873331851264 -1.80590960850486 2.34034658809173 4.96369857444469 4.20153647213874 0.151710949004155
"91" 1.62072917419331 0.471037618638917 2.07953969644107 1.72018811979547 -0.659391760169933 8.1570588311194 -0.890707882932734 -3.29407479353839 -0.142864721816395 -13.119358761045 -0.658765148134705 -1.58008739362776 2.08844302926654 4.29648441120875 3.47792517725225 0.354921790841672
"92" 1.63533541399689 1.85770506084611 1.10171274217896 1.86499238496043 -0.732189565779175 7.93449154516675 -0.686145564041169 -2.93708111128329 -0.347162989178273 -12.8958695791673 -0.493118661500965 -1.40277716888932 1.82677060336533 3.7160580785146 2.79950726143716 0.482228266596394
"93" 1.59460666504235 3.02582879806403 -0.0538422796873306 2.05979920848051 -0.805411961153799 7.47667011824265 -0.412513927627167 -2.43877745545926 -0.535699574161524 -12.2982476718447 -0.366152538079632 -1.28084309798396 1.55668901718838 3.20913453796024 2.19913777590773 0.527407739325099
"94" 1.49724792380605 3.93241743530029 -1.30671270436029 2.26499420173559 -0.866777296276234 6.79054218313708 -0.0875863191983015 -1.81838476201239 -0.695639411746212 -11.3276300817369 -0.280048546457131 -1.21065776914384 1.28024212574728 2.75739960552503 1.69588977993419 0.493113495223952
"95" 1.34556961527898 4.5423214299131 -2.55284524119749 2.43575107847232 -0.903280543415748 5.90134152628481 0.263646867792875 -1.11306023804781 -0.814263160468615 -10.0120987687655 -0.232380722393344 -1.17956953805469 1.00079254768517 2.33900761142203 1.29643137257949 0.390752128047552
"96" 1.14576714222127 4.82931625167427 -3.67231681123718 2.52654932999366 -0.902220817049181 4.8510870784456 0.610838039989655 -0.37541983157017 -0.879810137170606 -8.40501038818606 -0.216898554341938 -1.16826047757559 0.72334635480459 1.93029988146031 0.997075829971777 0.239411455131176
"97" 0.90782342562029 4.77822212860204 -4.54064839868013 2.49612826501391 -0.852489035746316 3.69510761786921 0.921042033902381 0.331454161357286 -0.882594446323915 -6.5808104810895 -0.224582400893723 -1.15372585007435 0.454506100666663 1.50792381767747 0.786194466293637 0.0638050925613243
"98" 0.64498095096965 4.38782668801915 -5.04275371279302 2.31249935686088 -0.746010459348155 2.49706085301938 1.16215290415124 0.941082742499461 -0.816285475822867 -4.62894775485967 -0.244879229966173 -1.11258057063696 0.202060674761384 1.05142137921907 0.646761950113728 -0.108648839437137
"99" 0.372790571838088 3.67408461773417 -5.08802782475954 1.95755593802772 -0.579176669196212 1.32309742655549 1.30666136689123 1.39193648453194 -0.679179172257935 -2.64667641566457 -0.267015029821025 -1.02438560440987 -0.0257152551858439 0.546177377553191 0.558868500062772 -0.25132552709465
"100" 0.107812719449583 2.67286266798814 -4.62463539557559 1.43075802115106 -0.354058305720005 0.235899092354515 1.33527574766338 1.63598011418837 -0.475246428122875 -0.731576893927326 -0.281269133231056 -0.874684123528823 -0.220933071018813 -0.0135824918646783 0.502072751090282 -0.34202621907616
"101" -0.133889918997504 1.44142010574208 -3.6508566119229 0.751357813736035 -0.0791749493312 -0.710705525207644 1.23990448945833 1.64619784252879 -0.214738659716089 1.02544831365512 -0.280089687746475 -0.657444265873892 -0.376991868794207 -0.622221826939018 0.457484984721418 -0.366212918353995
"102" -0.338283534078215 0.0578856577691056 -2.22146497110964 -0.0413071495742088 0.230379814958847 -1.47596100218709 1.02552531553586 1.42191675324483 0.0858375374325058 2.54610614047056 -0.258933755326716 -0.376627598536288 -0.489370697562116 -1.26111422585804 0.409473131868367 -0.31931245721762
"103" -0.494715546477067 -1.38178979202655 -0.447570369305637 -0.889777692160123 0.553599305756982 -2.0348379161142 0.710570349652777 0.990965308827114 0.404496546621421 3.76918047029906 -0.216734129738498 -0.046647991870941 -0.556194914165189 -1.89858320218663 0.346887360990763 -0.207661955557342
"104" -0.596900561362979 -2.76958566350254 1.51086911338432 -1.72278498732095 0.865056524377736 -2.37893518264251 0.325630237353845 0.408090503646577 0.715323702196282 4.65335919537975 -0.155929450141841 0.308437091909582 -0.578497670130631 -2.49172891080944 0.263715705959953 -0.0478650219583869
"105" -0.643399185620339 -3.99363547268578 3.45967412626487 -2.46170703389771 1.13715695634731 -2.51567348965493 -0.0894970308907865 -0.250436170998753 0.990709611891565 5.17843571795171 -0.0820426473026572 0.657046869398528 -0.560143181090751 -2.99023959387941 0.159120418818588 0.1354154123851
"106" -0.637520932343918 -4.94825999015936 5.19094756810496 -3.02864696363821 1.34295690524139 -2.46602207456243 -0.490146408898244 -0.895536609293941 1.20406802123078 5.34504604484826 -0.00284976969602724 0.963404235065354 -0.507425990783354 -3.34195128282231 0.0368626534118448 0.312935188308529
"107" -0.586668000984695 -5.54477398139696 6.50720865353264 -3.35531798582764 1.45924557570631 -2.26115452323609 -0.832027578757465 -1.43635585245255 1.33274394828057 5.17319371953175 0.0727613319216971 1.19179274754924 -0.428404229991742 -3.49958078661989 -0.0958054446552978 0.455102581263873
"108" -0.501221660224999 -5.7217751340076 7.24617854632372 -3.39170564482345 1.46951643717609 -1.93852016267945 -1.07671487155488 -1.79218368044894 1.36076115352742 4.69985174877957 0.136094548329936 1.31129413303961 -0.332059802814214 -3.42777957312638 -0.229629687376814 0.536318466355169
"109" -0.3931426864063 -5.45353638005963 7.30289354227256 -3.11338726720936 1.36643006661875 -1.53783971754406 -1.19665201490264 -1.90362779312042 1.28104650227579 3.97592305817747 0.179932861416034 1.3004143386288 -0.227400267616744 -3.10949692726508 -0.355013645152553 0.538756113201089
"110" -0.274499400027686 -4.75523120964931 6.64594802785631 -2.52645009274079 1.15340418370739 -1.09749005743294 -1.17896237309616 -1.74141232874557 1.09680819916774 3.06280394122959 0.199625173466814 1.15092876262133 -0.122622965449622 -2.55063773851748 -0.463607955331213 0.455013388463613
"111" -0.156143344602093 -3.68402521321514 5.32528023428821 -1.66917065563791 0.845055726694768 -0.651644046189659 -1.02748585095391 -1.31143575433441 0.821832468742779 2.02874534929981 0.193810013647187 0.870295978910235 -0.0244505838711007 -1.7821649772426 -0.549593311193235 0.289263875318738
"112" -0.0467217546353496 -2.33553564323802 3.46994648151868 -0.60998065206968 0.466354590048366 -0.22839482159948 -0.762686602127804 -0.655202526678622 0.479588981183533 0.945159892177173 0.164661414059431 0.482122215730669 0.0622799651302941 -0.859111959813202 -0.610465986729537 0.0567794921498717
"113" 0.0478473914751589 -0.835736859739285 1.27565171497746 0.558293041343063 0.0505116582560203 0.151060144263255 -0.419361899850038 0.154619356767682 0.101183190655344 -0.117011301843945 0.117610312387171 0.0244033223298175 0.134733089148611 0.143608983850534 -0.647213484805206 -0.218053478553429
"114" 0.124396696781986 0.671004249157534 -1.0167691235942 1.72742550083365 -0.364207334251368 0.472250013400881 -0.0423915777740369 1.02305898904015 -0.277655992230832 -1.09077382178816 0.0605732437206967 -0.454401011989376 0.191898383667173 1.13825023153681 -0.663868550700386 -0.504894719535514
"115" 0.182076923030777 2.03652917238909 -3.1494036830687 2.78507215058545 -0.738399931314507 0.726478758299962 0.318946428831332 1.84500210738362 -0.620232953755432 -1.91629978133645 0.00279661684630383 -0.9010460870727 0.234172347222156 2.03333882879608 -0.666535255889585 -0.771318780504771
"116" 0.221601055849 3.12448177077442 -4.87832357012387 3.62701224093792 -1.03572482769507 0.909382555458933 0.61734986817423 2.51901263191805 -0.892771905246121 -2.5437865907864 -0.0465130900483146 -1.26419451337006 0.262785190101425 2.74373148023983 -0.662072152242899 -0.986868686933121
"117" 0.244349890763111 3.82504966481653 -6.00359564451519 4.16884950573535 -1.22687498220477 1.01933146953553 0.81369423505647 2.96089349095541 -1.06807587860049 -2.9358417070753 -0.0795661461970312 -1.50116103350638 0.279183439891561 3.20031426064277 -0.656677458459512 -1.1267888988873
"118" 0.251542960855417 4.06705095843401 -6.39422486807607 4.35567772153183 -1.29283627089419 1.05600367271616 0.882208925187911 3.11506220836893 -1.12851743925718 -3.06928227612482 -0.0911618617364311 -1.58368418852933 0.284484000042248 3.35805593747457 -0.654638012787927 -1.17500703587621
"119" 0.243657662099508 3.8258571513071 -6.00463586637763 4.1684492051005 -1.22702349143193 1.01940665368006 0.813905564959502 2.9621063855532 -1.06799535036615 -2.9362550063961 -0.0794742617375306 -1.50181531967792 0.2791005399909 3.20132413175488 -0.657473338163982 -1.12604320262426
"120" 0.220222600421799 3.12615016008382 -4.88042946631494 3.6262017365342 -1.03602352964004 0.909527576430236 0.61777662976689 2.5214255361288 -0.89261564750096 -2.54461302461272 -0.0463281920472909 -1.26529906721817 0.262610773371961 2.74573733691654 -0.663633574524397 -0.985651845110169
"121" 0.180029463001638 2.03916326418391 -3.15261976156391 2.78384461208668 -0.738851243473068 0.726677142869519 0.319595194591795 1.84857698293489 -0.620012646733964 -1.9175286010979 0.00307769773799293 -0.902221114373333 0.233888698722822 2.03629904572333 -0.668808345601292 -0.770132951109645
"122" 0.121717161364401 0.674759340998349 -1.02114689906468 1.72579578284791 -0.364812605350207 0.472464090783703 -0.0415149199390576 1.02771420735895 -0.277394050211179 -1.09236595370714 0.0609581097946688 -0.455142689042077 0.191476941242364 1.14207120061246 -0.666791635678123 -0.504382457964311
"123" 0.0446005555786826 -0.830646987558964 1.2700693139887 0.556309350997992 0.0497546514503029 0.151218207278689 -0.418256527713027 0.160215570166926 0.101448423753779 -0.118878388818814 0.118116115799729 0.0246576993522467 0.134129556626078 0.148115191509644 -0.650746288310643 -0.218883505846861
"124" -0.0504401002726169 -2.32880748627667 3.46313990957937 -0.612246322040335 0.465454681306116 -0.228414919665781 -0.761361772501861 -0.648860292696341 0.479796814375026 0.943177998283687 0.165324794314934 0.483931694360308 0.061422883261443 -0.854211326646794 -0.614639626905955 0.054034647991557
"125" -0.160212751408295 -3.67518796269286 5.31726020281926 -1.67166562012511 0.84403177486666 -0.652040453087452 -1.02596563146394 -1.30456964125113 0.821891424953149 2.02690909719942 0.194705041727339 0.874177533718466 -0.0256831887560551 -1.77731732793201 -0.554592127560909 0.284236398304074
"126" -0.27879392044364 -4.7434897103343 6.63674478506256 -2.52922556923983 1.15228871415925 -1.09858390728338 -1.17728899110952 -1.73421068912516 1.09658315302386 3.06152204632258 0.200893867884751 1.15736810836825 -0.124446568200554 -2.54651076582747 -0.469899127883878 0.44761431568304
"127" -0.39756394449622 -5.43749084016997 7.29251752276748 -3.11672850471018 1.36527305339188 -1.54016344710874 -1.1948868340147 -1.89614986824343 1.28033687717615 3.97584397039529 0.181834578363542 1.30995169420248 -0.230196863513015 -3.10709124003182 -0.363547325104491 0.52920161930615
"128" -0.505744819848594 -5.69896281290912 7.23454175855755 -3.39631108925221 1.46838937205032 -1.94297495220901 -1.07493649903554 -1.78423013554867 1.3592634362946 4.70203373421319 0.139082699880518 1.32470826907456 -0.336494521817166 -3.42862947197119 -0.242141261674988 0.525106941104241
"129" -0.591398695165914 -5.51096670370001 6.4939982717226 -3.36253586349181 1.45824651181376 -2.26927250102705 -0.830327414941081 -1.4273035542852 1.32998997495412 5.17939972400637 0.077598409111701 1.21040247514338 -0.4356029109682 -3.50609465680954 -0.1152623165774 0.442955927970615
"130" -0.642762363364469 -4.89643990484393 5.17544629104329 -3.04078767877496 1.34221810837585 -2.48037671471235 -0.488622860948404 -0.884130078569399 1.19932957263888 5.35822059186674 0.00507471869596543 0.989502279425778 -0.519235431944324 -3.35795463951883 0.00561623987869098 0.300731668598928
"131" -0.649731853111774 -3.91256196739744 3.44052511719747 -2.48246196784845 1.13685815634022 -2.54048901921672 -0.0882503584502459 -0.234519904962099 0.98286011787724 5.20343206610133 -0.0690818330083189 0.694477884873322 -0.579500047370168 -3.02179440815167 0.10845855160585 0.124151064111174
"132" -0.605281402069444 -2.6418635410792 1.48578644383781 -1.75779165901702 0.865448465106246 -2.42095127647896 0.326500103341978 0.431921708359639 0.702649397212617 4.69799441579542 -0.134955028908827 0.363328648575134 -0.609934840941406 -2.54831133216714 0.182003167309404 -0.0570457711478412
"133" -0.506606801369223 -1.18136078541309 -0.482141142189761 -0.947372184618814 0.555044236167949 -2.10448606109669 0.71096071421487 1.0278227348918 0.384452320709122 3.84570016781822 -0.183325875645387 0.0350016781776503 -0.606513314808382 -1.99470498612955 0.216879430696281 -0.213328447240656
"134" -0.35582223298033 0.368868569104251 -2.27072542731744 -0.133492543547618 0.233417590904566 -1.58889801639866 1.02532037933208 1.47919870325374 0.0547472069367316 2.67313230576187 -0.206711930259353 -0.254719101157661 -0.568497844542009 -1.41846494735859 0.2063269666005 -0.319472317433792
"135" -0.160104758174484 1.91630213952598 -3.72205223510656 0.6077262325839 -0.0737246522053132 -0.889720411498644 1.23895619214989 1.7342956139462 -0.262031400148119 1.2304534314444 -0.200105509928285 -0.476429399464905 -0.499032907526022 -0.872380162031638 0.146427521042824 -0.357879989757294
"136" 0.0687397593666432 3.38462801006526 -4.72743349371319 1.21261415042159 -0.344946093360061 -0.041355689418026 1.33337456367387 1.76908165880651 -0.545760835464073 -0.409290117662209 -0.161333305269629 -0.609190469817349 -0.40539385189831 -0.401284527777792 0.0358611879739783 -0.320628321438107
"137" 0.315234305820418 4.71961042741486 -5.23481886567117 1.63419252660088 -0.564514929632625 0.903619844358687 1.30349612726094 1.58886420570819 -0.782185867217753 -2.15261727545089 -0.0910248528653668 -0.641434764749647 -0.2988387151265 -0.0406734281109475 -0.124700810039826 -0.209969235515928
"138" 0.561586710667864 5.89172917464842 -5.24879600102413 1.84423576361945 -0.722999138740291 1.87714909427397 1.15725923281956 1.22606110748967 -0.963655974509077 -3.88998326654442 0.00776006237369131 -0.570799289494516 -0.194046241356446 0.183054239699715 -0.333376934025864 -0.0372869901443664
"139" 0.789269722078821 6.89555638540807 -4.8239576556025 1.8333168469614 -0.817077045295425 2.80034681377821 0.913740074289439 0.734662854363066 -1.08904825250791 -5.50209001794235 0.130145110569728 -0.403106872599892 -0.108159208639854 0.251283334939076 -0.587800782371232 0.179219838848894
"140" 0.980629812419455 7.74619871760646 -4.05319477054221 1.60922355815075 -0.848718736183609 3.58985865975012 0.600162133473518 0.182316413383916 -1.16297624830181 -6.86795556904293 0.270162959370204 -0.150776334222883 -0.0594854252300365 0.151533476315523 -0.885571093411045 0.417658523352657
"141" 1.12033869354556 8.47342655241641 -3.05295173337443 1.19425813627413 -0.823960377075649 4.16546263644888 0.248272852808977 -0.358802192746438 -1.19445714539083 -7.87433219279897 0.42145872759734 0.169045655185073 -0.0659372021779916 -0.123777141446066 -1.22426360482393 0.655785219184963
"142" 1.19653929447109 9.11431593359879 -1.94761911237225 0.62195362011937 -0.75151895432648 4.45826191271662 -0.109406673335656 -0.821098560503742 -1.19525186489139 -8.42582349658429 0.577857014451183 0.536366925570292 -0.143312899181531 -0.577560842011204 -1.6009392971182 0.874000065048222
"143" 1.20159774027892 9.70533766743284 -0.855062794728127 -0.0663314735647305 -0.641479683836602 4.41867486538192 -0.442997661244839 -1.14952990301823 -1.17810447211842 -8.45483183704272 0.733717363273207 0.930039980697984 -0.303541581783797 -1.20698446081166 -2.01120365769827 1.05753779678207
"144" 1.13244415683093 10.2748460171824 0.1251341722635 -0.82461333534701 -0.504238807692615 4.02334816413497 -0.727985019463262 -1.30754719535598 -1.15509248311124 -7.93030392035969 0.884053818536486 1.32912801324665 -0.553024847061216 -2.00117217788039 -2.4479920738346 1.19758720484197
"145" 0.990554298712876 10.8368570761344 0.919711720860974 -1.60511119563387 -0.34981168768992 3.28011890465417 -0.947019202041911 -1.28044564919965 -1.13626420830626 -6.86417020253892 1.02444678184177 1.71389404516549 -0.891219065841568 -2.93816507862225 -2.9003529304382 1.2912947678783
"146" 0.781676310608145 11.3868755041626 1.48566310831782 -2.36068306001187 -0.187533188588477 2.23024551102316 -1.09071861538942 -1.07591914860519 -1.12868961786995 -5.31442418437045 1.15081972238828 2.06643392612523 -1.30960596148683 -3.98194217279718 -3.35255064977241 1.3408155856996
"147" 0.515429502604398 11.9003366738947 1.81022550486624 -3.04694758937262 -0.026097558661351 0.94732182926829 -1.15752538108854 -0.721962784581052 -1.13599333711174 -3.38398327072103 1.25918116500184 2.37103240753049 -1.79119719346117 -5.08049521927226 -3.7838009384775 1.35172917430327
"148" 0.204887393878863 12.3339846195495 1.90754226973139 -3.62420556899639 0.126180125934135 -0.467416118103756 -1.15277129699237 -0.262566558436603 -1.15837761101717 -1.21482212447007 1.34543857109988 2.6143578108472 -2.31070570678829 -6.16594353319566 -4.16887567417268 1.33121419059808
"149" -0.133793421589854 12.6302083774173 1.81289305030199 -4.05924445047731 0.261040683712438 -1.89329747211322 -1.08717717020757 0.248135748921385 -1.19308455782926 1.02263739042621 1.40537403111432 2.78562020840218 -2.83548900149538 -7.15744686356693 -4.47968345319339 1.28636804013695
"150" -0.475968664825572 12.7244661218564 1.58032337669886 -4.32404776980138 0.368514105094493 -3.18131571186201 -0.97719355915628 0.744451154692968 -1.23446820177917 3.11098223664092 1.43461550499035 2.87596942868822 -3.3196426148366 -7.95573665009306 -4.68529135421693 1.22415620208358
"151" -0.809843498151466 12.5596949288921 1.25940643157469 -4.41237623252812 0.443411776074684 -4.24569796629808 -0.835995744918602 1.18620214403846 -1.27761969709832 4.93077965380958 1.43068217716511 2.88386845502737 -3.73612812399369 -8.50011312187909 -4.76721441542975 1.14693209321194
"152" -1.10982625498337 12.0828116375189 0.905422098185738 -4.31635365362808 0.476574690161556 -4.97019903871448 -0.679975053321407 1.52360765531341 -1.31611161881508 6.30737603921676 1.39056400801996 2.80677509640236 -4.04025890540326 -8.71022326844724 -4.70391096239473 1.05714736720165
"153" -1.35274390270357 11.2626937518441 0.565641450357006 -4.04245625040016 0.461046585146256 -5.28120759308349 -0.523220162886158 1.72434370972469 -1.34464352936877 7.12498968357946 1.31329986742107 2.64736366089392 -4.19603884649269 -8.53670011513231 -4.48540872224692 0.955429463236214
"154" -1.51610476062011 10.0957449821211 0.276681593140182 -3.60822010818396 0.392042200127968 -5.14445723678818 -0.377298360102493 1.77150365221573 -1.35936165791468 7.32006005161129 1.20013210929525 2.41274224918425 -4.17539443089058 -7.9618529094418 -4.11334635543744 0.841903953114979
"155" -1.58000469261752 8.61035083665629 0.0620567294072316 -3.04142500125056 0.26819045063019 -4.57013569780675 -0.250619038168729 1.66451991453711 -1.35823803247507 6.88921045726313 1.05489010862783 2.11461975155407 -3.96190066138846 -7.00532369551553 -3.6022790714494 0.717075440395547
"156" -1.52939018173194 6.86735104647312 -0.0684455774984656 -2.37847766319101 0.0926777378426198 -3.61270691930156 -0.148207700183697 1.4183852407869 -1.34112648220437 5.89019117456495 0.884073468998871 1.76904136858184 -3.55380269511014 -5.7249288263523 -2.97949265755301 0.582542331078457
"157" -1.35640607102269 4.95607104219334 -0.117704139261932 -1.66202169323054 -0.126006533217694 -2.36513705143915 -0.0718498139355752 1.06135822234879 -1.30952286672976 4.43528127124074 0.696562449353635 1.39557104567075 -2.96579904423103 -4.21203914130882 -2.28316207674857 0.441384447469318
"158" -1.06244454059652 2.98614042889591 -0.0988193886203277 -0.937861147268848 -0.374007943349496 -0.948069587566607 -0.0205357857639292 0.631427867575511 -1.26609851137288 2.67778272426318 0.502945188299968 1.01589638934911 -2.22911383739564 -2.58185929677331 -1.55892486992229 0.298153488789467
"159" -0.659467599504033 1.07605002446559 -0.0317123618420112 -0.25135632699704 -0.632926290720714 0.504667411294875 0.00888092422869136 0.171881267434046 -1.21410217350573 0.793373582745744 0.314523356742463 0.651958339110024 -1.38956259275565 -0.959966005379254 -0.855202104472937 0.158491611626687
"160" -0.170216675892334 -0.659984658180264 0.0607166711161824 0.356450246535474 -0.881552830002722 1.86218676275671 0.0209112838958845 -0.273606210061828 -1.15673629502292 -1.04103504973597 0.142126337103306 0.323834087560044 -0.503602462806739 0.532784119995041 -0.217851184022493 0.0284814346500752
"161" 0.372950003187022 -2.12491295414566 0.156322284823005 0.852595052313916 -1.09835467054777 3.01193973887241 0.0206444267809047 -0.66585006710622 -1.09661033470571 -2.66785844925235 -0.00508617053555582 0.0476924613521987 0.367288446022648 1.79454130761942 0.315077435194326 -0.086123177672107
"162" 0.930654386357219 -3.24951500380547 0.236830769946124 1.215344843075 -1.26432950523905 3.87210656684933 0.0130405007585424 -0.974420935400246 -1.03536020699497 -3.96583738284949 -0.12063533357837 -0.165832854755081 1.16321155484982 2.75367307433308 0.717640411965476 -0.180627558275319
"163" 1.46035146117603 -3.99919415827893 0.289942266113854 1.43619770076447 -1.36570901778163 4.39918832321609 0.00237742527976792 -1.18069942398736 -0.973498556397439 -4.86112437311621 -0.201372140750031 -0.312558457590058 1.83248493479242 3.37522621818828 0.978615261628988 -0.251954954700977
"164" 1.92100993964945 -4.37588744417951 0.310198455449139 1.52028161349023 -1.39595844696504 4.58982285889351 -0.00810097568066936 -1.27923657082854 -0.910524211218273 -5.33113145236076 -0.247648638995265 -0.394782800014582 2.3372904407637 3.66185515267289 1.10195117385479 -0.298948758132155
"165" 2.27797688531438 -4.41492821442947 0.298613309901143 1.4849397842226 -1.35662915728489 4.476842989918 -0.0163213482938573 -1.27718460835655 -0.84527082091339 -5.40105175645121 -0.26298462152797 -0.42042797928957 2.65742609945935 3.6494195131715 1.10497804566728 -0.322391043475363
"166" 2.50725152612912 -4.17757764070586 0.261280854768188 1.35664760149552 -1.25685636089286 4.12058534782719 -0.0213215525885779 -1.19191618199497 -0.776420524713214 -5.13418766297919 -0.253300698937345 -0.401456822470209 2.7915727465798 3.39835644679076 1.01473753204164 -0.32476381952938
"167" 2.59839978718435 -3.74068504859191 0.207343968970264 1.16677945481086 -1.11159894113006 3.59724571683784 -0.023043862628441 -1.04731767481816 -0.703062183564652 -4.61819214094885 -0.225872448154291 -0.351866996252056 2.75592766604981 2.98258994275349 0.863176591981642 -0.30981909750426
"168" 2.55551955345247 -3.18538072039389 0.146792813538376 0.947013969130467 -0.939008314309623 2.98649352909056 -0.022045618218872 -0.869512336950741 -0.625152734713375 -3.94986925402333 -0.188209087144436 -0.285633493848309 2.58053628565644 2.47803589878048 0.682152088119722 -0.282044798940206
"169" 2.3960110771152 -2.58674775259996 0.0885406298886835 0.725238702235373 -0.757503042532998 2.36051020320369 -0.0191949252260741 -0.68285318911699 -0.543757857881455 -3.22117919215901 -0.1470613952118 -0.214957172106097 2.30405979970629 1.9526458315163 0.49917538720149 -0.246115779107868
"170" 2.22701867334189 -2.17027392812896 0.0523145570547214 0.578695386387864 -0.632359554361156 1.93928817496798 -0.0165567392339998 -0.556091752520196 -0.48506530307094 -2.71060118655798 -0.118739675069843 -0.16734976983571 2.06952699691154 1.59723049453356 0.379714885265741 -0.218117878183875
