"V1" "V2" "V3" "V4" "V5" "V6" "V7" "V8" "V9" "V10" "V11" "V12" "V13" "V14" "V15" "V16"
"1" 0.128288433633585 1.80265099510399 -0.515420102936197 -0.767035948851813 1.98259154596162 -2.68138541469749 0.0229624023030004 0.562520336465422 1.51389778165131 2.31147101046343 0.203638877895479 0.442374944688709 -0.381947910602874 -1.79304982793726 -1.34407156422748 0.170570784190431
"2" 0.175231988648616 1.75010899812274 -0.526836478792905 -0.78816977619563 2.14914486259509 -2.72719529685861 0.0216278603000228 0.568122311667999 1.6879121495942 2.2923172758458 0.203874375252319 0.441170492043568 -0.324577235887176 -1.84779237717936 -1.37168157650291 0.167848276451309
"3" 0.220894594269433 1.54705001479917 -0.505114030906235 -0.759344718043948 2.22840443709823 -2.59065494909233 0.0186730810572193 0.535236134790079 1.80804084730267 2.10081712615555 0.189400972126645 0.40751631745934 -0.228355919730923 -1.78916691052999 -1.30987520576886 0.151707803782529
"4" 0.248258155611177 1.31239092948561 -0.469306846739634 -0.707070319599239 2.22407732281843 -2.37965812949499 0.0158716017136058 0.488498065085309 1.85207322719839 1.86168820868561 0.170152103070137 0.363916428333255 -0.141139216648174 -1.67569551973864 -1.21002787857034 0.132143782423327
"5" 0.273534737257988 0.867588661466378 -0.392997739408088 -0.590899343191467 2.1301952025029 -1.93304190221128 0.0116031811561825 0.393358640000656 1.84948786026426 1.39729255112289 0.131602854045312 0.277515885153434 -0.00167419298571048 -1.42060255980594 -0.99608724164608 0.0943468633615794
"6" 0.275634303579663 0.325452400238305 -0.294478373453813 -0.434230509720919 1.9395882394793 -1.3496540572948 0.0081291812855806 0.273853558626151 1.76831278657308 0.829814953188794 0.0830780455115701 0.169558767504668 0.139579218804638 -1.07606145598442 -0.714860688627596 0.0478187111057196
"7" 0.247388119588106 -0.2573006694928 -0.186791132705622 -0.253354915761349 1.66850092959533 -0.693624674158414 0.00702875615433918 0.145868820371767 1.61205501364114 0.231431295812158 0.029937392272064 0.0520719586538689 0.260241169608667 -0.67994839059455 -0.397166354061255 -0.0023577271481372
"8" 0.184214890413148 -0.81290905443246 -0.0858663746658337 -0.0691991427594587 1.34086108624404 -0.0457091572946027 0.0100096504983238 0.0288430954188073 1.39074820701168 -0.310928567153184 -0.0214787589283318 -0.060712916151715 0.338022879831374 -0.280093004224786 -0.0810919186933461 -0.0501429615214875
"9" 0.0851228775882866 -1.27256279132513 -0.00821746623499564 0.0956062894524905 0.984473142076468 0.507680246678042 0.0186736256769819 -0.05685488224767 1.1194447865797 -0.707465168958613 -0.064922001033672 -0.154685321805346 0.354499330823955 0.0727694231023333 0.193900268937853 -0.0895087851167773
"10" -0.04683351132749 -1.57707525158992 0.0315476881152392 0.220027925466496 0.627019957368561 0.886558595509179 0.0342809165757334 -0.0928023798898892 0.816270473703994 -0.878327501514235 -0.0953794743345675 -0.218320933414248 0.298366150916909 0.33277647669878 0.39341743410273 -0.115493277741507
"11" -0.204739226861664 -1.68636809565513 0.0229431629793453 0.287740120517384 0.292651689447569 1.0284599574323 0.0575592852718305 -0.0651589330350717 0.500424386880413 -0.765136637883359 -0.110081168906824 -0.244838462644339 0.167556273762884 0.466077510142846 0.493979064715461 -0.12516328388142
"12" -0.378608606599057 -1.58620532729241 -0.0388353249162563 0.289558298918479 -0.000323014608588856 0.896761754655145 0.0885949348963102 0.0333567137256026 0.190426802992246 -0.339344962573705 -0.10919008505255 -0.233666118462565 -0.0301393354506168 0.456156240447638 0.487253487582052 -0.118321789249649
"13" -0.556627592259519 -1.29116765398516 -0.152251438251305 0.224857572328006 -0.240463472650147 0.485098815201631 0.126825988831255 0.202423030051321 -0.0972098833147337 0.393760043857796 -0.0960511380372573 -0.190965226581284 -0.277980834613203 0.30655366457445 0.3819979410884 -0.0978400015728766
"14" -0.726624540880174 -0.843520627001752 -0.30974010801652 0.101822837506973 -0.423061772448995 -0.182523412971555 0.171138271154019 0.4341028904119 -0.348839310792205 1.39578196672171 -0.0769468383004366 -0.129117557716654 -0.552463025539559 0.0406934066447815 0.203407525710702 -0.0695508904930193
"15" -0.877526477006535 -0.308265621190849 -0.498891396438438 -0.0634457257871759 -0.549163332564728 -1.05559441239277 0.220042323751855 0.713788997555589 -0.554119413333384 2.60026278121025 -0.0603812742655272 -0.0652393615553137 -0.826322543912262 -0.301011035597131 -0.010024394552488 -0.0417023311422327
"16" -1.00058402207324 0.234822570188911 -0.704271770642528 -0.248801444265837 -0.624132661338084 -2.06406132825395 0.271894258301726 1.02189966993581 -0.706138192275779 3.92102093969315 -0.0559781574074627 -0.0189161993979496 -1.07184315359603 -0.666195133432193 -0.211691738355341 -0.0240256035338007
"17" -1.09020682858685 0.701024890188926 -0.909563548349105 -0.428621689606445 -0.656121000724084 -3.12716197935834 0.325114373331168 1.33603233683841 -0.801348893938274 5.26236638133436 -0.0731272258589115 -0.00944647140977395 -1.2639699226124 -0.996897701755841 -0.353415213646315 -0.0265226739609261
"18" -1.14432643264264 1.0110715251338 -1.09967632564551 -0.576752207773467 -0.654696105293451 -4.16278590391567 0.378358089073179 1.63325292636431 -0.839417414559819 6.52966019322151 -0.119543311365526 -0.052934949828682 -1.38285713927785 -1.23629845363029 -0.392497578919347 -0.0581092611073473
"19" -1.16428103583289 1.10081818666996 -1.26251273848337 -0.669484865654056 -0.629777115132907 -5.09611621382803 0.430603523578537 1.89222215606706 -0.823044277435192 7.63881639879632 -0.199913556593462 -0.159592915720737 -1.41562391583239 -1.33495884182935 -0.298411696264679 -0.125268138560386
"20" -1.15428565749995 0.929092880951281 -1.3901458483968 -0.688251629011205 -0.590911153891709 -5.8665643618615 0.481137149611842 2.0949242571335 -0.757775308310176 8.52366822773929 -0.314801858708442 -0.331583004232243 -1.35723734717687 -1.25586650093531 -0.0582851963387725 -0.230868703642727
"21" -1.12060285801689 0.482879112540289 -1.47927262977044 -0.621767303195327 -0.546849755171869 -6.43237005719358 0.529440303618919 2.22785491370658 -0.651772476704136 9.14056252417605 -0.459957643178882 -0.561698996690779 -1.21056079812654 -0.97784519981732 0.319530055290215 -0.373296732297149
"22" -1.07055809591994 -0.220656578403762 -1.53092994689851 -0.467420552599208 -0.505336932038195 -6.77262924391718 0.575000925513404 2.28262570906758 -0.515489949704182 9.47001429993329 -0.626140906467747 -0.833097396527023 -0.985684464841263 -0.497178054614105 0.804328961084934 -0.546015448563821
"23" -1.01154758712854 -1.13542406856985 -1.5495770819883 -0.231788802917578 -0.473003940043375 -6.88686958330707 0.617092688379158 2.25603472805589 -0.361196020242053 9.51566653837948 -0.79952956020189 -1.12020238694731 -0.698698727848765 0.172453402010811 1.34465661965481 -0.737647921361258
"24" -0.950725042500649 -2.18067350179151 -1.54191507422231 0.0667633891165451 -0.455356200836746 -6.79429563483174 0.654255511207898 2.15104658455234 -0.203737595850404 9.30414503318855 -0.961326770723542 -1.38849034438442 -0.373224532201174 0.993212874498214 1.86810827751731 -0.930880649304754
"25" -0.891648508667167 -3.29648250561657 -1.51456242125554 0.413823405536192 -0.456181480428207 -6.52173252752185 0.68571614005427 1.96991802265669 -0.0526989866940246 8.86605074558006 -1.09609723011789 -1.60886486756124 -0.0234707721715317 1.94506680967323 2.31040982405619 -1.11218212461313
"26" -0.838719254080623 -4.36671120202328 -1.47378044692935 0.775974358127428 -0.478412225726686 -6.11050113701346 0.708517392151995 1.72337591122775 0.0760746113822961 8.25272280016024 -1.18103944165104 -1.74052503655287 0.321050144501053 2.96081103616096 2.58256297107533 -1.25810680127142
"27" -0.793287320672066 -5.29273679931446 -1.42386889258777 1.12151831923074 -0.522526915798632 -5.60618262478592 0.719935651781656 1.42398735720639 0.171376097904537 7.51866880363339 -1.19848757654944 -1.75250708962267 0.637142299788433 3.97875149726321 2.61426482896013 -1.34947346123568
"28" -0.754807362430112 -5.98686300306731 -1.36648728446842 1.41908888782785 -0.586603195967593 -5.05344841713601 0.717091628556249 1.08667806790864 0.225137056224569 6.71782935111857 -1.13542040788367 -1.62352014507644 0.904366669726187 4.93375194029545 2.35522311949808 -1.37053516966239
"29" -0.721176082939252 -6.38142469794106 -1.3006617639758 1.64087547950925 -0.666001138465724 -4.49172319623088 0.69734959266653 0.728256968000117 0.233423710802865 5.89919809766863 -0.985611286814631 -1.34598340250329 1.1063938942771 5.76087694639309 1.78447327045399 -1.31137684417899
"30" -0.689210848979593 -6.43595970190655 -1.22337184214529 1.76558077457642 -0.753226571147753 -3.95187859793133 0.658779634258593 0.367006364071287 0.197121082952074 5.10349209594463 -0.751257575907797 -0.928917631091167 1.231995808954 6.39896158509664 0.917228420817935 -1.16993044527931
"31" -0.655202223652321 -6.14167431048755 -1.13058523978678 1.78077425793475 -0.838088780357807 -3.45417014890045 0.6006100847144 0.0222378079672225 0.122171407062511 4.36098599513188 -0.443816275900886 -0.399158968882375 1.27563479702212 6.79410588634769 -0.19196027671552 -0.953266751958608
"32" -0.615477037486558 -5.52266720241835 -1.01853445892287 1.68434443044757 -0.908241537962282 -3.00752647899281 0.523590743220428 -0.286306089861156 0.0192686231683989 3.69054124663688 -0.0838292626911681 0.199511098676908 1.23763294220717 6.90308847231992 -1.45068120731224 -0.677859646721117
"33" -0.566916620568913 -4.63368411527411 -0.884991860989054 1.48483488006377 -0.950148113552441 -2.61019726376949 0.43019438643165 -0.539310884588254 -0.0970330717098511 3.09979839892469 0.300381124241746 0.809521238680077 1.12392538243975 6.6966462474758 -2.73526638214713 -0.3686154260904
"34" -0.507385208455677 -3.55453472256439 -0.730305673000224 1.20057171974554 -0.950444657549054 -2.25165779073504 0.324603885141395 -0.719072204416996 -0.209766258465232 2.586441321003 0.675132782650948 1.36488098313441 0.945425180628565 6.16248804460386 -3.90239073133927 -0.0566127077756846
"35" -0.43603530137753 -2.38168219928516 -0.558005262074261 0.85764016835202 -0.897600616412131 -1.91555163918375 0.212462564531894 -0.810989748269058 -0.301441729050809 2.14037532666507 1.00475266881079 1.79838250186003 0.717050761829665 5.30781776567186 -4.80481549347877 0.224308212141977
"36" -0.353469273557339 -1.21787250815812 -0.374861422152094 0.486926438657179 -0.783701147085147 -1.58333532681877 0.100401758175654 -0.80527440151306 -0.356194772335672 1.74658441664771 1.2555688601077 2.0499325914484 0.456490615119957 4.16105870478811 -5.30970004382613 0.441762602131575
"37" -0.261749231549574 -0.160955072831058 -0.190382520998206 0.12058236822952 -0.606117965960896 -1.23818520285761 -0.00460392907855578 -0.698679699076386 -0.36193375340011 1.38835453293657 1.40006748283775 2.07504353803188 0.182801295597116 2.77241816266588 -5.31729550653137 0.569320792638109
"38" -0.164259374745708 0.706789393605831 -0.0158237077113768 -0.21163166394993 -0.36880454404928 -0.868658326876648 -0.0959724586942698 -0.49599468213782 -0.312203520707125 1.0504864211034 1.42067181616694 1.85233916946299 -0.0850493680407531 1.2129307379163 -4.77745893176359 0.590647789100785
"39" -0.0654362714561358 1.32749302023811 0.137132380740702 -0.48563630993246 -0.0829592334299605 -0.471586862955931 -0.168240827860789 -0.210993791323865 -0.207479592080741 0.722093230785376 1.31258764142046 1.38890406766654 -0.329574864921376 -0.428315132912912 -3.70139242605336 0.502616902137561
"40" 0.0296079990896665 1.67356899586794 0.257812362083982 -0.685508033728837 0.233149045238496 -0.0537450897802358 -0.217677706783931 0.133454529784878 -0.0556561012409977 0.398601187235471 1.08522959387002 0.722449538315232 -0.535983659962273 -2.04892347718484 -2.16637808070948 0.316818133438346
"41" 0.115537295556269 1.74980021645382 0.337879628603957 -0.804807010061495 0.555305152940372 0.368036269293192 -0.242690553375624 0.506356152062395 0.128420277277743 0.0826548316405393 0.761897858081888 -0.0804048856869031 -0.693115850091402 -3.53985882803472 -0.312045617346826 0.0590771010413391
"42" 0.187279397341911 1.59132463630141 0.372349165388371 -0.846597827765635 0.855409438312585 0.768432116169905 -0.243963741429035 0.87075177771861 0.324395605659871 -0.216232290583577 0.377598282108053 -0.929955099378049 -0.794032874954407 -4.79372817909897 1.67219681651329 -0.2331201154891
"43" 0.240509100485696 1.25774791014832 0.360143208192142 -0.822202673728526 1.10432251814255 1.11674203771869 -0.224303873847077 1.18701631597835 0.508718054117736 -0.483261412593151 -0.0248367553134088 -1.72298075810454 -0.836226947848537 -5.71409372769189 3.5676566554755 -0.515078516736139
"44" 0.272083954086259 0.824163417529931 0.304121297086482 -0.748920154612676 1.27520210532201 1.38119790522849 -0.188213291899949 1.4170474406596 0.657558843265324 -0.700954395507139 -0.399903533935458 -2.35509640869782 -0.821457344220391 -6.22498030138567 5.15258331295229 -0.740692485262343
"45" 0.280391778501603 0.370319456305609 0.210606616073136 -0.647095829199259 1.34693197869407 1.53387773883276 -0.141255456013671 1.52890003301191 0.749980079241923 -0.852396067001763 -0.705210944720633 -2.7343977772066 -0.755259484354983 -6.27955639701953 6.23086633656681 -0.868814396061225
"46" 0.265573894199282 -0.030533396045584 0.0885113277146559 -0.537016459780205 1.30718321308997 1.55550427446942 -0.0893090580386762 1.50126888190002 0.770918397021254 -0.924605222229644 -0.907104086457061 -2.79456200191862 -0.646204371930395 -5.86689417644885 6.65928577918299 -0.869281378214055
"47" 0.229596423141853 -0.321509659813515 -0.0517772047678022 -0.436105481769346 1.15465190094657 1.43937196569861 -0.0378254912239839 1.32714356146423 0.713547533640779 -0.911480200536019 -0.985309118477439 -2.50545928492102 -0.505005908179815 -5.01578434156353 6.36929273674269 -0.727691861231051
"48" 0.17615423096661 -0.469236791953975 -0.199559738446411 -0.356824121949614 0.900091890179713 1.19373050933595 0.00879681057977422 1.01598572383648 0.580643917000184 -0.815807876299218 -0.935878084908865 -1.87953103341329 -0.343579242431645 -3.79481075272509 5.37981821928287 -0.44817192788696
"49" 0.110407523428169 -0.467246106198132 -0.344856153603232 -0.305547219623008 0.565900543522551 0.84215140950171 0.0476279200891092 0.593923471141636 0.38470265694938 -0.649955155707502 -0.771929400052542 -0.972686052732342 -0.17414437346692 -2.30826652849338 3.79871779139091 -0.0536450209465329
"50" 0.0385684162372044 -0.335137474110809 -0.479162616259373 -0.282511735831918 0.184203862472654 0.42169145969185 0.0773549272810641 0.101711753810278 0.146721813314596 -0.435062178471966 -0.521989166944216 0.120791338933259 -0.00844791469205219 -0.687980698175088 1.81202105144428 0.416523579127897
"51" -0.0326281770622678 -0.113702036742964 -0.595857525599953 -0.282760216488214 -0.206401430278243 -0.0209989907898489 0.0981528179308242 -0.409460221229807 -0.106233685676037 -0.198795542763591 -0.226095423993947 1.27894229192293 0.142853339164201 0.918339703631295 -0.3380553975868 0.911249043620501
"52" -0.0965207578178706 0.143177339920157 -0.690253623302056 -0.297850222862564 -0.565089044272274 -0.435147676182879 0.111315431282286 -0.883876787388246 -0.344390336694081 0.0280413675373268 0.0698243456853191 2.36717594097308 0.270634935814421 2.36114146337822 -2.3836346721622 1.37420163525667
"53" -0.147126797297886 0.378514871283187 -0.759363926380033 -0.317995909322349 -0.853507439945603 -0.772170909746222 0.118725878802412 -1.26816482917086 -0.539098958827643 0.215546656790039 0.320510498145701 3.25564661579483 0.367589135851599 3.50392722558427 -4.0661510018316 1.75114992702083
"54" -0.179697205470738 0.542462823662646 -0.801500947395752 -0.334261310315526 -1.04033707761152 -0.991925120107538 0.122273204689442 -1.51815922237328 -0.666608482894533 0.3387923521136 0.487905875028574 3.83650668712926 0.428386186614716 4.23731525499795 -5.17085895030493 1.99714805402937
"55" -0.191163432738826 0.601126459788048 -0.815851825686423 -0.34043781035723 -1.10508835301902 -1.06798415047199 0.123330009201613 -1.60474412843661 -0.711240858117942 0.381296530257671 0.546692669270193 4.03850527430404 0.449755416136686 4.49056613029405 -5.55590560370388 2.08255234963144
"56" -0.180431166541108 0.542507142007238 -0.802162323755198 -0.334303455547001 -1.04061819299795 -0.991155936016185 0.122392570851972 -1.51777031689257 -0.667505057392089 0.337346525509105 0.48799368497626 3.83674329469113 0.43052514058305 4.23914785119379 -5.17170212663223 1.99701237665477
"57" -0.148489574694917 0.378597838647821 -0.760622877513285 -0.318066458354394 -0.854014317154846 -0.77070905320933 0.118952970256775 -1.26743218411629 -0.540839303157084 0.212803204247905 0.320673159349752 3.25610154323022 0.371646768974923 3.50738368421626 -4.06772395257042 1.75086730878957
"58" -0.0983232493836255 0.143286579649043 -0.691989171443694 -0.297924099244199 -0.565722523662876 -0.433123385495989 0.111627708130442 -0.882886090326792 -0.346871858749652 0.0242575899379176 0.0700377832418084 2.36781686450809 0.276209101141237 2.36584401327513 -2.38572627977624 1.37374853939264
"59" -0.0346338777678241 -0.113588309043649 -0.597901659261836 -0.282805166386311 -0.207038643386347 -0.0185530547083772 0.0985176968767654 -0.408330696186781 -0.109309733546991 -0.203326415222264 -0.225863170471513 1.27972984172288 0.149428433392636 0.923812502398985 -0.340383867432934 0.910588585836649
"60" 0.0366014845674059 -0.335056194295419 -0.48130820362671 -0.282492976037247 0.18368601107688 0.424468268962961 0.0777295457166396 0.102832330439526 0.14323413072856 -0.440111155691596 -0.521774174439059 0.121686161614889 -0.00141659788970472 -0.682223436831467 1.8097777773304 0.415605830066397
"61" 0.10869091588701 -0.467260509363868 -0.346854928179212 -0.305430842467842 0.565604465391139 0.845295751805708 0.0479560851249872 0.594855769779002 0.381013565206406 -0.655480643583118 -0.771768692027287 -0.971719339285983 -0.167145691801149 -2.30263044062463 3.79689869138133 -0.0548801644363266
"62" 0.174849108395946 -0.469456571452511 -0.201101211906689 -0.356577279100122 0.900086262015949 1.19750616531446 0.00900089469520537 1.01650055361232 0.576982600872448 -0.822106652072279 -0.935808346148271 -1.87852594338278 -0.336972653663903 -3.78954056995554 5.37877455889509 -0.449789131727357
"63" 0.228815788683374 -0.32212527724856 -0.0524378998791946 -0.435691383940309 1.15497004340102 1.44440627310953 -0.0378605653215978 1.32691956601795 0.710156792975943 -0.919384863769892 -0.985368602834434 -2.50445774114905 -0.498964635563333 -5.01089608471912 6.36941404042102 -0.729753353714841
"64" 0.265409198695387 -0.0318715073787388 0.089361046872682 -0.53638240315928 1.30783443249058 1.56298682342451 -0.089763438912275 1.49981569031242 0.768055889597601 -0.935763661011023 -0.907338970498309 -2.79363384757494 -0.640672651192641 -5.86211461872306 6.66106828569605 -0.871841405652049
"65" 0.280963136642647 0.367710434344772 0.213954036181264 -0.646152579322177 1.34792583987761 1.54585838385483 -0.142418401120622 1.52543358653317 0.747930611886427 -0.869685955478474 -0.705687316070964 -2.73366984044105 -0.749914088471265 -6.27425571814407 6.2350361936966 -0.871918800316507
"66" 0.273612651984386 0.819386533691571 0.311541268824627 -0.747510879201513 1.27658505470586 1.40103152015103 -0.190549753265387 1.41030060763825 0.656662565871564 -0.72910119426659 -0.400726169700611 -2.35479146242233 -0.815658595462242 -6.21807827760328 5.1602878045515 -0.744386634790317
"67" 0.243412980700267 1.24937719877413 0.374130895617384 -0.820059193298846 1.1062268183004 1.14973467291603 -0.228551047142236 1.17496404541271 0.509419110574668 -0.529739026984004 -0.0261758129303047 -1.72346765784164 -0.828942155773184 -5.70391803117542 3.5807379921082 -0.519424840223337
"68" 0.192295091607221 1.57715865324811 0.396782823071035 -0.843281528467429 0.858115547591715 0.822744830643799 -0.251265783876494 0.850227329412107 0.327314935333 -0.292528190717576 0.37547168949007 -0.931812924832911 -0.783715451809304 -4.77780550909586 1.69356317994027 -0.238223112089372
"69" 0.123876463651044 1.72654065579175 0.378639385688189 -0.799631925731035 0.559319608125901 0.455895604782242 -0.254779312497444 0.472535539352876 0.134455192556534 -0.0406621194577639 0.75856668279792 -0.0845052942861457 -0.677525859128203 -3.51462537781751 -0.27793993395386 0.0530446272102836
"70" 0.0431560252072885 1.63642365114336 0.323572772305006 -0.677445091437107 0.239299578093711 0.0854985997181785 -0.23710496473791 0.0791929079095652 -0.0452039772089172 0.2031620644604 1.08007691540826 0.714837314644683 -0.511939985027318 -2.00935051515147 -2.11293965369794 0.309597766906109
"71" -0.0438723974557611 1.26971710425356 0.240328065351072 -0.473201143353265 -0.0734119367610191 -0.255638355328095 -0.198662377416319 -0.295974706360468 -0.190747736850436 0.418874721057477 1.30473585193695 1.37598299914953 -0.292635653793809 -0.367458569220028 -3.61919427362113 0.493869033628926
"72" -0.130652273643065 0.619201773528161 0.14210858387699 -0.192763836922154 -0.354043469839347 -0.541073312504786 -0.142475528520968 -0.626042844192803 -0.286585506823661 0.590230190870059 1.4089193970942 1.83163081787688 -0.0291264131236559 1.30443030501202 -4.65347980292489 0.579991158615712
"73" -0.210507574304268 -0.290413580854178 0.0456241017046963 0.148634117662624 -0.583645690221213 -0.752186595140984 -0.0740566820345308 -0.893209547824156 -0.323877249316946 0.704968657553451 1.38283088099988 2.04321979419387 0.265876222437946 2.90683570131767 -5.13415988976965 0.556418765891067
"74" -0.277065492089312 -1.40443441614678 -0.0303109821968519 0.527691859960413 -0.750231907363701 -0.878214257550709 -0.000983575572650608 -1.08971373174133 -0.300997018945858 0.75406367247497 1.23084037779365 2.00265012799287 0.57741302869826 4.35400870054601 -5.04502381267559 0.426463611170675
"75" -0.324632011932881 -2.64375781509368 -0.06649440038629 0.915463220325364 -0.848989866762859 -0.915094538656533 0.0677855904431048 -1.21751380780918 -0.223071873094347 0.73036995607589 0.970088515864852 1.73014639527071 0.889449302247503 5.57849572347405 -4.43080134750159 0.206841422394291
"76" -0.348500392791772 -3.91324566918267 -0.0452092605224337 1.28057099206228 -0.881679204454134 -0.863556962789126 0.122786467128202 -1.28691331163061 -0.100758807215761 0.627116733949734 0.627687702789082 1.26897180764479 1.18614761909717 6.53359712784103 -3.38585070410221 -0.0753938540387935
"77" -0.34518128805672 -5.1117248841434 0.0479032554779835 1.59277394428872 -0.855418641368083 -0.726985790849717 0.155022585772059 -1.31439748558721 0.0514902976467191 0.436731642383478 0.237006282468137 0.678024555789875 1.45310377663114 7.19386217904068 -2.03826577859536 -0.386959550997517
"78" -0.312553207642708 -6.1423014630733 0.222108835883553 1.82641321296398 -0.781115475979731 -0.509584575439803 0.156944704460848 -1.31997808956198 0.217385691228488 0.150418148487923 -0.166411283140938 0.0234875087801356 1.67841110095467 7.55392379049263 -0.531988115709623 -0.692843693141413
"79" -0.249941706043041 -6.92172409109301 0.48009200766181 1.96330350951243 -0.671795882519838 -0.215260980381288 0.123346182711293 -1.3243421725797 0.380697067828342 -0.241246152002638 -0.548752468372665 -0.629333222459763 1.85344000294115 7.62607529419896 0.990563469749532 -0.960565645364795
"80" -0.158142728694443 -7.38775349457879 0.816801200077954 1.9947333726397 -0.54106271442708 0.15253591369504 0.0520967154539527 -1.34607627109421 0.526859025637735 -0.746644652282605 -0.88122618924363 -1.22302651977839 1.97325795445321 7.43702977712597 2.40325267719766 -1.16368659782938
"81" -0.0394076426941616 -7.50384098876624 1.21870388948199 1.92237474291721 -0.401847253536967 0.590021931393252 -0.0553488214244755 -1.39920248627641 0.644129903778597 -1.3705901459678 -1.14242476190254 -1.71327628484255 2.03666398998413 7.02428765041244 3.60693907316255 -1.28423528726103
"82" 0.102596668246973 -7.26083244089125 1.66353774867411 1.75804937260281 -0.265544833963271 1.09154821961786 -0.193715334668649 -1.49122620808148 0.724238440387346 -2.11134691812438 -1.31960870550619 -2.07189156483037 2.0458630962277 6.43248056775281 4.53547042853023 -1.31391147816475
"83" 0.262849069857749 -6.67582649895436 2.12066612510411 1.52243424675967 -0.141544991487489 1.64773260008151 -0.353982183152548 -1.62186108751364 0.762538239894971 -2.95777639571245 -1.40891921517676 -2.28763065717101 2.00585063660384 5.70997199845842 5.15701436714954 -1.25411008632705
"84" 0.435066038913691 -5.78866782597841 2.5521690088993 1.24289310854817 -0.0370978212239472 2.24374303092262 -0.523790929052641 -1.78256373257992 0.757759407470795 -3.88722161365332 -1.41465106418897 -2.36504928679506 1.92360823739656 4.90589069281588 5.47139142201934 -1.11494480025908
"85" 0.611845050349119 -4.65680078298585 2.91480495567132 0.950687829589924 0.0425896166731059 2.8582190162839 -0.688195055386846 -1.95697216092071 0.71149161063206 -4.8646739691798 -1.34780644448375 -2.32179308681145 1.8072267051179 4.06766813038575 5.50447150672835 -0.913528008627281
"86" 0.78488667360878 -3.34932013439094 3.16294516457771 0.677851856985058 0.0941529953726792 3.46321366589185 -0.83074087789204 -2.12228953580999 0.627549414552904 -5.84358676833575 -1.22419303179063 -2.184858429516 1.66506864203874 3.23906012831592 5.30086907604505 -0.671784960504965
"87" 0.837412334730054 -2.91127447739668 3.21037494567009 0.600486375765058 0.10428802919519 3.64730634546986 -0.868579066749239 -2.16840850472383 0.594001395795663 -6.14470764223692 -1.17622815935897 -2.12715889514413 1.61604650476612 2.98538769013817 5.19599126597677 -0.590835740755438
"88" 0.991977846287606 -1.48686843383199 3.24146475528473 0.397503827701229 0.116480371812677 4.18838150708747 -0.957258427044097 -2.28043557325859 0.468933979728157 -7.04000684767488 -1.00628396735486 -1.91614488737457 1.45191219869337 2.22710737186531 4.76630384678401 -0.333186509346433
"89" 1.12214946266899 -0.060074504415681 3.06638059231175 0.27384022758099 0.0989774867574162 4.63854533478574 -0.988157938826319 -2.31994275706538 0.320421589376636 -7.80166535606396 -0.823172804125534 -1.6866315012868 1.27890891835804 1.55748023651787 4.23310642331808 -0.0912569909762624
"90" 1.21961525049681 1.29943138394302 2.66373850062972 0.242800892597302 0.0537689458643844 4.96251987536122 -0.95065382240514 -2.26309936132333 0.156055977389756 -8.37117056233678 -0.644215541872438 -1.46722698247697 1.10245599524505 0.998240618837721 3.65128317258359 0.11393125350628
"91" 1.27732991345056 2.52925012890957 2.03064083919833 0.307336710670143 -0.0153531098579736 5.13038899588649 -0.839397869727105 -2.09359803637168 -0.0159031219977339 -8.69809113043389 -0.483709423552863 -1.27987297098161 0.926789853700697 0.562319796601681 3.06762541826851 0.266067314268184
"92" 1.29017041908679 3.57565469207152 1.18687357982434 0.459182345610486 -0.102622896514975 5.12131058004443 -0.655591880365884 -1.80598173901877 -0.186529068979028 -8.74541307726249 -0.352010983446554 -1.13805719711195 0.755182995943459 0.25319628319567 2.51848755065254 0.354970264139411
"93" 1.2555236369167 4.39422575921161 0.177294211107103 0.678976745204068 -0.200231481127561 4.92648133233441 -0.407742993983391 -1.40802653747807 -0.346244680932553 -8.49372952576218 -0.255064263774415 -1.04606102121386 0.590267281629485 0.0646068602563599 2.02891108491997 0.377485971676151
"94" 1.17372560521349 4.95015657378361 -0.92838076961889 0.937467004431113 -0.298468750629586 4.55089868347665 -0.111713453942384 -0.921711963597048 -0.484964614848544 -7.94375879492591 -0.194357375500879 -0.999225204809136 0.434374998937784 -0.0191915151690045 1.6129256568878 0.337762849566843
"95" 1.04827819039566 5.21863647929607 -2.03897440741678 1.19783425893894 -0.386164043540683 4.01363117164178 0.210066101874219 -0.382432522888251 -0.592455255851208 -7.11689452406041 -0.167269346274377 -0.985151804586735 0.289814883682791 -0.0224138913694176 1.27470570702241 0.246826268587938
"96" 0.885787219036226 5.18560751935827 -3.04865924537568 1.41908504367038 -0.45146767935573 3.34651699355421 0.530261660226707 0.163697731713754 -0.658960799922488 -6.05375144440071 -0.167753197090203 -0.985704415991449 0.159019867487416 0.0241469784960491 1.01028669285648 0.121416046441254
"97" 0.69559535968966 4.84900206739353 -3.84692091830989 1.56032387647224 -0.482954386080925 2.59142646236279 0.819106097202408 0.664340478007013 -0.676084992119701 -4.81091915083066 -0.187286570680033 -0.979618202187339 0.0445346958300412 0.0859280102295621 0.809597698950938 -0.0178744590418773
"98" 0.489120026386404 4.22034899742306 -4.33087463007868 1.58557479120986 -0.470961164499969 1.7964154364731 1.04747524605816 1.06684193182826 -0.637852625903258 -3.45633786900948 -0.216005935544679 -0.945482808658312 -0.051152378318335 0.128183813327734 0.658623720417438 -0.149022440388308
"99" 0.278946586462197 3.32642477219716 -4.41861772715352 1.46867452402964 -0.409007812162443 1.0112371234984 1.19025193794074 1.3249076977771 -0.541815309744154 -2.06384047792651 -0.243924783426422 -0.864817183389391 -0.125896575557221 0.120046664180001 0.541553996324808 -0.251324652375843
"100" 0.0777641792443404 2.21046679654706 -4.06190976343024 1.19764887783577 -0.295100424305406 0.282752079636126 1.22957141171284 1.405198425168 -0.39002381481942 -0.70745374192817 -0.262123081340523 -0.724921825613137 -0.178241260259426 0.0385925127556073 0.44279606985566 -0.308145907604967
"101" -0.102740818367121 0.932394687922752 -3.25629391560282 0.777938184357225 -0.132697806715392 -0.349225576266441 1.15750221565399 1.29290769840644 -0.189674075609386 0.54397780223303 -0.263788846586866 -0.521180773711762 -0.207748410366882 -0.127653475112598 0.348741833800375 -0.309293389985669
"102" -0.252905615902225 -0.432477566547966 -2.04687454077563 0.233882699642606 0.068864468469096 -0.855179681017361 0.977740961830033 0.995423519996052 0.0467486518579383 1.63137539488755 -0.24499761577535 -0.258503420199531 -0.215245466532519 -0.376351833661131 0.249171440023872 -0.252651809376175
"103" -0.365903054783786 -1.79660529727342 -0.528367526471825 -0.391974536075139 0.294645470599882 -1.21790444948647 0.70599167539036 0.543357859462908 0.301952236038202 2.50888368254492 -0.205135041399689 0.04834633391431 -0.202933169566304 -0.690614647103203 0.138185915243525 -0.144787726691675
"104" -0.438245229733184 -3.06537148344664 1.16128572316858 -1.04196825376334 0.525133760299323 -1.43310797214321 0.368854213676011 -0.0114581011549646 0.554992488280194 3.14602498124572 -0.146902634586922 0.375685455634652 -0.174321368403085 -1.04020361284987 0.0145802701575803 -0.000363718055950812
"105" -0.46991812798422 -4.14404626692887 2.85358315836884 -1.64866525295915 0.73800641015694 -1.5086184321832 0.00124309558181679 -0.601008731686434 0.783049206345003 3.52852544623833 -0.0758943686765754 0.693123690600487 -0.133986707483132 -1.38469616582506 -0.118388537936653 0.159624415652843
"106" -0.464135934848988 -4.94602451229904 4.36731068744248 -2.14204530610513 0.910459370334497 -1.46237651424569 -0.357429352103093 -1.14871016545963 0.963671748363121 3.65791936838503 0.000213063779646916 0.966897457098298 -0.0871737367608034 -1.6783540294539 -0.253821351290071 0.310590284864247
"107" -0.426755557862032 -5.40152494061407 5.52961580809546 -2.45774910266027 1.02185473506044 -1.31953771716147 -0.667875880783557 -1.57874477079355 1.07725433470644 3.55013427354684 0.0727589537323894 1.16399860643685 -0.0392856912203676 -1.87614101619538 -0.382491139412764 0.427720058260775
"108" -0.36543845104344 -5.46572969256282 6.1977028810206 -2.54539963152237 1.05635834486888 -1.1090998886995 -0.895786962623689 -1.82593361734128 1.10944083527046 3.23331544700661 0.133343601573536 1.25661886608657 0.00467028949952208 -1.94011402165755 -0.494483493506209 0.489486512991107
"109" -0.288680579293953 -5.12526956354465 6.27824079699324 -2.37589336472013 1.00521233521164 -0.860504217050554 -1.01626593191081 -1.84480421233496 1.05313780686685 2.74516451455301 0.175049353707607 1.2263276672636 0.0406090140478383 -1.84529504932238 -0.580935273718353 0.480807109985335
"110" -0.204846845896412 -4.40204264012662 5.74168009811793 -1.94660100838183 0.868309279413507 -0.600630256567918 -1.01722001959687 -1.61653898805255 0.909839223105835 2.13004895719452 0.193463235267153 1.06737220467244 0.0657904429460885 -1.5841484642464 -0.635613627643352 0.395382406370345
"111" -0.121340834039129 -3.35359518523593 4.6292072481816 -1.28362154532977 0.654807341698002 -0.351523653227531 -0.901195271743884 -1.15271681513568 0.690036112129131 1.43609795946833 0.187348744451789 0.788550636892069 0.0790781439864219 -1.16894094042121 -0.656087376257233 0.236867369562333
"112" -0.0440149484815375 -2.06967137324391 3.05096446280146 -0.440579734691767 0.382641296057783 -0.129072466480565 -0.685339520445371 -0.495162193704751 0.41259162954241 0.712446501845967 0.158860748136348 0.413265385673981 0.080992220234954 -0.63153376011332 -0.644294869871999 0.0186972427102319
"113" 0.0231160111482254 -0.665007945290689 1.17531888638175 0.506096033924905 0.0769273907470049 0.0572972629402457 -0.399429624090075 0.288257185520571 0.103093297121579 0.006735187096929 0.113262299957412 -0.0224001113308532 0.0735442431775759 -0.0205104233949216 -0.606401495383864 -0.237416925248226
"114" 0.0778463618477119 0.731051573573168 -0.789786581930279 1.46499286568158 -0.23258901337707 0.203983122271119 -0.0821715201927447 1.11146828658195 -0.208668681549459 -0.637073542898221 0.0581762300283231 -0.473451685408349 0.0598730646094907 0.604074971122163 -0.551952955365152 -0.504120913162296
"115" 0.119477142476526 1.9870926751886 -2.62121141676789 2.3397537430524 -0.514757222312078 0.311830373988094 0.22376609182616 1.8807106203536 -0.491824623852746 -1.18053659128997 0.00247607066934563 -0.891180459300585 0.043730076783433 1.17768940100242 -0.492448381755537 -0.75182274998383
"116" 0.148325356208275 2.98294281310008 -4.10764904927272 3.04011434550159 -0.740528470651961 0.384317447773711 0.477330342532284 2.50636058815232 -0.717786404469257 -1.59222371617344 -0.0450214293294167 -1.22911651291997 0.0288858726714984 1.63914361029858 -0.439559047553644 -0.952416125261152
"117" 0.165159247200078 3.62221722168876 -5.07576685539202 3.49252524574223 -0.886307616261274 0.425648921739068 0.644518006772291 2.91446068257851 -0.863438094212088 -1.84886823832947 -0.0768662308240948 -1.44891782456511 0.0185434303151304 1.9381941368727 -0.403284403647547 -1.08283165678017
"118" 0.170682051971179 3.84258755516706 -5.41194270710582 3.64896088675005 -0.936719254898015 0.43909727840159 0.702913198097193 3.05635611131205 -0.913758252963337 -1.93618232095461 -0.0880879661180316 -1.52534452871737 0.0148434683891274 2.04188217315595 -0.390353734836822 -1.12795537064744
"119" 0.16517238605142 3.62250719165023 -5.07663203071898 3.49273325518678 -0.886427725991193 0.425880055178091 0.644693823490403 2.91508385485535 -0.863541172078268 -1.84934303356547 -0.0769407602422589 -1.44957999229348 0.0185350078344122 1.93872919830472 -0.403144201735017 -1.08254070880571
"120" 0.14835533071699 2.98355177213009 -4.10938631802293 3.04052111221117 -0.740771514237322 0.384762932296816 0.477682847325383 2.50760764176039 -0.717996416308528 -1.59315322408755 -0.045164607489248 -1.23039705386077 0.0288600866958184 1.64020262860242 -0.439300051185512 -0.951871657170614
"121" 0.119530551690922 1.98808069113421 -2.62382894800694 2.340337955416 -0.515128201277133 0.312455767216321 0.224295609180995 1.88258035146357 -0.492149492820329 -1.18187905025545 0.00227734849730155 -0.892991653688341 0.0436696412673854 1.17924583318791 -0.492118499892626 -0.751093474497566
"122" 0.0779311739567792 0.732515901274091 -0.793284211944389 1.46571618303992 -0.233093973442432 0.204735206571044 -0.0814677868473801 1.11395280686793 -0.209121050366181 -0.638763655226171 0.0579450543173081 -0.475661033364645 0.0597528170536101 0.60607867655611 -0.551637006388148 -0.503295560751894
"123" 0.0232393577819696 -0.662917787989407 1.17095981307798 0.506896663331446 0.0762826171154956 0.0581032822117535 -0.398560839137334 0.291336167462681 0.102494398263385 0.00478663319388772 0.113036297645749 -0.0248273329475523 0.0733299644090621 -0.0181447047871943 -0.606238373738279 -0.236589389764958
"124" -0.0438496413850018 -2.0667208306016 3.04578718726927 -0.439795078635626 0.38185183826868 -0.12830578486949 -0.684324511887281 -0.491526097728944 0.411816978437843 0.71035087794079 0.158699463556054 0.410856217053833 0.0806353758129532 -0.628941850058902 -0.644505809434577 0.0194450539411264
"125" -0.121137487261455 -3.34940005989077 4.62327607610228 -1.28298929001173 0.653868561310532 -0.350914123444326 -0.900065231855965 -1.14857807946655 0.689038429807681 1.43398682947655 0.18734598967972 0.786468547178288 0.0785031004886712 -1.16633134636077 -0.657024362775644 0.237484633726353
"126" -0.204621424053874 -4.39595172130034 5.73506126440223 -1.94632050786956 0.867213231419388 -0.600333171664602 -1.01602009905209 -1.61196054834013 0.908538275912055 2.12807741297551 0.193768037982849 1.06603391658712 0.0648695770141963 -1.58183733259757 -0.637843268184383 0.395871454715916
"127" -0.2884673951473 -5.11616547237118 6.27096174963487 -2.3762622181265 1.0039397743062 -0.860743413053079 -1.01505552007689 -1.83983517813873 1.05139427319118 2.74352935561802 0.175900922026671 1.22632057158762 0.0391198022928236 -1.84376452765088 -0.585380742100881 0.481251040570669
"128" -0.365299061356421 -5.45170988762359 6.18968447062629 -2.54687482049022 1.05486443065759 -1.11022951048528 -0.894638902666779 -1.82056852674095 1.10701343797522 3.23230183549644 0.135127708232559 1.2588078396808 0.00222679927066238 -1.94010990996586 -0.502655036152362 0.490086600492305
"129" -0.426791911860963 -5.37941533829458 5.52057256888376 -2.46104690799757 1.02004654113526 -1.32215060343489 -0.666875402984886 -1.57285998122266 1.07373351520405 3.55020871634025 0.076095168921249 1.16969642496917 -0.0433366224654925 -1.8788315805853 -0.396843498848455 0.428849192074267
"130" -0.464510366895764 -4.91066930304869 4.35661514136206 -2.14829523312511 0.908163397766009 -1.46747857066428 -0.356674002460748 -1.14197346913165 0.958382173240245 3.65989160264633 0.0060840875513577 0.978122004815418 -0.0939038873986071 -1.68557830336896 -0.278283443527926 0.312871103857788
"131" -0.470883849346789 -4.0873113606485 2.84009085233176 -1.65963474602427 0.734924534783612 -1.51789185855818 0.00164093032383228 -0.592758521507221 0.774912890726871 3.53380728175376 -0.0659588548153494 0.712966642126617 -0.145100224315414 -1.39933649865809 -0.159115063715717 0.164043589714083
"132" -0.440191893547672 -2.97479925650661 1.14311895346685 -1.0603752017457 0.520786463778157 -1.44928903136013 0.368760510386196 -0.000548403760802785 0.542344665638105 3.15701989988799 -0.130575391692407 0.408815112730053 -0.192447391842293 -1.06672263227253 -0.0518130932713348 0.00770891510637739
"133" -0.369422344923503 -1.65367033683899 -0.554076630907865 -0.421902417266978 0.288302014513236 -1.24530184729034 0.70523820727424 0.558749869044313 0.282303862410152 2.52954522871026 -0.178964398076189 0.10166003895722 -0.232013435305412 -0.735799308527967 0.0321463669005766 -0.13078843958624
"134" -0.258881205843752 -0.210423594240162 -2.08427531157246 0.186458197389527 0.0594612068884839 -0.900354632106193 0.97610579531146 1.01802923722666 0.0164933305764396 1.66797171357393 -0.204001014373759 -0.17507643544684 -0.261028954807742 -0.450303866969684 0.0832826268205054 -0.229386213131875
"135" -0.112465100881298 1.27110091913738 -3.31112681323958 0.704513837092662 -0.146647139370781 -0.421840441342347 1.15468250783205 1.32663546210357 -0.23560415852701 0.606089213806307 -0.20097472597292 -0.39374906224009 -0.278395904362487 -0.24505227353181 0.0946498619753697 -0.2719608861903
"136" 0.062447629564728 2.71694358543169 -4.14180413348964 1.08647139361045 -0.315594648505906 0.168937029287783 1.22514817450287 1.45542813970719 -0.458538071548962 -0.605703138740857 -0.167965959578304 -0.534631195518614 -0.285027000567979 -0.143043752760821 0.0618978105665633 -0.250008767621466
"137" 0.255480629901195 4.06820989428439 -4.53332962827763 1.30397885789921 -0.438635553783281 0.837282525363349 1.18364697810415 1.39878990520175 -0.64205232685774 -1.90236250104705 -0.105841091282237 -0.586881661380858 -0.283971339093252 -0.15448569611363 -0.0170681787390095 -0.163172952112973
"138" 0.454063079722751 5.28388867039126 -4.49239845229685 1.34686484291558 -0.512947029243033 1.53716019577357 1.03790133735864 1.17356569291547 -0.781529697212112 -3.2075855977182 -0.0179051860933264 -0.548400247574591 -0.280302499339292 -0.277637096854102 -0.142669055319971 -0.0186279175484287
"139" 0.64445917548359 6.34128200131427 -4.06939419921482 1.22181443885273 -0.54115116974849 2.21467736460647 0.805512805263232 0.815320364267436 -0.877746293142112 -4.43852115522158 0.0906993542480876 -0.424775550238223 -0.280767075730147 -0.501086652502599 -0.314271130931388 0.170488838731444
"140" 0.812905609340625 7.23429509551728 -3.34797510651693 0.949459446255787 -0.530269967772277 2.81273621804364 0.511281240894197 0.372618954310475 -0.93604470536237 -5.51157664348792 0.213729243906382 -0.227619533295638 -0.293212411168049 -0.806885179230994 -0.530635154004472 0.387274711492864
"141" 0.946733139650016 7.97004092987815 -2.43202561441375 0.560497975617352 -0.490321238540894 3.27644382875619 0.183966457390186 -0.0997770222546563 -0.965090751824695 -6.34893872043642 0.344584196279332 0.0273829446140326 -0.325831095137104 -1.17387129588508 -0.790030994145923 0.613496769905396
"142" 1.03536050484987 8.56434529228159 -1.43188755061963 0.0914838633378281 -0.432783787568642 3.55876176206286 -0.14705894554146 -0.547854594781427 -0.975406563104851 -6.88529734997891 0.476944155943961 0.322401969270913 -0.386275917711332 -1.58057320131968 -1.08993438222461 0.831873970832476
"143" 1.07107619995701 9.0367925774035 -0.451627874730363 -0.419148778786536 -0.369145325374993 3.62581384962925 -0.454856341282442 -0.924574510311771 -0.977872683423448 -7.07416708890728 0.60521794863066 0.639124983182796 -0.480712348469099 -2.00722385834221 -1.42632681960146 1.02788671071426
"144" 1.04956029585316 9.40594040074431 0.421273350901977 -0.934409677553958 -0.30970312403278 3.46126208046222 -0.717347773981425 -1.19469954697032 -0.982368719807994 -6.89315167703749 0.724765394749973 0.960004275028155 -0.612886378536391 -2.43665843011422 -1.7927289673741 1.19091076399536
"145" 0.970137076901612 9.68526525952901 1.12293429859289 -1.42119603817852 -0.262725226634949 3.06921000328021 -0.918922744571391 -1.33779661059649 -0.996683009394404 -6.34751389981998 0.831902241476637 1.26904314472131 -0.783293689365824 -2.85412474778137 -2.17919034260836 1.31461184525233
"146" 0.835782043201819 9.88029565820337 1.6164419527445 -1.85181359127532 -0.234010801188222 2.47520112677298 -1.05115365994513 -1.34925190639758 -1.02577462525452 -5.47150171395726 0.923739187588005 1.55216886048913 -0.988540943764333 -3.24627897053388 -2.57151432187027 1.39667073732357
"147" 0.65292740891471 9.98725380686328 1.89173695064029 -2.20468699688277 -0.22682319082218 1.72504318865056 -1.11266610257816 -1.23938987355675 -1.07142284098125 -4.32704745210167 0.997935335867577 1.79731108067574 -1.22098997159672 -3.5998133787045 -2.95100253318714 1.43801329273992
"148" 0.431115238373785 9.99336873274277 1.96255750842671 -2.46447022767725 -0.24211754685766 0.881399650050675 -1.1083024155332 -1.03099206404875 -1.13225529565913 -2.99969450176305 1.05245762664333 1.99434074693102 -1.46876826517194 -3.90023831905658 -3.29494973021889 1.44177865875758
"149" 0.182537390676812 9.87884678804695 1.86123998683323 -2.62180169292341 -0.278952848331865 0.0183331265614584 -1.04777630651857 -0.755655143723487 -1.20411001264633 -1.59189956607089 1.0854294937429 2.13502274380539 -1.7162114972426 -4.13130125823212 -3.57801198205112 1.41226693461977
"150" -0.0741632603773699 9.62589493271035 1.63686392909511 -2.67294001063235 -0.333898202778311 -0.77329749519739 -0.946039798190217 -0.454641873471509 -1.279390167461 -0.236228195494149 1.09516334391513 2.21233818549354 -1.94123752076772 -4.27379286616004 -3.77199744433358 1.3552457957519
"151" -0.330271426447647 9.20756633661956 1.33350594858946 -2.62179235311521 -0.404929593163466 -1.44207110612748 -0.81500463528597 -0.155703866348141 -1.35253750632574 0.997622775294047 1.08079439904314 2.22507861220572 -2.13043199497946 -4.31535638888583 -3.86020882553345 1.2737513812483
"152" -0.567409204553307 8.60907125188568 1.00068595793017 -2.47356585962839 -0.487705317217184 -1.91834194354656 -0.669576034499846 0.106733102554337 -1.41486951672402 2.00289812009514 1.04132727311076 2.17086706358714 -2.26218554086501 -4.23949948783087 -3.82293499958172 1.17195603555365
"153" -0.769750887445664 7.82418042649541 0.680440270031646 -2.2389423760759 -0.577821830689313 -2.15835757760868 -0.522584802520887 0.307859862316405 -1.45874632701519 2.70721304736109 0.976918704042031 2.0514028865 -2.3192187058379 -4.03668600715392 -3.6509530461293 1.05325387594235
"154" -0.922689649705763 6.86060355372033 0.405207508638952 -1.93278509416143 -0.670428105318925 -2.1417129557306 -0.384607505048026 0.431931691856185 -1.47764146052489 3.06706248191485 0.889033715490317 1.87187021153443 -2.28836998445577 -3.7053828719058 -3.34553329680085 0.920949406855016
"155" -1.01395880260183 5.74215569962462 0.195751341333541 -1.57360393446766 -0.760205296468461 -1.8740059466791 -0.263394167769121 0.473246852438344 -1.46675779512783 3.07221615413199 0.780694599113225 1.64113112119537 -2.16240478398665 -3.25419214020846 -2.91957229907081 0.778600083298443
"156" -1.0347908843798 4.50885931400354 0.0607105656212781 -1.18271204935738 -0.841376455859827 -1.38647941763584 -0.163668897461182 0.43591940997122 -1.4234620216001 2.74643810170795 0.656541510136275 1.3715558234129 -1.94138875969374 -2.70276455186024 -2.39730422020335 0.630287062364687
"157" -0.980997795846942 3.21473197487158 -0.00237242713540553 -0.783016123491478 -0.90784424386657 -0.732529763429135 -0.0872646967063861 0.332542762668794 -1.34751699934108 2.144282655362 0.522651343537859 1.07840099066186 -1.63338542510717 -2.0811123782629 -1.81246871838647 0.480714722974199
"158" -0.853820416161714 1.92335122355777 -0.0048330229339939 -0.397465679858982 -0.953532138879877 0.0185980442619851 -0.0335264403482061 0.181958306497151 -1.24110770863524 1.34425378826872 0.386105613479764 0.778727205159498 -1.25429840760186 -1.42721993172549 -1.20506001287794 0.335090935049948
"159" -0.660381808252662 0.701661980892915 0.0361304586567357 -0.0472796898581862 -0.972953333203023 0.790169957454651 0.000101891995491599 0.00644109832221318 -1.10866859715754 0.439155324046254 0.254348204163975 0.489940609631503 -0.826780196466771 -0.783180698957682 -0.617034069524095 0.198798085565159
"160" -0.413591843131151 -0.38716665267178 0.100809462329437 0.249848508914397 -0.961959289737489 1.50725754915776 0.0173977612117788 -0.171320485741298 -0.956528581935547 -0.47508799732833 0.13442023487562 0.228133662901655 -0.378259662968574 -0.190404569210548 -0.0875616859618162 0.0769163550387475
"161" -0.131397024141187 -1.29079260469808 0.170203098124787 0.481315305512908 -0.918543099545248 2.10564272174493 0.0226787524303802 -0.331052699077347 -0.792397148725739 -1.310585361572 0.0321918345874899 0.00646492540363397 0.0617199810158837 0.315333549660754 0.351460503674275 -0.0263047952323632
"162" 0.164652093392851 -1.97355099589625 0.228671812680943 0.64068293283546 -0.843513831410779 2.53901453869717 0.0201986492162156 -0.457164498201735 -0.624723969599849 -1.99703153405649 -0.0482788686254487 -0.166159832030417 0.464537234956694 0.708150371165478 0.678926309442716 -0.107919472854519
"163" 0.451436789925655 -2.42013431828532 0.265699988257722 0.728061733778844 -0.740840413857651 2.7833846563214 0.0136807418649081 -0.540173770886135 -0.461977357165892 -2.48832369255641 -0.105145124470553 -0.285873874466461 0.805502807500577 0.974857777476746 0.88648257909648 -0.166607336040897
"164" 0.706707715865276 -2.63647556899515 0.276594458492923 0.749695593661841 -0.617503568292078 2.83810550204529 0.00602274049476215 -0.577142570343952 -0.311903198287865 -2.76540380896004 -0.138856024295137 -0.353955517147483 1.06642058517033 1.11581852503232 0.978615347398886 -0.202781425952935
"165" 0.911606445440846 -2.647696990447 0.26213010113441 0.716785306341592 -0.482792706780407 2.7234707180634 -0.00082045971800504 -0.571133793081422 -0.180841816583252 -2.83513878522916 -0.151911862897364 -0.37622893721948 1.23732143215045 1.14374012291692 0.970876513154849 -0.218462395892402
"166" 1.05287600775608 -2.49352688605788 0.227335582561516 0.643728558480063 -0.347121620308935 2.47549225428735 -0.00579642709395145 -0.529863613141735 -0.0731887236619415 -2.72573470761407 -0.148340642667158 -0.361870451231653 1.31710861745405 1.08070513844211 0.88661991191907 -0.21694558385957
"167" 1.12436075219842 -2.2220553639084 0.179753811409959 0.546070485780845 -0.220573761809973 2.13894626845961 -0.00859808183327537 -0.46385293207711 0.00892093554380935 -2.47975459707542 -0.133000462875877 -0.321847125356612 1.31302560081182 0.954080263017137 0.752897678600675 -0.202325460879138
"168" 1.12748711681646 -1.8829828458644 0.127579353082002 0.438513772663995 -0.111479053560443 1.76004134372287 -0.0094418589978762 -0.384447637990714 0.0656498861985035 -2.1461468988815 -0.110843218128906 -0.267281021707049 1.23905560083796 0.792136320649541 0.596307184439326 -0.178964428105473
"169" 1.07060062077636 -1.52154092751418 0.0780519532551942 0.333314219990285 -0.0253333436030849 1.38002263319363 -0.00883355393347962 -0.302065287667549 0.0992073012131409 -1.77272469027151 -0.0862737932672069 -0.208030602318388 1.11354830439627 0.620201083061076 0.439536205526878 -0.150995754751762
"170" 1.00119241571764 -1.27201676895395 0.0474863715303755 0.265128118748407 0.0205312235117312 1.12776208860315 -0.00784747222539739 -0.246464557803243 0.11097426068605 -1.50655171158904 -0.0693069692010742 -0.167454841363963 1.00429030016156 0.503285984115451 0.337606651927473 -0.130329522204875
