"V1" "V2" "V3" "V4" "V5" "V6" "V7" "V8" "V9" "V10" "V11" "V12" "V13" "V14" "V15" "V16"
"1" -37.2858982590419 7.0652459868387 0.708490793357697 2.46599158477034 17.4926593125828 -2.9637496942383 -0.0329138496688799 -1.45499094746015 21.0733256366743 3.54152979490053 -0.00461618522755458 -0.999896676230037 -23.4904805194596 -0.567715773600341 0.839888550243813 2.52126640409097
"2" -44.6332674851162 8.06053567269663 0.873006346503843 1.37742697035037 27.2562724698984 -2.78406751839299 -0.0348659213191382 -0.442910718227324 23.1215425432897 2.78166541652928 -0.010028896020394 -0.236856174677087 -34.9864148388774 2.24690744677476 1.13633252391514 1.34383473928392
"3" -31.7170450385416 5.38601489411599 0.63794597134094 -1.43878740798959 29.7295593875173 -1.31640997848061 -0.0201725754876634 1.69445712816037 13.1401546553773 0.381319987467975 -0.00428751296576024 1.11575667577836 -35.56334935397 5.32635550289619 0.999150722496324 -1.33148299765708
"4" -14.748309600748 2.66326919227242 0.265391278527488 -2.66950291618082 23.4281534203645 -0.877383818912932 -0.00744767719456974 2.43617397055209 3.40948012020748 -0.132694893261032 0.0128746370471191 1.52347201916655 -25.6506800207293 4.32028758252881 0.662495968628264 -2.39628174623431
"5" 8.31452223838019 -0.301117709339337 -0.31995765313367 -1.7364050456863 4.60224837866875 -1.8152567401678 0.00347854699448646 1.23863936544291 -5.80157450874592 1.85061096083604 0.043706895644462 0.726664582404737 -0.639859663625515 -2.43632304645635 0.0409743849304505 -1.40350171373575
"6" 22.3455664975686 -2.67423472799027 -0.674329420118283 0.489453389477148 -14.8152305981233 -2.02813606232858 0.00715674825539026 -0.883340018351873 -8.12972434369792 2.93206487165637 0.0452166994846905 -0.669827607383013 22.9224723991459 -8.16197735233358 -0.590721862217833 0.728407243022048
"7" 26.126912742414 -5.74436126441725 -0.657441308314375 1.64451258158169 -24.4036005899984 0.885822003002147 0.00943451255168526 -1.89422903609074 -7.29730304017508 -0.726532742119389 -0.00713677446862704 -1.45330945046135 33.5134338720146 -6.12558690857513 -1.14621414704106 1.76816374963892
"8" 21.8016982380647 -9.42386376315903 -0.33693438300196 1.42892097911363 -23.045167453601 6.43378335825366 0.0123864307162371 -1.58154756738679 -5.68708862360842 -8.45179306406311 -0.100647195489323 -1.45511335717038 30.9826903390966 3.07311405764467 -1.577369985004 1.44402380174597
"9" 12.2123915585217 -12.5872224352728 0.132278770558884 0.686921243821416 -15.2400655421601 12.4782001143419 0.015442887120809 -0.723607214920094 -3.21588078340433 -17.0239329485563 -0.201695436854379 -1.06683742417499 20.6478462381214 14.7447308760226 -1.82265511727871 0.554032804943745
"10" 0.800805856191388 -14.1135212972891 0.571271477260353 0.331192599532187 -5.41088792840297 16.7992340259999 0.0183567053588085 -0.179461752158431 -0.119708270251078 -23.0996058026397 -0.276528058691113 -0.593379260846632 7.64660958205477 24.0524346809788 -1.7809163675347 -0.200708630909503
"11" -9.16085315502923 -13.3244419077355 0.831012033114931 0.933545786001332 3.63496272852284 17.8334151819209 0.0215125578597757 -0.516242515937506 2.66392596384232 -24.335993027164 -0.301113386028042 -0.155977843363871 -4.49807177175637 27.6326679607869 -1.36616399528225 -0.47297167119541
"12" -15.573183560959 -10.1109214611271 0.840882695007807 2.53424154863046 10.3441758524464 15.0288427528365 0.0254001659280654 -1.81146920589799 4.36292531463449 -19.9216989070451 -0.264903429853518 0.208440509239153 -13.72356262656 24.1913276495224 -0.585646062820729 -0.204229319295337
"13" -17.8608452096971 -4.9639023814712 0.62506161963735 4.59037367823998 14.1509756443088 8.94974770028435 0.0303748039323821 -3.59611460324493 4.74065576540067 -10.7308302724102 -0.171820392588486 0.497691537247192 -19.2362141757139 14.6490731975684 0.429518994391628 0.421448805120235
"14" -16.7177899831617 1.17456657669146 0.2807093283444 6.18690028061496 15.259039114283 1.01459569768886 0.0364057577763788 -5.0457367163616 4.04186247965788 1.07939382077862 -0.0378901802094163 0.726069667466618 -21.2550066519751 1.61003866614273 1.46026669675757 1.06748091550071
"15" -13.508522367004 7.21260146112769 -0.0688730812986762 6.44237676418538 14.3351608298386 -7.04439666617978 0.0427528742981451 -5.35187476666897 2.76253697001998 12.8948868120721 0.113906275428661 0.909824427481908 -20.6106779446971 -11.7024385247379 2.27890299017804 1.39329825359891
"16" -9.64095767962066 12.2172915178717 -0.321179020710332 4.8805811778509 12.1869982651573 -13.7324881189395 0.0478259226750879 -4.06401458249815 1.40481775842912 22.4839887311921 0.259535676692906 1.05586367887281 -18.3200330190387 -22.5240852723909 2.7257854662962 1.19035406927833
"17" -6.14563037055001 15.6081432179865 -0.422259190502459 1.59225372901551 9.52446144823305 -18.1347526129473 0.0494015090883337 -1.24150364668742 0.315685402650114 28.5134120664904 0.378669990020128 1.15789666729688 -15.2723895569837 -29.2116725359117 2.74885782076012 0.444498098732765
"18" -3.53400330380853 17.197444791761 -0.370190299407554 -2.84201554021479 6.84507586493892 -19.9856733272219 0.0451515231590491 2.6119505915874 -0.361911731091684 30.6446740574012 0.457382619434838 1.1992650650609 -12.0824085445532 -31.365637358188 2.39827047993344 -0.684715286350183
"19" -1.86784359665879 17.1139473811786 -0.201023477454839 -7.57307535998484 4.42336638149403 -19.539913049937 0.033292351151907 6.74671442596832 -0.65447543368051 29.3271677459258 0.488804724449764 1.15420509836258 -9.08185587720862 -29.5604419363904 1.79030006703306 -1.92895998229415
"20" -0.90759362722261 15.6777275114194 0.03168456166091 -11.710941101026 2.3469588623088 -17.3834276559347 0.0132177519625856 10.3762291816913 -0.693823969500386 25.5037494543376 0.472380115598462 0.967613159970824 -6.37031347530416 -24.9518073138516 1.06103609325828 -2.95173581445033
"21" -0.235710944380259 13.277246151074 0.27601543741396 -14.4726652348879 0.550483917182405 -14.2928687077933 -0.0137892671724416 12.8198842731545 -0.664861533508176 20.3950041935649 0.412343440974041 0.499582291303341 -3.85849974334602 -18.9623515342566 0.323836052048364 -3.31935068859093
"22" 0.651754459116347 10.2657287739898 0.496130738048066 -15.2844656062036 -1.10824907775911 -11.1250796314153 -0.0435497499554671 13.5990806726832 -0.769880541691919 15.3318073343507 0.315288563988354 -0.486476614558342 -1.39111742259848 -13.0166252590665 -0.351998286600747 -2.51872678043401
"23" 2.14349548725484 6.88077555228409 0.678153393761391 -13.934018566476 -2.71776341407734 -8.58770184443597 -0.068557018712049 12.5562979088391 -1.15571146017354 11.4016824308897 0.18703952759072 -2.17552243406772 1.07270778389747 -8.13679798617999 -0.934843729505246 -0.211516717261475
"24" 4.12850626978917 3.25505404047817 0.820706758252044 -10.7688714338842 -4.23342017714884 -6.87928017639823 -0.0799864350378812 9.99452980437195 -1.77427900725965 8.88757344969412 0.0324871364876032 -4.4113957216814 3.444842264823 -4.48391554570473 -1.40736308657006 3.30646405403877
"25" 6.04257014688615 -0.661943481163121 0.92142495355823 -6.44131797455361 -5.49287012118353 -5.5337996679398 -0.0713748672291956 6.43726362545976 -2.4034421281924 7.03715770654992 -0.150317081018173 -6.65071455452471 5.55608091933007 -1.2134268393449 -1.74357604794409 7.09633711159768
"26" 7.12555066316055 -4.67702812680466 0.953777132263752 -1.80171804043653 -6.16772473048262 -3.93187616702178 -0.0404583330336763 2.53033522280441 -2.75687979164974 4.85068867310082 -0.353601618516649 -7.9886486191117 6.98228176440668 2.56432633651248 -1.85328156817764 9.69349767267886
"27" 7.01526863907104 -8.52920872577636 0.88482789845969 2.69085961168366 -6.11985074885159 -1.7364568298747 0.00996061130435777 -1.40363748884721 -2.69258812505256 1.77349680115873 -0.565815100937712 -7.81024063570567 7.53644078423909 7.1784513677889 -1.66278758767567 10.1512506045037
"28" 5.82716690534068 -11.9012504565361 0.69343591740045 6.92456335324005 -5.45079458372761 0.919807219700004 0.07408097585283 -5.29228068378944 -2.24444383608201 -2.01354475731591 -0.768544436330558 -6.01641333696352 7.32829062168722 12.2047277324026 -1.16344686737534 8.34742280182945
"29" 3.95647951487057 -14.5151959244738 0.385875679944419 10.863068746612 -4.38620449514274 3.64346027238062 0.144517679774722 -9.07722889503793 -1.55326466554343 -5.92237868393113 -0.937697526535402 -2.94234300374228 6.60289274095493 16.8952812390775 -0.434290209694154 4.79217992340273
"30" 1.83635043608997 -16.1866606902348 -0.000215720146101717 14.3199953094665 -3.16447487677847 6.03499067286853 0.212755295066962 -12.5337682973499 -0.779643097311723 -9.35690472643904 -1.04521786218542 0.823576882578891 5.60686573058817 20.605624314716 0.362368254033072 0.310019093729352
"31" -0.179200877489009 -16.832082858037 -0.400309114947248 16.8992492688658 -1.98907737517246 7.80634164593053 0.269342791689304 -15.2325637343735 -0.0609270122217502 -11.8961295735423 -1.06093035077855 4.56327355454232 4.54001518164114 22.9625005646419 0.999439753489924 -4.15221702002418
"32" -1.83715182679767 -16.4544740235133 -0.732497687579013 18.0540414552527 -1.01935961058132 8.7947836383299 0.304440227817096 -16.6017799364574 0.49830887372034 -13.3137388993608 -0.955416325197788 7.50902302568193 3.55236943739507 23.8544621731124 1.21503719515408 -7.62589642514649
"33" -2.97686432193193 -15.1263275426679 -0.911680212278384 17.2146764951137 -0.369651832049954 8.94317760186485 0.308990246728605 -16.0516516819192 0.826551038156364 -13.54309650667 -0.705184513820001 8.93727405983827 2.7502850036482 23.3622733483648 0.759514546156879 -9.22601472037968
"34" -3.52115006843381 -12.975592043923 -0.869468621237218 13.9741718133175 -0.101899900371421 8.27913501730498 0.276610926179508 -13.1562662755499 0.888033740697594 -12.6378169780489 -0.301120936682992 8.31306606157523 2.1944936183086 21.6775696649892 -0.533221086626327 -8.31764690888667
"35" -3.47313493742655 -10.1746376713483 -0.579173202330196 8.32283929180858 -0.209300660169745 6.89957223718852 0.20605550383744 -7.88516242965943 0.689966876241595 -10.7382355344449 0.240046508144545 5.48680082420015 1.88699028263974 19.0196837266645 -2.65147678610356 -4.74766768132213
"36" -2.91573701613717 -6.93089026912594 -0.080203879376171 0.878815366461822 -0.597420855378331 4.95905470385176 0.103594133955923 -0.831996646474977 0.291018097031401 -8.04374789465396 0.864304599429971 0.894082682405497 1.75337857679816 15.5598962808218 -5.3116758249123 0.918454605014631
"37" -2.00591225917276 -3.47731961544275 0.510418105646039 -7.00698813896997 -1.07827851290754 2.65811320691031 -0.0159268602758047 6.68108817882728 -0.196900473931219 -4.79083162383847 1.47580956530635 -4.3536917186866 1.63674736756371 11.3760663106079 -7.9173568624642 7.29153762854367
"38" -0.953565671777113 -0.0599455130787874 1.0150979420537 -13.4310165869274 -1.39759904365404 0.226563305555885 -0.130871507883242 12.7825982016844 -0.62394569443402 -1.23662437325976 1.94824405326983 -8.633015813778 1.32395988384593 6.46790206781151 -9.64030623312533 12.3613270998612
"39" 0.0205997264572773 3.0797323644465 1.24939121129162 -16.486934555252 -1.3061120022343 -2.10136968342368 -0.218221712951106 15.5987773824064 -0.840407928246336 2.35284282230577 2.15685453608261 -10.3024397906274 0.615515734250152 0.84784861252362 -9.6602056453894 14.099308241628
"40" 0.739963944211212 5.72574733057036 1.09804667500342 -15.039370013139 -0.657083044509136 -4.11698576262862 -0.261213515162041 14.0231358084255 -0.748414664297208 5.71175419254342 2.02303232951294 -8.3953056982773 -0.579166131474722 -5.32254984759405 -7.49997038786705 11.3018935588989
"41" 1.11636610712785 7.70698678895599 0.575131219494068 -9.33000344133188 0.518205836248711 -5.66261063629503 -0.25554648405268 8.31777616452541 -0.342475335444178 8.5847153616823 1.54964870164186 -3.15808717710388 -2.17034514739629 -11.6299248797221 -3.28866653949649 4.24678821883572
"42" 1.16191341550854 8.91014065855882 -0.168172418997386 -1.04278275981233 2.00296491368314 -6.64382335477288 -0.210699638149556 0.174283055258229 0.284720202991835 10.7419689963693 0.826413766427677 3.90110856536012 -3.88727753685367 -17.4159457399643 2.20799024804205 -5.2432326226517
"43" 0.963350438326188 9.28470477955659 -0.896206865813355 7.25346715605929 3.46500474245838 -7.02625571177012 -0.14554571466833 -7.8468164584923 0.976269430917867 12.0001209310965 0.00068197046135765 10.5250833357804 -5.3574911478641 -21.9097628302362 7.82415968124133 -14.4151480769233
"44" 0.636110307773066 8.84237783887556 -1.37349671454447 12.9896312638029 4.56704366078961 -6.82321947595625 -0.0808758565768812 -13.202304544327 1.56582753185626 12.2440554797876 -0.769927862192731 14.5113149702684 -6.22655339993179 -24.4237295307633 12.3696059347653 -20.5524029635581
"45" 0.283634112310807 7.65535076650428 -1.43912964699976 14.3704989817743 5.06218356481614 -6.08410222238928 -0.0327795972476537 -14.1406989186111 1.92517480327372 11.4446867295366 -1.35874110665601 14.4089739854189 -6.26085759081423 -24.5217317500549 14.9554874423561 -21.8114607135412
"46" -0.0234442564599817 5.85614756585949 -1.0468493186394 10.792017610991 4.84356205375255 -4.88939554204768 -0.00915177677902079 -10.1182343727887 1.9887786023522 9.66998484334283 -1.69132982544262 9.88368165097381 -5.40107786014158 -22.1098058330388 15.1635465243776 -17.6548741306942
"47" -0.24865440942591 3.63821155806295 -0.271062092215317 2.9067481216839 3.94878614593915 -3.35196426849359 -0.00932999949391444 -1.86114210959954 1.755732485313 7.08901933510913 -1.74727805102953 1.75171108736686 -3.76661601887008 -17.4498142005967 13.0607589451201 -8.88282352093483
"48" -0.380370854063074 1.25481788043635 0.707507405242978 -7.5174224075281 2.53743700656139 -1.62080930147459 -0.0255957601854107 8.78110347076097 1.27849103747347 3.97018970403064 -1.55056913156173 -8.1871216689633 -1.62988393289703 -11.1254366532741 9.12196023311162 2.58040311054719
"49" -0.420582906923073 -0.985518207794712 1.62256935743926 -17.800156339646 0.860548487220086 0.116090382259301 -0.0452222741401869 19.0466507335187 0.648017835954604 0.675452690685916 -1.15692850754476 -17.3862230054729 0.61969937086468 -3.99110721208854 4.12459029873798 13.984471093605
"50" -0.3766649018593 -2.73109055754503 2.14528857946974 -24.5702160151804 -0.769196401457577 1.63337493659202 -0.052462861278471 25.494512862726 -0.0198748054619102 -2.35138938438558 -0.642605311677414 -22.8172780985096 2.51400970253383 2.88595724195392 -0.954528049249802 22.0765194297746
"51" -0.258188557506628 -3.62548491800248 1.92929091550317 -24.1970490581521 -2.01540723907422 2.68575581404463 -0.031342463772134 24.4564267883881 -0.598982006272195 -4.6214629896956 -0.0947116454942432 -21.4243533705048 3.56520099370198 8.32836387103552 -5.06546673232288 23.5991973016498
"52" -0.0805048992759509 -3.42778237679909 0.742672007675253 -14.1037023815711 -2.60274935570109 3.07688618233186 0.0281878964423896 13.3884774282518 -0.97978087794538 -5.72670719462667 0.400487434574785 -11.2939217698622 3.41528299296419 11.3334869995217 -7.33867721024171 16.4535919665359
"53" 0.123931080496675 -2.26359487810601 -1.25313102984393 4.38541133971512 -2.48729134048128 2.8150458283198 0.118914552861938 -6.22105739870403 -1.1214420553189 -5.61973932218086 0.775218916848729 5.99222748363354 2.14431625411203 11.6795860403049 -7.5628907504356 1.94557683684616
"54" 0.295221076673926 -0.845768409313905 -3.25433273263963 23.4540334973867 -2.01207031112335 2.25988625532807 0.206836087535166 -26.226707779176 -1.09963361234214 -4.87970170383892 0.997651934219846 23.3330406373334 0.545700325793348 10.49764507061 -6.61307343091312 -13.3151531993353
"55" 0.362797026505007 -0.201411770794948 -4.11323011840483 31.7267577946968 -1.75230018414533 1.97715500578732 0.244067009245995 -34.8698762064776 -1.0646427749204 -4.46509088638231 1.06908032028718 30.7640214040021 -0.190260261255219 9.75509288006873 -6.02517434590663 -19.9566983021614
"56" 0.293891077577484 -0.840170692185211 -3.26075882318389 23.5298534237945 -2.00469812653498 2.25465751672959 0.207018471732795 -26.300416921059 -1.09667562345313 -4.86937534375954 0.996287382998418 23.3770349175065 0.53438101474859 10.4751425077246 -6.59699954919279 -13.3550251232737
"57" 0.122281341952714 -2.25769316055698 -1.25959393322108 4.46290044212583 -2.47900630729879 2.8093433474404 0.119096811703201 -6.29607175225874 -1.11803597874055 -5.60837681151963 0.773589691579332 6.03627405431143 2.1317844405682 11.6548123763998 -7.54495077130287 1.90486577060801
"58" -0.081424224378992 -3.4238624919758 0.738581652582695 -14.057209176965 -2.59772060299503 3.07338231867857 0.028342252728379 13.3430876151951 -0.977750833498781 -5.71981092020155 0.39950138664733 -11.264688579251 3.4075392901953 11.3185503148722 -7.32742328686754 16.4254281075955
"59" -0.258560274399173 -3.62398868826926 1.92763918140614 -24.182712215596 -2.01366014906014 2.68461633129618 -0.0311970937503787 24.4424522710373 -0.598302218579647 -4.61924280088715 -0.0951067332431705 -21.4135871050603 3.56248285078732 8.3235728434675 -5.06121717637188 23.587684401773
"60" -0.376811437655192 -2.73038463539001 2.14429568225009 -24.5657933971866 -0.768669769945973 1.63309620707622 -0.0523029710028595 25.490119068979 -0.019718084846204 -2.35089691650273 -0.642759279378879 -22.8116034241393 2.51310308159475 2.88490296233451 -0.95280279515282 22.0696426051072
"61" -0.420632687178653 -0.985287392068358 1.62214502681405 -17.7996391465881 0.860619366148825 0.116103944530892 -0.0451293530848886 19.0460930932149 0.648012137599679 0.675392169170323 -1.15697261560206 -17.384088216093 0.619525410982931 -3.99097005051019 4.12508028896855 13.981566185983
"62" -0.380384199653577 1.25486659403532 0.707401617264225 -7.51744449385296 2.53744808306485 -1.62079372113385 -0.025569441077181 8.78111658762566 1.27848716101819 3.97015486626378 -1.55058544712143 -8.18663119792654 -1.62990883392786 -11.1253751459934 9.12210001601352 2.57966321005733
"63" -0.248656790750573 3.63825389990654 -0.271099753127146 2.90698681427284 3.94881775835947 -3.35198624900886 -0.00932543217327009 -1.86138781541058 1.75574341806539 7.08906170601631 -1.74728785511638 1.75201186904997 -3.76666200070315 -17.449915854682 13.0608715551998 -8.88319446764399
"64" -0.0234406687593491 5.85614367324183 -1.0468421962251 10.7919226099534 4.84354320620133 -4.88938970821994 -0.00915223856330272 -10.1181450517632 1.98876953094541 9.66996686774394 -1.69132020598288 9.88361941893891 -5.40106009026925 -22.1097464601588 15.1634794698807 -17.654783214035
"65" 0.283633446167755 7.65531860947021 -1.43911176361016 14.3703196440379 5.06216063195521 -6.08408125119627 -0.0327802646150275 -14.1405130784424 1.92516681509021 11.4446475224288 -1.35873673086131 14.4087899148089 -6.26082294948452 -24.5216452833623 14.9554204886799 -21.8112501203086
"66" 0.636100130645474 8.84239830876993 -1.37352059736423 12.9898864677507 4.56708086543327 -6.82323438658295 -0.0808741724736421 -13.2025583411776 1.56584602644826 12.2440932998335 -0.769943319763627 14.5115404625158 -6.2265951093525 -24.423843223493 12.3697346064164 -20.5526838409423
"67" 0.963348860081453 9.28473562716556 -0.896206894527069 7.25345553022453 3.46500180598576 -7.02627711200958 -0.145546447944028 -7.84681090398726 0.976270239518229 12.0001512820175 0.000688175509353073 10.5250949250822 -5.35749322759256 -21.9097988200754 7.82414171671053 -14.4151493074241
"68" 1.16190968712877 8.91011883645785 -0.168144905781588 -1.04307309773048 2.0029224408041 -6.64380925460634 -0.210701389754746 0.174575848915993 0.284707200784169 10.7419316883895 0.826429357298721 3.90083674457674 -3.887222576179 -17.4158286444114 2.20785236982692 -5.24290038316394
"69" 1.1163391804788 7.70697427973084 0.575096852971967 -9.32963280024069 0.518252495931279 -5.66259909347727 -0.25554297412247 8.31741051888116 -0.342447714291687 8.58471683417997 1.54962395953646 -3.15777187907224 -2.17038855525573 -11.6300024952884 -3.28849338532905 4.24639726234818
"70" 0.739979709702368 5.72578597487325 1.09805698505195 -15.0394797870804 -0.657092701481872 -4.11701674985048 -0.261215404873319 14.0232409138827 -0.748422158227548 5.71179743297984 2.02304083753653 -8.39538779558097 -0.579165028188015 -5.32259693445548 -7.50001054572863 11.3019948880483
"71" 0.0206053195004472 3.07973144951166 1.24941142075846 -16.4871618643524 -1.3061415342188 -2.10136822548066 -0.218223452265576 15.5990025502994 -0.840421886558076 2.35282814655068 2.15687017332442 -10.3026332906938 0.615547652921521 0.847918939796472 -9.66031772554516 14.0995495193783
"72" -0.953593503488634 -0.0599845145353584 1.01506732225369 -13.4306865329363 -1.39756049946166 0.22659579561946 -0.130867840445866 12.7822733471755 -0.6239230957896 -1.23665885496177 1.94822258015184 -8.632737566174 1.32392763860889 6.46789376810287 -9.64016636828637 12.3609860521501
"73" -2.00589119054359 -3.47729864066071 0.510433300234382 -7.00713028370456 -1.07829464639596 2.65809132316585 -0.0159288118899354 6.68122948102541 -0.196911121193576 -4.79080321889774 1.47581587905501 -4.35382288347409 1.6367586052429 11.3760456152464 -7.9174037502105 7.2916921064716
"74" -2.91572855142172 -6.93085972906056 -0.0801965071316033 0.878713511037631 -0.597431245000323 4.95903475765428 0.103592933056618 -0.831899005651508 0.291010986549473 -8.04372238460479 0.864313455407526 0.894011889107787 1.75338454012729 15.5598744641254 -5.31172075095969 0.918544945974645
"75" -3.47316001563073 -10.1746722120755 -0.579188685051946 8.32299572202783 -0.209282227707803 6.89960362579083 0.206057699127648 -7.88531632547461 0.689979576247552 -10.7382774675748 0.240038046323122 5.48693716838807 1.88697864777592 19.0197219446372 -2.65142266180783 -4.7478311268751
"76" -3.5211433358529 -12.9756119372452 -0.869463067700849 13.9741495781884 -0.101905840473165 8.27914160865976 0.27661057146603 -13.1562409747369 0.888031169634569 -12.6378276774972 -0.301122460344445 8.31302386850075 2.19450125377702 21.6775947090622 -0.533227810938115 -8.31759930633962
"77" -2.97684312680829 -15.1262833370644 -0.911672708444826 17.2145828266641 -0.369662802010936 8.94314226698688 0.308988773927567 -16.0515615318386 0.826541885021108 -13.5430460319141 -0.705178403520634 8.93720314290204 2.75028865049316 23.362209635583 0.759486152406225 -9.22592871544657
"78" -1.83717179540866 -16.4544676661216 -0.732506354667095 18.0540954761348 -1.0193462570287 8.79479367857601 0.304441147744299 -16.6018364839517 0.49831705403432 -13.313751980118 -0.955417509379132 7.50909654888437 3.55235690581713 23.8544611294235 1.21505779766881 -7.62598488290314
"79" -0.179258150534736 -16.8321528819934 -0.400305372886152 16.8992202539048 -1.98905867732434 7.80643758325874 0.269343309934051 -15.2325424477408 -0.0609046169089709 -11.8962773124572 -1.06093481898395 4.56331693942684 4.54000005210375 22.9626830497147 0.999444649195084 -4.15229718331102
"80" 1.83571411252015 -16.1869628353727 -0.000145597668691266 14.318892275634 -3.1642536151173 6.03591220441089 0.212750669708477 -12.5328407328555 -0.779396234101764 -9.35835355598647 -1.04522141708081 0.823931085990807 5.60660382766815 20.6072030516036 0.362308686734877 0.309195630801696
"81" 3.950317604085 -14.517994728553 0.386253663077397 10.8555384965348 -4.38379232837322 3.65267152041389 0.144472150868303 -9.07118744960553 -1.55100373485255 -5.93675999783477 -0.937772636345684 -2.9377951353863 6.60033766912559 16.9100950093419 -0.434401335546909 4.7834816295981
"82" 5.78784478033002 -11.9191440110789 0.694133666446419 6.89714956737112 -5.43468024800387 0.982314544880523 0.073678846068411 -5.27268255913009 -2.23090118739543 -2.11058671602285 -0.769258292668297 -5.9834197416867 7.31377303679429 12.2985463091649 -1.16217967204534 8.29181961149698
"83" 6.82211601787498 -8.61752931362844 0.882659247115171 2.63564960369558 -6.04677349531134 -1.4211715436449 0.00750529991474025 -1.37893309435873 -2.62694257333809 1.28596766378644 -0.570127962923877 -7.6443456664847 7.48510322062464 7.62737688327455 -1.65123863305257 9.89346547663263
"84" 6.41157273501408 -5.03253391498117 0.938968630057531 -1.85456059469607 -5.93976489437877 -2.72210515099948 -0.0510967479734745 2.48760969652875 -2.50622883873125 2.98396293228717 -0.371856925120298 -7.3950510603554 6.87514128932341 4.24415516859436 -1.80880341449756 8.80303593861572
"85" 4.21489634339187 -1.79037268328273 0.874994169086534 -6.31831572544024 -5.00160018768067 -2.02193261987208 -0.105490026448429 6.08128511760128 -1.73504932779548 1.62511520073758 -0.207130346156603 -5.09468020770328 5.4466589956385 3.6074461731817 -1.63477472920067 4.80529215070237
"86" 0.873914172474656 0.476478494279945 0.712542888227077 -9.91769650652145 -3.50911495709752 0.957688552338624 -0.164235262246038 8.71626022320157 -0.530587001598207 -3.17713364390943 -0.102339284353405 -1.34280206527183 3.53916760855526 6.18155140216561 -1.21797655706973 -1.11705567867284
"87" -0.20994545822316 0.939595413809684 0.644881006084844 -10.674483182197 -3.01199610168064 2.26225328780563 -0.185093370788827 9.19298230221 -0.134946665265591 -5.23167668295486 -0.0832812939804697 -0.0557552614309316 2.9418629162212 7.48996672098653 -1.05798638156443 -3.0612171475168
"88" -3.07883695913957 1.72056215090936 0.395920749055179 -11.306929484522 -1.66257940649311 6.73095100173808 -0.259876683453932 9.17293020452269 0.923951837159265 -12.1685048648419 -0.0601468397584952 3.56066555272446 1.4504738881717 11.9473550166829 -0.53844289181734 -8.19517859669941
"89" -4.45194345370793 1.91111399239082 0.118387818249715 -9.06031875773465 -0.949927391369343 10.4553009494542 -0.34489521537796 6.76462404693376 1.44627468710967 -17.8212279763106 -0.0686527356980378 5.62003890608776 0.896114131318853 14.9733887218984 -0.0904793068555136 -10.4662649668862
"90" -4.06457162985041 2.05556939625126 -0.160007156683548 -4.58642841446294 -0.953855345882417 12.4572169983818 -0.430337127493047 2.61789870526206 1.32675465741015 -20.7134609754698 -0.0755183483767894 5.70486982528746 1.24659834215387 15.2119736629866 0.203550996121066 -9.3914432416841
"91" -2.30919015494987 2.38044286318313 -0.41709480876645 0.905838816069263 -1.46118496626124 12.7102788516559 -0.50272930543926 -2.19783073638155 0.698659458865425 -20.8517778013864 -0.0619217945372554 4.07682272050988 2.12524520157513 12.8904101859439 0.297067915224034 -5.62119365007493
"92" 0.157513247778141 2.84726436466644 -0.645764222247763 6.2886840589108 -2.18573302643189 11.6861942280736 -0.547143630156484 -6.72121505471517 -0.205818405533858 -19.0057422670263 -0.0261158691682226 1.30819402875022 3.13890266511055 9.02343524329395 0.186002860068811 -0.257800854746165
"93" 2.75083059785149 3.34046406331333 -0.862801886776481 10.7683337064279 -2.9055298284855 9.90430092880092 -0.547827094670673 -10.2998793055002 -1.17553567333661 -16.0080204126281 0.0232435296046845 -1.93941964626265 4.01922315284949 4.63821821748924 -0.0828771745511858 5.54021229756108
"94" 5.03772820620516 3.77311615153042 -1.10841477599917 13.8616796585095 -3.47335708898281 7.7757095838499 -0.488697116521287 -12.5629751990458 -2.05202168426617 -12.5162439690274 0.0729952735954811 -4.97705170259542 4.60635677685553 0.512786699625693 -0.416739195666423 10.6536507091987
"95" 6.71904170922159 4.10785333625711 -1.43746268998305 15.3271330013774 -3.79655963081269 5.59700673681724 -0.354921451550403 -13.357872751877 -2.72423899388755 -9.00496231731125 0.108608756560145 -7.12151531746167 4.81154410790722 -2.82906153917203 -0.691490335063463 14.0376620430688
"96" 7.61002461224692 4.34311889307958 -1.90238356771589 15.1170171813617 -3.82379270242899 3.57152649887209 -0.136421236955833 -12.7038904774699 -3.12125483018255 -5.79794457779968 0.116678628958013 -7.77323696727399 4.59738157059996 -5.07867230343166 -0.77727431230187 14.8224280783797
"97" 7.63074816335808 4.48958706971553 -2.52624524942495 13.3473305449677 -3.53850146355877 1.82572213393746 0.166126438021337 -10.7585739511347 -3.20734851434465 -3.09094607371111 0.0881191437613893 -6.55429909713257 3.97059234719498 -6.11767011560922 -0.575358768914157 12.5037197596448
"98" 6.8003724516313 4.54381841913005 -3.26767487644645 10.2766128863411 -2.95517673199014 0.419324691379359 0.533217712586563 -7.79028504848833 -2.97736183521873 -0.963414989830142 0.022081311175441 -3.49169384889592 2.9807303452618 -6.00968616116002 -0.063131692291563 7.20045280481645
"99" 5.23071014389811 4.46564641423799 -3.98954279858003 6.28658672331994 -2.11627570383907 -0.647315404562875 0.919372833531575 -4.15308867607615 -2.4518385653757 0.613761218783281 -0.0706284559008026 0.818512437090249 1.72001174246512 -4.99586900079848 0.666281988233777 -0.115090176075682
"100" 3.11450867588029 4.1718594019386 -4.45657614870649 1.85418448259929 -1.08824273354595 -1.42327633054353 1.25317078499774 -0.259517267554884 -1.67310235613546 1.76220352658521 -0.167162163479532 5.19757308624139 0.318247758793262 -3.47014689754712 1.39728281697899 -7.60611124826573
"101" 0.704991287482542 3.55977280457944 -4.38861677954614 -2.4950929958236 0.0443491359187931 -1.98928672582889 1.45107146533896 3.45277830444343 -0.704092247138348 2.65948140520806 -0.237886937450881 8.1588021057305 -1.07269641222899 -1.91002550402567 1.84660383433948 -12.979854927009
"102" -1.71368984753845 2.56002284814701 -3.5685926960505 -6.2545502694054 1.18668381879283 -2.43178574027672 1.44484419189422 6.56264215948499 0.370216853692288 3.48157382748815 -0.257146916963919 8.46560928608415 -2.30512120451954 -0.762164732978846 1.7782190279313 -14.3091421409554
"103" -3.86136386116713 1.19404018292937 -1.95845609913053 -9.01256531915033 2.24288108666298 -2.81589310275669 1.21116544444954 8.71340300235715 1.44280418622992 4.34232971514876 -0.214949851657849 5.73369399995045 -3.2641472934651 -0.319967316411777 1.12789818901433 -10.9201689122001
"104" -5.49475380785755 -0.402045233461422 0.250193442393112 -10.5145866447449 3.12484527038181 -3.16883478565234 0.785334569831541 9.66001536032638 2.39173564285278 5.25896115103473 -0.122421431195946 0.702023258229929 -3.88518732163445 -0.653837726226641 0.0586417294964576 -3.8010497839914
"105" -6.43205585781232 -2.00778013307092 2.69053700466745 -10.6933646998855 3.75925913624482 -3.48062902346294 0.249188320890227 9.30721315263133 3.09659561376893 6.1602767757185 -0.00708128450224876 -5.03377235599601 -4.15217043444923 -1.62924519958926 -1.09622215408103 4.77020492462361
"106" -6.56888605556584 -3.38519474828763 4.94541780891859 -9.66985759754607 4.09257572646021 -3.71741009480044 -0.298475590685904 7.73486043192122 3.45994443003537 6.92544462865817 0.0988103429742324 -9.65338422636705 -4.0820755777093 -2.98725739372671 -1.96617850016946 12.1305213467149
"107" -5.88863298773622 -4.34484204019293 6.67075789114176 -7.7363841933302 4.09470947988957 -3.83690298221148 -0.771521851562383 5.20782853008404 3.42647265349881 7.42640073736044 0.169929559256317 -11.7455509432839 -3.708273640215 -4.43189084241936 -2.27653270604583 16.1442870412575
"108" -4.46864905791264 -4.78253622499619 7.66243412797323 -5.32677311173825 3.76181783282151 -3.79824038847499 -1.1128884776299 2.16454813992436 2.99396126958471 7.55379762817472 0.194277634669746 -10.6653674141098 -3.07202342309569 -5.68320568947209 -1.92253282304 15.7230675674418
"109" -2.48113754653373 -4.68322024898816 7.85957015410358 -2.96595767295298 3.11816358949241 -3.56572097013671 -1.29625796681173 -0.823809287953395 2.21491414856774 7.22514306722707 0.173574417351745 -6.58158499434194 -2.22318221331213 -6.49385225083788 -0.976932453602785 10.9064137419246
"110" -0.187476848756305 -4.10533523270544 7.30967580427301 -1.18504120308012 2.21731133705035 -3.11090792682171 -1.31932318042711 -3.131517931899 1.19162135945614 6.38610872295425 0.120031267629955 -0.343929491897143 -1.22615579466566 -6.6518799761154 0.342418690442628 2.69432092917486
"111" 2.07426358307771 -3.15952423055853 6.12217633243756 -0.387351305889979 1.14327226816822 -2.41753208580121 -1.19524804137259 -4.20243548400651 0.0680211757797338 5.01627834366582 0.0519542016256054 6.69599575271332 -0.167252743163459 -5.99330730581588 1.71766331479239 -7.17270998397362
"112" 3.90771783373424 -1.98854828230526 4.42409885672529 -0.655784598369564 0.012424353214513 -1.49158820008788 -0.945771371396418 -3.72729342947378 -0.979324371961781 3.14540507731806 -0.0106223034329389 12.8450206548941 0.838111292721521 -4.43732504451617 2.77565594195312 -16.389242200501
"113" 4.88399939722984 -0.749498212847698 2.32305920413225 -1.51360146858201 -1.02395596114465 -0.376783964009206 -0.596891315337736 -1.8679418617703 -1.75114375109557 0.880859818518161 -0.0501196630158773 16.2167426448787 1.63948271672132 -2.04577536934028 3.13362626678258 -22.2267659949903
"114" 4.59839406431485 0.403922582848395 -0.110342749176908 -1.75566293289921 -1.7849959976358 0.828737988851884 -0.177760840625368 0.548556099332018 -2.04640581843103 -1.56216991090002 -0.0556791823713212 14.9873547499383 2.05732602573039 0.908474106564569 2.4666929840871 -21.8329358815154
"115" 2.83659638637525 1.34335928219434 -2.79880765411772 0.241107005316962 -2.10435889876548 1.97013121065828 0.274811399093416 2.15116051430414 -1.72911681678852 -3.86009592973988 -0.0273495685942891 8.09342001409368 1.93873121869132 3.92351024034761 0.650993671829383 -13.2441838572722
"116" -0.0726060107413673 1.99314547292624 -5.50193589413087 5.16462932730133 -1.95137567829781 2.87502203335427 0.704194316214661 1.88925437651835 -0.877691238357691 -5.66451603126347 0.0215880758999418 -3.32267261169272 1.30792177833234 6.4043812952321 -1.97959724503175 2.32764826674611
"117" -2.94910481728044 2.34901374587855 -7.64626288932618 11.0092896719425 -1.56415310684734 3.42952699865663 1.02497764676554 0.302552388632307 0.0753381130992068 -6.75770806327034 0.0674970393270513 -14.6578252180534 0.525961647239626 7.94238710914499 -4.44555198945682 18.3458209488417
"118" -4.18027230652856 2.45703612479053 -8.48430051078014 13.7102537881487 -1.35899434327077 3.61104563071135 1.14584241255638 -0.625138162082408 0.501441495155913 -7.11222422266189 0.0864190676658296 -19.5184944625416 0.163016609148713 8.44599047782674 -5.47761660357287 25.314186024767
"119" -2.95792802053487 2.34757411174155 -7.6454322645132 11.0014448082316 -1.56059828955169 3.43060540283841 1.02497421068174 0.315269618450657 0.0792403932409975 -6.75956216096114 0.0678881676364682 -14.6886117539771 0.519848430801233 7.94824817421267 -4.45285759266608 18.3852415205929
"120" -0.0819051598537612 1.99120445970232 -5.50001205974473 5.14058243344425 -1.94855655877387 2.87726266042017 0.70421262789737 1.91703839681486 -0.873881730017398 -5.66864370237482 0.0221611671416468 -3.35748069400961 1.30267651051935 6.41495232596114 -1.98880049315221 2.36799535508362
"121" 2.83294371422124 1.34208303117032 -2.7964281918897 0.209412884482163 -2.10424463418009 1.97250358694285 0.274822622812962 2.1819705501531 -1.72795132869706 -3.86464588845053 -0.0269103645274527 8.07787901058055 1.93775144761963 3.93367259764389 0.645627583073519 -13.2319126666389
"122" 4.59763918824393 0.403459816201462 -0.109217834902239 -1.77158004841795 -1.78542446427538 0.829877202615393 -0.177747540646124 0.563345927994192 -2.04631738503501 -1.56438649935143 -0.0554984348594445 14.9833223940004 2.05762952245976 0.9131570153219 2.46482952736187 -21.8318841231303
"123" 4.88393406408818 -0.749587511822483 2.32331527649993 -1.51724762544973 -1.02409691233335 -0.376529328423373 -0.596888655791034 -1.86462796387252 -1.75117112044018 0.880361661187294 -0.0500822255645375 16.2162095717358 1.63962127939448 -2.04474799446521 3.13328596944393 -22.2270519450194
"124" 3.90768490504516 -1.98856373797889 4.42413421809357 -0.656150257632589 0.0124225382126042 -1.49156461449576 -0.945772693974092 -3.72695728369058 -0.979313840933351 3.14536029402564 -0.0106178947519879 12.8449121192571 0.838110386622049 -4.43722228107023 2.77561065703821 -16.3891924295895
"125" 2.07419508124909 -3.15952439923421 6.12218495566421 -0.387454171210948 1.14329663442579 -2.4175210264861 -1.19524767986201 -4.20233332846158 0.0680519726655859 5.01625901856767 0.0519555237464857 6.69593883080142 -0.167288708862998 -5.99326132407171 1.71764528855738 -7.1726610013302
"126" -0.187594368882728 -4.10533690976615 7.3097001989486 -1.18525479899472 2.21734964872412 -3.11088527110692 -1.31932422666999 -3.13132601890345 1.191674453677 6.38607003535361 0.120033268007603 -0.343959574819564 -1.22620639052636 -6.65179627088659 0.342400467865673 2.69430532241859
"127" -2.48130482578466 -4.68324356954747 7.8596316342601 -2.9663019656698 3.11821232703103 -3.56569430511996 -1.2962639630633 -0.82350067916741 2.21498978750495 7.22510035835489 0.173578880780823 -6.58172216473849 -2.2232333710393 -6.49374202868461 -0.976979851014221 10.9065170733538
"128" -4.46877800938633 -4.78255773588114 7.66248296946506 -5.32706418513271 3.76185132489753 -3.79822055861089 -1.11289268682986 2.1648160591028 2.99401810708976 7.55376530502446 0.19428162379846 -10.6655161880744 -3.07205531498295 -5.68311587928767 -1.92258006040083 15.7231982535468
"129" -5.88866646147996 -4.34483938616677 6.67075893697813 -7.73648093960355 4.09471501065376 -3.83689263012602 -0.771520201655214 5.20791744813891 3.42648550382179 7.42638129401104 0.169929937856878 -11.7455430659611 -3.70828007419124 -4.43185226979668 -2.27653673304053 16.1442469010181
"130" -6.568883080988 -3.38519329879284 4.94541720741915 -9.66985233619312 4.09257430982662 -3.71740755125958 -0.298475909508923 7.73485203937651 3.45994328585413 6.92544046154302 0.0988100907662215 -9.65336156350895 -4.0820734841659 -2.98725659090576 -1.96617332045571 12.1304916292647
"131" -6.43206692230986 -2.00779262848721 2.69055721452207 -10.6933743804552 3.75926435339821 -3.48063218242297 0.249184206689222 9.30722345422168 3.0966026879356 6.16028487930424 -0.00707985592644889 -5.03385555229579 -4.15217303133483 -1.62925355431489 -1.09623963625199 4.77032225338735
"132" -5.49475810657718 -0.402037065436275 0.250177736807473 -10.5146026485204 3.12484638407955 -3.16883411888895 0.785338924357958 9.6600301917365 2.39173535428985 5.2589575609054 -0.122422702800989 0.702085765160518 -3.88519176833159 -0.653824126919091 0.0586541374145781 -3.80114534949644
"133" -3.86135128973062 1.19404599818313 -1.95846317419148 -9.01254596952185 2.24287586959665 -2.81589163254486 1.21116619610521 8.71338487569983 1.44279827486521 4.34232644246583 -0.214950177785653 5.73371810396657 -3.26414229633275 -0.319971015511925 1.12790392175066 -10.9201981171864
"134" -1.71369228497073 2.56000953356192 -3.56856907346111 -6.2545435894483 1.18668512331425 -2.4317866322375 1.44483830070904 6.56263726714906 0.370220789222042 3.48157878120929 -0.257145033950081 8.46551033370542 -2.30511830069761 -0.762178368873663 1.77819860517593 -14.3089971965255
"135" 0.704979186589242 3.55978062063718 -4.38863553331288 -2.49511918993721 0.0443538261772858 -1.98928525190595 1.45107700598973 3.45279911771343 -0.704089724150691 2.65947614779515 -0.237888919750972 8.15890144203695 -1.072705347647 -1.91000262656181 1.84662368083355 -12.9800052116352
"136" 3.11451892282157 4.1718605075157 -4.45657430319181 1.85419635536755 -1.08824648317831 -1.42327985387146 1.2531700307839 -0.259524781467633 -1.67310628458823 1.76220947553765 -0.16716150609922 5.19754039657892 0.318251954895857 -3.4701596413413 1.39727626843865 -7.60606170060055
"137" 5.23071612043947 4.46564385026818 -3.98953513093099 6.2866044355726 -2.11627844899934 -0.647313263177239 0.919370188598535 -4.153104874821 -2.4518398737475 0.613759109285013 -0.0706277537306903 0.818477716679809 1.72001694534572 -4.99587791780249 0.666275668605977 -0.115034911850671
"138" 6.80035900038784 4.54381809552717 -3.26767993205476 10.2765921057908 -2.95517172703772 0.419328173180986 0.533219559584019 -7.79026931860477 -2.97735714936699 -0.963421492768589 0.0220803649786774 -3.49164661227042 2.98072381416122 -6.00966775905779 -0.0631227072294678 7.20037959986439
"139" 7.63074908663546 4.4895866451302 -2.52624553511352 13.3473231591984 -3.53850094191375 1.82571649186821 0.166127018762261 -10.7585649965743 -3.20734909755243 -3.09093724403766 0.0881193545898924 -6.55430925838846 3.97059070327987 -6.11767396050197 -0.575361593906791 12.5037318523646
"140" 7.61003764932065 4.34312150830272 -1.90238185384541 15.117041736311 -3.823797882503 3.57152526500326 -0.136422475222155 -12.7039112891773 -3.12125956812909 -5.79794198997735 0.116679123134759 -7.77326227307276 4.59738831873685 -5.07868807124298 -0.777278066544795 14.8224710194227
"141" 6.71903279040353 4.10785369706207 -1.43746361172681 15.3271280412532 -3.79655722118994 5.59701627973675 -0.35492144812082 -13.357871303489 -2.72423554613264 -9.00497771081251 0.108608329027021 -7.12149238337042 4.81154202104 -2.82904712909223 -0.691485718518834 14.0376282435736
"142" 5.03768238092023 3.77312369737103 -1.10841517789677 13.8616168666711 -3.47333469431841 7.77573172529523 -0.48869623957426 -12.5629230090526 -2.05200514131288 -12.5162798738817 0.07299566697084 -4.97700894177888 4.60632682274735 0.512830863611967 -0.41673603315553 10.6535753096432
"143" 2.750285590649 3.34064523544657 -0.862809990492295 10.7677615271145 -2.90525739849006 9.90464262149325 -0.547826897392873 -10.2994329332399 -1.17533544867581 -16.0085678138399 0.0232516790572248 -1.93890745547105 4.0188584423644 4.63868423453191 -0.0828251165826259 5.53936944845918
"144" 0.151535842826775 2.84932068874969 -0.645855570898306 6.28235799753338 -2.1827558465813 11.6897277072004 -0.547135993642421 -6.71629056190073 -0.203596931015316 -19.0114205928934 -0.0260305276160864 1.31397618812935 3.13487243807049 9.02831041100852 0.186632937350169 -0.267286096524913
"145" -2.35201197897136 2.39740432498252 -0.417793389267885 0.858360164864507 -1.43906520520325 12.733494450564 -0.502653755058901 -2.16067463429044 0.714474845750612 -20.889311315654 -0.0611986896288386 4.11884718361762 2.09467258495511 12.9220166763983 0.30171076360125 -5.69023652607393
"146" -4.27126298090074 2.15852558031531 -0.164125931991421 -4.83556540112681 -0.840022966236262 12.5550958574857 -0.429919230862609 2.81442562154814 1.40144303129351 -20.8737665280441 -0.0709104009112451 5.91366042865593 1.08481014316683 15.338423089986 0.226777405315261 -9.73533899127324
"147" -5.15640057957143 2.37546615103406 0.100033726173308 -10.0050493732858 -0.533168027596716 10.7111396492487 -0.343292359403137 7.5159209433952 1.69458241472359 -18.2526776420984 -0.0472824552216622 6.36434333155557 0.283601187308733 15.255567864807 -0.00476635835661909 -11.69447974375
"148" -4.84862537216269 3.30004976060491 0.334204928304629 -13.9612658598937 -0.543866931629992 7.05846685207794 -0.255362346846752 11.297431209265 1.53572965671754 -12.7814176213592 0.0125136142712847 5.53901839625269 -0.253738315354269 12.0500801090045 -0.290047764941392 -11.4561987215093
"149" -3.67335985823705 5.06907007683844 0.488005094833539 -16.3704529495039 -0.693984958536575 1.99268680895895 -0.175722505953615 13.7767366256647 1.03943039320334 -5.05499292181042 0.103992269665419 3.97928223133476 -0.692227152594199 5.96317333801552 -0.483797828203478 -9.68177035770805
"150" -2.3113465806375 7.53776051251657 0.524687133753545 -17.260385226271 -0.665538279385402 -3.55643597307397 -0.110447824975331 14.8707244429487 0.445122189558884 3.50219440844228 0.21229193009956 2.47885132500505 -1.34469945162934 -1.7809470808417 -0.458091933413243 -7.51200751597935
"151" -1.29923121569567 10.4392767524783 0.440779661438285 -16.7980430346868 -0.184888053791724 -8.92070212900035 -0.0582189110152811 14.6746681210259 -0.0711878116027265 11.8728283992988 0.321971917484028 1.51547702824246 -2.49659314989859 -10.094651964814 -0.159276021246569 -5.69166012786445
"152" -0.884159954922879 13.307150325296 0.260593652664852 -14.9893583359978 0.854309387203855 -13.559503573575 -0.0178621277985229 13.1931797713906 -0.432531627192528 19.2446290230825 0.413654568440919 1.14885826293721 -4.22141236278935 -17.9601607113099 0.381727470467467 -4.35803542891153
"153" -1.05799897470996 15.6784140385716 0.0282348971001767 -11.8406319072999 2.4130849699125 -17.2019884638928 0.0123280677451376 10.4712501361155 -0.638195716344498 25.2191248103994 0.472584320200994 1.12168959119663 -6.45079434564624 -24.699909023349 1.07310498578704 -3.2007945133937
"154" -1.86145685644794 17.1093025027639 -0.202128524076372 -7.59729550281281 4.42560169376425 -19.5080879528349 0.0331435340575936 6.76431743724658 -0.652385568180417 29.2771216291833 0.488839903592691 1.18096159978995 -9.10065421101731 -29.5151133251657 1.79208771990693 -1.97273908696297
"155" -3.49107857080838 17.1918864603685 -0.371026900347928 -2.84583314128668 6.83506912365665 -19.9829885054134 0.0451323922500606 2.61426283380518 -0.371823061673322 30.6402989642731 0.457400303536417 1.20286106158437 -12.0933819510298 -31.360739821876 2.39853779524424 -0.690693320406353
"156" -6.11784262888175 15.6048311303476 -0.422734502069318 1.5916295240354 9.51777903333526 -18.1353026931829 0.0493987941850946 -1.2413789177067 0.308999253013358 28.5141864019312 0.378677896477718 1.15833571772873 -15.2783376077159 -29.211785582933 2.74892483215262 0.443757513317905
"157" -9.63306630719522 12.2162752217762 -0.321303652708238 4.88037275661759 12.1850789191305 -13.7326067955898 0.047825386289297 -4.06394170719113 1.40292279761005 22.4841511232675 0.259536592023821 1.05591897397244 -18.3216862415303 -22.5240096188391 2.72577851442225 1.19022571327969
"158" -13.5073789840703 7.21253112261002 -0.0688946717480405 6.44233732381031 14.3348456207558 -7.04451109878752 0.0427530007548498 -5.35185632529124 2.76225345624198 12.8950518766783 0.113908542068117 0.909830907303331 -20.6108270586411 -11.7025988226599 2.27890777889365 1.39328468794793
"159" -16.717620032382 1.17460967160264 0.280697599105892 6.18703340966886 15.2589572645481 1.01449039600791 0.0364055954183016 -5.04585466697637 4.04181576811965 1.0795620692364 -0.0378894877119365 0.726047634409042 -21.2549366368962 1.60981573913575 1.46028206186566 1.06755037513358
"160" -17.8595633007285 -4.96407427649689 0.625018358550676 4.59060808717754 14.1495456623151 8.94962744945116 0.0303739180997056 -3.59631359907087 4.74042611800702 -10.730636720048 -0.17181649614632 0.497416165771028 -19.2343512542033 14.6484758516406 0.429425732503432 0.421866149210473
"161" -15.5574768236537 -10.1112252985323 0.84029800860722 2.5368609924567 10.327880998333 15.0252794341683 0.0253967647740119 -1.81389774667264 4.35973517514538 -19.9162435474041 -0.264837675297869 0.206445274076032 -13.7023743766556 24.1807978997739 -0.586156235037151 -0.200950587731313
"162" -9.04336670663176 -13.3267148479477 0.826951828369403 0.946518252549822 3.51325457949592 17.8076266391065 0.0215234976778405 -0.529448850313827 2.64032823716004 -24.296784384247 -0.300659683927528 -0.165310367621714 -4.34027509270618 27.5563953010202 -1.3690557948122 -0.457997376543972
"163" 1.42215250585348 -14.1236946969051 0.550632459050746 0.381299057832621 -6.05375194264933 16.6623860552403 0.0185154926230382 -0.23534786732688 -0.241794574363563 -22.8929474227165 -0.274181150493085 -0.62781912671835 8.4761549626038 23.6529758311447 -1.7937407513275 -0.146937398239061
"164" 14.4879886642151 -12.6023845594978 0.0566448633033758 0.856076353207754 -17.6554392579071 11.9477514460837 0.0161017704068129 -0.91785400190588 -3.62270404902464 -16.2266434107603 -0.19265865751531 -1.18420492999212 23.7428194640004 13.2263347146651 -1.86724056122398 0.735694892853644
"165" 27.5399583472646 -9.34742179138533 -0.534236148389184 1.91256543355917 -29.5932855800995 4.93699491610889 0.0136920968581222 -2.11672011160135 -6.45540230025821 -6.20766926472879 -0.0749141480228701 -1.81639940174227 39.2482075637711 -1.12671475580927 -1.69539987893995 2.0077710324058
"166" 36.5518015314663 -5.35632027227882 -1.02850301701181 2.65162010983045 -37.5618270194575 -2.15185425164628 0.0109502308705913 -2.96357376602839 -7.94655011425546 3.82854402896419 0.0462148821573507 -2.27879598722029 49.6205728704065 -14.5595112802903 -1.38074483614196 3.0570395853847
"167" 37.7351266571936 -2.16373861991008 -1.20347637983659 1.7612213110533 -34.6226635868659 -6.26098183321844 0.0100916400975493 -2.26237481993411 -8.76905349081923 9.31741360984171 0.123670825823709 -1.86009258107515 46.3418489900434 -20.1558413795044 -0.953291400960325 2.52908487915556
"168" 30.9449599483244 -1.12173897186517 -0.976851801192026 -1.19345882916195 -18.3379921404454 -5.42068383023255 0.0135903555965982 0.36151586456856 -10.387554199602 7.45211744020202 0.125070207304873 -0.186941809599375 26.4959105984343 -14.0601901600774 -0.470337862709357 -0.261808160252258
"169" 20.1506346114896 -1.69148781436508 -0.538830689770151 -4.06155845186163 0.925296524661491 -1.5715376494733 0.0174471649054411 3.01339857578171 -11.5294986394335 1.42872150816225 0.0717269164294763 1.59501750554955 2.55022107643518 -2.34578234841646 -0.0978523427463642 -3.26789978651504
"170" 12.5644830336821 -1.82626527686836 -0.271525906299274 -4.28807529268602 7.57911420510516 0.413224653984898 0.015779698273775 3.36743648675065 -9.90435712403337 -1.4154271905644 0.0337947857185767 1.92261457102904 -6.41207557939941 2.75718975966403 0.026370578192882 -3.72345376092562
