"V1" "V2" "V3" "V4" "V5" "V6" "V7" "V8" "V9" "V10" "V11" "V12" "V13" "V14" "V15" "V16"
"1" -6.82599007861144 2.32231350679779 0.101156311353421 -0.418862577987824 5.13358895605636 -2.70101951951639 -0.0217003308736201 0.400633777769396 4.95941671039752 2.90506040463013 0.0123082467016502 -0.206343560284495 -5.13399248750154 -2.31025107204184 0.104729322052407 0.35394703115594
"2" -8.70647770002346 2.94067274088367 0.0444899719600009 -0.832027657210318 8.25615577063665 -3.15749920716544 -0.0314102551738564 0.755099757160103 6.18251208684856 2.95174629743659 0.0154475811764403 -0.0605373258911186 -7.98999107208176 -2.14830019446094 0.0959433506500886 0.089155101481083
"3" -6.25171384449028 2.26141361450745 -0.121723216893461 -1.19068366919021 8.94979730285887 -2.19829425353957 -0.0287581641059909 1.02897073313004 4.4561379769947 1.36230649511315 0.0184148742844457 0.237652704318634 -8.04750411412211 -0.808246284330814 -0.0126426347969755 -0.46628882252935
"4" -2.7589633780966 1.39660683840611 -0.224593507210567 -1.25049822863639 7.18322440432069 -1.49430318729183 -0.0185385143068952 1.04441446484306 2.4040092310207 0.568792050963722 0.0259716839405186 0.323282236723344 -5.68081503569164 -0.504040277655148 -0.109441883375837 -0.655963580210937
"5" 2.09655715658937 0.17560252790706 -0.25355488237274 -0.918869880982129 2.36717282398254 -1.10327733561308 0.00140932987672748 0.709495561178464 0.148399332842326 0.730422959420345 0.0380207851429404 0.140027494183414 -0.0732535478785898 -1.57868780263787 -0.203765355978305 -0.391788117422948
"6" 5.11307672143233 -1.27168104969766 -0.165692612570581 -0.15016494823081 -2.5003938514231 -0.39476278068615 0.0169041203267932 0.00912969537228747 -0.860669711593586 0.575927293134967 0.0266207048150964 -0.156415111129036 5.24162011375123 -2.20367224498225 -0.233394334649773 0.0994025019454057
"7" 5.98458140894313 -3.33410660977266 -0.0302243068047012 0.798292044741032 -5.17976012246521 1.78647404903835 0.0210695422228389 -0.829755100734005 -1.19623731692242 -1.85882645130835 -0.0243060945940776 -0.287261074161734 7.97688148939048 -0.119807522181238 -0.230466789375299 0.316379703534267
"8" 5.09494135761939 -5.78427611075038 0.121693436390572 1.69088963509012 -5.4952288244486 5.17005839285589 0.0155446194550439 -1.59854721808074 -1.20678953479778 -6.2427847101138 -0.103133780694048 -0.235001696486052 8.04120597720554 4.36130673609637 -0.216203130961787 0.204993618747721
"9" 3.0240644480414 -7.9569312291277 0.27427757449772 2.41712371685139 -4.34965807328005 8.60045593482266 0.00616299988051683 -2.20147178697228 -0.900070014109793 -10.8449681598987 -0.183122402479711 -0.101690551216507 6.37440084409612 9.35738748150683 -0.180330994012849 -0.0382999390678833
"10" 0.501278074050036 -9.16557117001338 0.400351119835967 2.89036909840036 -2.57882883075442 10.8929288238036 -0.00120105264999815 -2.56846677368159 -0.387227438321348 -13.8939940762413 -0.23668582058192 0.0356729961403062 3.85805513608973 12.9170092230459 -0.0990817640812054 -0.243648800268147
"11" -1.78322450857594 -8.93540056662792 0.470247761582186 3.02619724157034 -0.715477849233361 11.224379320542 -0.00239772510968095 -2.6330025731597 0.115951102190039 -14.1706962927295 -0.243612168695437 0.140659692431086 1.10021877163078 13.6778522203129 0.0438080940939756 -0.322782853420676
"12" -3.37749690137506 -7.13984524145796 0.466480264094599 2.77037963512703 0.917228461424468 9.32740695193681 0.00432276999037917 -2.3533895913076 0.440525589867684 -11.2842171350452 -0.196226305074832 0.201488162164537 -1.49112251808614 11.1695869715268 0.240145237215813 -0.255249845017033
"13" -4.13554513224741 -4.04501279727461 0.38959753428507 2.11161315635704 2.14407042578988 5.54853554091691 0.0181561495067655 -1.7226939624061 0.524445921032378 -5.75138948679953 -0.101058521047225 0.22256991800316 -3.65501592014445 5.90026897565046 0.451231255829612 -0.0783862647804199
"14" -4.16717826282317 -0.219890444713442 0.256183433686882 1.08730083260946 2.90643794959623 0.704117525528734 0.036162517360057 -0.774654682322755 0.400645039597208 1.22102625602744 0.0239198871852935 0.218324629664266 -5.25270239212474 -0.87896707805853 0.619446964020398 0.132417661548971
"15" -3.72233545801852 3.65253358218182 0.0925643567162737 -0.213224441684019 3.23022923149326 -4.2153055530454 0.0541604896467058 0.41157308215616 0.154510412841126 8.17860942534789 0.155289032188929 0.205280129843914 -6.24473765329858 -7.65079024211098 0.69168611139753 0.296151492699437
"16" -3.0689314875959 6.97226636930409 -0.072610112353118 -1.65437661098687 3.19102458585281 -8.34990122534667 0.0677883685825416 1.714770927036 -0.12188301878946 13.8732279067238 0.270710993019909 0.194933819187327 -6.66435875711153 -13.1194976400655 0.640876518850547 0.356800324222377
"17" -2.40971375955028 9.34895227971799 -0.214468637061113 -3.07263430623564 2.88353934170925 -11.1620763288389 0.0734132820982154 2.98730721590789 -0.360816755295404 17.5449724310032 0.353610354686126 0.190373650753145 -6.59019101709644 -16.5115015670921 0.474820880000863 0.298660324328239
"18" -1.85285604593703 10.632700557607 -0.315436726207817 -4.30331116193162 2.40024027543645 -12.4775190739985 0.0687135494689262 4.07948211275312 -0.529622023273637 18.9775953038891 0.39505605044957 0.186969228980161 -6.1224301818809 -17.630230885627 0.230675265751529 0.143916556411568
"19" -1.42308814968651 10.8714820389879 -0.365929821138611 -5.20686307786895 1.819714520411 -12.4176911438297 0.0529748116873989 4.86427343656747 -0.626067829156927 18.3921555903563 0.393260565754613 0.17448605712957 -5.36522613931815 -16.7340292759178 -0.0392641275512631 -0.059612241445393
"20" -1.08903295391479 10.2343979870311 -0.362132156329228 -5.68704158100593 1.20156846781993 -11.2997013531946 0.0273839466097403 5.25549266821211 -0.667461788738391 16.2944354018161 0.351646825845597 0.135316797053292 -4.41441163092563 -14.3548004854473 -0.283188191998306 -0.247161992497922
"21" -0.790190248327139 8.93132332584136 -0.300932820431324 -5.69879862440942 0.583344771753809 -9.56409278094949 -0.00430925064154231 5.21768114145991 -0.67919800710333 13.3675858909027 0.276235772321479 0.0349604724149231 -3.34641095114498 -11.1478325990432 -0.461985974901552 -0.333087582838061
"22" -0.459944361870644 7.14309272458021 -0.175439385930218 -5.24949216816239 -0.0158495398409579 -7.71959920323319 -0.035031504511938 4.76940074489775 -0.685361326348396 10.3913881347563 0.172824314926807 -0.181723429361 -2.21832696501436 -7.77047689352136 -0.555224184120959 -0.213613310181699
"23" -0.0511030034246041 4.97254252769392 0.0198435072795924 -4.39385620403993 -0.580903104168399 -6.20752042192841 -0.0552495205373678 3.9764312342996 -0.702764651222123 8.03627492307298 0.0449829471728336 -0.559581136028555 -1.08447627712255 -4.6995665218081 -0.561080818632831 0.182114347171591
"24" 0.409307447783174 2.48052535970102 0.268820143736818 -3.23236571223063 -1.08772185303203 -5.18344174007708 -0.0569720298525365 2.94184048616756 -0.727007472162566 6.52600067973183 -0.103574600966001 -1.06491252493879 -0.00349330204533871 -2.04513320402195 -0.492338182319486 0.793854862558874
"25" 0.818914939778544 -0.349073665813592 0.534472914983365 -1.83193698239404 -1.52116198188578 -4.39602475809422 -0.0377565981754007 1.72664840520421 -0.72604980734701 5.4550144863988 -0.272418488183357 -1.57448361326306 1.01185612125368 0.549764814749805 -0.359984295810136 1.42104036974024
"26" 1.0415392265976 -3.33437948376029 0.752433433594927 -0.297498719568409 -1.8415991611918 -3.47538144774937 -0.00140714063644864 0.411908436044598 -0.664860747901867 4.22834995348729 -0.449371621533357 -1.88872249079873 1.90149205352822 3.39214686509171 -0.171617958252625 1.76997032535223
"27" 1.02620044820519 -6.24907313292907 0.875655651280457 1.3047314921622 -2.03387544570811 -2.19831512504184 0.0453945310737787 -0.960617013888346 -0.535145716698904 2.47875096394893 -0.619540563095409 -1.87190543568295 2.63176353224348 6.55557362033454 0.0661290025654466 1.65941247543424
"28" 0.808036437619283 -8.84514561628093 0.886642912374128 2.90906682473616 -2.10467785579986 -0.621919958161165 0.0966638145955336 -2.34551348728763 -0.355087154698227 0.274134552485187 -0.765120024891733 -1.49759113438358 3.18367973007214 9.78889701179674 0.332742161559281 1.08126442367256
"29" 0.465542283054653 -10.9110870224455 0.793911845611579 4.42627936785976 -2.07521218513005 1.03166387653852 0.147576945980397 -3.67076682141833 -0.155859120954533 -2.06070977081949 -0.867161049630443 -0.829449911859001 3.55019632958651 12.7069084801212 0.583407602309023 0.159954185137622
"30" 0.0796598858879207 -12.2950328648016 0.621820781839389 5.73339068192809 -1.97234095439455 2.52307979970516 0.19343743224902 -4.83093559570135 0.0302214311151445 -4.173297388531 -0.906324436256014 0.0179298153434502 3.73184571117837 14.9723023041593 0.746969608743086 -0.912362906214412
"31" -0.284618783726188 -12.9035312647525 0.403289856290726 6.67815911369877 -1.82382637890532 3.66748363627005 0.228991940755252 -5.69294990665382 0.175148761541862 -5.79446592959202 -0.863534809518622 0.904854238870257 3.73471970574431 16.3671342066496 0.731385656735085 -1.91587122528267
"32" -0.58117214673328 -12.6947139234263 0.175452930911426 7.09511827976974 -1.65626066094993 4.34691815801348 0.248556652740705 -6.11076213011647 0.256830726375552 -6.75667783549133 -0.72158615361392 1.68143910716731 3.57021364728961 16.7914404512355 0.436047398708183 -2.62580907133724
"33" -0.780864796340616 -11.6754460254248 -0.0244889351446318 6.83344275217917 -1.492904213662 4.50402261695847 0.246775607050385 -5.94967429553868 0.260323013903214 -6.98223024920071 -0.468492453112816 2.20381716606812 3.25494409056502 16.2401440890306 -0.227103793155663 -2.83846609062675
"34" -0.869703577504019 -9.90538976790367 -0.164654703219185 5.79913661961496 -1.34979164333216 4.13654198958636 0.2198437341616 -5.12313585366854 0.180422505552868 -6.47114715852635 -0.103136428604643 2.3589118005234 2.80994701129042 14.779488628319 -1.30094639173404 -2.41231845893753
"35" -0.848024192240047 -7.50739579098072 -0.225016536627152 4.01027388565615 -1.22987035407903 3.29668391892822 0.167019175992534 -3.64125865915575 0.0258392185492688 -5.29511090192709 0.356995377040434 2.09829490355037 2.25892514329126 12.5269964234258 -2.73988736944943 -1.32481621494526
"36" -0.730191123906604 -4.67908789277141 -0.203624496659558 1.65207898938189 -1.11678385298654 2.09270775841294 0.0920432295689348 -1.65955630250421 -0.176381210728482 -3.59476943207649 0.868080075355724 1.47298104602646 1.62596003099056 9.63480374681336 -4.36669714773404 0.269602604692409
"37" -0.543469762091895 -1.69422978871185 -0.119704665470884 -0.899064026926681 -0.972337073857679 0.685877000305553 0.00378227516630147 0.499500540008412 -0.379438112659106 -1.57311931834715 1.35705518256095 0.649994220264716 0.93389845172873 6.27659722629019 -5.85485662309878 2.01390323501346
"38" -0.324374035572401 1.12102465819183 -0.0102728984892693 -3.12347000578347 -0.743058590262223 -0.726083798718584 -0.0847185084815685 2.38851185260822 -0.522691167014799 0.524296705584575 1.72989326136176 -0.114357352159686 0.2050814414171 2.63922019769035 -6.76997169789473 3.39919061744058
"39" -0.111621619033578 3.44468591607111 0.0812611990011334 -4.49848949651846 -0.37862722292013 -1.94366842825362 -0.159136819949302 3.55922983517009 -0.547131192010662 2.44727914070315 1.89426633592931 -0.556976961542887 -0.534741695331512 -1.08063161531454 -6.68721514500737 3.91372213440627
"40" 0.0629302844325821 5.03548946410646 0.12142818518614 -4.69446671873033 0.142701931415775 -2.81124492150207 -0.207993216172726 3.73578527206539 -0.416565906191553 3.98984809678066 1.79092063535787 -0.523534376140105 -1.25086221010924 -4.67695678511123 -5.3545575859813 3.25059530219733
"41" 0.181707569556199 5.79546776700505 0.100309748594057 -3.73024209792175 0.794407824511884 -3.25434206017805 -0.226149634349083 2.9511376679646 -0.13441925327987 5.03062701000802 1.41891506990317 -0.0582902747755725 -1.89639184127464 -7.93748878737641 -2.82288876264238 1.47136331554339
"42" 0.243489798924202 5.7842628486726 0.034774782060218 -1.99216258399451 1.50046529554918 -3.28899613877309 -0.215840635548396 1.5608997341588 0.25398477695571 5.54492854974353 0.839828796238571 0.590554490259592 -2.41523103698363 -10.6541073565481 0.536020649889679 -0.977285346277768
"43" 0.259358770521114 5.17805267696752 -0.040414591744188 -0.0973654370287136 2.15489347933849 -2.99911490543089 -0.184804402152608 0.117618370471064 0.675608942662682 5.58433067632365 0.15795226646414 1.06108673699669 -2.75166374379986 -12.640931346873 4.13924281297921 -3.41352341855827
"44" 0.245366729422877 4.19918993617571 -0.0881684190108842 1.32411115124319 2.65179065067703 -2.49683350993916 -0.142809780234385 -0.82728075394192 1.0523448757837 5.23867282254784 -0.511992541896884 1.01667797307982 -2.86290130380121 -13.7550296421962 7.36820339493124 -5.15569924464535
"45" 0.215994065595872 3.05396837453523 -0.0832747374836345 1.82161430885282 2.91129908188954 -1.8872897682478 -0.0984881380759024 -0.897867087888912 1.32073017561817 4.60190555266499 -1.07312308263165 0.267408532636637 -2.72953349555463 -13.9129567614846 9.72186918030218 -5.72756386215542
"46" 0.180822038761107 1.9006776619652 -0.0203250951704348 1.22687965869187 2.89283491806054 -1.25053725608509 -0.0576362695939991 0.0128475021934946 1.44198203744784 3.75451694159892 -1.46085195848805 -1.16595932823066 -2.3608417561666 -13.0990754810241 10.8951312442566 -4.96421724034872
"47" 0.144361457276219 0.847122096336676 0.0847318055461699 -0.330832607413186 2.59578860446333 -0.640182240007135 -0.0230031819145609 1.72913464796133 1.40254747243187 2.76211332748255 -1.64380013279445 -3.04523727956621 -1.79493561594672 -11.3657167316288 10.7837045109106 -3.01958024646729
"48" 0.107602653236533 -0.0358663330043498 0.19679037070226 -2.46008612556295 2.05285841367987 -0.0910980059581661 0.0050741456524861 3.82489226879295 1.20923509999381 1.68251954316931 -1.61703307399631 -4.94276405329992 -1.09542278552617 -8.82762107064113 9.44676899661147 -0.315200508971884
"49" 0.0698812843805996 -0.698097194740541 0.265028106884685 -4.5573503283963 1.32119683806181 0.371215692580193 0.0278172848004488 5.67022250522109 0.882971066709231 0.574070581794061 -1.39344611902473 -6.2827356324392 -0.346415268517745 -5.6534497481763 7.05836454904932 2.53090916133851
"50" 0.0303231270908029 -1.09863315426111 0.2270823028433 -5.86097659808195 0.474322298490836 0.723834532940799 0.0472573271436545 6.48434702019306 0.453583318270905 -0.498847110437765 -0.996846696243821 -6.39287995629093 0.353541779069026 -2.05688017285314 3.86568884889118 4.78076842151268
"51" -0.0112232716126641 -1.20511188105786 0.0184604372957295 -5.5533543997625 -0.404308288736527 0.944844897807045 0.0655780413506584 5.44408110908179 -0.0428372150031073 -1.46503049664159 -0.45959172108951 -4.61058090408096 0.901613748178455 1.70876889066184 0.165163754372998 5.68768200657678
"52" -0.0534439191762743 -1.01470205512973 -0.398289343167974 -3.06198377729231 -1.22628783562319 1.02182281126301 0.0842516844406518 2.01085971976021 -0.561469077680139 -2.25382411171455 0.169590212583692 -0.582588492110972 1.21530219831736 5.34355591636766 -3.68661396668995 4.74510918182477
"53" -0.0926314558477799 -0.605568269927971 -0.970983099109546 1.29381980657467 -1.90266926086775 0.974537604279448 0.102707132993924 -3.36666730383892 -1.03924372278899 -2.81378515711882 0.802801493403898 5.1137388080906 1.28173359761968 8.47474887992974 -7.2131552670495 2.16652823423374
"54" -0.121641397804183 -0.179940337980611 -1.5036977826107 5.72739980617052 -2.35082733904044 0.875728605960859 0.11735367040162 -8.63480340725143 -1.38836130721034 -3.13294418021678 1.29494296600925 10.4515883083186 1.20231275738176 10.6477411436466 -9.77517251613745 -0.720038553199629
"55" -0.131794584054468 0.00366701198782948 -1.72650558575944 7.64768032711049 -2.50827977606167 0.826001217865823 0.123094291360836 -10.8833962542395 -1.51837999112231 -3.23330366615386 1.48376254860608 12.6865416287633 1.14701903948019 11.4315591603539 -10.7232895143652 -2.00586860489693
"56" -0.120262264666287 -0.179235770115667 -1.50546847767777 5.74753689980594 -2.35080732748454 0.875443457845208 0.117403031740189 -8.65579846316147 -1.38855075642645 -3.13205060672897 1.29462011837538 10.4702450957216 1.20269171246273 10.6437302056327 -9.77052081467775 -0.739446249050161
"57" -0.0918957253855623 -0.605062998223161 -0.972151685527621 1.30683594769403 -1.90238068886518 0.974646376265213 0.102751736800496 -3.3808488951661 -1.03916783325404 -2.81355267060593 0.802421671361905 5.12994964599557 1.28178993075671 8.47197217577873 -7.2084803836766 2.14772676043867
"58" -0.0534692688395921 -1.0147224074897 -0.398276821605421 -3.06226348559721 -1.22607970465224 1.02218310209871 0.084263097413853 2.01044630778071 -0.561298182759293 -2.25424123019113 0.169374300441042 -0.578047318217614 1.21529521131319 5.34328805364312 -3.68461476165305 4.73803172641601
"59" -0.0113156610137679 -1.20528987043193 0.0187243452034096 -5.55622676054179 -0.404295224325415 0.94507586805085 0.0655737676815029 5.44677178460756 -0.0427714501678427 -1.46536873299118 -0.459662423175054 -4.6111523568261 0.901722622486595 1.70914489948296 0.16551893214023 5.68714800813086
"60" 0.030299248045452 -1.09871839542944 0.22718942086631 -5.86209252895128 0.474303804493566 0.72390679422999 0.0472543270503643 6.48545330786916 0.453594728079841 -0.498956355057246 -0.996863800098353 -6.39349016962706 0.353610328153657 -2.05672607226672 3.86570465038471 4.78111706244545
"61" 0.0698786323974758 -0.698115075684115 0.265047985703816 -4.55755136933487 1.32119210402621 0.371227855226785 0.0278166556042407 5.67042886166587 0.882972577219256 0.574053134105441 -1.39344971667255 -6.28288257038139 -0.346399214122201 -5.65342756287733 7.05836535212472 2.53101717749905
"62" 0.10760254588849 -0.0358686136665654 0.196791893853295 -2.46009951594749 2.05285808415395 -0.0910966543222926 0.0050740834381493 3.8249074912645 1.20923537463844 1.6825179582648 -1.61703367751038 -4.94278061432942 -1.09542092665636 -8.82762063722433 9.44677023993654 -0.315186391100724
"63" 0.14436149456499 0.847120325192179 0.0847295242416308 -0.330801897941058 2.59578899178087 -0.640180900727664 -0.0230031815874021 1.72910693800736 1.40254783454107 2.76211211947943 -1.64380051405271 -3.04523306308238 -1.79493527108681 -11.3657192783901 10.7837067591699 -3.01957777485768
"64" 0.18082204129265 1.90067383604631 -0.0203300383515455 1.2269444113515 2.89283553108419 -1.25053392840309 -0.0576362516634958 0.0127886909357215 1.44198271994345 3.75451345929821 -1.46085264863445 -1.1659485054688 -2.36084090652809 -13.0990793138843 10.8951353868946 -4.96421395376819
"65" 0.215993989616457 3.05396423382845 -0.0832795120428855 1.82167588786569 2.91129944284641 -1.88728582143003 -0.0984881096835952 -0.897922947687135 1.32073080551088 4.6019010047294 -1.07312374213104 0.267418720229216 -2.72953228344664 -13.9129590106016 9.72187289813428 -5.72756061865766
"66" 0.245366658461077 4.19918784553875 -0.0881705853152326 1.32413861415642 2.6517906979622 -2.49683136285009 -0.142809762225754 -0.827305630480566 1.05234514549653 5.23867018235228 -0.511992836028224 1.01668245508745 -2.86290055664407 -13.7550299587014 7.3682049367394 -5.15569772451227
"67" 0.259358767128212 5.17805226853287 -0.0404150234316276 -0.0973603798821046 2.15489341185829 -2.99911436718158 -0.184804395845147 0.117613750710078 0.675608969587164 5.5843299554416 0.157952221073888 1.06108786602317 -2.7516634715478 -12.6409311783791 4.13924307720816 -3.41352352739432
"68" 0.243489977144904 5.78426330568956 0.0347749830697595 -1.99216827890183 1.50046488485156 -3.28899586604391 -0.215840603084313 1.56090441392642 0.253984603700413 5.54492796379711 0.839828798783788 0.590557314035777 -2.41523032568724 -10.6541065720213 0.536021188452821 -0.977291023370071
"69" 0.181708506855639 5.795469484959 0.100310774776496 -3.73026978505771 0.794406027252549 -3.2543406832986 -0.226149450922069 2.95116048759553 -0.13441997283875 5.0306242464723 1.41891481945768 -0.0582762114665911 -1.89638845260998 -7.93748534623129 -2.82288480092649 1.471334327558
"70" 0.0629331859541153 5.03549258635306 0.121430318169992 -4.69452617695021 0.142697431064105 -2.81124162949383 -0.207992787713964 3.73583413672118 -0.416567777789247 3.98984176625336 1.79091984622195 -0.523502493295382 -1.25085351610708 -4.67694961241243 -5.35454762146139 3.25052983224759
"71" -0.111616164788018 3.44468858832261 0.081263296381799 -4.49854989898932 -0.378633852232795 -1.94366505790889 -0.159136376632418 3.55927933933168 -0.547134303227904 2.44727269337388 1.89426543008815 -0.556943861925674 -0.534729169012664 -1.08062517666229 -6.6872044625282 3.91365421910314
"72" -0.324368178252023 1.12102549018553 -0.0102719657020174 -3.12349876387015 -0.743064465048294 -0.726082337021708 -0.0847183035892503 2.38853529243939 -0.522694273518659 0.52429383098098 1.72989280508684 -0.114341410419911 0.205092150871081 2.6392220925237 -6.76996652631993 3.39915785885523
"73" -0.543466481414413 -1.69422984038221 -0.11970449636668 -0.899070412959304 -0.972340031717735 0.68587721430255 0.0037823151183467 0.499505669832466 -0.379439793252351 -1.57311980586631 1.35705507674643 0.649997809812021 0.933903705124841 6.27659690593434 -5.85485547620294 2.01389582208731
"74" -0.730190222716125 -4.67908795719742 -0.203624490097368 1.65207833140209 -1.11678462782214 2.09270774322626 0.0920432318739604 -1.65955579557006 -0.176381665420913 -3.59476943029146 0.86808006391237 1.47298142916429 1.62596139004918 9.6348034876882 -4.36669702977844 0.26960180365495
"75" -0.848024074193258 -7.50739580016997 -0.225016537817766 4.0102738548407 -1.22987045375064 3.29668391189357 0.167019175824615 -3.64125863838504 0.0258391594919924 -5.29511089269572 0.356995376373355 2.09829492381732 2.25892531754681 12.5269963767605 -2.73988736274549 -1.32481625867104
"76" -0.869703570835288 -9.90538976990612 -0.164654703268404 5.79913661680473 -1.34979165033436 4.13654199303847 0.219843734070736 -5.12313585161276 0.180422502120037 -6.471147164288 -0.103136428692739 2.35891180149633 2.80994702339887 14.7794886316284 -1.30094639199581 -2.41231846161236
"77" -0.780864834866016 -11.6754460917989 -0.0244889337297494 6.83344271252315 -1.49290423548897 4.50402278686459 0.246775604401144 -5.94967426569558 0.260323032283508 -6.98223051939813 -0.468492457138961 2.20381719289321 3.25494413189472 16.2401443444228 -0.227103799725683 -2.83846615271614
"78" -0.581173024596836 -12.6947151843304 0.175452928944438 7.09511769368459 -1.65626106798276 4.34692185179232 0.248556593426109 -6.11076173274983 0.256831154454662 -6.75668366099762 -0.72158623194662 1.68143973379961 3.57021450631625 16.7914456146412 0.436047325785353 -2.62581040225314
"79" -0.284628539638557 -12.9035429556036 0.403288958680918 6.67815700011317 -1.82383046149541 3.66753190906687 0.228991078908736 -5.69294984936747 0.175153320499394 -5.79454144983886 -0.863535578964651 0.904863189726711 3.73472966766586 16.3671936805429 0.731385843802968 -1.91588787758224
"80" 0.0795952328632517 -12.2951081298877 0.621801386638538 5.73343665882823 -1.97236160953111 2.52358413199861 0.193427566474133 -4.83099721300572 0.0302468914791971 -4.17407931077433 -0.906329567159293 0.0180270807982197 3.73191740416495 14.9728419043014 0.746982398655234 -0.912519746351563
"81" 0.465139700117732 -10.911761518384 0.793697267432769 4.42703162949442 -2.07528139789712 1.0364904221379 0.14748240734434 -3.67163393814648 -0.155739904498452 -2.06815535940854 -0.867201062296019 -0.82854849604837 3.55067014596189 12.711878693683 0.583548513717687 0.15859491689389
"82" 0.805298912306515 -8.85113083864121 0.885121674194455 2.91562287903832 -2.10513304111158 -0.58559158521031 0.0959603099155011 -2.3528314027374 -0.354231547685728 0.218188064248857 -0.765452220625384 -1.49109059196053 3.18711704384341 9.82679307618949 0.333771728044042 1.07162769846832
"83" 1.01207909852644 -6.28598563610403 0.868272893438256 1.34496266935008 -2.03782008822194 -2.00192429670573 0.041528445761843 -1.004649171356 -0.529646197988668 2.17659789113593 -0.62164411265622 -1.83832607796535 2.65283643032652 6.76209620419618 0.0721740682404857 1.61012174196026
"84" 0.99333450527476 -3.49609922767196 0.727366331908556 -0.120205667397499 -1.86394534693047 -2.7057510854216 -0.0170484538565265 0.220506745582348 -0.642951880612289 3.0452960324547 -0.45897664926982 -1.7643533257642 1.99846349055486 4.20387170326589 -0.144691320768516 1.5888381388927
"85" 0.706610186036901 -0.873070349617635 0.474003985678433 -1.25940591141796 -1.60325285142067 -2.14693959463093 -0.0852409005951582 1.11437485352436 -0.673211180373732 2.00012176999046 -0.304320318960075 -1.23862499358665 1.34670692677102 2.92751063366227 -0.273542824538026 0.935421003802048
"86" 0.231301858389521 1.19146113065278 0.164030818591247 -1.82492983899107 -1.31104914850777 -0.131595102764507 -0.168512768183417 1.44892525890042 -0.6437123052503 -1.23193952945596 -0.182565046230238 -0.397169299838652 0.876630402713989 3.30451488181946 -0.290565911191379 -0.160819012794946
"87" 0.0763835477910888 1.69046300231064 0.0683023460751038 -1.85559950147507 -1.22801876530807 0.744595868977278 -0.198019531156264 1.41390120312113 -0.628843087908137 -2.6067291077656 -0.153258862463408 -0.112746351878741 0.790066413851928 3.71156034289917 -0.272786845130781 -0.528506852160717
"88" -0.275671039443459 2.80443291771257 -0.183591749060053 -1.48789399656641 -1.06392006403764 3.79601590407305 -0.297397884159237 0.872903325691041 -0.575855387971377 -7.33406739657227 -0.0885445410624488 0.672367985255732 0.730654099638059 5.37934906337007 -0.155360719036537 -1.49496825212304
"89" -0.270686546837386 3.43165410502039 -0.322728618174146 -0.579415895832597 -1.08051947601571 6.49469627422387 -0.395985615820239 -0.15148034936071 -0.537559242626998 -11.4451415499128 -0.05294546885 1.10509554995679 0.917626039715255 6.70820799744081 0.0222620821197665 -1.89109863503268
"90" 0.0684529168261463 3.89740717771974 -0.352173529607818 0.563862472718824 -1.17365228906967 8.20262839013415 -0.480541464638419 -1.35690701065208 -0.56664608979604 -13.9769138824475 -0.024966312915792 1.11012038222975 1.18095151208582 6.94749157551015 0.206383933516065 -1.61098454795319
"91" 0.596585824744988 4.37083002631445 -0.314352359985286 1.67189126899706 -1.24404138079106 8.8405852606438 -0.539806153665035 -2.47790151842629 -0.670266299947706 -14.8293311728354 0.00858706944147869 0.752324083814756 1.39309737073122 6.06258294706419 0.346964048866198 -0.779501649685244
"92" 1.18380739427197 4.84385601326973 -0.264633795968454 2.5780989236049 -1.27670685215709 8.63747735255602 -0.563451302624969 -3.34537313705633 -0.807234823577852 -14.3726695606041 0.0488932288588053 0.155896439296839 1.50813895592865 4.43853324716619 0.414250246543816 0.377858451534848
"93" 1.72729624405165 5.24369867682233 -0.260864869575151 3.20535001172499 -1.2739660659506 7.86586770455739 -0.540677827696177 -3.87099853198884 -0.941347662580788 -13.0400931907311 0.0900756104907252 -0.540072425113294 1.52046016777454 2.5199764908939 0.404006758043806 1.61605950195667
"94" 2.14846144380521 5.50749616647472 -0.362491772482702 3.53368415532964 -1.23633955561071 6.74614725293732 -0.460178058263343 -4.01779859459403 -1.05058925347758 -11.1819976876473 0.123817602698733 -1.19241203053866 1.43730546818542 0.663081712567418 0.332875784374608 2.69287654108848
"95" 2.39309783231732 5.60004318800523 -0.626778075592505 3.57892441533738 -1.16622517051241 5.44192106506829 -0.311530369192376 -3.78343629175258 -1.12153176281995 -9.05964367031723 0.14165880647111 -1.6599562643155 1.26968093597104 -0.879717812550739 0.2308083966293 3.37925161376074
"96" 2.43011173566019 5.50945261855871 -1.09708377746058 3.37986669820845 -1.06759600709926 4.07261380828501 -0.0883009956135101 -3.19458141676065 -1.1465723061763 -6.86365265971872 0.136456529075563 -1.81900708131593 1.03016039125722 -1.94857938400399 0.133126288177834 3.48360106938503
"97" 2.25103131295386 5.23769805185952 -1.78169692532046 2.98604181622289 -0.94376786524497 2.72448356536935 0.206701472476546 -2.30609288288211 -1.12152120874987 -4.72864327202659 0.104058216663947 -1.59105742550059 0.733065639633832 -2.47214338844432 0.0716067312109203 2.8955596289311
"98" 1.87022923047266 4.79006431445161 -2.62512667267978 2.44373237802472 -0.794302532126477 1.45910874875131 0.554392146701627 -1.20223250199397 -1.04241068744996 -2.74292038479287 0.0452954962639822 -0.979871251920258 0.39525072097355 -2.47254793555498 0.0648499069246782 1.64448318830841
"99" 1.32471983169378 4.16599388722862 -3.48256985273084 1.78314800758369 -0.612120317791106 0.31993068468006 0.913204492001359 0.00274735931134984 -0.90241058378671 -0.95549540753106 -0.0323330776127726 -0.104729589330645 0.036779926455214 -2.07128893994319 0.110207241711691 -0.0485981514389096
"100" 0.671810848271694 3.35601861937486 -4.11976709093116 1.0137193717286 -0.383292576529374 -0.663110215180289 1.21915653523342 1.16942789909621 -0.691189977393149 0.616595843267092 -0.114571461040914 0.796775704667652 -0.319158705403549 -1.47960459868814 0.181626568335162 -1.76834476786189
"101" -0.0170932515127618 2.34990574705904 -4.2618050728783 0.134764090827332 -0.0922147482212994 -1.47105643121345 1.39795934066795 2.1486605423961 -0.399282282600451 1.97788316449933 -0.183217639415385 1.4244231210555 -0.647735170036416 -0.956327082031221 0.237790205463057 -2.99673618519273
"102" -0.666697198310334 1.15586892844726 -3.69083543584786 -0.838976055417447 0.267860954205721 -2.09529502449486 1.38917136211199 2.80807367139342 -0.027415435580755 3.14057186747034 -0.221808478816335 1.52940111043972 -0.925402819783258 -0.732591995541249 0.240314780884319 -3.2988504887303
"103" -1.20948869116274 -0.178879043984296 -2.35072068866661 -1.85090342060641 0.683850958098033 -2.53758774366231 1.17214227280878 3.06137162242531 0.403899252752074 4.11084331108019 -0.221822292625816 1.0367184897093 -1.13329730244878 -0.931934385740171 0.173860356620821 -2.52286602112099
"104" -1.5947478543143 -1.56102885234867 -0.394198939397349 -2.7960055390771 1.11892840188227 -2.80904942493901 0.777993989260045 2.88709117061281 0.851667560526907 4.88121156375001 -0.185802925014251 0.099364481837938 -1.25955834375082 -1.5300588032723 0.0558116733116094 -0.891614482562545
"105" -1.79229407832414 -2.86522647322633 1.86170340564972 -3.54437671592132 1.51955036830442 -2.92717903037752 0.279218249624055 2.32891265764343 1.25822941255876 5.43207792747907 -0.125452312805173 -0.956668145586946 -1.29964906049688 -2.37820972887002 -0.0711674032483529 1.08013495173873
"106" -1.79189611403882 -3.96241598798403 4.0438721699757 -3.98394798505518 1.82987631059046 -2.9116856384998 -0.236315256658672 1.4816218606287 1.56606776211315 5.73987331232843 -0.0561558773008137 -1.76333208748997 -1.25513314446324 -3.27145696431081 -0.158729174107634 2.7903982976818
"107" -1.60139850404614 -4.74716348251863 5.83027709493206 -4.05916242772173 2.00572180197098 -2.78079216025369 -0.691243230889143 0.473777592201671 1.73194129803997 5.785802324541 0.00857717941084957 -2.04088023114718 -1.13220264912097 -4.01826602755977 -0.172684395883437 3.75521503637719
"108" -1.2457428934969 -5.15274257909783 7.00857396136 -3.7878125163474 2.02229006729235 -2.54923061188859 -1.03295463282137 -0.545433547499542 1.73470021604145 5.5607832054657 0.0601740321380611 -1.67115536973483 -0.940904567746898 -4.4794430522241 -0.104174204569176 3.7249693290446
"109" -0.766853917630087 -5.15278121583239 7.48100050833599 -3.25235159121115 1.87506173430907 -2.22801866799868 -1.23499547424202 -1.41604927263992 1.57611279512771 5.06610711544492 0.0952536113026206 -0.707419864073017 -0.695136006772699 -4.57349072790367 0.0290370120372927 2.70220948735596
"110" -0.223136671002123 -4.75479085396259 7.23779099987646 -2.57132952326396 1.57659459040155 -1.82539275904416 -1.29108012616029 -1.97996344897064 1.27731970356806 4.31189327837478 0.114241425110833 0.653414471159977 -0.412969190659815 -4.26394172122233 0.187364516569232 0.902760123261032
"111" 0.312381952726305 -3.99137060544464 6.32281021590731 -1.85734223250864 1.15227736509966 -1.34825540406639 -1.20749222655365 -2.10248841126522 0.873863466148661 3.31559942442165 0.119576769633536 2.10876076572185 -0.116946774086873 -3.54502318946334 0.316276931334698 -1.29566201147009
"112" 0.755438267239029 -2.91245272510488 4.80425629037371 -1.16457859422172 0.636853701267896 -0.803841535905086 -0.996982043548984 -1.70674731926541 0.411075318743156 2.1019505016565 0.114143748538314 3.28489263313281 0.165710519600196 -2.43440240033552 0.353352568920286 -3.39487840671836
"113" 1.01585695132087 -1.58025591743879 2.75520933654868 -0.430021464605716 0.0723415375314378 -0.201810977133064 -0.67513879256669 -0.821105976635657 -0.0596671050541433 0.705287251421339 0.100070539789414 3.7702304341758 0.403100990461738 -0.975458708924766 0.23607257984321 -4.80976270531301
"114" 1.00947878511188 -0.070349567338468 0.253334547382728 0.563887203182844 -0.492956105674107 0.441893156162912 -0.260482055871458 0.373597398334148 -0.484798727511579 -0.822801398723911 0.0780695524309962 3.17461086964181 0.56052604859627 0.750024732913339 -0.0854503996368976 -4.93352040513309
"115" 0.692249197602042 1.51136481913397 -2.56934608203581 2.10726093605263 -1.00601342524275 1.09585740144674 0.217408685291051 1.54911945312433 -0.816167750128642 -2.39291948374542 0.0481846292169976 1.28983696880255 0.610225988169624 2.59652595837248 -0.620194683957379 -3.34826924419849
"116" 0.131452561127748 2.98780110066093 -5.39547801509206 4.23143721534535 -1.41426387170482 1.69641695798104 0.697763563594798 2.37070062267676 -1.02661707301201 -3.84011208025474 0.0131542353663079 -1.58100098305044 0.555795900299032 4.3220599595674 -1.28506312081669 -0.293947844805643
"117" -0.433631376233372 4.08194139788384 -7.60685899383061 6.29731111665342 -1.67521148267339 2.13758506081476 1.07246792319602 2.73576260765024 -1.12598606532857 -4.90303542770313 -0.0175299970183822 -4.34684715717617 0.456863993389881 5.58785252997174 -1.86898192244536 2.89950932143074
"118" -0.676397944944242 4.49264432748896 -8.46136524246687 7.18222567640015 -1.76435589831641 2.30246540175144 1.21682496303756 2.81556776141861 -1.15156183928277 -5.30000447183477 -0.0300622298810893 -5.51758591777138 0.407358746363812 6.05884763855536 -2.10673716246151 4.29335022821078
"119" -0.435678005748663 4.08247467401142 -7.6075546985752 6.29360936399451 -1.67469538888517 2.1377186854445 1.07264947254853 2.74172714422258 -1.12529567424564 -4.9035042166137 -0.0174808852814046 -4.35661563547933 0.455764514470054 5.58920206272137 -1.87083232735722 2.91075901136173
"120" 0.129341289220353 2.98826911634549 -5.39601206113177 4.22717533300499 -1.41368405230061 1.6966094866696 0.697924247702566 2.37690044825133 -1.02587955285023 -3.84066394937706 0.0132098996274053 -1.58989588295049 0.554612859790019 4.32359294132266 -1.28681394314168 -0.283920965511697
"121" 0.691245499323479 1.51155289341565 -2.5695417946789 2.1053074397409 -1.00570923292267 1.09596891788545 0.217474177052067 1.55182048774419 -0.815802971398465 -2.39320007377745 0.0482112478455292 1.28630853216964 0.609635166498123 2.59728106382394 -0.620921142683812 -3.34435597755191
"122" 1.00923578577014 -0.0703028957135245 0.253275726434111 0.563552037019463 -0.492876773806913 0.441922888884307 -0.260465687059533 0.374095970984861 -0.484708527595707 -0.82287104384838 0.0780749498593387 3.17394225370413 0.560376247312355 0.750200882297172 -0.0855948018211166 -4.9327745734322
"123" 1.01582800335477 -1.58024689040687 2.75519302141199 -0.43001867716481 0.0723509732515577 -0.201806739295449 -0.675135639336498 -0.821084925186497 -0.0596568671699425 0.705277547873166 0.100070785937902 3.77018015477847 0.403082288963436 -0.975438889245577 0.236060677288037 -4.80970265590167
"124" 0.755436631958926 -2.91245127590705 4.80425294700791 -1.164570453816 0.636854039957555 -0.80384110277344 -0.996981510791828 -1.70675226590574 0.411075677927533 2.1019494673012 0.114143673287103 3.28489260797005 0.16570941871981 -2.43440120327757 0.353352459811731 -3.39487726778179
"125" 0.312381881279947 -3.99137035320521 6.32280954507865 -1.85734090825048 1.15227730858519 -1.34825534908391 -1.20749210806551 -2.10248918794273 0.873863418442142 3.31559926333577 0.119576745504666 2.10876100290352 -0.116946808353635 -3.54502297469759 0.316276978978067 -1.2956622071174
"126" -0.223136680097308 -4.75479075594239 7.23779071254016 -2.57132917102132 1.57659455519098 -1.82539274413791 -1.2910800678817 -1.97996361069681 1.27731967083839 4.31189321886238 0.114241412264349 0.653414685945563 -0.412969193578622 -4.26394158798396 0.187364557344097 0.902759825316025
"127" -0.766853921899038 -5.15278118346924 7.481000383763 -3.25235122679879 1.8750617295215 -2.22801866871855 -1.23499545207579 -1.41604954542652 1.57611278685561 5.066107109675 0.0952536038634726 -0.707419743361925 -0.695136015547472 -4.57349072096487 0.0290370471073516 2.70220938607463
"128" -1.24574289852439 -5.15274257763167 7.00857392511101 -3.78781222613605 2.02229007561845 -2.54923061780976 -1.03295462930834 -0.545433799281817 1.73470022005541 5.5607832200147 0.0601740287726393 -1.67115532896264 -0.940904578079092 -4.47944309311478 -0.104174184113504 3.72496934868923
"129" -1.60139851888307 -4.74716349081197 5.83027709010408 -4.05916230280087 2.00572181148161 -2.78079216484125 -0.691243231481707 0.473777487912088 1.73194130636288 5.78580233571915 0.00857717927275914 -2.04088027678745 -1.13220266053415 -4.01826604520428 -0.172684403260234 3.75521513658578
"130" -1.79189615355343 -3.96241601211483 4.04387218767052 -3.98394799223064 1.82987632406119 -2.91168564401571 -0.236315259298477 1.4816218897334 1.56606777948993 5.7398733235846 -0.0561558736296206 -1.76333227683676 -1.25513316119567 -3.27145694983446 -0.158729225456852 2.79039856515101
"131" -1.7922942577733 -2.86522654938923 1.86170351680116 -3.54437719556756 1.51955041539595 -2.92717903881169 0.279218238316529 2.32891310007914 1.25822948952276 5.43207794295289 -0.125452297863337 -0.956668536484813 -1.2996491050439 -2.37820960102399 -0.0711675475307629 1.08013540341017
"132" -1.59474849976027 -1.56102906474081 -0.394198551378061 -2.79600745851434 1.11892856963044 -2.80904943658699 0.777993953681944 2.88709282323674 0.851667839279115 4.88121158311354 -0.185802879531344 0.0993637943877275 -1.25955849212139 -1.53005832339763 0.0558113161291658 -0.891613902535028
"133" -1.20948980406746 -0.178879384144409 -2.35072003568641 -1.85090674248511 0.683851249622856 -2.53758775713504 1.1721422147799 3.06137444908433 0.403899733353064 4.11084333152239 -0.221822217919392 1.03671756104268 -1.13329756028807 -0.931933556278349 0.173859801254878 -2.52286538152703
"134" -0.666698084072689 1.15586866378274 -3.69083492354846 -0.838978702742793 0.26786118974759 -2.09529503381635 1.38917131757844 2.80807592250038 -0.0274150559898967 3.14057188021752 -0.221808419945585 1.52940040979956 -0.92540302970589 -0.732591330077355 0.240314347135836 -3.2988500356455
"135" -0.0170935764504989 2.3499056505284 -4.2618048871382 0.13476310964171 -0.0922146554551606 -1.47105643458159 1.39795932510469 2.1486613788169 -0.399282147541032 1.97788316845036 -0.183217617721766 1.42442286485561 -0.647735254283116 -0.956326831910546 0.237790045309112 -2.99673602330131
"136" 0.671810794828055 3.35601860272455 -4.11976706007447 1.01371920223664 -0.383292555942075 -0.663110215939959 1.21915653285318 1.16942804428593 -0.691189958160984 0.616595844103173 -0.114571457338169 0.796775660914591 -0.319158724957411 -1.479604554003 0.181626540842842 -1.76834474092129
"137" 1.32471982834028 4.16599388572324 -3.48256985038246 1.78314799386595 -0.61212031442345 0.319930684539251 0.913204491855694 0.00274737114697388 -0.90241058366027 -0.955495407327618 -0.0323330773286727 -0.104729592811282 0.0367799230682309 -2.07128893597299 0.110207239578642 -0.048598149384361
"138" 1.87022923057193 4.79006431434637 -2.6251266725867 2.44373237740274 -0.794302531763183 1.45910874872613 0.554392146698989 -1.20223250145521 -1.0424106877186 -2.74292038475242 0.0452954962781291 -0.979871252074872 0.395250720628997 -2.47254793534781 0.0648499068238948 1.64448318840573
"139" 2.25103131325002 5.23769805211182 -1.78169692544765 2.98604181606129 -0.943767865446932 2.72448356588237 0.206701472474125 -2.30609288275448 -1.12152120897696 -4.72864327285269 0.104058216690596 -1.59105742523047 0.733065639966252 -2.47214338813731 0.0716067311508368 2.89555962854843
"140" 2.43011172745014 5.50945263195746 -1.09708378120624 3.37986669061468 -1.0675960036381 4.07261383197521 -0.0883009959854295 -3.19458141087766 -1.1465723046672 -6.86365269715868 0.136456529977252 -1.81900707013051 1.03016038577511 -1.94857936741816 0.133126287599225 3.48360105303163
"141" 2.39309755168288 5.60004362086673 -0.626778189317182 3.57892416357339 -1.1662250418448 5.44192176790224 -0.311530380339409 -3.78343609337119 -1.12153170326527 -9.05964478221966 0.14165883550033 -1.65995592308104 1.26968072646222 -0.879717330289113 0.230808376735638 3.37925111498816
"142" 2.14845551159864 5.50750567497109 -0.362494210774695 3.53367835251987 -1.23633675074086 6.74616179525728 -0.460178283413242 -4.01779395379259 -1.05058798939615 -11.1820207267138 0.123818249549817 -1.19240475230436 1.43730067434186 0.663091543220009 0.332875268652742 2.69286588752175
"143" 1.72721180100088 5.24384279427369 -0.260901388838203 3.2052547468781 -1.27392701330296 7.86607809379032 -0.540680918890912 -3.87092103801243 -0.941327175456757 -13.0404271142488 0.0900857082844979 -0.539964343302245 1.5203833903465 2.52011904330167 0.403996730231086 1.61590063105632
"144" 1.18302683143519 4.84541364425445 -0.26501964359678 2.57698755534523 -1.27642456234984 8.63956352661825 -0.563480141833695 -3.34445303057286 -0.806950501504598 -14.3759925036172 0.0490057185618724 0.15701184524778 1.50729574736212 4.43991154332725 0.414113457221845 0.376210948167909
"145" 0.591896309253425 4.38335698053413 -0.317254774547145 1.66280813360493 -1.24356934638541 8.85432204538162 -0.539992808823827 -2.47026628109465 -0.667254967495949 -14.851365911498 0.00949474874009937 0.760347878226639 1.38680569780196 6.07039717009804 0.345754433374736 -0.791358395527141
"146" 0.0470158482707888 3.9736869134249 -0.367796988590442 0.512005201930549 -1.17645478246597 8.26084126298993 -0.481408668912536 -1.3128003299903 -0.547570692114539 -14.0715260181113 -0.0196235363079005 1.15099865193065 1.14703535055205 6.96622267732772 0.199630493257132 -1.67079157539888
"147" -0.36123309874753 3.77960541966956 -0.383480631692631 -0.791944443614568 -1.07314212052652 6.64507456080382 -0.398921866200567 0.0310374326976373 -0.473399969095329 -11.6966438615851 -0.0297919545488909 1.2563220926877 0.773303203299427 6.66441009216483 -0.00258789079481403 -2.10738712841044
"148" -0.586099835375791 3.98454354205059 -0.358320732895752 -2.14159741342007 -0.920600958456132 3.9812176101707 -0.304623265955053 1.43902683119054 -0.459249282000417 -7.67821222793395 -0.0134785383583989 1.08933212652164 0.245869529406697 4.87356537199767 -0.221098227106722 -2.07293821363032
"149" -0.661517114905198 4.71751750096817 -0.316306796907785 -3.42062078710345 -0.691592245742191 0.564103405369419 -0.211200950942008 2.77848190387133 -0.497264754044941 -2.46205624829042 0.0333049901426623 0.765335334322344 -0.454731124150811 1.68864559237049 -0.408296835220483 -1.70299945145462
"150" -0.684964227564425 5.93626634920292 -0.293604611836653 -4.49762415001123 -0.365013139709752 -3.00891671278974 -0.13026799189343 3.90578837006844 -0.558539776267633 3.04267233705235 0.105937924888135 0.452727906692189 -1.31139312500879 -2.32715034442457 -0.521801610447653 -1.23596976482031
"151" -0.748535516144141 7.47550688120889 -0.306925097295188 -5.29701332654986 0.0751066643626626 -6.33694085824093 -0.0642068135051783 4.74775111376928 -0.616101547126885 8.2351846979434 0.19464308686671 0.252582080740012 -2.30762443765607 -6.6558601139473 -0.541186869394721 -0.833895701487108
"152" -0.891301582955347 9.02214996080272 -0.343281666627369 -5.71584804280189 0.610564165395776 -9.10916762252843 -0.0131576831143114 5.21348107621265 -0.653044213164974 12.6585853074434 0.282410482344162 0.176289106442709 -3.36988414486106 -10.7614087642009 -0.458399734036448 -0.537960212925782
"153" -1.11550016843171 10.2532824223228 -0.372371025035449 -5.69152789522929 1.20694994638503 -11.1877738605945 0.0253468224534927 5.25509559449376 -0.660076122171652 16.1200621028116 0.352989069079358 0.169340658961573 -4.41765394919013 -14.2562189160461 -0.282681796444365 -0.297091126498799
"154" -1.42803873768844 10.8742708221182 -0.367744294364282 -5.20769841246315 1.82047173409714 -12.3974112529133 0.0526274988848048 4.86428481607175 -0.624631244765791 18.3605769369099 0.393475611612363 0.180463832332862 -5.36540465233061 -16.7155560013992 -0.0392600401527829 -0.0684761068655462
"155" -1.85353552715893 10.6329849756254 -0.315667355081935 -4.30342157411113 2.40034538881776 -12.4748608747421 0.0686705541092927 4.07949086560075 -0.52942733707585 18.9734591655844 0.395080674516887 0.187734370682165 -6.12244197556881 -17.6277243515534 0.230666509016089 0.142772936742631
"156" -2.41047002754807 9.34905430336826 -0.214477492194785 -3.07263684314071 2.88373300549841 -11.1618081672411 0.0734095422199577 2.98731109665591 -0.360627763710039 17.5445577559418 0.353612209396786 0.19044247417969 -6.59008575764494 -16.5112420267405 0.47481949651683 0.298558696750661
"157" -3.07558636712411 6.97304854600178 -0.0724949226806899 -1.65430265546385 3.19276790957265 -8.34968697143198 0.0677889342413636 1.7147980639465 -0.12023765924789 13.8729168832326 0.270709526626749 0.194914018075679 -6.66330462661546 -13.119293886967 0.640872760507989 0.356845844012696
"158" -3.75222640243271 3.65604379762698 0.0930881761058728 -0.212889150526763 3.23805946463109 -4.21441524014988 0.0541641166550209 0.411694877059475 0.1619002139547 8.1773244807862 0.155281919639663 0.205169451986535 -6.23999602440677 -7.64994643637415 0.691669272618952 0.29638858321141
"159" -4.2305162431369 -0.21245115804787 0.257293363638183 1.08801329163612 2.92301744675904 0.705996128097357 0.0361703161922362 -0.774398138007818 0.416305541609423 1.21831648170713 0.0239050179320675 0.218086866530143 -5.2426271338889 -0.877197266717024 0.619410393593853 0.132925300890975
"160" -4.19855927082353 -4.03758713003187 0.390699414574943 2.1123450330476 2.16036503977147 5.55029891560384 0.0181653575589964 -1.7224575188202 0.540056951065587 -5.75391254100571 -0.101069914319877 0.222294987450596 -3.64455108572512 5.90176045246544 0.45118203001843 -0.077818637469818
"161" -3.40384578503045 -7.13642849270754 0.466921082589295 2.77081574834358 0.921787907850117 9.3269319278241 0.00434275575609266 -2.35340378298953 0.447450887708712 -11.2833111059096 -0.196193591537414 0.201033447656187 -1.48186395075606 11.1671902788894 0.240000195072611 -0.254470142670471
"162" -1.76312304819946 -8.9350197140368 0.469775068025271 3.02623543856245 -0.7391360497925 11.2139093394539 -0.0022730523026917 -2.633382554358 0.11493764976092 -14.1540605582663 -0.243311046064395 0.138470990214046 1.13547775308614 13.6532552111539 0.0428926664594371 -0.319429536981488
"163" 0.643138496082582 -9.16593896853379 0.397310519997848 2.88774525767741 -2.71810004175653 10.8338610705372 -0.000544963933182707 -2.56863651927635 -0.395690713161615 -13.8014432656716 -0.23504298550351 0.0247385575369208 4.03985289349466 12.7831044569216 -0.10406611990814 -0.227358655996341
"164" 3.54870159200892 -7.94777339893321 0.262919004519198 2.40386174363516 -4.8764518874306 8.36489022887598 0.00860704168453985 -2.1990076974206 -0.916141607049324 -10.4802333917753 -0.176735424030467 -0.143897960200547 7.05158942956836 8.8393367973835 -0.19939289194113 0.0246901234668258
"165" 6.43006489198504 -5.7157679906871 0.0914087490861561 1.66202790931322 -6.86717300004084 4.49015574341066 0.0220199290380849 -1.59637876977565 -1.22903655487484 -5.19938355515568 -0.0853355089825438 -0.353371545855907 9.8282572237947 2.91294807880863 -0.264674547865752 0.386937680692199
"166" 8.43760460841632 -3.12170380249496 -0.0890428386956046 0.787685753489029 -7.78617093200695 0.391741540882531 0.0335555994217902 -0.861872443539767 -1.23280920230699 0.279478656697933 0.0111211795897734 -0.525858118267024 11.4081577880374 -3.03344834608707 -0.315523566318404 0.700972327967065
"167" 8.72429801610592 -0.986065896477925 -0.252015523077702 -0.0771104579711732 -6.42774441432495 -2.31314176774836 0.0354611115085817 -0.110796056959146 -1.09373237804133 3.58126761351325 0.0766568311972655 -0.488764521935991 10.2727740710616 -6.31046405329662 -0.345343210648991 0.65974898614445
"168" 7.13821076873202 0.0363747223079827 -0.358141116880834 -0.734908776652105 -2.79877211406582 -2.52253753216252 0.0251224398891914 0.487079324771578 -1.11860087490857 3.25225934378668 0.0869049920971605 -0.150203810568883 6.10166091031536 -5.316955604831 -0.329250300284457 0.109399005243404
"169" 4.48101604245505 0.0915969852786418 -0.343065410421055 -0.899458806856728 0.612215526940599 -1.11194619812672 0.0104214372962979 0.678822104387429 -1.16842635303575 0.921321211043455 0.0552389768261303 0.208389555816098 1.53181239462206 -2.01958835354646 -0.248796636014049 -0.459385701839665
"170" 2.63329699652354 -0.0280444934590065 -0.252222717756862 -0.694725322264418 1.46111420150249 -0.260361278715543 0.00336934880853335 0.540236406970621 -0.960355239957514 -0.207716839540467 0.0292220787069049 0.271900820391011 -0.189410265458912 -0.335163515317051 -0.164677594710952 -0.530303769343277
