"V1" "V2" "V3" "V4" "V5" "V6" "V7" "V8" "V9" "V10" "V11" "V12" "V13" "V14" "V15" "V16"
"1" -1.4873548436957 0.547357123326897 0.0242658434496676 -0.266497868194783 2.01569946669483 -1.71743114838307 -0.0206811712111069 0.11970007625893 2.59356147780591 1.48005260243795 -0.0176088774873031 -0.00255518878827132 -1.22723756392779 -1.12794374336406 -0.105719051444072 -0.00180197336638344
"2" -1.60071833621046 0.854938064602923 -0.053033487371513 -0.381802853249383 3.05566255526171 -2.35722601488448 -0.0371815060903927 0.165695757985311 3.92211656328101 1.74976481401058 -0.0259276425025693 -0.0240538062273146 -1.83621844927233 -1.62192742712834 -0.163567458470625 -0.0148024377778455
"3" -0.450650708663824 0.842212058254224 -0.204370227927754 -0.364333531027739 3.12775419060615 -2.02029008825283 -0.0415671391325078 0.157245400371629 3.73275437798349 1.0735464496471 -0.0195982977048539 -0.0429018322973107 -1.65463368441091 -1.57587029294741 -0.193413552763134 -0.0391990415091357
"4" 0.549861191598033 0.598583540809592 -0.286014247967601 -0.310730764930426 2.71998487835754 -1.49220816129035 -0.0302460219638238 0.145212777225971 2.74784836469965 0.545698761342597 -0.00458133000387517 -0.0302175610616402 -1.01115434657295 -1.39275533904981 -0.216863277851475 -0.057127734067862
"5" 1.29929419630612 0.022750414794297 -0.294622146812531 -0.229902606736601 1.92506740588481 -0.796482224050134 0.00124589971243105 0.135947127480684 1.03310348619196 0.233963486178125 0.0224629875207614 0.0196215730817073 0.280697203368819 -1.17854247276588 -0.253424947577869 -0.0708264793843796
"6" 1.23478700285903 -0.661145162770437 -0.213928130834671 -0.0966796259647893 1.01845497596332 0.0204917309453563 0.0297717569405204 0.0781815770032139 -0.174333630723237 -0.115405778872775 0.0397006616466395 0.041121154164145 1.53053522929245 -0.895909808907306 -0.222470007666596 -0.0601649567278599
"7" 0.825256930220476 -1.3167473937892 -0.117193025597456 0.144735745819141 -0.0193051967190385 1.29611522479609 0.0376111056770432 -0.079919317553923 -0.499077848618371 -1.206187685019 0.036496491145235 -0.0207771553585729 2.3904552008364 -0.33273733647407 -0.0630012477927453 -0.0240457627693189
"8" 0.268760959219181 -1.87058055434262 -0.028911386482751 0.460614098546323 -1.10548262225923 2.90816860611962 0.025913512146496 -0.309390189935357 -0.0793813559110779 -2.92246561632155 0.0162567993507545 -0.14961676078272 2.79245995964962 0.463957237142928 0.195491322685843 0.0275664829686377
"9" -0.427556352449889 -2.26204681925736 0.0543166253979175 0.767525993534939 -2.02311457051145 4.41955305266492 0.00614870575036469 -0.538599302314459 0.706522548086809 -4.62536303707451 -0.00995177245219903 -0.288402441037348 2.76511013927141 1.25052723772615 0.474597325381429 0.0806009649768811
"10" -1.18463605040586 -2.42182088228698 0.12995116926478 0.98543935608383 -2.50742001586375 5.38299184480112 -0.0102723403055913 -0.699116982525432 1.42902057122586 -5.66469504493022 -0.0304467332301545 -0.380012364093581 2.30736734483405 1.75205227243281 0.6997206148293 0.121216110454753
"11" -1.8623366710881 -2.29613409346165 0.188166910410664 1.05791110137738 -2.35700733315844 5.49004550527584 -0.0156036874781927 -0.742836638797442 1.74358399017647 -5.60234763411815 -0.0365556003240718 -0.384573866013767 1.41856411854705 1.7686750308133 0.817767808085017 0.138379116988844
"12" -2.34394958779945 -1.87721136182011 0.219084678507981 0.961675499186583 -1.53289969385789 4.64996722759611 -0.00673338766488407 -0.649395592968524 1.48406869719711 -4.31421303298686 -0.0245839160334812 -0.287164656417666 0.164056927254815 1.24606176711874 0.802160199985646 0.126005257816416
"13" -2.57130708385696 -1.21499793206327 0.216110528076478 0.709788755604507 -0.195279715308839 3.01466641120247 0.0146596945474163 -0.428440509016617 0.690625311555221 -2.01940172483828 0.0035800291894581 -0.0999886257927187 -1.29788656658654 0.299337693556665 0.654060054321166 0.0838034664338352
"14" -2.54319857534247 -0.405660609764416 0.177498292396954 0.345008128423693 1.34688121884948 0.922366036798992 0.0431067615704399 -0.114550663508041 -0.434908399641194 0.803358489744962 0.0415281015862763 0.143048925611879 -2.74351908629637 -0.829851724217385 0.398791460850106 0.0168299913778753
"15" -2.2994420593571 0.435399354910337 0.107670174135593 -0.0744099707926722 2.7453978197804 -1.21949565899319 0.0713313441372704 0.243694282701441 -1.62203861638616 3.58538689399316 0.0806216049633021 0.397670245655895 -3.94607037077514 -1.86350080122566 0.0779638709080714 -0.0658586060172297
"16" -1.90136519508891 1.20263761988937 0.0174498405591157 -0.490355502301504 3.72336266709305 -3.05552774917604 0.092402447761461 0.596126976824344 -2.62776925408443 5.8420395609931 0.112506832307602 0.621537662067517 -4.73786806311215 -2.57812721835264 -0.260345967384612 -0.153080427789774
"17" -1.41477759365297 1.82030149313692 -0.0775913869580096 -0.85638055014708 4.13908337231606 -4.35912599213566 0.101292258145193 0.900739927798256 -3.29784589184241 7.28034488726442 0.130957478660348 0.783071649881848 -5.04416442617812 -2.85781840196025 -0.570710803459251 -0.23351800187784
"18" -0.89866424831833 2.24901372986477 -0.160290542840777 -1.14280712516353 3.99099772127104 -5.04988633805984 0.0955435934963418 1.12883903283455 -3.58140465193478 7.81964597637951 0.13266989364685 0.865017223957459 -4.88181779280576 -2.69919338842704 -0.81694412920165 -0.297409824836549
"19" -0.400795325415024 2.48106160080077 -0.21524336392565 -1.33654913732229 3.38217816533096 -5.16892057401542 0.0752705558619892 1.26619056623305 -3.51124681496536 7.55172094980666 0.117138226070732 0.863703440353028 -4.33437937445011 -2.18333401847455 -0.975643171574468 -0.337689356165455
"20" 0.0382841283565325 2.52810975307187 -0.230848645759679 -1.43869828341298 2.47510057053037 -4.84485004967994 0.0430970512869896 1.3125429703411 -3.17121222030137 6.68943481866153 0.0859181955459329 0.786255959266747 -3.52161547775388 -1.43963843816324 -1.03737700967061 -0.350608490849226
"21" 0.371076766855341 2.40397608624902 -0.199338997013587 -1.46265537488331 1.45922331141498 -4.27712052801795 0.00464362517671146 1.2821142551304 -2.66661735381998 5.54327344307631 0.0414929280446996 0.647658020382792 -2.57601776741678 -0.619990337026339 -1.00661045612255 -0.336192330032262
"22" 0.527465115496014 2.10870336138308 -0.11662054439068 -1.43194082931345 0.526573938080242 -3.72492732646606 -0.030889430943895 1.20412592547895 -2.09850217860402 4.50681251281043 -0.0140132595222033 0.46760929626884 -1.62559291221958 0.120899434679725 -0.899980562657921 -0.298847575545736
"23" 0.427380207562457 1.62912293000992 0.0135577156506144 -1.37133390995021 -0.177551477569642 -3.43973750975587 -0.0523213434667739 1.11578656726183 -1.5331225475284 3.95593147733592 -0.0795030871540708 0.265094195505995 -0.76753382758491 0.666078477160251 -0.740733304481907 -0.247159817213998
"24" 0.0414205842683026 0.973054110614425 0.16994864737421 -1.29084487090299 -0.625372768455202 -3.52105865729723 -0.0517504791148268 1.0439973354088 -0.981130158831372 4.0309838662641 -0.15329075238389 0.0531150742372333 -0.0372637322782658 0.995000543856049 -0.551176752527637 -0.191681196881802
"25" -0.58377818769953 0.168303142849592 0.32050780187612 -1.17294653894831 -0.937708505318922 -3.84386313314042 -0.0288867003612702 0.986773628484315 -0.384019841450462 4.52750110738545 -0.234595591673308 -0.173116974833761 0.625132688130019 1.20764651873367 -0.336799295423361 -0.138410943591126
"26" -1.30974876194143 -0.684424842488103 0.423505439775852 -0.991911771962819 -1.26357832914038 -4.14307901016662 0.00927588009909353 0.923507894491415 0.290039225322611 5.02999377907847 -0.316332066670148 -0.412096144536974 1.26871713195256 1.42906232279233 -0.105371565354263 -0.0907070092463158
"27" -1.99534057466077 -1.49321125366949 0.456053567574278 -0.732471652913887 -1.69259190019554 -4.21387427503369 0.0539969443344592 0.831025263088584 1.03006718350776 5.21610796339326 -0.390235444321962 -0.658889735971457 1.91783387292415 1.73424447210183 0.132977781122783 -0.0459552785046924
"28" -2.44806286468809 -2.27087422736181 0.430081088863471 -0.40322965017458 -2.2772902166807 -3.98846640378589 0.0982420342553005 0.693777907602517 1.77205170610549 4.98130948670985 -0.44922923318782 -0.904513972578791 2.57932173244697 2.16340273486869 0.352752520800207 0.00649061782026195
"29" -1.98193280503491 -3.4870193485691 0.44661588903835 -0.0358894071083284 -3.38637625225898 -3.39811212430595 0.132258013452474 0.475724994500595 2.42715928052273 4.25825238238964 -0.498823421196309 -1.17059806626213 3.43169056707954 2.99663663058721 0.502520738347442 0.108917573919953
"30" 0.438298152817939 -5.9251276226611 0.665129643381711 0.325104990608224 -5.64593962759641 -2.32756208869319 0.143285273529468 0.123817342655471 2.91269034233969 2.93486322462534 -0.553216413878998 -1.50210538322887 4.79435565252902 4.71183195574807 0.512974406614992 0.325231125719654
"31" 2.91466916661573 -8.06114912016051 0.846819103313504 0.655639171561333 -7.68936695432103 -1.26013562888135 0.14635884398007 -0.230758485857706 3.2051523092717 1.6062226792479 -0.555378668090555 -1.73476488242963 5.93458431956718 6.25357398892749 0.381888710771758 0.551184768638379
"32" 1.71825961564942 -6.93087372975878 0.503140588044312 0.946653975976261 -6.91647083661251 -1.03752678334983 0.173618140108815 -0.342953238351726 3.32582191103003 1.2858868396419 -0.404814850610356 -1.57647392837041 5.47014851094893 5.61793068800392 0.153377003578617 0.577182229696064
"33" -1.07189047203732 -4.18534963654024 -0.0579734088303376 1.1456890702143 -4.75782927622312 -1.26450160692577 0.200889307416471 -0.331769051210571 3.23948076327912 1.51102170009018 -0.145643211721279 -1.15812197404833 4.16109892260748 3.90589375369465 -0.258408865544073 0.526859400924749
"34" -2.07403080636936 -2.52907647031364 -0.351961243744924 1.19990149007712 -3.56144819239667 -1.25149113102606 0.192310413815631 -0.399361597989127 2.91150855036912 1.46514542328061 0.139338924953025 -0.719011772089885 3.26060382868575 2.9261122610156 -0.943947223667001 0.596294986225175
"35" -1.71940866230284 -1.67816575289519 -0.421386662558184 1.10598512766241 -3.05910231527584 -1.08268655042003 0.151045832209011 -0.512321502234897 2.37462416352992 1.2501146890296 0.448118564549743 -0.251442831581649 2.64352023837524 2.47415112689065 -1.8526379077874 0.757520718527502
"36" -1.0171819673193 -0.935340658836611 -0.393895464108688 0.891541359977467 -2.59427159964321 -0.93829442134508 0.0889697802947222 -0.604908010089844 1.6882416868176 1.08266554588687 0.775755629179532 0.257580863471802 1.98951941745382 2.04822985570976 -2.85055755411708 0.942504154314648
"37" -0.296561310675354 -0.190271900157389 -0.310659565722845 0.60735199601173 -1.98691130164767 -0.832402148469596 0.0149740637992768 -0.657566739397737 0.921572614642468 0.984034795633117 1.08192259430558 0.733226745530551 1.24191637122672 1.51511143333298 -3.74304757450864 1.11364753154953
"38" 0.308945673521775 0.481793222890444 -0.192397181251094 0.303498186411005 -1.19931808877043 -0.722096257248271 -0.0606818401043226 -0.648821998855652 0.154863916055124 0.908441338772365 1.30793510091845 1.07293138043991 0.427591388980145 0.852281271084458 -4.28245102567551 1.21249256785103
"39" 0.714351846275799 1.00411573040343 -0.0540773788594771 -0.193421699943073 -0.251273108855212 -0.557791377786307 -0.124740147126693 -0.379388490164828 -0.524450597809663 0.793510624506867 1.39360084697125 1.32148871573294 -0.392812580709428 0.0816512714253648 -4.19761067513872 0.911499161194783
"40" 0.952982864692681 1.36887684644106 0.1179251939199 -1.82269823905315 0.688508864274286 -0.29764431594112 -0.159172369437916 0.939688241456238 -1.02233627520699 0.556556128827704 1.29223990778308 2.04434929777186 -1.07948068460859 -0.660805581055868 -3.20889521539366 -0.991536764257987
"41" 1.06174742835603 1.58216725079441 0.321342007412762 -4.97461469297963 1.49376869191706 0.0667915389219627 -0.155441724734419 3.6265717177793 -1.29392458578057 0.16567467273677 0.999368607731254 3.50180492700137 -1.54372263750598 -1.27668482101128 -1.2812306461388 -4.97046219767506
"42" 0.72958839911626 1.47750556060751 0.41512994368518 -6.14494629389189 2.60593348865645 0.474952390716856 -0.144749097969558 4.86874200891246 -1.45185030349035 -0.208449693354058 0.587836974588454 3.50329251548156 -2.07869814615444 -2.11677351370822 0.90443200085414 -6.77400496001368
"43" -0.152694735070831 1.00643445505215 0.320404291634256 -3.29829451808362 4.21168651651387 0.859571475212227 -0.149822018839571 2.99113204206445 -1.58907016539234 -0.43903733383434 0.143708372635643 0.838403170766881 -2.83855382246108 -3.33524390219594 2.74625996383085 -3.84987766359825
"44" -1.04228971767995 0.473510483922073 0.188777762596449 -0.41429462336913 5.55739688685654 1.20676141994043 -0.142639387502262 1.08341750096139 -1.62053711875801 -0.658973191711431 -0.297787997296354 -1.82594540756712 -3.39807748402285 -4.35018127283952 4.44021560371952 -0.811490364233805
"45" -1.62268629144275 0.0621944238190677 0.100205927648783 0.499090639913049 6.22454836961356 1.48968389844061 -0.112131686805896 0.67615718255675 -1.51927056539475 -0.917237858118273 -0.692622533235385 -3.09578166711641 -3.5391368733952 -4.84060525855394 5.96382775217452 0.0498671637283223
"46" -1.9324602003587 -0.236485167757087 0.0211332521022305 0.479010908227224 6.30932122221206 1.6644771806075 -0.0723479875141158 0.897039382795796 -1.34264276669887 -1.13719984384318 -0.986547990321793 -3.54908687920258 -3.35756266409196 -4.88608847658162 6.97018806972233 0.0247420350416974
"47" -2.00361905527818 -0.430980331168803 -0.0682225593044619 0.200944060957255 5.88814228628796 1.70443014622376 -0.0324214083699261 1.17586658734199 -1.12496287969074 -1.26864436459652 -1.14855130593989 -3.54675766284372 -2.92887858717704 -4.54804621071251 7.2585105109662 -0.0808558522853957
"48" -1.83715306529548 -0.515202979742889 -0.167766664294933 -0.183077657890436 4.985283529962 1.5984235915716 0.0044448548212459 1.36910464271502 -0.875373580863227 -1.29231374196181 -1.1681562428947 -3.12244344586399 -2.29043088543142 -3.84489115530556 6.77622439769234 -0.130728143437409
"49" -1.44155878349822 -0.487955005141052 -0.274151035253951 -0.5976038628487 3.63403564471012 1.34263124044482 0.0365280375787889 1.40035895637762 -0.595558380500242 -1.19684411005719 -1.045743979775 -2.26245985188248 -1.48236622972999 -2.80064241773573 5.53214312181611 -0.114907612120021
"50" -0.835649266855235 -0.353566013182666 -0.384117333384993 -0.954097697988374 1.88423415340769 0.937094655035311 0.0623888119625227 1.18620469265038 -0.285681322400872 -0.972859878335997 -0.787605368098277 -0.960158177224173 -0.553757679502617 -1.45141808961617 3.56497012919575 -0.0325988045455858
"51" -0.0483735418295979 -0.121058360466233 -0.494442572065804 -1.15448978744908 -0.193749813928747 0.387782876704026 0.0807113776974695 0.642767983619791 0.0522448552417689 -0.615192278725605 -0.405736046206958 0.772673127766026 0.437915497060317 0.151011647875787 0.945037522761247 0.116603662846671
"52" 0.866381775149446 0.189475495405375 -0.600771761335361 -1.12122100813798 -2.47496714043756 -0.278251343427348 0.090679740981408 -0.26684470840874 0.407439575402847 -0.137165866434234 0.0724576281509399 2.85794294418174 1.42120703321693 1.91231162835592 -2.1663026360307 0.326844393080478
"53" 1.7910668274335 0.529572222732224 -0.694832815330421 -0.863009096103013 -4.69620770412011 -0.977088954055088 0.0930399106866904 -1.42486478838083 0.746628484978896 0.396462134680491 0.579309674651588 5.03868987206282 2.293889675739 3.63000785293034 -5.36848152493108 0.568719805166637
"54" 2.51371184743687 0.808136051945301 -0.762288500928307 -0.536173084466128 -6.39230319377327 -1.53858255144076 0.0911107913481599 -2.46400476182762 1.00406679405558 0.84163473068002 0.986916872412764 6.78756708388394 2.913049582488 4.94346855466581 -7.90316885525306 0.773527054560446
"55" 2.79118421052825 0.917891407438237 -0.787085284485064 -0.385301963606253 -7.03739859640248 -1.75793626385207 0.0896525684234208 -2.89105783857443 1.10262740282783 1.01877664153653 1.14589091535573 7.47021992877751 3.1380546489717 5.44355483346494 -8.88485383477587 0.855145147020863
"56" 2.51196360267273 0.80833966886879 -0.762007340861872 -0.536280652246035 -6.39170798985704 -1.53847620306343 0.0910709753718328 -2.46406553110012 1.00591627008054 0.841620725746179 0.986824959932637 6.78799954881144 2.91093956825708 4.94325574810674 -7.90244097169782 0.772649791655027
"57" 1.78933243013989 0.529747559478002 -0.694475426467372 -0.864034317161781 -4.6955876430217 -0.976942466545376 0.0930003151943493 -1.42407188655676 0.748400421710275 0.396399426434765 0.579177945600541 5.03909941164851 2.29195935373297 3.62976279189984 -5.36749281645781 0.567348376310434
"58" 0.865622879304723 0.189513423274903 -0.600547469560964 -1.12233549884238 -2.4745462984262 -0.278130472224591 0.0906602788140511 -0.265849899385699 0.408079188773895 -0.13724490336252 0.0723443602874889 2.85801941669752 1.42049362954481 1.91206924857335 -2.16551705975739 0.325863460436921
"59" -0.048565747095509 -0.121077807372091 -0.494362149820322 -1.15496533200522 -0.193531802415198 0.387852270961816 0.0807051847244471 0.643232235261621 0.052314909930451 -0.615246000525276 -0.405798011709509 0.772599204504161 0.437795505885731 0.150851672203604 0.945440626295476 0.116235294443527
"60" -0.83569309702014 -0.353580638994409 -0.384099926832634 -0.954198261139794 1.88431381515575 0.937121674796677 0.0623876798443732 1.1863178909355 -0.285687759041026 -0.97288188215511 -0.787628295688393 -0.960207951249188 -0.553775532144016 -1.45148026353847 3.56511187495395 -0.0326842466904509
"61" -1.44169598633634 -0.488048218455157 -0.274164092228446 -0.597518443808781 3.63415687210032 1.3426902769348 0.0365367359460942 1.40036668795334 -0.595504457635419 -1.19689501463332 -1.04581944685097 -2.26262078239789 -1.48239005900705 -2.80072903887283 5.53248976320097 -0.114956720991074
"62" -1.84062845564344 -0.517625546358854 -0.16818169104068 -0.180425843419243 4.98807920191122 1.59985177530658 0.00468241736511144 1.36883591367659 -0.873854895742035 -1.29355195484477 -1.17005996455653 -3.12643262508672 -2.2909543562344 -3.84685760162271 6.78476658203449 -0.131700232878075
"63" -2.04724632163097 -0.461392295352527 -0.0734403754202768 0.234412064917933 5.92322997323726 1.72234404530644 -0.029441111340355 1.17233677873223 -1.10590201874373 -1.28416961302976 -1.17243652028983 -3.59692258336661 -2.93545665098903 -4.57272652496494 7.36565553629947 -0.0928264909871928
"64" -2.18850739056296 -0.414856787226038 -0.00965513103072801 0.681543566191806 6.51572282026785 1.76925619768021 -0.0549632897578212 0.871099556752981 -1.23129196481359 -1.22776873030694 -1.12627767740674 -3.84696618771601 -3.3967143206014 -5.03135247872541 7.59636462996086 -0.0373784144146327
"65" -2.33333640461361 -0.430941551678594 0.0119926089919122 1.16344879266606 6.80534323949528 1.77452735993416 -0.0656649378942267 0.516752014250144 -1.21887907377285 -1.15944183108489 -1.07288011619124 -3.98042905527055 -3.65692412281432 -5.25075718548062 7.65738283888376 0.0134830370442387
"66" -2.03942097957884 -0.203603924809347 0.0437816932586088 1.30365996826336 6.43330913786966 1.56057206106298 -0.0911515572786321 0.18792539717947 -1.26560394517159 -0.928362501885773 -0.773253434529105 -3.5121885176069 -3.63346120582156 -4.9792998809861 6.47541889888036 0.182969375799559
"67" -1.08255054033501 0.423983462769152 0.115040837703209 0.901205015267109 5.23009031442212 1.03791516720032 -0.147130453791989 -0.0647234535421433 -1.47808507136828 -0.45736200659924 -0.107677289063664 -2.20496629696413 -3.28981905278568 -4.09917552985003 3.51672307437546 0.533518446802901
"68" -0.102390391244596 1.00932893373302 0.155524149215781 0.421345025480676 3.73513267067129 0.470590705073614 -0.191351595094401 -0.266960284390976 -1.59045327070259 0.0269964547857482 0.570538093727497 -0.810326480908188 -2.73308399588117 -2.99197730086944 0.374617665125596 0.885275380344439
"69" 0.499095545789835 1.2785242928624 0.127189123362957 0.154226815603465 2.31083140986611 0.0236773878237699 -0.198965945049212 -0.434991846113647 -1.44594697207369 0.386604666311814 1.03853945153019 0.194879425204547 -2.04767115055363 -1.91553016649652 -1.93824219777 1.12502389028191
"70" 0.751069303600763 1.26082357347549 0.0469410614072592 0.0663215475700554 0.985474421305394 -0.315944857757147 -0.17563716573089 -0.559296868250414 -1.08099484563218 0.640183458047335 1.30988066821707 0.830170643072265 -1.26464453789719 -0.893364021248363 -3.46571795949363 1.26040028623933
"71" 0.67985718342358 0.985680273515984 -0.0662436876246226 0.130714077157293 -0.200439792009071 -0.560999091713889 -0.127577400790536 -0.636685202329289 -0.534588717420546 0.807921036694292 1.39671947976525 1.11325733393873 -0.424561623355121 0.0418319714622974 -4.24210517551319 1.2981050634243
"72" 0.306219354040493 0.480335363255417 -0.193360365118223 0.329148615857022 -1.19530350563936 -0.722350552997854 -0.0609064557792328 -0.669184833596802 0.154061623369461 0.909580793960595 1.30818390708797 1.05645605830583 0.42508545406919 0.849136075052519 -4.28598313302464 1.24309064384236
"73" -0.296673715201134 -0.190310990824094 -0.310698101458462 0.608287542040998 -1.98675677402023 -0.832412988246484 0.0149662642402355 -0.658313563753453 0.921543299926261 0.984077241169973 1.08193171960059 0.732659643756485 1.24182196409592 1.51499036100533 -3.74317015994723 1.11471880719438
"74" -1.01815373252143 -0.934624495604421 -0.394141352533114 0.89327696847127 -2.59341458540297 -0.938423301444954 0.0889750644264981 -0.606496080989487 1.68817301767577 1.08284418187633 0.775765666644245 0.258259305564494 1.98905650241716 2.04756418021626 -2.85038293538857 0.942155325123196
"75" -1.74536739493805 -1.65890026271816 -0.427755628300134 1.14911792820503 -3.03653922798703 -1.08626250779505 0.151196736795015 -0.551705999676102 2.3729367255549 1.25499472458297 0.448407099482615 -0.234162372819995 2.63133742488371 2.45663414328392 -1.84818256637201 0.748343534369184
"76" -2.39776656531657 -2.28763967619622 -0.429124577915485 1.70321985884341 -3.28357600450601 -1.29768958568072 0.194272423967804 -0.857472117618116 2.89210994593064 1.52744735084535 0.143214839085955 -0.515946441573838 3.11037641795571 2.71047857907742 -0.891415654756033 0.488050198189626
"77" -2.95292582341597 -2.77353805535634 -0.494167898045334 3.88496834965773 -3.156960171266 -1.54394974420336 0.212694431073527 -2.81650487177775 3.13589868036191 1.8846262584193 -0.12161624815045 -0.0450154709756418 3.28733933301883 2.6641466842385 0.0316780058231654 -0.0686251196660805
"78" -3.35385701043295 -3.06822467079234 -0.644583474178996 7.90563542626995 -2.56416683056213 -1.84837384779451 0.206077109699095 -6.63303060538473 3.07179419764247 2.37087307088084 -0.33628173922066 1.26846130060297 2.98117266722404 2.2438460455232 0.914839702208845 -0.94808957556549
"79" -3.31237155918981 -3.05392568848236 -0.542453774505685 8.94197847222736 -1.88113329494025 -2.50065585442049 0.184556247229412 -7.69777786471472 2.93624313224206 3.32014560185134 -0.467205570562236 1.64795043088407 1.93514097334368 1.7555261426278 1.39794317107918 -1.25179533597679
"80" -2.70208430097031 -2.67741032328837 -0.0623778066496623 5.04454412683182 -1.24282054847993 -3.60168649724546 0.154794855080527 -4.13083520808456 2.84020719331177 4.8490188858247 -0.507385979991903 0.347574937366808 -0.0131839447648039 1.31079038922366 1.37258131266146 -0.613150148195743
"81" -2.15032507321221 -2.22297370751161 0.344870516293248 1.37071078270013 -0.873272852371347 -4.4362888073897 0.120216814581357 -0.812718143796104 2.50431548227542 5.94200195448755 -0.496926308047394 -0.733957796888184 -1.09073102704623 1.0634689258639 1.1064535555077 -0.0449319566137945
"82" -2.04071468396347 -1.88373910153407 0.473764389738113 -0.115604295116739 -1.17343157466131 -4.51713000078627 0.0866084742896618 0.416576038981368 1.84386802614144 5.86721867226148 -0.455896833934397 -0.879848427260519 0.0654923827336642 1.31697391489879 0.658294793024238 0.0435493975227956
"83" -1.81088426952046 -1.39731494401399 0.473482087829039 -0.670258893985178 -1.4678960976891 -4.25023595568925 0.0460225579757034 0.764551350186011 1.07961624791833 5.2947259795797 -0.393276573700501 -0.675380251951516 1.26337359165441 1.56493306657724 0.227127738929056 -0.0242985500182726
"84" -1.13234028604374 -0.640365464259218 0.425309294346499 -0.932935316404269 -1.48436748014893 -3.71938643878511 -0.010057541753791 0.84752925447205 0.410502781715299 4.38454622264111 -0.320026179404317 -0.456551429086716 1.35948514328618 1.60924809736595 -0.0454164563962465 -0.0706060182805857
"85" -0.129831193255683 0.248876841766814 0.330201683562135 -1.01242419595241 -1.68567255109707 -2.55717352232117 -0.0856598868300327 0.771289364112853 -0.0376312817719215 2.55702556132353 -0.246390876352555 -0.306452780213682 1.17243012259529 1.81096505451155 -0.184482463814316 -0.0809038949611107
"86" 1.05326232442981 1.1152192061459 0.219910630236821 -0.925982175852056 -2.29813695868162 -0.642837666666413 -0.18325603243051 0.539966679068336 -0.205145500560112 -0.38236594046338 -0.183958411274341 -0.261659596615239 1.2478603275174 2.34044364667192 -0.192438284585183 -0.0496327829603018
"87" 1.44064930212475 1.36346648931952 0.191632181978691 -0.870347737689542 -2.55674400660521 0.0761649778638939 -0.217973657632236 0.437507791309763 -0.206854114892824 -1.47781918211755 -0.1679471912321 -0.270736383602163 1.33656287047973 2.55798156212692 -0.166876951619491 -0.0296387215214224
"88" 2.61483128204407 2.02168717971089 0.151300032280494 -0.644388647984883 -3.40852080324118 2.4345103529696 -0.332796128222723 0.0517292114729671 -0.125740365597333 -5.04723831216395 -0.12946137876631 -0.356263905647332 1.73284820103159 3.26185426520677 -0.0146033755905304 0.0648527439710023
"89" 3.59517656206322 2.47155771672332 0.201936438111193 -0.408127584713696 -4.04257266910451 4.5045106435126 -0.441318844562659 -0.3657937564817 -0.0537271073097121 -8.14182854181233 -0.103953658021862 -0.482608559028741 2.11863769529632 3.77002615151011 0.195290707597255 0.195999602303317
"90" 4.30756444560582 2.74873458081624 0.325579585006243 -0.219492137165943 -4.25338444044141 5.96481085284612 -0.528124103053242 -0.747240429251505 -0.118573988826847 -10.2757867058874 -0.0820986204684649 -0.594800499470452 2.31625172104775 3.92050873137981 0.397408756555031 0.343349350485937
"91" 4.75821888542054 2.90334704245271 0.474036140192636 -0.092564528487884 -4.05285390196108 6.78061801272362 -0.582908014699614 -1.05416062326615 -0.334138650417795 -11.4036620423434 -0.0581715130395224 -0.664017047712328 2.28240785463538 3.72830880928055 0.550038228525262 0.486598913105709
"92" 4.981734906813 2.96482662186686 0.590404341622614 -0.0116730296859089 -3.57382602744558 7.05643551130181 -0.597754177730815 -1.26905360204357 -0.638460258482509 -11.6944734715928 -0.0320117141052685 -0.685916824898037 2.06673719075761 3.30263254661043 0.636531102730364 0.609060673681142
"93" 5.00950050564057 2.9466380691718 0.617865686889271 0.0516840657753335 -2.96221249007255 6.90903143468638 -0.56444803204472 -1.3826468986163 -0.957501164755295 -11.3365750395215 -0.00678731901087992 -0.667428350558943 1.74460915583601 2.76145892040395 0.654196225075163 0.697066636140093
"94" 4.87063597058756 2.8579365227579 0.500056615609161 0.128623979560103 -2.35225936908289 6.43085734094887 -0.473917944391771 -1.38794385232742 -1.22999067932825 -10.4832268060641 0.0149908464001894 -0.614942464778849 1.39580871445256 2.2118947503914 0.594460429167242 0.741656167713401
"95" 4.60168446462216 2.70745982688119 0.182933990635739 0.244201132628817 -1.8910010360016 5.69329355951541 -0.317322864999291 -1.27925344972329 -1.40574894392101 -9.26142430790543 0.0364647995058719 -0.524071929038001 1.12142357656481 1.76856566981897 0.414797052304614 0.744863684473017
"96" 4.22839866073021 2.5066411147999 -0.369008467002601 0.424651976620581 -1.6487620172342 4.75444078888531 -0.089786082721776 -1.05691709504799 -1.45935020714293 -7.76778606359416 0.0547270566247325 -0.402367436985564 0.965084746228703 1.48761822617766 0.119497638840967 0.700928242522224
"97" 3.72862628476765 2.27316351623867 -1.14311420194105 0.711590791378185 -1.4491796999828 3.66613774356127 0.203236041687543 -0.735729737026318 -1.41727701101934 -6.04987810310951 0.0387409058720336 -0.312186871205597 0.767523011045439 1.24087994382021 -0.0898040282113151 0.561738767480506
"98" 3.09914681512733 2.01323843998954 -2.07357724176857 1.09516060722339 -1.19504948074281 2.48596726061447 0.542306353700263 -0.340756611698623 -1.29810468022707 -4.17751088946345 -0.0220338197742027 -0.279299249669094 0.457911896355903 0.958979880094466 -0.120623191331847 0.317692410238607
"99" 2.38993184244927 1.71044279807937 -3.02967984266304 1.47245275660396 -1.04081873863613 1.28626541838855 0.889797654271274 0.0933874580894525 -1.0798467695075 -2.28417343318629 -0.090902788973518 -0.242987672669628 0.210454810630726 0.760257745724205 -0.155160784433026 0.0428469241974341
"100" 1.61061691850038 1.34305699987331 -3.78826188766326 1.71512100713259 -0.953837039796921 0.151353866108815 1.18610714374198 0.510809621297696 -0.775594529591312 -0.489625648387639 -0.146002538371439 -0.174190640975816 0.0593619002307761 0.624449130279588 -0.247430087049427 -0.205924237926311
"101" 0.737218758327673 0.891076438928202 -4.07906970212761 1.69614474151193 -0.733045921551735 -0.831373622137874 1.36089073542631 0.843274153422612 -0.431143720162553 1.10973355118433 -0.183315089385421 -0.0796492614787567 -0.0979447105156392 0.406050093778877 -0.319837050483473 -0.397602144972709
"102" -0.234325100334296 0.342972074798862 -3.68705151826476 1.31450179171691 -0.232880605605168 -1.5888952539498 1.35712034224925 1.03291137726879 -0.0887390918904867 2.42827488654674 -0.196139748545731 0.0404045623567129 -0.330377856236964 -0.00031564382677729 -0.32856803377611 -0.501187070967561
"103" -1.27095443444847 -0.289742642313089 -2.55019332284622 0.550152302198072 0.584104417292783 -2.08354945468929 1.15529302839126 1.05170908481384 0.219135603593903 3.4122499394452 -0.179472562901785 0.187453842274842 -0.654430048548805 -0.622083896608387 -0.269685377103318 -0.500841131496017
"104" -2.30135823735296 -0.965670605849168 -0.802755711256819 -0.50827222655505 1.64532950082546 -2.32314656128545 0.784423339798544 0.910797494992579 0.470124645034561 4.05409953932475 -0.135343687142565 0.356182622257997 -1.04490257360567 -1.40788165637258 -0.1609028739951 -0.408248453367449
"105" -3.22872639770105 -1.6209467979502 1.26546602801273 -1.68721871050893 2.79452033263212 -2.35283138121637 0.312305786818572 0.65449585734568 0.65195680997819 4.38577070407125 -0.0722051854884892 0.534207699182545 -1.4465780422002 -2.24639575840253 -0.032852453930122 -0.258343543470886
"106" -3.95458549833162 -2.18606114694431 3.30877484556379 -2.78608146430062 3.84639355034913 -2.23424105551635 -0.178734216605491 0.343230101890128 0.760313488755339 4.45882683150218 -0.00136751604725327 0.705258833705493 -1.79422534101865 -3.00546603584085 0.0808835253105329 -0.0953396673910731
"107" -4.40166315275818 -2.60229809745308 5.02448804659708 -3.63412957160983 4.64070865173265 -2.02465425723258 -0.615979510480156 0.0359469768943512 0.796222399955559 4.32434658013466 0.066673135774417 0.852525528039649 -2.03225687709239 -3.57074266084823 0.153079197573993 0.0415216405348673
"108" -4.52639966209811 -2.8307112161551 6.20720172275837 -4.12102669290238 5.07196363528915 -1.76540239016635 -0.94959372932215 -0.220180620887618 0.764580337335822 4.02167125681948 0.124263174423982 0.960390649528506 -2.12551349906336 -3.86692411672315 0.16793144593704 0.126161974718713
"109" -4.32000854696759 -2.85287498617615 6.75376405341113 -4.19800204507737 5.09223980687457 -1.48042967174374 -1.1539056801553 -0.392165593720193 0.673905010554612 3.57681616412065 0.166783721395533 1.01433751350603 -2.06026055573469 -3.85979110893662 0.121551199936384 0.147208744795847
"110" -3.80246717497493 -2.66675312074227 6.63966791071638 -3.86127285261709 4.69855315557288 -1.18053450600034 -1.22179026600333 -0.45975478007324 0.536482958822325 3.00615762388535 0.191798954060448 0.999796600815266 -1.83953470830125 -3.54717258877837 0.0197735243044033 0.105951386115933
"111" -3.01430871713549 -2.28129671988099 5.88893690762679 -3.13015073298605 3.9168327565775 -0.868627933497076 -1.15754882828632 -0.414331118682242 0.36814524183596 2.32088261811841 0.198001554090755 0.900769325132075 -1.47727523199751 -2.94752482626002 -0.124702446584953 0.0139382205151719
"112" -2.00913275192643 -1.71184924705907 4.54950288005158 -2.02660826598576 2.78915807420226 -0.543639122767233 -0.971195455434319 -0.260469617406045 0.187402356318203 1.53003049227611 0.184402183001368 0.698759529115819 -0.993685193679427 -2.09087638818065 -0.294749934236064 -0.108096536460977
"113" -0.848201808593709 -0.977515262484836 2.67855657292164 -0.559740350664597 1.36672569614754 -0.202883370080553 -0.675098071611705 -0.0204603810824153 0.0139888296602453 0.642440139341823 0.149928792374997 0.37279705476864 -0.412733627518545 -1.0139513319321 -0.470615462943966 -0.229960491539472
"114" 0.400698104187835 -0.103540050347325 0.346228308348979 1.27393523115352 -0.28726530090025 0.155409577151891 -0.28432125474994 0.260707704601529 -0.133299157142089 -0.32867926415646 0.093807858862631 -0.0958823853859556 0.23688211788634 0.237300531945525 -0.631584540739585 -0.312881888235779
"115" 1.65298077662102 0.862329761965656 -2.31524679387241 3.43855760271543 -2.07146240225266 0.525122229365251 0.174742334734477 0.51871528668245 -0.239912966203732 -1.34854448837375 0.0179596847863994 -0.703807932450388 0.913611449890753 1.58759422268392 -0.758917687559428 -0.31923827339503
"116" 2.77964751668259 1.81148894974159 -4.99140450926935 5.71643070377581 -3.78554965062837 0.87686096812257 0.64320558640335 0.694905407012413 -0.300366382695467 -2.32191433634516 -0.067404737395535 -1.37967314787007 1.54493755646619 2.88596081556935 -0.841558341735427 -0.240343886046873
"117" 3.59118454365373 2.54358369333197 -7.08624182560412 7.57000766085868 -5.08464256393554 1.14487551229642 1.01245518160455 0.775257376806806 -0.32328263397967 -3.06140323681729 -0.13897720333597 -1.94490510147962 2.01367579045663 3.87085543940835 -0.881930593979412 -0.127543090917769
"118" 3.89034636276115 2.82447528963223 -7.89546787508207 8.30156983431837 -5.57797980868284 1.24735476207376 1.15547314947876 0.793685450568248 -0.327192653124161 -3.34327125365616 -0.167556152748484 -2.1705829060874 2.18983384541909 4.24512988029708 -0.892677824790514 -0.0733742720226331
"119" 3.58879300410257 2.54432639172569 -7.08743835707088 7.57150069324152 -5.08468388295486 1.14507467645302 1.01267508833037 0.775168372194685 -0.322177961105625 -3.06180264272334 -0.139090883892374 -1.94578709956079 2.01395008336239 3.87107362272865 -0.881539059296944 -0.127038254509358
"120" 2.7758733066822 1.81230427646845 -4.9924135439387 5.71773499048275 -3.78541088534636 0.877023100650271 0.643400938694197 0.694868078245165 -0.298762230887277 -2.3222277179143 -0.0675101754544147 -1.38047758126309 1.54556787809671 2.88610384537941 -0.84119195760567 -0.239892993603036
"121" 1.65035775813649 0.862762726274683 -2.31561530255403 3.43903816090798 -2.07129786230285 0.525173898787724 0.174821212949956 0.518751507513826 -0.238857093516486 -1.34863930027538 0.0179157167897509 -0.704135528671181 0.914147598006073 1.58762223649294 -0.758766186687929 -0.319070310968897
"122" 0.39985916301055 -0.103417085415971 0.346150506362907 1.27402283877542 -0.287210619734518 0.15541603961913 -0.284302528931937 0.260738333669607 -0.132970364444347 -0.32869197659024 0.0937983436431389 -0.0959518302443882 0.237076470224007 0.237304701567101 -0.631554565637446 -0.312854860193482
"123" -0.84832496769984 -0.977496275415509 2.67854295040358 -0.559729172079599 1.36673049793713 -0.202883131934203 -0.675094817793116 -0.0204532423098698 0.0140370000697154 0.642438614373151 0.149927682402699 0.372788986410974 -0.412701273655676 -1.01394846953911 -0.470613258119048 -0.229959143183663
"124" -2.00914098895273 -1.71184744022402 4.54950058931472 -2.02660639415419 2.78915756516337 -0.543639143111551 -0.971194974733962 -0.260469080897806 0.187405798868529 1.53003022309316 0.184402094891231 0.698758975135888 -0.99368271230607 -2.09087554841265 -0.29474998268716 -0.10809666779295
"125" -3.01430953959143 -2.2812965108574 5.88893675554565 -3.1301507457154 3.9168331090469 -0.86862829879157 -1.15754877645593 -0.414330967206936 0.368145627952971 2.32088319910143 0.198001550832372 0.900769569672633 -1.47727582763542 -2.94752503240431 -0.124702376659457 0.0139378256801734
"126" -3.80246804193452 -2.666752992138 6.63966815494144 -3.86127313671916 4.69855453682275 -1.18053546732524 -1.22179026844669 -0.459754657336077 0.53648285925751 3.00615925328845 0.191798954586744 0.99979691475545 -1.83953609776619 -3.54717361097902 0.0197737469840309 0.105950992024219
"127" -4.32000923895994 -2.85287487804633 6.75376437836252 -4.19800216251446 5.0922418399954 -1.48043101151129 -1.15390569271116 -0.392165630843138 0.673904291305053 3.57681843810794 0.166783717540314 1.01433765342378 -2.06026217198015 -3.85979268483055 0.121551505656404 0.147208630764766
"128" -4.5264001725491 -2.83071118106143 6.20720227455001 -4.12102706715538 5.07196520884631 -1.76540327776614 -0.949593817626915 -0.220180592927889 0.764579793679098 4.02167279876744 0.124263191567695 0.960390677728995 -2.12551467698297 -3.86692532689795 0.167931636469651 0.126162037793847
"129" -4.40166398120157 -2.60229822450604 5.0244900864852 -3.63413286338128 4.64070970446183 -2.02465428303789 -0.615979951977798 0.035948637080125 0.796222722172224 4.32434679993175 0.0666732450691224 0.852525507863078 -2.03225777158056 -3.57074334614878 0.153079182446502 0.0415215065492021
"130" -3.9545866143734 -2.18606141065166 3.30877995692763 -2.78609596660803 3.84639414073018 -2.23424052925546 -0.178735237426143 0.343240126328482 0.760314743087194 4.45882617233434 -0.00136725965122686 0.705258427154675 -1.794225959623 -3.00546619375076 0.0808833240203963 -0.0953417154940297
"131" -3.22872663063086 -1.62094676631507 1.26547264403702 -1.68725119827765 2.79451870617858 -2.35283107693787 0.31230472903153 0.654521812178459 0.651958791868962 4.38576995559285 -0.0722048906714865 0.53420651165456 -1.44657725189069 -2.24639414897854 -0.0328528618559929 -0.258350059824977
"132" -2.30135769024078 -0.965670163890883 -0.802751138209763 -0.50830801640312 1.64532605438504 -2.32314675474944 0.78442287336685 0.910828037046272 0.470126828124217 4.05409919852513 -0.135343513244162 0.356181352657465 -1.0449008577548 -1.40787872094759 -0.160903302141504 -0.408256934360935
"133" -1.27095438121662 -0.289742296297627 -2.55019155128645 0.550133359675641 0.584102220725864 -2.08354961635494 1.15529295635758 1.0517257261686 0.219137194819378 3.41224981411704 -0.179472526408108 0.187453287449429 -0.654429260172913 -0.622082030173358 -0.269685460074282 -0.500846159657712
"134" -0.234327141335696 0.342972505397452 -3.68705060374771 1.31449828258638 -0.232872854580558 -1.58889531829605 1.3571202723505 1.03291541371411 -0.0887398315108787 2.42827630205281 -0.196140932621499 0.0404022446787451 -0.330385153990392 -0.000321317591398085 -0.328560321401106 -0.501190422820699
"135" 0.737149965102782 0.891089419359193 -4.07904916276163 1.69619405407842 -0.732721525626557 -0.831376736961133 1.36088790963853 0.843265779903774 -0.431200409297344 1.10979219892676 -0.183360769841608 -0.0797361373550842 -0.098228950846762 0.405808730337764 -0.319540351273179 -0.397676497554428
"136" 1.60938670846773 1.3432893856795 -3.78789466191515 1.71601504232351 -0.948023197219268 0.151297510933258 1.18605646167151 0.510650122354463 -0.776613923471438 -0.488574041020346 -0.146820889118011 -0.175747253925365 0.0542702401013724 0.620123028812799 -0.242114838407138 -0.207252514173945
"137" 2.37965980328714 1.71238405964961 -3.02661236726997 1.47992158993885 -0.992247293882365 1.28579360208526 0.889374262195987 0.0920546455436551 -1.08837264246202 -2.27538704991801 -0.0977390113085934 -0.255991200961851 0.167925332025 0.724116460656301 -0.110758775034489 0.0317511133452939
"138" 3.05919994022158 2.02079996685931 -2.06163154540733 1.12425422203127 -1.00578879743641 2.48411528050414 0.540657084847017 -0.345949960353707 -1.33145722573053 -4.14326398784126 -0.0486625021444578 -0.329952238501349 0.292313630855038 0.818167073656518 0.0523363642884149 0.274471753441432
"139" 3.65650457986373 2.2868964175114 -1.12143636701905 0.764437927420076 -1.10500711401765 3.66267999579498 0.200240130148271 -0.74517377911738 -1.47880044463349 -5.98753071002521 -0.00962418164788159 -0.404194809414534 0.46717596324828 0.984898316461896 0.224360930875005 0.483238798177254
"140" 4.16866520236013 2.5182678251721 -0.350709272187663 0.469420792958346 -1.35599206992903 4.75122108905988 -0.0923243277354227 -1.06495029156649 -1.51438359960895 -7.71453659085359 0.0137694731267879 -0.480308523251246 0.712057245359302 1.27014021709055 0.38561495770961 0.634453516676956
"141" 4.58004580969352 2.71204544854326 0.190072862638381 0.261896075777329 -1.7735373937221 5.69160158985254 -0.31832654934941 -1.28247600662385 -1.43171333640116 -9.23975289107808 0.0202969959136992 -0.554874814481977 1.02344914846345 1.68170239773238 0.519945773909686 0.718626466305778
"142" 4.86797215587497 2.85878140411565 0.501310507365778 0.131893085668565 -2.32939193123761 6.43027297868429 -0.474103951753089 -1.38857180384412 -1.23762310437798 -10.4788195345078 0.0120188651009301 -0.620629281104904 1.37908344669071 2.19524522971341 0.613858447815463 0.736834767611768
"143" 5.00976906815382 2.94678015817004 0.617931754754245 0.0519784913780654 -2.95993142780465 6.90905258931111 -0.56446906020287 -1.38272238642374 -0.959045090508843 -11.3363048021913 -0.00703555224016961 -0.667915135012848 1.74359190922002 2.75988260683876 0.655867135388245 0.696652900974811
"144" 4.9827396522643 2.96559725888974 0.590156961585798 -0.0115574229631363 -3.57452975587449 7.05802760797939 -0.597802414927011 -1.26916332096574 -0.638532045157358 -11.6968810215657 -0.0319620825550091 -0.685861563832361 2.06682992906435 3.30307310460731 0.636528495901253 0.609010188332576
"145" 4.76712430343985 2.90962700767327 0.472201027606661 -0.0917151729894812 -4.06263924717854 6.79083595509524 -0.583244035216194 -1.05505998840528 -0.331633637290192 -11.4190593239126 -0.0577071453198806 -0.663447817253655 2.28460006846012 3.7290441898659 0.549660055470619 0.486414817824894
"146" 4.38577083942724 2.79086703057052 0.316613399419226 -0.212290615686712 -4.36162242838414 5.99639695200978 -0.529954155771654 -0.755539260219088 -0.078356284069621 -10.3209173989608 -0.0795631331385219 -0.593032027514745 2.35776490221368 3.87388860341738 0.399838853855792 0.344070767133715
"147" 4.09924000315066 2.69198608287852 0.173495517459814 -0.360503085495623 -4.83176464442583 4.48413764698256 -0.449164167117075 -0.423515393990982 0.279717858984114 -8.08517864030963 -0.0941438920811152 -0.486056876297518 2.48135723307715 3.25774490153789 0.23719257904591 0.210726311705798
"148" 4.46515459112165 2.78402845776858 0.0834974501121155 -0.473170499391671 -6.38422799843804 2.04668128291552 -0.3562220193981 -0.162055544044136 1.16335796159295 -4.35253767181374 -0.0997193872808771 -0.380479809972464 3.15539522248329 1.07914174063155 0.167601265287395 0.130606828102188
"149" 4.97127671657919 2.9790823579609 0.0315405875007593 -0.591868077563703 -7.86667904298174 -0.728596005821616 -0.260833311830041 0.0698897775395935 1.96868148931043 -0.0474823262660702 -0.0900071714049097 -0.2443614490196 3.7234137673701 -1.67000980205299 0.109789944501536 0.0768016194553383
"150" 3.94543929089039 2.87961659549899 -0.0468897338555614 -0.875170996747812 -5.96516987325798 -2.47931297621959 -0.164522585867144 0.472266692781773 1.03775757204261 2.64706649672279 -0.0565052513966705 0.0249701549440999 2.33365521268137 -2.12384491613249 -0.215066301752307 -0.0522885316468944
"151" 1.96886709023331 2.61207565013672 -0.146943582320699 -1.22217605948073 -1.89837512870651 -3.31525597767707 -0.0758488835622766 0.940319156888513 -1.00750243656007 3.94608781013465 -0.00613832041706197 0.364347110443177 -0.32047640652486 -1.00698244006597 -0.680946964698832 -0.220450961113769
"152" 0.702595179061902 2.53007582483471 -0.213973915723041 -1.40934367715846 0.920442860987205 -4.07472313094823 -0.00841280907550024 1.21645184255706 -2.43207970281584 5.2469346187706 0.0442505325205346 0.622924105905795 -2.28936439033345 -0.785407864737008 -0.958628964357354 -0.319473721313287
"153" 0.088097899504147 2.55041334670317 -0.235447165446843 -1.42912169222272 2.40079710232454 -4.77977652489854 0.0402506914644538 1.30106188431346 -3.14174272542281 6.59127173703946 0.0866552796748326 0.782272063824735 -3.483054911711 -1.43435404534526 -1.03101007128243 -0.34848373646075
"154" -0.394485243658634 2.48428076389795 -0.216155318485038 -1.33511506612265 3.3735227732401 -5.15605067483001 0.0747963131429857 1.2645235946461 -3.50821111302084 7.53212773164193 0.117270690230835 0.863152626058273 -4.32998053109851 -2.17860575153935 -0.974950817577449 -0.337472343855879
"155" -0.897946640836715 2.24939099751721 -0.160411590805375 -1.14263257469861 3.99003432681552 -5.04819290720742 0.0954846137342803 1.12864009658903 -3.58108240347742 7.81706216064413 0.13268652037369 0.864951672250811 -4.88133217510598 -2.69844553332125 -0.816872439967717 -0.297388273232869
"156" -1.41471299667907 1.82033514037856 -0.0776024839429952 -0.856365120223153 4.13899601031058 -4.35897038705878 0.101286888092812 0.900722120619626 -3.29781650225983 7.28010725618812 0.130959205539019 0.783066224891442 -5.0441210506279 -2.85774661262392 -0.570705681790317 -0.233516092305152
"157" -1.90136061449697 1.20264004876553 0.0174491630839424 -0.49035479089914 3.72335663995858 -3.05551774403011 0.0924020725392257 0.596125853324502 -2.62776745470855 5.84202417981931 0.112507150003968 0.621537742651647 -4.73786519820183 -2.57812227592826 -0.260346562743788 -0.153080205283416
"158" -2.29944154562 0.43539947671821 0.107670145727814 -0.0744100813643271 2.74539759038595 -1.21949537464002 0.0713313245309869 0.2436942634153 -1.62203889400847 3.58538644473388 0.0806217142560001 0.397670450103121 -3.94606987418028 -1.86350069079859 0.0779634123639639 -0.0658585576775721
"159" -2.54319548758055 -0.405662804647709 0.17749793828019 0.345007575608975 1.34688490166907 0.922363576904559 0.0431069456052592 -0.114550204258919 -0.434914593924281 0.803362890182607 0.0415283102872652 0.14304941417349 -2.74351142485879 -0.829856122776888 0.398790337633363 0.0168298780583882
"160" -2.5712599013596 -1.21503151320493 0.216104488383881 0.709779980192252 -0.195227676068273 3.01463130650671 0.0146625679463681 -0.42843267587407 0.690540783477549 -2.01933923579349 0.00358295932838371 -0.0999814841543483 -1.29777638937759 0.299274742516682 0.654043566845184 0.0838010360216259
"161" -2.34343157455818 -1.87756129381233 0.219015095351693 0.961569372669864 -1.53237840027539 4.64959842507662 -0.00670237213700009 -0.649299711497946 1.48327066496702 -4.31356974449338 -0.0245519412836507 -0.287083167361075 0.165130182203577 1.24542626504761 0.801976977866602 0.125972119710553
"162" -1.85839873264605 -2.29867093239461 0.187625133166618 1.05702249459785 -2.35313654944633 5.48711084549293 -0.0153686365040409 -0.742037925106942 1.73809436406435 -5.59740456277243 -0.0363115625304232 -0.383925956634279 1.42606314235017 1.76397842643836 0.816338116279203 0.138094354591018
"163" -1.16405065988469 -2.43467018024265 0.12704564561927 0.980321571961795 -2.48639959010203 5.36582474293573 -0.00901908050398093 -0.694575012625087 1.40149315820271 -5.63692469536517 -0.0291425892403639 -0.376431989367283 2.34549451694575 1.72686392665261 0.691844626169615 0.119626210247105
"164" -0.353841081398588 -2.3074481552116 0.0434892546136649 0.746946250436757 -1.94036858160581 4.34725760280725 0.0108725930830358 -0.520601344981714 0.607211078446225 -4.51278189979194 -0.00504082686269558 -0.274483441799497 2.90422776646294 1.15335877887845 0.443949482217091 0.0745560264260661
"165" 0.449699953455903 -1.98337522972589 -0.0569326521177502 0.402180193516088 -0.87261023761871 2.69164995915711 0.0386264394897694 -0.258913869252204 -0.338761887279485 -2.59457446374686 0.0294083769413168 -0.111019271498698 3.15578181731877 0.195845235238132 0.110961841105564 0.0114306604691166
"166" 1.14176654001006 -1.52231477721647 -0.167758995241558 0.0284681792161479 0.423027682545595 0.850038444745517 0.0625378939948987 0.0206433385312579 -1.0126266637015 -0.532435366414355 0.0619688278680862 0.0566396779013942 3.0877200439776 -0.849549197207121 -0.229834786397252 -0.0547267466766925
"167" 1.69478572317928 -0.968192771083181 -0.277510662754383 -0.249526258565083 1.4819046415331 -0.54100908214577 0.0666823243241418 0.217366488002199 -1.05833740170688 0.80310421778548 0.0764923213270426 0.154855366947018 2.57983354273714 -1.53783905688831 -0.45671060898551 -0.102109556667614
"168" 2.01296581599209 -0.424963810706858 -0.345411009575955 -0.324853599247149 1.81184680342941 -0.972063896477959 0.045341152034981 0.254068292533042 -0.546027073246437 0.883164971279584 0.0642796243485362 0.142988816445374 1.65926502554387 -1.51417176475794 -0.469909449276315 -0.111074091073874
"169" 1.75912300713849 -0.0701503763248255 -0.301742106688168 -0.222865378824032 1.33768434953836 -0.627014762208041 0.0163380683548554 0.163518824927074 -0.0270481232045963 0.262948537884436 0.0361317828572972 0.0686469257248064 0.725845554614912 -0.931470947798894 -0.305798339199304 -0.0806200702816682
"170" 1.21412588622828 0.0239260003459891 -0.206017004704641 -0.123263848629136 0.80137308463138 -0.30163230490617 0.00381957711555247 0.0866854981209215 0.111136152652096 -0.0405687007233697 0.0182504733910623 0.0258106838564309 0.297862034020922 -0.490331966720894 -0.169503594238424 -0.0489895242064549
