"V1" "V2" "V3" "V4" "V5" "V6" "V7" "V8" "V9" "V10" "V11" "V12" "V13" "V14" "V15" "V16"
"1" -3.31072676359658 0.671452207923217 0.17454541377208 -0.364175270018228 5.49056627464723 -2.39228190970761 -0.0221764297028503 0.0584449324993539 3.23958832383165 2.52659721931307 -0.0274588821702064 0.906134867873135 -5.07400116732806 -1.38420077380178 0.191746445277675 -1.19044489396686
"2" -6.43721465453106 1.23995450385579 0.180191978241691 -0.80576993131443 6.55320583936436 -5.59711514036955 0.0247470130694677 0.363718075910596 6.58738961229754 6.35250215027087 -0.0938440577702928 1.98469928617045 -5.93219656641991 -2.78882645569519 0.189440014114158 -2.67570719470201
"3" -4.42712228674164 0.869663881309865 0.140452817167189 -0.586159431823299 5.65503730833333 -3.63188969854585 0.00302041934078157 0.23725725777695 4.55171373587501 4.03765914673478 -0.0463232752825116 1.40330346200881 -5.14940107496144 -1.93104845706508 0.147813332022618 -1.87991900975599
"4" -2.49127392626471 0.5035137782977 0.109820580640388 -0.380952948555235 5.20503867878146 -1.62761343982483 -0.023246312353619 0.106332477425854 2.59456864572358 1.65071907443368 0.00610202473535618 0.850856917617826 -4.78263878779937 -1.09090323621735 0.115676443568209 -1.11895845462803
"5" -1.67290928326116 0.15156338829936 -0.0405557397679398 -0.433727927862535 2.685251964323 -1.09070847655622 0.0125054236649501 0.278849635225417 2.1203619306288 1.23759913634765 0.0220314328994915 0.911397304804005 -2.34864529545078 -0.694790045933436 -0.062380050932469 -1.23667086708076
"6" -0.932895577114172 -0.364653562094823 -0.0941661133226471 -0.348477568978746 1.28130152996707 0.0528184781592436 0.0226740272028674 0.279305132508601 1.45795565951709 0.00582021645437214 0.0354027001442209 0.749911199779454 -0.975888425419274 -0.0103867601166474 -0.122191073094515 -1.04263957793405
"7" -0.378360798896789 -0.984126395550788 -0.111371493649652 -0.238012923504776 0.443635607985799 1.40643857829412 0.0248189465707731 0.232605204208859 0.912502770930539 -1.51121623276871 0.047088518532644 0.569388203938999 -0.122185606103482 0.787638319619077 -0.136946443938002 -0.82380168646479
"8" 0.111935385089042 -1.88098657582838 -0.0973465100192156 -0.0615677036865652 -0.36143160406743 3.26717213922679 0.0229568575704241 0.126631741784609 0.352437314967758 -3.62561395267329 0.0527750719681421 0.303747983261175 0.725596324823616 1.92501204089881 -0.108900622064216 -0.503646325927136
"9" 0.456359984763415 -2.60888633836088 -0.056759886381159 0.138551746789227 -0.988140542076207 4.8217066898338 0.0160217417074044 -0.0125536768214674 -0.169190112111726 -5.41493876486541 0.0463891866128454 -0.0255612058700194 1.36692462308724 2.90797870904568 -0.0453925172033358 -0.0928513571903835
"10" 0.634385198790936 -2.80956632977839 -0.0391559763026482 0.249492465297841 -1.32553397917883 5.37964074653612 0.0106988780949444 -0.0854991996028693 -0.50548365632103 -6.0580756992041 0.0391573800616578 -0.250378956940658 1.68544499498369 3.2634415345509 -0.0146550583950855 0.20075724015166
"11" 0.809350023500691 -2.93885792233214 -0.0506751773499068 0.317607152407183 -1.65670961368049 5.82461249681943 0.00879252492018756 -0.11066727914298 -0.793100431378357 -6.54939863279897 0.0382482188519633 -0.419746587769531 2.01376947975788 3.52273770478635 -0.0200017491026525 0.422664471637887
"12" 1.03751402267731 -2.82465799379509 -0.106011456036712 0.339025978098169 -2.06015543384082 5.92980003698239 0.0101323004573478 -0.0741041050272537 -1.12549729482578 -6.61876440867806 0.0432697437034048 -0.571849553032607 2.40723774411546 3.53069176577522 -0.0781110287585269 0.632446673640601
"13" 1.19585797814463 -1.98632737050371 -0.205393018321129 0.23623859185601 -2.25750342536947 4.71825912145794 0.0147940009235628 0.0641393978198188 -1.33497944652313 -5.16360567477278 0.0499471928645479 -0.597779076578135 2.53943800262111 2.69235976004213 -0.19514784109213 0.702822975163798
"14" 1.26868633102978 -0.995141170640304 -0.280904055605887 0.10435286583261 -2.237698157228 3.0399633342046 0.0184192667452499 0.195711918734666 -1.39598589522994 -3.16743532839535 0.0521681006896401 -0.534948512912216 2.44028522772488 1.55321207581934 -0.290872845189235 0.665139613277773
"15" 2.19510999576461 -0.279153897452581 0.213960607517862 0.912454626717787 -1.81642618997093 -1.85130403994057 -0.00124602827520154 -0.852899423176773 -1.90119348773916 4.27955882034031 0.0972889647814754 -0.0968438032210273 1.82710452258981 -3.8745922343622 -0.134096884085458 0.848307441945892
"16" 4.00977414849054 0.468563374839577 1.27420715843212 2.63417679139159 -0.96107432020339 -10.5649763572455 -0.0447700256101328 -3.06534589711874 -2.86803864261996 17.9233553585311 0.18255223636182 0.733436993807784 0.639555564708838 -14.030419855582 0.263766548783472 1.25057803582356
"17" 2.03131385178766 1.50280152722898 -0.274018316323737 0.0448737854949428 -2.30733308012815 -2.52274992743798 0.0136117758379123 0.169535042718813 -1.87829122737883 4.06985938010508 0.0468101495364925 -0.364281294486894 2.29600827779712 -2.99140361894014 -0.406170691367711 0.75236878826378
"18" 1.62544311707791 1.89231688091293 -0.495066621630038 -0.446842827497223 -2.33057680382688 -1.68032954899208 0.016337509902529 0.725626964158224 -1.5935098042073 2.2575366775229 -0.00267154077569712 -0.562579317508067 2.35128519709292 -1.3602604832504 -0.444441586258234 0.646159825795394
"19" 1.66315811273346 2.15388312724664 -0.469856221563776 -0.51537473785044 -2.27286732982216 -2.20898278987504 0.00843165369313514 0.761705707079209 -1.57874610012451 2.8193225726262 -0.0337191402975059 -0.631151116262402 2.28036293310925 -1.61969460341837 -0.375347024851221 0.684514444470082
"20" 1.59465423917476 2.16388939923785 -0.39967453339628 -0.526967986493045 -2.07255073093882 -2.42726419976575 -0.00102453651270562 0.722819195434213 -1.46463956168896 3.01003724390854 -0.0635432167671796 -0.671968847542985 2.07431249375034 -1.67575784380724 -0.265859202706338 0.694439152948689
"21" 0.26789081821503 0.353824564613605 -0.0578563326384584 -0.0881604438630106 -0.335293643541964 -0.41493556560051 -0.00145536099612233 0.11547893447929 -0.239877595029653 0.508058794273458 -0.0148713598363989 -0.124027143423685 0.336510596414352 -0.276996260999381 -0.0294525326837141 0.124431250282454
"22" 1.12253583876728 1.31227852015474 -0.103362815821947 -0.358924616325151 -1.21718959356042 -1.80785767380091 -0.024859735397209 0.391274358289738 -0.914581005164273 2.12353630564251 -0.124132369599101 -0.684512139433942 1.23763283712814 -1.06918812085132 0.103012790626172 0.636516290403605
"23" 1.68035714782001 1.70376463745639 -0.107627523140063 -0.530275410429379 -1.75799579960925 -2.72839231269091 -0.0347072348282317 0.556808091656114 -1.32124106367773 3.19662503456109 -0.214464154501958 -1.01346121214854 1.79762712876287 -1.40633426360284 0.240383910245257 0.888076644519202
"24" 1.84747168589877 1.19598766602869 -0.0143596512482448 -0.568645830435589 -1.78786203256184 -3.06214710601129 -0.0281762880258085 0.552784677841586 -1.33789829004379 3.57549228154833 -0.305190698417345 -1.05901755656154 1.85382613120774 -1.02868779360994 0.464673992866365 0.77956066121483
"25" 1.86694741264486 0.111021913807232 0.0721808506678256 -0.568969927458078 -1.66651768626311 -3.21970750452843 0.00312945054512404 0.532682641044895 -1.2082306616374 3.77906295503801 -0.398902006572282 -0.865156273378105 1.76480115062539 -0.141909326744234 0.690641866020751 0.341309502359422
"26" 0.575896043677206 -0.0298801740888495 0.0267480761684653 -0.174421678847386 -0.506875299554668 -0.996651251927791 0.00283530546174654 0.162712985220439 -0.365171559297205 1.17062581150724 -0.128122925529127 -0.256308496525893 0.539436886635476 0.0103453935712245 0.225759416792143 0.080715597911869
"27" 0.68534624924686 -0.948943335131078 0.0806560217177159 -0.165584129685962 -0.528947324681572 -1.10461816166551 0.0299338522303464 0.163870116787598 -0.354208224537571 1.29790915310264 -0.218792045254018 -0.208651808713949 0.613278942461356 0.836289936737268 0.448960307495615 -0.195588592856829
"28" 1.80944167046206 -2.69386743379603 0.217843733504984 -0.420377049204774 -1.38654086590375 -2.88281154588978 0.0849053823234749 0.42463116852363 -0.923385926429806 3.38511279617726 -0.588361146203168 -0.542737966905051 1.62098890748955 2.38870364025823 1.21931916584469 -0.564994169498561
"29" 1.76539310810557 -3.50379757474402 0.22794476551872 -0.32163669297368 -1.31318361263689 -2.63802340139835 0.110746172489804 0.37509516867794 -0.852108247003463 3.0849143876386 -0.619295191192145 -0.505464652963838 1.59923247892526 3.18420401004657 1.34148469494957 -0.763557831513992
"30" 1.5006134158471 -3.6802363356285 0.178418891733387 -0.177030184902634 -1.0990588351366 -2.10447390719888 0.119796803920396 0.28946615621265 -0.696295392048301 2.44748279994721 -0.542651966456992 -0.423093481058771 1.38622349785442 3.42795793374994 1.22142646007685 -0.809140838150114
"31" 1.28912922609725 -3.67867396653061 0.114717966273508 -0.0604471967150673 -0.94152909115472 -1.72295831022222 0.124889169504687 0.232020818512969 -0.585724286701205 1.99225213854579 -0.455189476481182 -0.358942710286783 1.21338849272991 3.51276252931807 1.0581201398085 -0.813580441116812
"32" 1.00212292603797 -3.21856901202602 0.0495187479717629 0.0261111592651169 -0.734549742686584 -1.28918726378765 0.113779991932419 0.171349997361228 -0.45039600929163 1.48199765761922 -0.335162098776133 -0.275285377690111 0.959581842350367 3.1421713903267 0.803884842709359 -0.715568265678229
"33" 0.118480700996549 -0.4245995130259 -0.0148394884949226 0.0220133759325627 -0.0907319340988568 -0.160421855813917 0.0170189684849479 0.0234838336116663 -0.0564600882374353 0.183373082535798 -0.0215585884815671 -0.0267662299073432 0.111658954413504 0.445274443860188 0.0557695066642432 -0.0988456501243888
"34" 0.378558182455114 -1.79859905024801 -0.266347645647391 0.267205998856229 -0.331323361391213 -0.603226371823306 0.0912027130426226 0.110590240915231 -0.215312146547022 0.679731960986367 0.123901038494427 -0.0235016650808433 0.335721669939108 2.17957005455421 -0.242924756135491 -0.461598543885245
"35" 0.286030625118592 -1.56529700788833 -0.445767917288551 0.379704039346539 -0.297700675913475 -0.633002555855303 0.0984114269577011 0.142341806437481 -0.212520104786121 0.713435916044348 0.333443954773226 0.0664192394239933 0.198103965956406 2.21756587877297 -0.734177352397588 -0.453551864051406
"36" 0.0220142948642081 -0.603093020909188 -0.649967152598899 0.47206980020243 -0.142581673144495 -0.509395228203906 0.0796159847162046 0.161845867697568 -0.14346153301372 0.575938852954983 0.635334684090185 0.216199731503252 -0.129587038260048 1.57366000775034 -1.45845881462627 -0.286133451973257
"37" -0.312168697378361 0.724195376051235 -0.888763843327798 0.563742446825771 0.0556773879382604 -0.38081119366101 0.0469999525312852 0.189205979387627 -0.0564812214352646 0.437625397526653 1.01542705925669 0.392412751239874 -0.552069404841617 0.627434695292393 -2.37438247307536 -0.0274973962352476
"38" -0.577251755225451 1.76949366734592 -0.973010722967572 0.584845528718816 0.226429505278979 -0.218570146444131 0.006504769002731 0.179123280523319 0.0350104933897217 0.260072625119807 1.22268372242888 0.455506524823178 -0.847197330004789 -0.276926677913547 -2.86260779221414 0.252615890927331
"39" -0.286722028058022 0.897319668747099 -0.444532512341092 0.265411020207228 0.119296142485281 -0.0803380071134683 -0.00135928075456476 0.0786358690400579 0.0255908159146125 0.097172871058482 0.569432869622074 0.208897701348128 -0.409686396073766 -0.214576567163068 -1.33242193537852 0.143572212710467
"40" -0.265434413192346 0.529026974075763 -0.198144153870969 0.189762518433501 0.130526529370909 0.104741890320089 -0.0206773277770882 -0.0132179571797817 0.0782472219115751 -0.119422777661447 0.311248144002821 0.00137918297745543 -0.251166776059545 -0.246084769764437 -0.661336054549754 0.249818470814475
"41" -1.05617881150211 1.94697120883141 -0.728400415181899 0.751782039319579 0.521319613021962 0.471970465584362 -0.0862030695323032 -0.0811787115190947 0.328122003260546 -0.540789861990883 1.17487840414958 -0.0629771886290627 -0.950518475016445 -0.923216220116554 -2.45528185130341 1.0279140938739
"42" -1.11693040901399 0.88684049303108 -0.431429371673721 0.823110925269212 0.547822014026277 0.828497350175266 -0.107380776506479 -0.263604400931851 0.446961420967732 -0.967132765848381 0.872288563583366 -0.507467332420731 -0.679797672685687 -0.394845880355547 -1.54382252337453 1.28186730993787
"43" -1.04868025681228 -0.329752191232181 -0.0982174045717769 0.816193562199832 0.507863974988197 1.08738385280562 -0.11248699672086 -0.42651081215216 0.517886767252252 -1.27832324272526 0.474473513409715 -0.841441831006705 -0.319160568802616 0.231380410354451 -0.444642499995638 1.305278642323
"44" -0.432528643779172 -1.80783296010531 0.379473171566567 1.83600832061707 0.813670108739561 2.19836293790919 -0.110735081009948 -1.81553565908127 0.989771057086753 -2.42565651036942 -0.329506394532408 1.3952882022834 0.353452556721415 -1.14760644732841 3.96306529666433 -4.19866389975388
"45" 1.02034208600786 -3.55892441056073 1.05943885631983 3.99451720383941 1.46983811471327 4.2008470919994 -0.0846658676698747 -4.65287865891642 1.87805746443064 -4.41702455617826 -1.7144044101044 6.91344800507178 1.46126589257212 -5.04562119448941 12.5365613425848 -16.700453078187
"46" 0.126385646194604 -0.658081265478663 0.186031338500712 0.609372514549812 0.226644883970252 0.674610936685615 -0.0155318017522445 -0.720205941323947 0.301036840120295 -0.715809377106999 -0.280543417585861 0.996723152291575 0.246242533049903 -0.67736985839552 1.95364415444713 -2.46333802693054
"47" -0.729571346963706 -2.85108080926795 0.602218293769776 0.319752953229184 0.196524726282266 1.12894659067277 -0.07764148019662 -0.542116867577019 0.493891542743027 -1.35078379024344 -0.470725635315839 -1.04923633982574 0.571482818733358 1.84492698267157 1.57692589684246 1.16063048163551
"48" -1.1533549509665 -4.4897053035147 0.956144021888574 0.405115219502818 0.274471994044685 1.6966761294764 -0.116424191538907 -0.83652715054059 0.761868375604166 -2.03201608859647 -0.757165540746108 -1.47890194130053 0.924680724385048 2.97243330386521 2.40851407489295 1.75480724047634
"49" -1.30415477663239 -5.00444930035465 1.08554905732484 0.227562249896081 0.229251775418909 1.70909451607682 -0.116448209323358 -0.917006192359484 0.821831963014212 -2.04879593687105 -0.880933531108899 -1.16123781455926 1.09085069130848 3.45446647053663 2.52732888646575 1.69138062941946
"50" -1.34947364680038 -4.78828574773863 1.0579972529188 -0.0257817384557484 0.152743226873874 1.45420608821274 -0.101571035986662 -0.912556874273095 0.787819055789715 -1.74272675696544 -0.850835733243145 -0.408600190750832 1.0939208268658 3.5023133814631 2.14715426975114 1.25903825847098
"51" -0.477340082019484 -1.35797400454847 0.286633347353562 0.0656509224056379 0.107890060533336 0.421125995694535 -0.0261104303559877 -0.322857001425149 0.276319014141528 -0.497954035190425 -0.252227791006661 -0.157170059193156 0.206390782507917 0.985229157518949 0.625995432977849 0.483466073961637
"52" -3.48047044109498 3.246013289615 -1.4095994404635 4.0644905126589 3.17458540722344 -0.195815543515465 0.180473509535147 -2.4256428802421 2.03608520182302 0.560773927826188 0.058405482312125 -3.17020686495015 -5.89910744905065 -3.16875791235102 -0.0677997189182316 6.03406912742847
"53" -8.26408339188242 7.11867798958781 -3.14456574412254 9.19527215669926 7.28964034772679 -0.470778469258525 0.40966291235981 -5.7951516944638 4.78383586906349 1.32169318864596 0.101898570243642 -6.45304072869172 -13.4823409508222 -6.85167042447242 -0.299740091099871 13.4524030966154
"54" -2.60850567630427 -1.77065131243923 0.358766417822792 -0.00910635329254461 0.701490019484318 -0.0869750305411339 0.00198721046916495 -2.04928258946456 1.19747456174615 0.231682510522191 -0.250300370098928 4.64745740095907 -0.803871564595426 2.28635460397354 -0.812016290881942 -1.22505088199449
"55" -1.83834757941759 -2.48391047139265 0.708578654076205 -1.11066225880018 -0.102585812433546 -0.153653721976443 -0.0412708431885622 -1.57703152843469 0.714032043434315 0.237843612494347 -0.219085388167682 6.16722271690458 0.641526877876103 3.13605553515325 -1.06320371638277 -3.22112662800379
"56" -1.72362504126018 -2.68965568500913 0.728975933849364 -0.990563612752673 -0.0846072173033434 0.0260914212263881 -0.0454892086962411 -1.41651730617231 0.692401817239368 0.0121519067977145 -0.293649566619748 5.18718857441263 0.695342178856365 3.11051160840445 -0.666828655000655 -2.55346779310531
"57" -1.43057765879875 -2.73789953213349 0.692964684136397 -0.741139286792048 -0.0486167983010546 0.265835322700648 -0.0469715427599622 -1.08197829241978 0.608299133621523 -0.292275120441461 -0.370228083071436 3.41893154473098 0.701118693081028 2.81177427085979 -0.0758652267442805 -1.4215183479474
"58" -0.208661756602148 -0.511257285015565 0.121605228351607 -0.0773697764228585 0.00182526850818032 0.0977375779703128 -0.00955385290081995 -0.150259898341613 0.0989350426159872 -0.114681463352642 -0.080097068407315 0.315453966265885 0.12526023856827 0.455039625943365 0.0998449289081189 -0.0738776442374487
"59" -1.08597883614522 -3.58897997077727 0.803390513480751 -0.142902144673464 0.0850608892977789 1.00003913693808 -0.0724061703391088 -0.723516824818415 0.600580966654555 -1.1969839286858 -0.632485638353085 0.124328705726327 0.841019891661794 2.73837667264197 1.44163340397385 0.716852858891343
"60" -1.28217181256029 -4.51726550656408 0.998755982148194 -0.0277681515678836 0.144557301292814 1.36958604943272 -0.0961057237216414 -0.869670561897026 0.746435960178152 -1.64086404448102 -0.799653580983291 -0.347087542143925 1.03125920048408 3.31144624609744 2.01139837898819 1.16427494289215
"61" -1.27054497060323 -4.83567151361846 1.05146331715754 0.183688258741732 0.21261354668389 1.62957142180335 -0.111278444305818 -0.883334871142988 0.793349752271691 -1.95354516904533 -0.852816338954379 -1.04268378435683 1.06152484376646 3.36110860371167 2.41099012354441 1.59490516057903
"62" -0.731153060561123 -4.12835244529944 0.953907672857643 -1.13862808112578 0.107340447059791 1.5828509761117 -0.108047135111237 0.553219247492484 0.564060621342916 -1.9088428813132 -0.766109976870828 -1.69215642924249 1.11820335684141 2.60583973368864 2.45346838769528 1.67253323806938
"63" 4.88945112871829 4.92126141393481 -0.230252946696525 -17.4210277812345 -1.81251979190191 -1.28573374285783 0.0865917491751627 15.9541623375901 -2.29335642928908 1.3965724951722 0.151915038137336 -2.62592056170254 1.9351077122895 -4.83484115029007 0.119525013717046 -0.920833004544647
"64" 2.2033232331086 1.54660948100863 0.0797971263711273 -9.07740483277011 -0.787277963007902 -0.0128048514977728 -0.00785338030756022 8.34490184320288 -0.95619699080769 -0.0564514195601227 0.00452477594084072 -2.13547091250501 1.17733816903247 -1.95037129634959 0.63779008814485 0.246203257950413
"65" -1.01091105003117 -2.62698212271467 0.493248205536652 0.533421840169595 0.415010698691503 1.56693407611413 -0.125761589701716 -0.469613534109223 0.64579741770901 -1.86602624001671 -0.197934885314465 -1.61553977634162 0.361590399324726 1.59438278513626 1.32578253587268 1.72272282210912
"66" -1.15470872952042 -1.67757943924338 0.226987675752263 0.878643837073962 0.519166932087959 1.47254590548315 -0.131977259230926 -0.609983020828581 0.651756354030939 -1.74473173907933 0.141124813501716 -1.38063002069222 0.0115655103480634 1.04389841545403 0.507888362895015 1.70741604563361
"67" -1.12743823315321 -0.201381929418815 -0.143328977930908 0.85244585366997 0.539354549071323 1.11319399302682 -0.119198512119478 -0.416930722119513 0.5357209982293 -1.31014575239998 0.554199439924578 -0.893123848739862 -0.385479343148141 0.194595004269821 -0.642268834695289 1.46174754593807
"68" -1.04653602618623 0.938795250268409 -0.435830051150623 0.767524496682899 0.513056256932778 0.744629541986138 -0.0989726702842341 -0.229903750392083 0.409236091057419 -0.868261694041678 0.851499261212432 -0.433482101867156 -0.666651431996925 -0.421995545649288 -1.54515838024628 1.18294302947015
"69" -1.02918962943731 1.82220821306759 -0.695412904873131 0.73822793490179 0.506659604488345 0.475855794902983 -0.0841475014317813 -0.088246911017885 0.324516423553222 -0.546419364739178 1.12811946657634 -0.0851648149464381 -0.908032269045343 -0.851158185650647 -2.34234370406143 1.010111591834
"70" -1.00191141241413 2.57340218098856 -0.9687769868281 0.723731311077213 0.483469537516243 0.189928178069507 -0.0628923537108511 0.0574277409640027 0.232785951410746 -0.206838758024314 1.40678119432515 0.261119044731529 -1.12538500456751 -1.1271713756397 -3.14516520972795 0.817430165485973
"71" -0.807034792289468 2.43686898406225 -1.04675796144267 0.65432458733687 0.363614451442029 -0.0694307374016896 -0.0259963359262294 0.153100627766398 0.119586776856352 0.0931776390156109 1.40172121717603 0.448422601253 -1.06402038121558 -0.836575547839093 -3.24467999787252 0.511882269534169
"72" -0.534100849607459 1.5991157068779 -0.930568498531232 0.565550458112096 0.203227037423236 -0.22238967805229 0.0100089418108303 0.172040440893534 0.0265806567715323 0.263087768667341 1.16025909253668 0.429626363688755 -0.788652814817446 -0.1739547365455 -2.71342590669521 0.220073414082719
"73" -0.303103210902389 0.727637052414071 -0.825820791225298 0.522262084787883 0.0606899617599126 -0.344649022299577 0.0409136397503742 0.174360326366057 -0.047236787729461 0.396663144531964 0.950500827238086 0.364859971707105 -0.526489820506775 0.529179350497728 -2.22233117870732 -0.00786995829926695
"74" -0.0185261561857857 -0.456203977672306 -0.699031969825186 0.496825326101423 -0.122059887217315 -0.506605404922252 0.0783328153102729 0.170129257870581 -0.136960071015139 0.573506965873699 0.700265534904117 0.246643044396222 -0.185866504343586 1.50293000270365 -1.61377203208868 -0.265744761955915
"75" 0.327967927870763 -1.78399732939865 -0.475958976751086 0.412658181390984 -0.334564079297454 -0.694862454399879 0.109451313080262 0.153366539959914 -0.23579367443507 0.782494841941865 0.345804735825029 0.0630377701434099 0.237655498531275 2.47827173191773 -0.756316902848182 -0.509159016931022
"76" 0.597602996820207 -2.59957654754567 -0.261833748878322 0.29061168983343 -0.492334965363685 -0.866544700648218 0.120308011759082 0.143901385367484 -0.311548960240492 0.979900205884554 0.050274081263171 -0.0858116544141154 0.552849724817428 2.97044299742327 -0.0589641235107505 -0.638596144837948
"77" 0.826145238894242 -3.16053561543975 -0.117364312191259 0.190493282655702 -0.633906326181858 -1.08118058121942 0.12752325421551 0.155381673958748 -0.38937800074808 1.23042110042413 -0.150508238539961 -0.190792054335645 0.79388787980524 3.3192498010901 0.404511913040768 -0.731966027262587
"78" 1.13537691078428 -3.82269599362554 0.0133752892275323 0.0807922761747513 -0.839556250932326 -1.45577306621459 0.139486710370185 0.195552180174521 -0.513692708626578 1.66909291466679 -0.348500443467051 -0.303983974362154 1.09166868938641 3.79487973311482 0.850493101516078 -0.856621527358044
"79" 1.41593719560769 -4.05932740303803 0.129731581672986 -0.0665949266042709 -1.03254003979936 -1.88521274528076 0.137419688067623 0.253058643348653 -0.641549079695537 2.17946857779817 -0.504208402124604 -0.395022264361558 1.3339045461854 3.8719174982511 1.17315303603651 -0.897020127245213
"80" 1.52579673495879 -3.64207950210705 0.185183907324296 -0.195257822561125 -1.11901322873293 -2.15946441700655 0.117955651388929 0.298444112236802 -0.711290328115346 2.51364712008909 -0.550496639762766 -0.430162690198813 1.4047102508808 3.38077860992987 1.23240129845656 -0.80067659803305
"81" 1.61158428497173 -3.17793586963801 0.205264495013554 -0.293414845478914 -1.20103918292116 -2.41249170545298 0.100739722682297 0.343501790344721 -0.780010310125386 2.82126944491429 -0.562545202770488 -0.463198516501222 1.46070364041767 2.88990834216036 1.21757086007339 -0.69110321881908
"82" 1.82106931221734 -2.79582259929092 0.22126192725625 -0.414611600625982 -1.39164107361523 -2.88239657934564 0.088057701537364 0.423267248148441 -0.924708001273127 3.38323114063704 -0.596973033283842 -0.54474492067969 1.63348170260001 2.48634929506793 1.24307935402143 -0.588205693524216
"83" 1.96751621490013 -1.98641170441201 0.199205346013179 -0.525665725931312 -1.56750777269276 -3.29023163566356 0.0644557374957566 0.500551894147401 -1.07067452822322 3.87176062035996 -0.578223479264777 -0.646254286427506 1.76594785520994 1.71250764577328 1.14280879108667 -0.357602989924246
"84" 1.88320836490254 -0.853339192377366 0.133838521541198 -0.549766499722327 -1.58569958975896 -3.24318283411221 0.0313346386398823 0.512728278717949 -1.1170349331512 3.81543888653858 -0.476747978366559 -0.730641790242956 1.72330397582857 0.694362460283864 0.886324431864922 -0.00636684955428279
"85" 1.75620712369498 0.157783212810866 0.0796335673767175 -0.518228342041077 -1.55701407663833 -2.93924110971867 -0.00289800123684059 0.478169069387964 -1.13831688665041 3.43651691097093 -0.372369709656352 -0.871292796633966 1.64421628120182 -0.173053863312207 0.66169617924291 0.400351777083884
"86" 1.72441352413657 1.23328989470207 0.064148057525123 -0.473025468710926 -1.59184771400801 -2.59684076561945 -0.0491149760397104 0.412615601713969 -1.23463943565158 2.97881030222395 -0.289348898516229 -1.19955074864775 1.65021531385535 -1.0815859224067 0.521683962379748 1.00328174664722
"87" 1.55778585233159 1.59078180401033 0.0824962047788892 -0.387020193755498 -1.44288365118281 -2.10904890875333 -0.0720575973636027 0.307624465335053 -1.16937524688141 2.36748858667156 -0.233316972208432 -1.31966674315106 1.49880729130798 -1.37999354816415 0.45816870674536 1.27451238390361
"88" 1.42925878488263 2.56344386631229 0.158916001563292 -0.246642693041878 -1.30429556526243 -1.36193101181317 -0.134254897635449 0.0988934711423832 -1.18344474032242 1.38749478283174 -0.152240690820256 -1.79681733943474 1.36140075322589 -2.22951831051572 0.416292594138786 2.07421800868504
"89" 1.30503835450571 3.3404338229049 0.295136380497633 -0.0868272101267564 -1.07926141041751 -0.693528008507919 -0.194134910598169 -0.168012970308346 -1.13041545816646 0.50768761989844 -0.0907163196979652 -2.26402137027766 1.12411563098629 -3.01190633558864 0.443335722559877 2.84361534723274
"90" 1.10947704605991 3.69915395438885 0.389159295833708 0.0481448373147373 -0.786282980901003 -0.214828312283629 -0.22115994263302 -0.385810789342404 -0.976058545604197 -0.0856355916309535 -0.0300481232122963 -2.41631282611931 0.797083609322627 -3.46866319332076 0.409714967280333 3.20709922173357
"91" 0.949940280959186 3.80642998775985 0.434428002367526 0.135332359778925 -0.557863929102998 0.0481093240853356 -0.224718715656043 -0.522794862365147 -0.833766638387953 -0.391341254843758 0.0136731792330847 -2.40447989404197 0.533123375223511 -3.67644371110883 0.354321954517121 3.31712756081198
"92" 0.894491912121865 4.16189607949821 0.496002230799123 0.218057839668788 -0.408099520917062 0.230381988418323 -0.236856529717277 -0.676957583216525 -0.775103325569642 -0.619640763847951 0.0514641306740084 -2.54783733724616 0.344186894819288 -4.11815747778249 0.320337126851678 3.6324293488764
"93" 0.851249477226261 4.5439088423166 0.547729874570385 0.312084826941543 -0.251464010765698 0.382973067358589 -0.238000426219716 -0.849452743783599 -0.717536388665681 -0.807498802356974 0.0916090701490533 -2.68659659896849 0.135814121838948 -4.60047513781592 0.266593252484048 3.96662207603346
"94" 0.740682962041504 4.39293892749968 0.503836607216634 0.376404513828554 -0.0975782506594136 0.445832889969993 -0.193591914065507 -0.919584418594807 -0.602147092838733 -0.847670535086679 0.113983458341221 -2.51182531294643 -0.0581420198425207 -4.52296112251895 0.172456488933953 3.83864192160731
"95" 0.622949207883407 3.95286682351285 0.395679329162865 0.411532883037516 -0.00113535374437745 0.44110155419899 -0.126721655042796 -0.903297326102459 -0.492344652029925 -0.795694563439423 0.115357651498368 -2.19843936575872 -0.170913996362714 -4.10018291124597 0.082226722690522 3.46198888887425
"96" 0.564543868864035 3.75828100947306 0.286381923632169 0.475294874623323 0.0588879891744014 0.448356242494103 -0.0588690184870702 -0.92935107918102 -0.438760798177056 -0.781109396887918 0.115621609565118 -2.036334658767 -0.248720113025094 -3.89925784217747 0.00502768421257116 3.3016213682464
"97" 0.51290463485689 3.5349637561038 0.101674921594433 0.577558459587593 0.0994220917047244 0.450406964147538 0.0475182732932139 -0.961282837501137 -0.400395897366527 -0.762806356489655 0.107015880731702 -1.85338090137134 -0.303888744497577 -3.6256222182001 -0.092712016571828 3.11983557438639
"98" 0.410379780666304 2.83779449539628 -0.190362541689362 0.652826110457209 0.0900935043611177 0.391545203762633 0.193292478124205 -0.872335559377286 -0.339029446897705 -0.650552996990203 0.0708180328262115 -1.41962439621464 -0.272691048805555 -2.80209878974697 -0.192858568228723 2.51716109054763
"99" 0.305271683060518 2.0047667642403 -0.449607224876412 0.676742952023556 0.0510314387920836 0.311241839285617 0.315165157263033 -0.725217782502749 -0.277146124616449 -0.509748118152057 0.0244804430229034 -0.929953344379712 -0.190118583550046 -1.84124127872405 -0.251650399773398 1.78208768613159
"100" 0.24105109149969 1.39478400141257 -0.654858948145064 0.715082001493123 0.0234294282735839 0.268753445119007 0.424817420252384 -0.646978123825271 -0.237517121090721 -0.428175728512118 -0.0173900696086746 -0.553951987805306 -0.128096975028278 -1.14019565226719 -0.293266890497347 1.23926722861529
"101" -0.491854640520616 -0.278847899533954 -0.0092530733085367 -0.171098336336918 0.394886059255647 0.4844633783128 0.451690015713183 -0.563388244075961 0.390446577291303 -0.504563033998812 0.0312139331019374 0.611645598367531 -0.320197168966232 0.0856633935932809 -0.605605274270128 0.0651956677573935
"102" -4.73711599486102 -7.36765556854347 5.21933675831946 -6.01527696784162 2.8040345856266 1.91615311478576 -0.140040423068142 -0.231980267730974 4.07886835750289 -1.25001395267485 0.603562438035986 5.66757029789555 -1.81469860250824 3.93329582592322 -2.273208140871 -4.28378528498085
"103" -1.39535935655881 -2.73561393171889 1.55619615630185 -1.66621823564817 1.06651201919829 0.849095067585821 0.239946553309636 -0.537506530398109 1.35169959000193 -0.654032819283029 0.0874248217898733 2.36098024263458 -0.755384210154102 1.41539260194609 -0.73240028600813 -1.75854147429436
"104" 0.293447058990635 -0.482215615353873 -0.0145659641396031 0.396020561438238 0.288284990179786 0.372168650678048 0.36351307019488 -0.765070141518724 0.0481827026032517 -0.404386897253239 -0.17096948684832 0.826897793796789 -0.319937085221298 0.00604484393193161 0.11163772050014 -0.597709578406295
"105" 0.452295546180435 -0.59839320831853 0.484291509513133 0.274562726038081 0.454636109361516 0.476866259301579 0.233060299136195 -0.962218489404335 0.111374622066106 -0.498464859399846 -0.200883522307885 1.10438311569898 -0.512388488649968 -0.335969322742496 0.349267320090668 -0.889802773025991
"106" 0.574150564118915 -0.607269202278932 1.01627454083843 0.0775033577663429 0.597596920602751 0.544423112491809 0.0526431427429309 -1.06868379225461 0.175626284148787 -0.551522548520287 -0.198552826162261 1.34676793185308 -0.680325725420303 -0.740931528373739 0.548005545281184 -1.16928107430149
"107" 0.160927920280711 -0.160438038272374 0.295770071214625 0.011768328243539 0.16568754633885 0.147852873499756 0.00556423483068422 -0.289333115971675 0.0488823027354139 -0.149010993389534 -0.0526056545290705 0.377512653887845 -0.189329951348359 -0.218285995426077 0.154855016351166 -0.334201103635259
"108" 0.381355946012297 -0.150919096129508 0.751629309601904 -0.104366929228179 0.305579398820512 0.225737693046841 -0.114920057106693 -0.436894910330139 0.0721383604535584 -0.215139121734186 -0.060558856482413 0.947849520731431 -0.37014820508308 -0.632177622678269 0.320267026966763 -1.00423798175918
"109" 0.916591163386423 -0.307880284410668 1.75258138423183 -0.253006131759598 0.697519569451185 0.504587118730038 -0.281330000169517 -0.977246558019115 0.150834733840255 -0.476943070866102 -0.131213055038953 2.31650403512349 -0.854620333304823 -1.50077919992692 0.732340811483219 -2.50201596458658
"110" 1.06186478379372 -0.1119970369794 1.76496429522047 -0.291055163931972 0.637926524715432 0.412578006622432 -0.338924991951007 -0.802238180726204 0.06986295538068 -0.371281361641587 -0.0885432616166922 2.86410685223953 -0.828674393760615 -1.63875116431595 0.67171384499121 -3.30664295388232
"111" 1.05698740715732 0.144189467480889 1.40000124196801 -0.244293135062676 0.445370059478414 0.226357666509632 -0.316833702845409 -0.437240952432582 -0.0520129557083342 -0.177116291269938 -0.0244976820734984 3.06875690514404 -0.647474944628556 -1.4781259403599 0.452738707657895 -3.76400569695039
"112" 0.530021495557767 0.108168354012577 0.650778304897691 -0.115246159812756 0.196730835835684 0.0877057792971008 -0.15540730354335 -0.16838009729198 -0.0432530027360376 -0.0619061410027517 -0.00343660557613643 1.56975906378223 -0.299920496817801 -0.71915499961807 0.196296956061786 -1.95439854639571
"113" 0.242296187362371 0.237389419019205 0.0107325081611041 0.0155747154192403 -0.0367044030059827 -0.0853399570973484 -0.0383395669422605 0.188275552089882 -0.10743259989703 0.10170947985186 0.0407676837599371 0.882610510809016 -0.0279993661114588 -0.215767676423265 -0.07635880458785 -1.2529891628559
"114" 1.04628670135683 1.12960775064085 -0.107930375988015 0.11053636478594 -0.222723333831517 -0.434479619456429 -0.147494565626301 0.956640153407257 -0.510128812439072 0.50759324876879 0.198638269847415 3.90109682756922 -0.0689908909886725 -0.876698208316103 -0.419250751669723 -5.60821927802252
"115" 0.960534124658981 1.57404704917817 -0.858427927598876 0.357395340699664 -0.495328352902529 -0.713980969183264 -0.0437042008866686 1.59127293296145 -0.689698283487038 0.792868224148676 0.292523546228166 4.03067726289051 0.148092506315294 -0.571614026864811 -0.826649196772388 -6.14860940741764
"116" 0.753749028051452 1.89891067956311 -1.55752522850907 0.632971659559612 -0.702199098133118 -0.924548915513557 0.0686640539642371 2.08704607742036 -0.794338592404483 1.00128656766626 0.360366614339898 3.71215896048918 0.312759243378544 -0.224947235556439 -1.16703203208339 -6.045928333582
"117" 0.601037720461012 2.34922551446663 -2.32115899488931 0.97092440761633 -0.927374361056373 -1.18122513826759 0.177569507689565 2.69045173389323 -0.939673158772983 1.26144218460761 0.448994906069216 3.65131647692799 0.45853726413052 0.0637047176425405 -1.56608013232631 -6.35153799636529
"118" 0.400887826585109 2.60601787202025 -2.85799606341534 1.25135331959694 -1.04915184209258 -1.32664536222754 0.264100264043942 3.04061412798522 -0.995708916429884 1.40435170833858 0.497873429858039 3.29916835535124 0.528335258352207 0.306947158954188 -1.81856612925062 -6.13815367320586
"119" 0.084759838849966 0.474074573733323 -0.505827233149115 0.220947515880505 -0.18875590558507 -0.239999322269296 0.0447335793792549 0.549239928329203 -0.182667137443711 0.254661645897471 0.0904576261311122 0.633784739146382 0.0935454829000681 0.0436187061726838 -0.326453550826318 -1.15691035518153
"120" 0.5233941412028 0.987096732368022 -0.648688350768608 0.257732546238625 -0.338211910386713 -0.463970140242943 -0.00206469220031136 1.03744218619525 -0.428376927437032 0.509789629775587 0.185720486129388 2.30413455425807 0.129148682064091 -0.257747980133507 -0.555852276376338 -3.59060552647223
"121" 0.923590577955752 1.50363501613135 -0.810418132324943 0.339583085353237 -0.470039754032385 -0.680221337882824 -0.0438879900100537 1.51625848589742 -0.658709336568986 0.755856766106799 0.279136727044107 3.86713139162514 0.137262971991028 -0.555163096642644 -0.786212094409851 -5.89333756710431
"122" 1.10062677877788 1.17719882210718 -0.0959905703170513 0.112585647002735 -0.226194983806206 -0.449398366580044 -0.157248876901573 0.991459155144803 -0.531185328878129 0.526072451920554 0.206418426728903 4.09494969043736 -0.0799523543495724 -0.929612009743671 -0.431024494257937 -5.88044052289064
"123" 0.789502970483333 0.403220884334267 0.637337671246007 -0.0947383133275395 0.169080856043706 -0.0689917613235096 -0.239102627665734 0.578088118772524 -0.160041700069451 0.133042935731758 0.0668712002789713 3.11595202685417 -0.393878625987874 -0.917224844911185 0.0436481378946443 -4.49649891967994
"124" -6.48192971107055 -7.03382400952209 1.68406041491555 -0.557210925827376 2.60180760192341 2.12650421981481 -0.0955978597726738 4.36254365841948 3.6807629555067 -2.16830023110346 -0.928174875984118 -12.1228486632603 -1.991538592918 5.20995219746376 1.98667354058412 10.7160092345741
"125" -6.982810845497 -7.39812305684093 1.4891176653117 -0.5347007852853 2.62084525967273 2.21080347618194 -0.0122047503048692 4.34798361077759 3.85546604065983 -2.27568120128547 -0.979056675029537 -13.6061691135237 -1.914040060239 5.72265934403848 2.02184847188477 12.6030566165492
"126" -0.219950214137315 -0.398986996853846 0.299112074900571 -0.0583939014330257 0.21748658095243 0.17313552433054 -0.0365361979194983 0.0805131651728471 0.206550114382584 -0.172861921679401 -0.0647120650422341 -0.364009979267918 -0.203263272682847 0.0829795031821829 0.193319206273044 0.295441620111564
"127" 0.844877005632686 -0.315285815152633 1.6508905857416 -0.234144607250272 0.665103969037247 0.487217704817571 -0.258275454481116 -0.942344563056284 0.15274728475224 -0.462860681610954 -0.129034459485989 2.11295105244071 -0.808852686057051 -1.39690868478241 0.698172355454562 -2.25572268321392
"128" 0.794258304050906 -0.444442091203996 1.61500478872414 -0.176844925183705 0.70570417521926 0.550634836039422 -0.196845325975476 -1.06505363379388 0.189654232288197 -0.534798007649342 -0.161286678428228 1.9147456538665 -0.836009588346109 -1.3066326517221 0.724343945660022 -1.92963952867814
"129" 0.68118336459078 -0.523330003051425 1.37136205519718 -0.0776032990091977 0.663615363210813 0.551597867566187 -0.0963152217917446 -1.07056497981957 0.193022786740903 -0.5459605004993 -0.177751394522886 1.60277133894074 -0.770219659810117 -1.06174016284276 0.657107038915032 -1.51437941222355
"130" 0.53376461954827 -0.524960944730609 1.00788492429253 0.0230194354081306 0.552686558733178 0.488829826843302 0.00413384776203607 -0.954588010811014 0.165281216021548 -0.491656183366802 -0.171812850343889 1.24592086373966 -0.631582374678878 -0.744674790050633 0.521831809306366 -1.10486152233364
"131" -0.00375037676565504 -0.267082481275837 -0.276284500301709 0.107060487366784 -0.0744405622464734 -0.03454867951609 0.124314274318482 0.0513686458426825 -0.0326002493916839 0.0423590743195674 -0.0301938826490941 0.264111938076637 0.0997732258642454 0.439092590186656 -0.0703287357642317 -0.376318074390303
"132" -0.923946338193531 -3.31006705959858 -5.95644228086419 1.6354527828833 -2.06326137424556 -1.33621178332095 1.93465942477067 2.35717650512529 -0.780242092976922 1.46265171245912 -0.191213047873529 2.10596643785331 2.58653656478288 8.06445208811569 -1.94931599338557 -4.09082727692172
"133" -0.598579835154181 -2.43702890425658 -4.71100422397469 1.49865215622211 -1.50165520252858 -0.882747371464111 1.66248552910358 1.49237815497771 -0.625300395952757 0.944539354456063 -0.196389585615247 1.70119927664078 1.87438712716796 6.01349062589656 -1.52179614249232 -3.03385166722429
"134" 0.176780480920787 0.0589455461953552 -0.923426875777114 0.75306993520898 -0.0107758336381636 0.212266428996742 0.608187892124659 -0.533407084194005 -0.153200817760294 -0.292810682300827 -0.126663631674821 0.319339163055005 -0.0145933904115623 0.251768826724501 -0.26804518889401 -0.0188213944078086
"135" 0.213117102080156 0.770727339405639 -0.887913113881048 0.8038949352384 0.000726406264327295 0.250345458208184 0.567867069153429 -0.624417907711623 -0.211128408019794 -0.377707376703908 -0.0764220838527662 -0.137784859042711 -0.0716830653275977 -0.439252784923781 -0.319440428243031 0.668616941939206
"136" 0.248529197728331 1.4229851793318 -0.676544737895488 0.735134714945243 0.0203192153284739 0.270583685316391 0.434295892375116 -0.656687759252885 -0.245654077477411 -0.433120348539055 -0.0182846017003008 -0.567444357474727 -0.127739341667137 -1.15717592335628 -0.298541786904889 1.262597208701
"137" 0.130248042949082 0.802248999687083 -0.307178289116993 0.35823468859909 0.0136971682643345 0.139154349042207 0.198635370914095 -0.334784917000663 -0.12754246261854 -0.225480072884445 -0.00141593834239158 -0.342453514555082 -0.0725490770339974 -0.680575354973784 -0.145282663929822 0.713551939271973
"138" 0.107699010187317 0.742864943076591 0.0102046335488042 0.129437792227727 0.0217482999174079 0.0961518741833772 0.0165382766161677 -0.206672668655601 -0.0846625870607161 -0.162128128888197 0.0218740241460174 -0.386290860465181 -0.0656043740940238 -0.757854055696345 -0.0244834468672745 0.656090363520882
"139" 0.4900930808931 3.38139696770647 0.107082900833065 0.546049989387011 0.0959894067291245 0.42998573545383 0.0400825675933976 -0.91668651984465 -0.381591936755737 -0.728287051167666 0.103191914514258 -1.77477206702196 -0.291440693842858 -3.47285751387514 -0.0853152852057386 2.98423976951457
"140" 0.583574850039833 3.88863020728848 0.299592894171913 0.489977856145231 0.0619774065208851 0.464007208904737 -0.0625626230204936 -0.961160193987803 -0.453038420654608 -0.808080383728428 0.120021955235611 -2.10707379545397 -0.258557517112365 -4.03657121865803 0.00598786930014406 3.41599149324857
"141" 0.624311764777342 3.94825154637547 0.398852338707659 0.40683762216317 -0.00565099346731657 0.43872588023306 -0.129469081409231 -0.89797089548509 -0.494245942958214 -0.79335060127967 0.114589526531141 -2.1992862651547 -0.164388928968798 -4.09396866756972 0.0863379405247082 3.45739563756105
"142" 0.716493526777306 4.24589242459317 0.485454493970327 0.364583972825997 -0.0949112696799013 0.430330964601284 -0.18625406345382 -0.889095038497344 -0.582578488050025 -0.818654095402752 0.109974144383554 -2.42767163442254 -0.0556705166336684 -4.37072623064284 0.16614342920593 3.71039040290334
"143" 0.766896354608603 4.17921465805529 0.503971175235676 0.297159083103566 -0.205593898483443 0.368221372498163 -0.21564221499191 -0.796305941956244 -0.6430510940273 -0.758112743181418 0.0889492951561211 -2.45776112886655 0.0927303634993422 -4.24535057653771 0.23341920757681 3.64830368881083
"144" 0.151314846431575 0.777241792393795 0.0930780617169021 0.0504412539366852 -0.0510525434341367 0.0584662452100029 -0.0412014446630439 -0.141009879864279 -0.128145182991574 -0.130539404763672 0.014228241672675 -0.462838841873271 0.0327721410981452 -0.783071337465654 0.0483938587265165 0.678243241357194
"145" 0.607994292689609 2.20309876268726 0.241651400152918 0.051471388957534 -0.402500229435317 -0.0457315980039015 -0.132278256825599 -0.262039236878272 -0.536738860828939 -0.146188584537652 -0.00647418587722272 -1.42216245687444 0.401700115622415 -2.08980509021192 0.229668307128941 1.91751571458042
"146" 1.0687145840774 3.54123656832205 0.371287357730833 0.0432872413603356 -0.760435309218071 -0.217452287476445 -0.211480082252314 -0.365606938083449 -0.939566779619607 -0.067919177213168 -0.0300518917441505 -2.31431221368715 0.771262738715961 -3.31855090426572 0.393371343109623 3.06868020744531
"147" 1.28693350072839 3.34256394810074 0.297754719237154 -0.0794338422190997 -1.05885791947589 -0.662771908813904 -0.194594108480295 -0.177694225547472 -1.11654404713073 0.47143301120347 -0.086831404665942 -2.2597590895863 1.10206651106964 -3.01929606949434 0.438610150150619 2.84718089534022
"148" 1.40812507259694 2.67001018085743 0.163411365514325 -0.230796831660218 -1.28960913048064 -1.26940279679367 -0.140593950969328 0.0786338317731943 -1.1828943784412 1.26777302023173 -0.141924557960757 -1.84510359326373 1.34771655485857 -2.31700396277762 0.407160851623715 2.15793670300405
"149" 0.494353633065875 0.883082594106178 0.0471998473141354 -0.0895932184182149 -0.461009349743778 -0.479378747201841 -0.0450502728928167 0.043879926522612 -0.413268164410165 0.491884239655731 -0.0520627377251406 -0.610115441938515 0.481612949388513 -0.75946994491931 0.136977143510309 0.701518392192582
"150" 0.557431533159868 0.695109698138792 -0.0617856327590233 -0.179239156757312 -0.618943163723051 -0.892642641929473 -0.0122368318972965 0.200616935160876 -0.463633678872716 1.05190361101178 -0.0557915419397933 -0.338140147773277 0.627576411847144 -0.562717028977449 0.0326969603247089 0.323741488621707
"151" 1.7406452119592 2.17364877913755 -0.216239665954039 -0.566891554935273 -1.95949042678279 -2.80962419135941 -0.033583676775066 0.647480134294804 -1.45738245849132 3.32559421999153 -0.16721984540965 -1.01417676035737 1.98342159257379 -1.75179771239259 0.0686743854942087 0.966843212504472
"152" 1.80608175688409 2.39915471574853 -0.341778425732787 -0.605627839961672 -2.18278075784796 -2.91924707033198 -0.0180403733607238 0.757214291639177 -1.58195448158537 3.52604292850191 -0.12478187351636 -0.902119902538985 2.19238947499115 -1.89902736394542 -0.115609589034286 0.885653662669412
"153" 1.54429607537919 2.27932693947153 -0.400096572382711 -0.563460588176127 -2.07551692803714 -2.55766770918842 -0.0036191975925155 0.75286155976255 -1.47639953026554 3.15954974759825 -0.0731464871659039 -0.671353774032241 2.01224809137637 -1.69496152863903 -0.251836024718688 0.675883067622905
"154" -5.7077504053024 2.83878675348211 -0.132638198484758 -0.963039041011458 2.60584359961433 -1.74478912040155 -0.00839671537842535 0.771517831898132 1.6093688655276 2.13585812237081 0.00262260810615329 2.40646063403484 -6.14755030734082 1.75904935116947 -0.17609003612336 -3.10271416282655
"155" -17.5914161597831 3.80681128292029 0.330375302036581 -1.64710102049307 10.2547880881092 -0.484031153512588 -0.0229414816096612 0.813989194475697 6.63545661424255 0.526016589259262 0.104337974656973 7.3895923904301 -19.54028839171 7.44592362747332 0.00709192870109721 -9.2571511532037
"156" -0.829524497756294 1.7196241486045 -0.422690339774768 -0.514932255878366 -0.908567941242982 -0.623529976303832 0.0194308294596693 0.701238552346308 -0.630840267282492 1.04961080469398 0.0437465190625346 0.484312566468226 -0.244146878449971 0.269200807148431 -0.45984358586723 -0.618175096026548
"157" 1.47002873286429 0.675543308938245 -0.453715529678535 -0.201557359557672 -2.38707138364038 0.46649690785648 0.0244905966148145 0.523813272841647 -1.56101341383589 -0.176880334919532 0.0447309441074291 -0.50481312688305 2.47621408051536 -0.0799758870355785 -0.461702944530152 0.631326737820629
"158" 1.37977147275731 -0.0793730047362402 -0.385129705378051 -0.0639439614201009 -2.33753416776377 1.67004919752963 0.0228423209436673 0.382884442252288 -1.49419991372319 -1.58129873465638 0.051256465374276 -0.520375002055985 2.4816638176464 0.685758561527287 -0.397007695891322 0.65092530560203
"159" 1.34570783106622 -1.04943564671653 -0.313362214372357 0.094508611870058 -2.40897277346448 3.30228123765073 0.0202888630243904 0.232897099566308 -1.49178997288482 -3.47619157928273 0.055566731883183 -0.58340155253282 2.62652941623046 1.73123132545851 -0.319244757311085 0.714490443701195
"160" 1.19619228659682 -2.11163755646874 -0.196464218016771 0.253656891683969 -2.27098658923775 4.9296330678455 0.0143475399269101 0.0475693247926934 -1.3354652028342 -5.41013641725223 0.049733571520941 -0.607717085070703 2.56361204154846 2.83021705683761 -0.183905903587061 0.710843105000805
"161" 0.966987680072009 -2.63174008141474 -0.100045448351207 0.312897574457978 -1.91827577104845 5.52259144778943 0.00965101017226588 -0.0663040210583703 -1.04376598772014 -6.16339642984323 0.0406539105610845 -0.527896032948675 2.24306365464383 3.2872928628365 -0.0743098551648638 0.582383906849358
"162" 0.810898814541828 -2.86148708208587 -0.0541925263139778 0.313156864555383 -1.65523453256639 5.70189493051056 0.00865822252989668 -0.105604545559858 -0.806060214852475 -6.40716186342971 0.0377517046128711 -0.425232402218221 2.00290470928611 3.44367869377551 -0.0244282133368054 0.433880011795864
"163" 0.686343308173869 -3.04263255263708 -0.0384017119736323 0.27587107782583 -1.43449270182217 5.82531336488645 0.0110392447987916 -0.0990474160957104 -0.555237621176278 -6.56324742842159 0.0413259991842054 -0.280091418046872 1.82069723430018 3.53760179402391 -0.0108671965820539 0.22943855890415
"164" 0.442667546519772 -2.60210781439546 -0.0617060607947132 0.124171901524763 -0.961611560706297 4.791109269616 0.0170355947333088 -0.000748343074767455 -0.131900955588143 -5.37652531562697 0.0481550262449253 0.0031380197936528 1.34658210777032 2.88477161623231 -0.0523545759659623 -0.131176142780177
"165" 0.0808620499179415 -1.72848614938556 -0.0920937636459771 -0.0655576005699174 -0.301847614798751 2.98956724786154 0.021622826980543 0.123733919686765 0.357418556986191 -3.31550592402988 0.0492377884199114 0.296418356246264 0.642583766617626 1.76008081757761 -0.103401759963901 -0.486600279079966
"166" -0.334238841435065 -1.039083029045 -0.105926123689134 -0.215548147342803 0.372389585453027 1.53274690315534 0.0238745932662273 0.215784608206748 0.846181153694538 -1.65787374335424 0.046057609658268 0.531313833405427 -0.0549024490944205 0.867986344762844 -0.129339251511049 -0.774397450765761
"167" -1.14030884526474 -0.362940523413123 -0.105482756543073 -0.412659359534775 1.59531797663074 -0.0642104329459041 0.0255396933536968 0.325200552178045 1.74309044226179 0.144397775821085 0.0398340905334602 0.883621865621834 -1.24180412267756 -0.0875540324462047 -0.137797859759813 -1.22519402741186
"168" -2.88754782085404 0.421120627092234 -0.0327962072346583 -0.672339980698617 4.40591844022301 -2.16041220705596 0.0168950504997699 0.410809334312982 3.50757033239152 2.43762751429275 0.0203252257338148 1.42289361029357 -3.90626892985298 -1.30931748893052 -0.0606059227423597 -1.92478654589945
"169" -2.5744801591962 0.534238588714464 0.133319642072169 -0.422650228175041 6.58624801395576 -1.42007180380923 -0.0395962241444262 0.0907384456107536 2.71132727699231 1.31478352697888 0.0259339649619655 0.914973505656377 -6.08296727472795 -1.12771853296602 0.140939434228612 -1.19137250256806
"170" -2.06501580663097 0.46485390521017 0.157296444775489 -0.285700479189952 6.14828951431126 -0.9503302269506 -0.0490706274836507 -0.0123719644678895 2.04958751421745 0.74979003034498 0.0243241823609309 0.628033175157142 -5.72099972233088 -0.879067861897948 0.173357455321472 -0.79811573823487
