"V1" "V2" "V3" "V4" "V5" "V6" "V7" "V8" "V9" "V10" "V11" "V12" "V13" "V14" "V15" "V16"
"1" -0.405068513414435 0.0773054176072618 -0.0243768762279712 0.120773691242602 2.07245567743274 -1.07761299310973 -0.0061995783794932 -0.202184927472337 1.53741301833894 0.927667562332455 -0.0367442332821739 0.30622134790968 -0.875803993480965 -1.03805345865935 0.185484970863992 -0.650130761944816
"2" -0.840739663817475 -0.0736188811678358 -0.0199460021294293 0.196602295540357 3.32474404110981 -2.18817844067537 0.0052176120872035 -0.322046317540309 2.78689729746067 2.05955065210431 -0.0782029152424833 0.541235350504873 -1.28271949184616 -1.68914049720245 0.273496925027788 -1.14810338585432
"3" -0.455817188580833 0.169389928943921 -0.0632102985173202 0.153732452317228 2.86987654862847 -1.25156928739593 -0.0121634783446502 -0.260000880682024 2.00710332412196 1.007795473111 -0.0404302155149858 0.427594021757637 -1.24180017614481 -1.42738188896286 0.253337636603891 -0.890085354795875
"4" -0.21648089277081 0.179841226195257 -0.0921651724905146 0.0928302244367721 2.21241594154866 -0.65559987435936 -0.0118287860084408 -0.162037889539291 1.39580486338075 0.438449508834342 -0.0173482545547794 0.344054281170433 -0.978332892515962 -1.07910986369889 0.179824321750296 -0.685775147225863
"5" -0.146208918497682 -0.086271370553312 -0.124421902884014 0.0264606200010944 1.41357866595825 -0.375986447520538 0.00935267611146742 -0.0296703832290592 1.03522212972086 0.341802560873062 -0.00806386594209994 0.317810121367771 -0.5045003572558 -0.666340831806629 0.0468589930911225 -0.574879324250366
"6" -0.0688333273825918 -0.281634278906243 -0.172873730504742 0.00327201747613631 0.860064884174232 0.0854588405056795 0.0231436292922681 0.0596554667947448 0.718196431817162 -0.0041143630518217 0.00835560103138322 0.297502973559563 -0.206384393026346 -0.344267610544712 -0.0508165834399394 -0.472757365241531
"7" -0.000669107026250337 -0.429777111543559 -0.222291541106998 0.0170405764309408 0.417818852504215 0.675326225015018 0.0311009332273649 0.111858456627342 0.404677987356414 -0.524391320984353 0.0288572006237932 0.263729900148789 -0.0103578245798683 -0.0541031710110627 -0.122218744220632 -0.348196855470142
"8" 0.0387441104561606 -0.556339725589607 -0.264653656193438 0.0548438043313064 0.0445980238845944 1.27077312511225 0.0357949626336048 0.136161690462689 0.127498451233603 -1.07222860265912 0.0483195182807619 0.222512320222505 0.133321082065312 0.211372352442025 -0.175225492281123 -0.217520747412864
"9" 0.0603133135721157 -0.651994692151219 -0.296120265373986 0.101959586265692 -0.266548292181652 1.79338647033562 0.0374409624653028 0.140899250186141 -0.111323731805299 -1.56244106490444 0.0638068230045436 0.178003383571086 0.24054952565826 0.442744072675983 -0.212354937922479 -0.0924332825673808
"10" 0.0765020695696319 -0.707194627203632 -0.312505332133461 0.143924804911057 -0.519136462526658 2.16153658311051 0.0362383082750571 0.134025667568955 -0.312224906503508 -1.90507887889396 0.0723386495008253 0.133793046104614 0.323691711961248 0.628164827637591 -0.236148392517911 0.0167431898395538
"11" 0.0972749119921157 -0.715929396220728 -0.310496774298955 0.169396241435376 -0.716489293925644 2.31134728327275 0.0324357267251773 0.121988442998052 -0.476146361653897 -2.02871994041218 0.07162430014037 0.0926646993539801 0.392720304478829 0.75835714985433 -0.248880386311428 0.102234845828189
"12" 0.128138816233543 -0.676432412738116 -0.28924059971182 0.17280686393997 -0.863009325477684 2.2215988582601 0.0261996206871255 0.108575102536245 -0.604828333849163 -1.9094453424847 0.0609687489491157 0.05620581714882 0.454340734642614 0.830887333597512 -0.251844406045152 0.160255445976485
"13" 0.169493719196394 -0.591371312655093 -0.250946734803794 0.155285091720152 -0.96472690266347 1.92286126358056 0.0175695759428777 0.0945372586993084 -0.700937367258137 -1.58150651119483 0.04161077450659 0.0246856496302872 0.511731352771599 0.851764746534921 -0.245116878176008 0.191496622264344
"14" 0.215764587617239 -0.495690036831151 -0.195633502171488 0.128282169273138 -1.02565905035408 1.47217763633283 0.00759885480015571 0.0758292046193059 -0.767096698864678 -1.0909847399979 0.0160136791378718 -0.00504852412539591 0.558657942223869 0.824160424623901 -0.228003355942714 0.206923272204929
"15" 0.16642193048927 -1.74292521313864 0.0840548749737396 0.342717230968944 -0.899467214946593 0.355371548176285 0.0472983121335928 -0.0664908782655164 -0.768964632965139 0.970202817169059 -0.0241918030158593 -0.146019198654162 0.283369489924277 0.327638471206503 -0.202605252091738 0.528069530182725
"16" 0.0606180481423682 -3.72201497339162 0.485329888333902 0.694368890278745 -0.664099460981816 -1.08034147167049 0.113310947990385 -0.280840202953698 -0.728054643345586 3.83208602922911 -0.0707958834056071 -0.348015747467069 -0.172213480177648 -0.42435506460945 -0.167377309039656 1.01544144162057
"17" 0.322060616893628 -0.416372040822343 0.052032819847869 0.102032505666431 -1.01492084192525 -0.112113023053589 -0.0224680588268286 -0.0465841645174107 -0.819141601386943 0.724774786718005 -0.0698153617335742 -0.111554297164998 0.582676673811009 0.526030632470706 -0.109981098782484 0.260516419296003
"18" 0.384035642689709 0.189999837809507 0.0434550931896507 0.00651777328650882 -1.04328888597076 -0.257673572156958 -0.0570632462817367 -0.0540534383260341 -0.818838324061109 0.522245253825364 -0.0888593329528481 -0.0997880060418641 0.705471198053999 0.60385583166562 -0.04947605050812 0.138035741456896
"19" 0.4055813465285 0.342835277573243 0.102158836967563 0.0020397722897354 -1.00950872871648 -0.512230238232011 -0.0751267630891845 -0.106798557247409 -0.793324932255343 0.711793176481746 -0.107895651224272 -0.125706217621879 0.716053904219636 0.539503767137696 0.0164838676033567 0.121852288620882
"20" 0.341963078288799 0.427737624020553 0.147771723571682 -0.0528105596811819 -0.861041161988835 -0.628577834677551 -0.0837622322583977 -0.0969331702425759 -0.664193580281586 0.753883719735126 -0.111015070938396 -0.12816605416096 0.600464661313575 0.459769652619094 0.068315113088478 0.0805077376968004
"21" -1.6444796890052 0.347561128649289 0.34543861969409 -2.55130443127243 1.01835982662543 -0.444791636077976 -0.0464340514960583 2.04467827202359 1.28638100436048 0.400494468116246 0.00196905811929088 0.374158932092474 -2.23240877034914 0.92338065812132 -0.145142314451213 -0.922804847862943
"22" -3.58391755433618 0.647097803921321 0.719086158424813 -5.35090982345878 2.46225912095401 -0.791548868279567 -0.0808881350784116 4.30171933866962 2.96401953310338 0.615089915523937 0.0328951349767358 0.808013895328713 -4.91489027156712 1.76195234420774 -0.277516411745528 -1.97365436342151
"23" -0.0132424582977944 0.641951260550982 0.347628817705138 -0.47581345430594 -0.477847724600082 -0.974630007318062 -0.122128928762736 0.134993189591132 -0.233388136340965 0.931873656980122 -0.136116340938776 -0.136603955185974 0.110947239663912 0.477654665367617 0.234342869927323 -0.116726033991426
"24" 0.342241074718203 0.483265901826176 0.308020828374858 0.131396098175048 -0.783349825398359 -1.16179981489525 -0.113083452938761 -0.362254109607705 -0.522261743532834 1.16283555127436 -0.16872108828325 -0.268968475489284 0.711515373054464 0.382668322998125 0.339528516194015 0.0620557224505447
"25" 0.250298259385511 0.0626732170893938 0.241933560234017 0.184985623800528 -0.754704524341886 -1.47673298859273 -0.0556669027671379 -0.318992256316338 -0.437759899842715 1.65510483130288 -0.162256974711088 -0.276154224382074 0.723126626477764 0.519820060161333 0.27134018883686 0.0358276474876078
"26" -0.00916198141566538 -2.20440650084054 -0.386358748152276 0.0597349853195455 -0.422283057697008 -2.45348668352649 0.376096775394966 0.289654919514682 -0.405137758551967 4.137103648874 0.190849329006937 0.0582631407290402 0.0744928637878881 0.739232963064966 -1.3106818019795 0.403406334939149
"27" -0.27029218815389 -1.38091445535726 -0.0255282367378338 -0.380641419993797 -0.0185654554505794 -1.44960764621948 0.201230944792226 0.390363056225244 -0.562432692032216 2.54553736079059 0.0981300711681114 -0.0866924166149197 -1.01451173182834 1.17614600067503 -0.648399871154914 0.152642171101609
"28" -0.341669060866875 -0.160780278291334 0.547591012210942 -0.410813112874809 -0.275176912657399 -1.32781970610027 -0.0957668803046759 0.0498446379082521 -0.779503515270082 1.4922716221838 -0.238460121453856 -0.57959506076707 -1.02768228981932 1.91810060943059 0.801318092770294 -0.276527085872415
"29" -0.0513283124580823 -0.610430487266189 0.0601854767720643 0.386250020137597 -0.649003756994655 -1.64416332765457 0.0250816092337953 -0.221313368606973 -0.158268505547288 1.8337084115126 -0.204113112209391 -0.482854588888694 0.709122967348664 1.04277240721628 0.597079785776815 -0.202091496801049
"30" -0.0641560531080376 -0.753404531001824 -0.0568286207594122 0.487764499690482 -0.631478464281582 -1.56968116068861 0.0575876447559722 -0.201876174782784 -0.0473297308162786 1.75851291094103 -0.17212725077324 -0.493637658974475 0.825082063763226 1.00504039210733 0.565244440216649 -0.21937639396916
"31" -0.0253350513391259 -1.00941456975782 0.0806003122775427 0.476600250106872 -0.469750046754527 -1.56201070683293 0.0371616720063702 -0.209663402552588 0.0416560186808925 1.89938446078145 -0.159131328072171 -0.574764412102153 0.699696120954728 0.638193090654135 0.768702381084308 -0.26777161447766
"32" 0.58762904837135 -2.57552745567587 1.97421752667218 0.0997746702559301 0.63351508439583 -2.43847483609245 -0.31340000057727 -0.626554681327427 0.40761472941369 4.22551416818178 -0.389025528751808 -1.18852530343773 -0.199804636544587 -3.09788238865049 2.92314691977461 -0.486935569641885
"33" 0.296068771232739 -1.10795345626215 0.963459249613261 -0.0302792030399255 0.3905234811712 -0.943091005633833 -0.162157256507822 -0.275719084710149 0.194923932197745 1.76919455309576 -0.15837930603232 -0.487913119846476 -0.213625370676009 -1.63152507074583 1.3033925560193 -0.198999001648358
"34" -0.0417062193830309 -0.496971482621962 -0.101029383080559 0.237640570424361 -0.190861655649218 -0.441332731935626 0.0323258289817828 -0.0382685607430866 0.0671180878904933 0.499726189871751 0.102430834310381 -0.171495294540385 0.30426122896383 0.523563581415805 -0.00511692554470933 -0.173220607250265
"35" -0.062512766414125 -0.757105910376265 -0.18159654972979 0.35213411436113 -0.293900453995853 -0.562276271625196 0.0426753797762661 -0.0501758944928967 0.111281588160671 0.603406830371214 0.263761234895569 -0.183948817639745 0.46998264844582 0.918016647489816 -0.241380997854869 -0.292569073632343
"36" -0.0242283728189339 -0.680914026402355 -0.123016830528851 0.257832143884979 -0.225001047319118 -0.322712201737861 0.00690792440419373 -0.0485491472462859 0.115193789051473 0.320080085774689 0.409314185493671 -0.0284047228532636 0.385594755289322 0.865178643012158 -0.55951806981091 -0.303994588916616
"37" 0.0256505130786184 -0.567458398396036 -0.0421636392729772 0.138395087045847 -0.148958052843142 -0.06908253032139 -0.0369781195150637 -0.0462051333405323 0.110345152176757 0.0206811232525705 0.548219643790342 0.138920232843375 0.286599445638419 0.767533658526657 -0.871582423593116 -0.302406576156358
"38" 0.0590844185062238 -0.385329545933255 0.0173034976651127 0.0340936130642658 -0.0732134070448534 0.101537227622307 -0.0595427833668781 -0.0304537540093565 0.0857071185037603 -0.169796400728276 0.529123230513105 0.209418076418212 0.16972084769661 0.54813867173213 -0.884150967646206 -0.243659884101699
"39" 0.188864923639047 -0.00122225669846232 -0.306709013860764 0.225926006710578 0.127149937307779 0.222614275352791 0.0391052238925626 0.124442429750135 0.0405341548682041 -0.271726004461645 0.0730167773337444 -0.21117550863856 -0.13537256292674 -0.209194433730012 0.350311405898329 -0.29899804438575
"40" 1.20334116028848 0.44810084638521 -2.08793488469717 1.46566121088494 0.937682858430174 1.36378788838508 0.333280306941162 0.898978948462297 0.173812784489685 -1.6094543751803 -0.164156287251434 -1.70913425175631 -1.10891215891209 -2.08846179803674 3.48585129246785 -1.69509077934967
"41" 0.586358169383231 -0.0105762105676854 -0.645703507646703 0.302649622801518 0.350642121737489 0.842464022404071 0.000839306893066029 0.462144014745636 0.143050643447503 -1.03104024018244 0.420983140384544 -0.453593082054063 -0.370868195811031 -0.621785492076617 0.570957854170601 -0.657628958039922
"42" 0.309509065794027 -0.16976797009053 -0.0799082656461001 -0.210805505623961 0.0879379358792471 0.521811582199279 -0.115767770042831 0.355022570314258 0.123841126736533 -0.654150481310323 0.475222356567917 -0.0896697398355641 -0.0619102169859573 -0.14511401563942 -0.242536549236575 -0.104977428057953
"43" 0.33629181660006 -0.154362197730798 -0.194452317613603 -0.219530529791994 0.104779620808753 0.479046054194531 -0.0903936550861253 0.497127245006706 0.133989220779909 -0.589179100410164 0.299352181799199 -0.335549062631664 -0.130396355550561 -0.333021419753609 0.285227667221995 0.00900507178196719
"44" -0.182135410139292 -0.00656319971896124 -0.450700678279204 0.55338206514951 0.690522851108913 0.584419135233345 -0.031512495443776 0.0352800652796349 0.123316518536143 -0.61509198386096 0.131697955049964 -0.871981526182022 -1.96090039615019 0.170324462243549 0.564701016200075 0.982737898575905
"45" -0.992716741498497 0.190202669766212 -0.486019096798082 1.41682995382553 1.21839592589147 0.543620618872234 0.0315154798326421 -0.773125366716443 0.0787137269640144 -0.479140216148371 0.0321700615428768 -1.01533114256689 -3.50512158463659 0.965708540980293 0.172037341556689 1.81297846652403
"46" -5.42451162194321 0.128207434903031 -0.129629449251896 0.99065947462463 1.14040975910507 0.202596273301016 0.0293404960158191 -0.588198527783931 1.01852614777121 -0.20363904056934 -0.0717176431100681 -0.671115504204915 2.20417148687512 -0.0771157104674396 0.279373556600233 1.02357045529436
"47" -8.87013652704778 0.136523807692973 -0.387003448213566 1.17366419820459 1.76523800107738 0.359577146213172 0.0535330261937075 -0.452166937107099 1.75742762588179 -0.36898708242223 -0.267240206134416 -1.24973014765015 4.22433969068189 -0.665707065799419 1.22569159492273 1.64085100140634
"48" -0.219762372379796 -0.0857196167624883 -0.510894227672805 -0.611136606673539 0.130684145966883 0.193935648860087 0.028720839891162 0.817554856818633 0.176782668209299 -0.17379308095113 -0.341204651641208 -0.476878367219964 0.186791379943053 -0.831616420879905 1.64469756757043 0.517313832951075
"49" 0.554112591760141 -0.0861320581789133 -0.476350102762964 -0.912466763745037 -0.0435364531357756 0.144117528118701 0.0311062579864565 0.814571976449445 -0.0117139537007915 -0.0983568865115674 -0.365145039857419 -0.063063985164348 -0.187234563944635 -0.789650877259974 1.50060404989957 0.46327781236478
"50" 0.558670488563939 -0.0388944691131323 -0.333367512747099 -1.05984195686652 -0.067918207710532 0.154877679282989 0.0127904369664203 0.565365034426342 -0.0790745710655179 -0.0987945473188363 -0.283041521045161 0.495169837597981 -0.220154819753096 -0.644795486923249 0.975879978478851 0.463609166049672
"51" 0.31073080759118 0.235037354864185 0.377789638036475 -0.969098738779878 0.0142059050135193 0.491772325850839 -0.152004041903313 -0.0952945138224732 -0.163635460058735 -0.558078700944927 0.462537372707247 1.37284941774759 -0.200771869016421 -0.00105071688328406 -1.46432892933675 0.150826164354616
"52" 0.065684012655653 0.124004095823122 0.257357914687811 -0.309482672966886 0.0172606269154417 0.220531527769185 -0.08005717641349 -0.1912271468741 -0.0738889262366421 -0.261023560982827 0.284079385427907 0.682372053670971 -0.0720703431636009 0.118336224593919 -0.937914103262067 -0.00713951763692267
"53" 0.3546374728944 -0.00150972466386845 0.113376599386829 -0.72363191579081 -0.0929219012487987 0.0427345386817768 -0.0215252764779331 -0.701471900720072 -0.189045173300928 0.0456704296526986 -0.0537991424770869 2.00428123404766 -0.272972464263136 -0.0399269727566867 -0.498884835203075 0.184955509655492
"54" 0.601295696985371 -0.0022217898505188 0.319918997560629 -1.16485809678656 -0.162181288661543 0.0629523043799556 -0.0529239870824429 -1.67616216639033 -0.360386041932726 0.103666148834607 -0.036782188145762 4.07034996535437 -0.530963899642568 0.0584746434713361 -1.25070530196556 0.241961244241672
"55" 0.611128801894122 0.0013905249299393 0.437474715639982 -1.13258142054809 -0.166497622892692 0.063471263317193 -0.0699645854532235 -2.11121571893147 -0.399241860178427 0.117683039716435 0.0164805436231281 4.70029808737846 -0.597757413732186 0.165412240962516 -1.62738875598013 0.1842659358269
"56" 0.612234621060784 -0.00256209663414264 0.320101470113932 -1.18774817020866 -0.164926959195 0.0642359833678693 -0.0531038992606976 -1.68740831017745 -0.365139187624149 0.10481346832439 -0.0401062768219422 4.11694626238889 -0.537921160139394 0.0541019476751385 -1.25555814254676 0.249267310952497
"57" 0.503791178063127 -0.00848490524219869 0.111360963412525 -1.03202783352993 -0.130862941736881 0.0548949596510294 -0.0224922598044636 -0.851517286206493 -0.253417959064273 0.0679076020428465 -0.106254621802913 2.6291864384058 -0.36760973061703 -0.102796857363076 -0.543534205922295 0.284445388983585
"58" 0.146935936273115 -0.00580678146586466 -0.0098900938397517 -0.301557935557234 -0.0342393107425778 0.0183928124787772 -0.00141690570221616 -0.112200022953052 -0.0583004768430389 0.0123299814701882 -0.0509694410292907 0.558209473775992 -0.0893378947117798 -0.0744297587733582 -0.0156680146151308 0.100183267385477
"59" 0.38479512747728 -0.0342649509067825 -0.210501572136144 -0.751596003031739 -0.0653036341193989 0.0644837867401017 0.0163789952734056 0.264588399083581 -0.0774636935704329 -0.00819243934852099 -0.217980423579334 0.55729253122119 -0.163595087612723 -0.397498402647373 0.598084764408047 0.322777510381403
"60" 0.571649962112023 -0.0656473861165745 -0.393220058970835 -1.0502479164896 -0.0768589861022599 0.113845498607165 0.0294505193750111 0.602094780434229 -0.0722177668448358 -0.0447774978497872 -0.352563167000973 0.427988186102109 -0.219235779756978 -0.688481337762537 1.18353844818049 0.485092907336529
"61" 0.557040305345978 -0.0863308090766948 -0.476654834648649 -0.912980004189041 -0.0441169997467634 0.143878311802616 0.0311716339973755 0.815137143253267 -0.012204065440268 -0.0980519953227955 -0.365471824919172 -0.0631190685861327 -0.1885718933821 -0.789888872863995 1.50165976538328 0.462982734489607
"62" 0.528154490601999 -0.104751840632901 -0.515082075239754 -0.747191733682028 -0.010223606571194 0.179668898610893 0.0254949650548213 0.917972358211766 0.0405965220381086 -0.158789630545667 -0.339622446032321 -0.417964342072786 -0.163281112436858 -0.835016718924759 1.66074840566835 0.409206637699839
"63" 0.400001524356378 -0.0941446801847725 -0.41340904273982 -0.490359217802753 0.0126882410505553 0.171505655856905 0.0126966154963978 0.749749106812013 0.0608422673941167 -0.171523838986676 -0.233567971800636 -0.483683620904671 -0.117452387390914 -0.667410042112805 1.3416602851779 0.280664551120214
"64" 0.275428775807234 -0.0818414384510819 -0.280795440643338 -0.261110589586439 0.0319046831945475 0.176244956729525 -0.00667615052357641 0.527032777542156 0.0706633654301041 -0.198362950174311 -0.0933766658077895 -0.426615946225287 -0.0771480561592126 -0.4605248749461 0.888651810443954 0.143927310806056
"65" 0.414327988102237 -0.139457886505328 -0.393504288929164 -0.334873288319313 0.0689567199589822 0.336141260807087 -0.0314041049765447 0.769888906043289 0.128686936126148 -0.394298769410401 -0.0398503132233114 -0.655641920964918 -0.113213818693957 -0.65856294789364 1.18820025025696 0.158476076576012
"66" 0.392546016907216 -0.150638044119127 -0.3104427353581 -0.28104234301935 0.0845503247020671 0.412602665241169 -0.0606621586434493 0.668886344269275 0.138591703062312 -0.49883954763391 0.116697139561344 -0.541263878070676 -0.10315395149378 -0.539157255834984 0.816207744040097 0.0765490765422996
"67" 0.350368664857125 -0.155766118872949 -0.186905875367054 -0.243163258197673 0.0898878922836115 0.477002397882127 -0.0920967416745158 0.509983166772399 0.133321580166808 -0.589036388137832 0.302589898017172 -0.319588500550132 -0.0844503592843981 -0.348387996974691 0.278031598355816 -0.0140863082884479
"68" 0.302090700552897 0.00651757830006927 0.248203778043947 -0.469939579011524 0.110039535859455 0.724039090159006 -0.200978363278769 0.140901282510824 0.0410454964160269 -0.901311869690728 0.777954605379575 0.531720232262401 -0.10908029763231 0.029250290182977 -1.33069465217302 -0.123021307962038
"69" 0.244656190442963 0.5120383827503 1.30029107141728 -1.20279291507902 0.170186046818147 1.34836851114817 -0.466794027898132 -0.636750177753257 -0.218077182929778 -1.67325516808639 1.82402833877501 2.59149906372514 -0.227315637093386 0.744689326021764 -5.02175147430157 -0.271666862167487
"70" 0.198174258224115 -0.124738562781615 0.324489720054181 -0.346450256242788 0.0511826876461754 0.623523149830118 -0.197280898249618 -0.0723464552485378 0.0398112724521349 -0.79798999769704 0.940400978723873 0.756036342858209 -0.00304292862578137 0.427232929799818 -1.89063272317327 -0.247300141269882
"71" 0.141980888377679 -0.343005221567387 0.0867989535867377 -0.0860941669910071 -0.01684973651024 0.347708965181197 -0.11644156438811 0.00703132636578141 0.0992295036899744 -0.470238089137482 0.728236589433373 0.341564220248511 0.10679571051692 0.492359679761592 -1.21190315030712 -0.2689049703168
"72" 0.0827936102488254 -0.451238091707233 0.0358292334841687 0.0181305434325182 -0.078302670816397 0.162328042471575 -0.0811433295940484 -0.0320999827194303 0.103883447429345 -0.252747023229968 0.665100098549507 0.276156748123185 0.192178813700153 0.646146413312183 -1.1166085119037 -0.292787034029821
"73" 0.0260588351869719 -0.568572242035227 -0.0418923924914102 0.138167416539691 -0.149036203987073 -0.0680637572971619 -0.0373303014262268 -0.0462285939929553 0.110653060431231 0.0192903058587507 0.550495470467588 0.140011619389757 0.286969906703545 0.76917239157087 -0.875430055137467 -0.303266428550476
"74" -0.0242339208924154 -0.68096335428282 -0.123029624065605 0.257858553466684 -0.225024146334518 -0.322764195948769 0.00691223736331227 -0.048552996303326 0.115199393659972 0.320137672683566 0.409319934512214 -0.0284256263167393 0.385629334775587 0.865236435568913 -0.559511042772763 -0.304011008543512
"75" -0.0646500189224302 -0.774944997367522 -0.186337097113032 0.361872024057822 -0.302412276481183 -0.581643773083319 0.0443348431851305 -0.051614686902786 0.113243126544537 0.624895880769632 0.265383304695778 -0.191801207914047 0.482649633808034 0.938981888003204 -0.238065472487792 -0.298422301625699
"76" -0.0927471269988196 -0.841045392296307 -0.219411594986488 0.440880585867706 -0.378213267210679 -0.83001545689557 0.0705300161128975 -0.0630708392442781 0.102028222255554 0.915506935155857 0.134478415466711 -0.326393200689882 0.573689916000733 0.99289600262792 0.0438851568430534 -0.288776148841112
"77" -0.107100284584157 -0.873761145673102 -0.218624459842121 0.491393969189093 -0.450323662239236 -1.05843516607575 0.0839161281068282 -0.0856406241026451 0.0802976372973818 1.18050557971001 0.0244804566401168 -0.421995207702938 0.655595115350819 1.02744705599636 0.265168309628876 -0.276171436998801
"78" -0.107109015502735 -0.87047368781625 -0.186792609638267 0.51401316718296 -0.517312351350367 -1.26087715158458 0.0850051110140966 -0.118411549691151 0.0478535176446688 1.41274185505283 -0.0623666026035696 -0.478016311735704 0.726082661721781 1.0419638489435 0.421437813964478 -0.26077241112802
"79" -0.0927497062055949 -0.830212342418824 -0.130505461400635 0.511630192926624 -0.57816506331392 -1.43271842709085 0.0755436367261967 -0.158378899995277 0.00509675192070658 1.6068502972297 -0.127033525606067 -0.49932715705561 0.783387481575678 1.03536793294211 0.517866534178457 -0.242091634092354
"80" -0.0643623613245037 -0.752661898895114 -0.0579568098106525 0.488155779709392 -0.632090894432524 -1.5691388789376 0.0578005323564642 -0.201722873961303 -0.0473136306965198 1.75721727260828 -0.171961159391352 -0.4932232018256 0.826006682180456 1.0065562672015 0.563967975187198 -0.219212048083428
"81" -0.022497128046318 -0.637458089151856 0.0225269221054665 0.447772317923106 -0.678380404217279 -1.6638621201219 0.034063735307486 -0.244696230039262 -0.108671061376929 1.85636887368979 -0.199990625274611 -0.467555609221145 0.852517703590504 0.954531345802657 0.570531914751862 -0.190936277239643
"82" 0.0321743871074158 -0.483736593196489 0.103337950329675 0.394580143758668 -0.716337361286336 -1.70815413133107 0.00633091654750316 -0.284171395341471 -0.178346784174063 1.89367077885392 -0.213791608033599 -0.429737379740336 0.861480724462542 0.878489702684335 0.548076399426011 -0.155886505511052
"83" 0.0988954894776057 -0.289792776989652 0.177954494599381 0.332475591367438 -0.745233294242455 -1.68978508020773 -0.023854535400744 -0.317919840313802 -0.255857554567804 1.8539669992985 -0.215580201199532 -0.386285840585932 0.851356323100256 0.777939458577444 0.506190354943273 -0.112570921211592
"84" 0.176988113086186 -0.0520670544824235 0.241070070825701 0.265165620488105 -0.763962802942751 -1.59080674174112 -0.0555251324560435 -0.344916665818178 -0.340937561691414 1.71464645038229 -0.206887832930854 -0.342728433077587 0.82000288686912 0.652287861825711 0.453329440248029 -0.0591123163014338
"85" 0.269645291284029 0.251007964178016 0.292138985881665 0.196174724683926 -0.764892200818854 -1.37006568001011 -0.0901006293834081 -0.370242576478168 -0.432840841812998 1.41972948833839 -0.187233041419181 -0.304983116214988 0.757137840122456 0.488553818314151 0.399034215505318 0.0113594372703254
"86" 0.382564739642248 0.672223284101445 0.347211513696482 0.133590693442303 -0.716801472310185 -0.959747426075676 -0.133713626474214 -0.419658077640427 -0.517563206039152 0.86559271474694 -0.153097618860493 -0.28557107144883 0.633478164228911 0.238216484013381 0.362273266450039 0.118864692969382
"87" 0.416806404477829 0.822395504289174 0.368393599565299 0.118499384660044 -0.687181159475238 -0.800315201793534 -0.148969661882543 -0.444465300967024 -0.53661237448397 0.646464846923649 -0.139964295862564 -0.285053422613512 0.583587302479672 0.141399174893554 0.357355566555008 0.160283106128926
"88" 0.502849456671639 1.23858244623512 0.443745758000213 0.0902480041166879 -0.569248179258734 -0.347430974884282 -0.191657402582063 -0.540851752131284 -0.557062786466019 0.0115539966725496 -0.0998678059828688 -0.289824088579305 0.422819497849543 -0.157355330326177 0.354060241371504 0.284444548777671
"89" 0.55610481884751 1.51482481414134 0.520287541112471 0.0754635956182724 -0.446879555365614 -0.0482554103970682 -0.219936270874587 -0.635407129370099 -0.537946105614011 -0.416579035654564 -0.0665869184244767 -0.295099375523595 0.281566953132765 -0.403298376414652 0.345025657173533 0.39011787177337
"90" 0.58772278875646 1.69420761814797 0.588148980386085 0.0588779145566801 -0.332788756270799 0.152398797369165 -0.235371331962458 -0.714812130959942 -0.505673297687365 -0.701151841268888 -0.0368224738062632 -0.294350848977098 0.158901738824219 -0.60129669642081 0.31361470566085 0.487024639472267
"91" 0.601750074446748 1.79752618534345 0.638805649111562 0.0383394976401814 -0.22843070133779 0.289149514926619 -0.237378596248489 -0.77486483155783 -0.466049823471521 -0.88772196396046 -0.00964761184926447 -0.2877517320081 0.0508658876286487 -0.751809831445891 0.259455102417289 0.577484804477535
"92" 0.597990915150542 1.83046928313754 0.662364332601401 0.0145835563059138 -0.134406989402474 0.375768948832647 -0.223599719603482 -0.809979449577735 -0.420295123668027 -0.995327454547021 0.0139490683795009 -0.279392244651207 -0.0431662325988684 -0.85013986909686 0.186332516844566 0.661880105821805
"93" 0.575996999197206 1.79670620185607 0.647476427864918 -0.0112679383767733 -0.0514055965511888 0.42149892619615 -0.191018417162785 -0.813411589292499 -0.369217531580269 -1.03702455786296 0.0324304319682712 -0.274395165147354 -0.123465773653092 -0.891260310471479 0.0989917400899025 0.740341830965374
"94" 0.535349071745777 1.69902057776883 0.58149427489057 -0.0377852015379868 0.0198233487962334 0.433033087806806 -0.136133302270366 -0.777479514003625 -0.31350472935545 -1.022463607031 0.0438945575412357 -0.27867326963754 -0.190248499020638 -0.870127468760423 0.00289047572956291 0.81289039088518
"95" 0.475760611939306 1.53970185533635 0.451235822644378 -0.0632463631285071 0.0785207947823832 0.415287583536461 -0.0552650890867926 -0.694104257514876 -0.25378770248632 -0.958917310151362 0.0462639069422186 -0.298517263708405 -0.243736850627138 -0.781967717684726 -0.096087598249361 0.879371992763041
"96" 0.397378122714654 1.3214147698781 0.245103744445938 -0.0857534221035692 0.124050568385069 0.372122779566378 0.054663945282591 -0.556184482514356 -0.190743908925012 -0.852329395047309 0.03762482967985 -0.339706262805436 -0.284224661403872 -0.623427667555844 -0.192084401839885 0.939364044076953
"97" 0.301392391155776 1.04882144020976 -0.0423856834474482 -0.10350651313278 0.156192125899001 0.307107537969305 0.194511512198941 -0.360448362360883 -0.125236919265847 -0.70853016543848 0.0168155512681167 -0.405778240913881 -0.312159338289909 -0.395239721397052 -0.27993965873714 0.992008378156903
"98" 0.191154998289498 0.731451186441905 -0.402351536729973 -0.115289497343868 0.175661664814911 0.224440401328698 0.359990228555243 -0.112610217061355 -0.0585350424113207 -0.534851797171841 -0.0156299751529959 -0.495064157095186 -0.328241236857993 -0.107256343986112 -0.356079787514453 1.03574628272296
"99" 0.0737514096542604 0.387666183862784 -0.799783056789834 -0.121140345358835 0.18484895726699 0.13000203336504 0.537516773523342 0.165289919122997 0.00740862293182953 -0.342082942555234 -0.0562218670215229 -0.59651262980948 -0.333525966893808 0.21430742454888 -0.419562924457576 1.06788531479189
"100" -0.0357120671831517 0.0393759574317225 -1.16986412802191 -0.108583780797094 0.178410956075189 0.0350758227954854 0.701187779682886 0.413132977348521 0.0590755467546504 -0.150147121328441 -0.0969829726773859 -0.626202917753787 -0.318622265653282 0.548144075433517 -0.471445412622032 1.00686985468397
"101" 0.00407766133430076 -0.636554120674994 -1.67756371702712 0.523828756476053 -0.259723456042658 0.0720350271114121 0.834775377072706 -0.088055700872741 -0.356421548244652 -0.151888326853739 -0.105819349868088 1.98134440785579 0.172885780211198 1.98417612202101 -0.458184480328155 -2.41576220246273
"102" 0.100506618234784 -1.28487755110545 -1.99425878038154 1.24755169429499 -0.756208524586173 0.145422040462585 0.884380263553492 -0.82972762032082 -0.852604535349526 -0.216853334321782 -0.0905046093275201 5.06210933384182 0.741241933962558 3.45250042075742 -0.436747585381389 -6.37210044857287
"103" -0.163929069901974 -0.646225301555274 -1.17260819979495 0.00163193162646913 0.131429503688943 -0.15338909576298 0.763244960952591 0.396594745121623 0.0984584426884449 0.231964067213862 -0.118360974870052 0.00914120277669284 -0.175906601968164 0.981630624894208 -0.610216462313921 0.24937520779244
"104" -0.159753362466924 -0.575188620150126 -0.61186923059646 -0.143264867123106 0.257460706749551 -0.206717233606032 0.593156205592258 0.298412101662633 0.218702066477095 0.320087308767398 -0.0854142863470422 -0.363783553685348 -0.256041041138246 0.467184111092125 -0.676273732261117 0.905185488578308
"105" -0.0998315388678597 -0.525553601355748 -0.00690348590241108 -0.143959411476407 0.287768191136681 -0.213572896657159 0.381221789264073 -0.00398184521333733 0.225054644849136 0.334111742963929 -0.0364178952909472 -0.130964589408862 -0.229129710703468 0.136462629806421 -0.719815251675806 0.796605082705689
"106" -0.143285258399825 -0.684100782124763 -0.199709960380179 -0.126908961988269 0.231862642818684 -0.254083183003075 0.415499412697349 0.208512151119281 0.223588177110687 0.423778698039079 -0.0625984855377218 -0.168463399266775 -0.160871170602844 0.303663946935207 -0.640479063409829 0.645172243729061
"107" -0.884845357222892 -2.2768268314423 -0.999073859690704 -1.38575398934165 -0.0423262381558427 -0.886154592407151 0.910646931045981 1.53129531396886 0.472917538591949 1.55477412653504 -0.207316287727369 -0.552130978149299 0.437902004157506 1.71696422780129 -0.824573508174739 0.7838061952493
"108" -0.697355414189375 -2.01164996301031 3.34505160743388 -2.35237866506761 0.23340292971336 -1.06282523499821 -0.318757642240314 -0.543552401743769 0.632323342876115 1.78701117247825 0.159187764459006 0.815501854991082 0.673326097579941 -0.394562504925457 -1.6115785745975 0.942001506921004
"109" 0.147617963936123 -0.361859387210953 1.8911713950276 -0.16450180037055 0.302166282654277 -0.201236423133513 -0.348610390535654 -0.643319824607101 0.188050324028813 0.338262971272491 0.118604137966113 0.535361513061559 -0.0272832073245706 -0.909369439186725 -0.758952187711975 0.198529814465349
"110" 0.264618750700251 -0.220960987116493 1.75404591688057 0.0826503835157885 0.270569022921088 -0.102412637006967 -0.396351809697972 -0.475725786303602 0.118970722483514 0.188847912825057 0.113469095737559 0.473671229639105 -0.0394238289742859 -0.975407813519858 -0.610119001598272 -0.0423956253802018
"111" 0.0976711782225506 -0.18112231678987 1.62213731153892 0.329702658409886 0.290816275792905 -0.0248582416007381 -0.419088796234022 -0.321759382666155 0.129127263316774 0.114152608834107 0.107178653500437 0.306656429394625 -0.237103535461415 -0.838586024953414 -0.549023899331574 -0.0673886560250949
"112" -1.77587038647287 0.0984183260514477 0.987795234923632 1.72866608407658 0.786978451640965 0.324625728371255 -0.303547691264826 -1.01059881602284 0.520026898853724 -0.167976880108845 0.0959314847571201 -0.453220160367668 -2.27101034088142 0.455209847283177 -0.766399766834004 1.30008247677289
"113" -0.816118406753161 0.063186385790798 0.195257645908818 0.753186728600033 0.312813354359289 0.15592789163968 -0.0769689778835907 -0.354224602163751 0.215254618428152 -0.0963776204864353 0.0257091434391259 -0.280878242781307 -0.995468322485871 0.330645840514151 -0.259447764346465 0.580404955005976
"114" 0.24663382666393 -0.176277326340501 0.228757374401365 0.3178761437833 -0.00560200894500307 0.0723190648956209 -0.163927172502116 0.957706066503577 -0.0443197372061688 -0.0337246112546378 -0.00334293496015553 -0.356082158731732 0.0995509226753946 -0.309781170475386 0.042733015982575 -0.537983361244402
"115" 0.437425917634314 -0.327727127506827 -0.0027606982473829 0.582439216305701 -0.072299328795288 0.153653507109778 -0.203195058063679 2.06959014691215 -0.105720077531398 -0.0930604776271974 -0.0407066729580946 -0.880075785610714 0.230117126147798 -0.38291900813334 0.229865468627448 -1.01593318681622
"116" 0.430942044369197 -0.396009288321665 -0.646361133373366 0.75298129704322 -0.154164096989701 0.22242898520982 -0.0912020987687488 2.90241646417827 -0.139665239841935 -0.160959178313388 -0.101609233003073 -1.43339100172013 0.273407520663994 -0.148304114523793 0.493210013355256 -1.18662027847885
"117" 0.0898917015770611 -0.423484348785722 -1.3545913115538 1.1676601937841 -0.132489925923139 0.337447417685636 0.0421137111056396 3.52766874321599 -0.0849448562781046 -0.2612246812019 -0.162937540782576 -2.10528152391305 -0.037032296034452 0.279552877460143 0.704547726856129 -1.06710768124063
"118" -1.79434328810598 -0.128459504418757 -1.62912500262681 2.37708723243508 0.431380431075125 0.60123036264702 0.141792201164018 2.22297371810079 0.371862365072558 -0.457603931947884 -0.144577789276182 -2.54339745138234 -2.04579883410717 1.41409430900149 0.321940523459872 0.540022886256047
"119" -0.582396327513877 -0.0211773435640016 -0.406181651219031 0.71663385556317 0.153464224465168 0.178268019255744 0.0286079747006514 0.525930770449062 0.125669507732207 -0.133755249548752 -0.0342215612465579 -0.695386138849069 -0.668833062938645 0.420826864627177 0.0496710882117978 0.220276408427877
"120" 0.28586019983597 -0.248403407410689 -0.280182991091298 0.468819481746598 -0.0828799454862472 0.135085422641749 -0.0891125678030878 1.75339037674221 -0.0857735881270623 -0.0937597325572214 -0.0533462433942635 -0.830968353040136 0.166152615857897 -0.151368817151406 0.266047079801111 -0.756640230392637
"121" 0.440494787766507 -0.327512286311202 0.0245294841074954 0.580144290506179 -0.0690595555917008 0.151839016101014 -0.209360997337425 2.04965723025625 -0.104716344592347 -0.0907469479530985 -0.0384786365413287 -0.864115362376868 0.229566810860863 -0.395823848693377 0.220434079128989 -1.01539087268736
"122" 0.435402568595938 -0.281480273555245 0.583200022301304 0.463460472977826 0.0121265511604731 0.0926717993275687 -0.30582937488985 1.35287905317935 -0.0637377719350658 -0.0284811249660646 0.0118593581339896 -0.43062465125681 0.179917641642295 -0.608839396749236 -0.0031798745716074 -0.849765957640894
"123" 0.407075949365598 -0.242519103052112 1.04418964257171 0.354751459429499 0.0897119215162787 0.0361111979784948 -0.373789535145325 0.719800753681837 -0.017088869091165 0.0315598331758083 0.0530527795837809 -0.073842690017603 0.122876454938357 -0.775228495900393 -0.197976043686345 -0.6531529291446
"124" 0.284817957483847 -0.166505485368369 0.999045884952354 0.210408846227685 0.108034064484968 -0.00238919952456593 -0.307365381746451 0.233124270999712 0.0139775670791926 0.0558150648277369 0.0586553057973777 0.10579986696168 0.0601770046086614 -0.657171834888906 -0.244974193968058 -0.376697032058761
"125" 0.0448417432973495 -0.0270058674760206 0.178167670342567 0.0302444269224722 0.0209569426680799 -0.00273481264843341 -0.0515424387522935 0.017576685114639 0.00458304852878072 0.0118654959202051 0.0108080973980467 0.027380632430364 0.00725168001076959 -0.112569023206792 -0.0475858414248729 -0.0522128780832354
"126" 0.061489006316465 -0.0656544080446601 0.486919022846888 0.00705512578435236 0.082769366252881 -0.0358038147363804 -0.09840748284557 -0.168943618350313 0.0406226856524214 0.0612361684364856 0.0313983445698236 0.139699145926762 -0.0202340590904462 -0.261663245071147 -0.186689342314059 0.0279191558635059
"127" 0.174183297177225 -0.22587534951045 1.52000104094837 -0.00168432538051166 0.275867737095661 -0.126754784136771 -0.282549934157543 -0.568921392293789 0.142644824924846 0.211625033236783 0.0968174176391434 0.439926094772321 -0.0808957649730324 -0.802115303199372 -0.623766186895176 0.157862806647966
"128" 0.131508666468762 -0.29600975885797 1.49277490487081 -0.0555431908056435 0.322002456363967 -0.166342184979497 -0.207359722136207 -0.632603759817358 0.184307900280399 0.268138277053456 0.0904550085942803 0.428600230496979 -0.126729166667621 -0.752011660603291 -0.734866041132701 0.337371091596996
"129" 0.0557145436732123 -0.363230800378901 1.12397551811075 -0.102336638028176 0.324865170843366 -0.189631382293692 -0.0458255822619797 -0.522256593822337 0.206500010459733 0.299739412601902 0.0588562960055292 0.29680312792139 -0.164714446618296 -0.519890488862006 -0.755636742628092 0.508061948262263
"130" -0.0176713370731179 -0.418547857888053 0.618053767731115 -0.125005616003294 0.299648300720191 -0.195732249025982 0.134748153774384 -0.30622371493404 0.209919368573324 0.307253694725926 0.017600830235534 0.113126604981312 -0.187825841582704 -0.226122962433969 -0.716433933971546 0.623573554249027
"131" -0.0406818025179763 -0.242322550978756 0.194024471215887 -0.0905854232095868 0.142979781798713 0.0521668002102756 0.103930674033107 -0.0843266550159429 0.116903866138578 -0.0202157993386193 -0.00523369199576528 -0.0172992983031337 -0.0899882970468364 -0.0472116228095565 -0.268497707793654 0.31684666135593
"132" -0.38297144659294 -0.869525619067547 0.951156931108198 -0.728000461395055 0.299124056889974 3.47262899377919 -0.0750062897906201 -0.0890141402555161 0.496112169999411 -3.94756097843762 -0.0667867892893996 -0.524335416891596 0.0320493160839961 -0.41514515336434 1.20823646172489 0.134956167368187
"133" -0.543763593624242 -1.2744245866922 0.399688780244967 -0.902521950616909 0.450966085651191 3.90147935057463 0.340247116836964 0.236805610591486 0.665376813055344 -4.40863075311819 -0.1484678581131 -0.942856840603106 -0.112245529467709 -0.0505793238599481 1.08466390251403 0.682204804308554
"134" -0.203320648681861 -0.497521070505746 -1.30762479047132 -0.170811078888854 0.218484630342957 0.0890215081208034 0.815943798080766 0.645683025511721 0.195499096346158 -0.0766242351969118 -0.140467280938826 -0.717267266558444 -0.293098516322722 0.778507590863998 -0.480576862976678 1.03814303460801
"135" -0.129486594034732 -0.243731493534267 -1.39136030510342 -0.123392842629778 0.192735218136954 -0.0585290963491153 0.81188785376798 0.61247114889925 0.125028687880733 0.0334333091959964 -0.128641103783821 -0.726190932174633 -0.316443643873813 0.738600558515842 -0.519138901516651 1.07484982732689
"136" 0.0130239489499413 0.475778844141572 -1.11513299751996 0.0427370355098345 0.110007524623041 -0.0551768729497397 0.648134955916931 0.161201786169802 0.0621633872311222 -0.0161895407057264 -0.106349677734853 -0.023351154065125 -0.0783287068239762 -0.194626719311347 -0.182485418673825 0.18606876475836
"137" 0.39944171867466 3.21299024711548 -0.389014887525808 1.03976268902023 -0.38609505654292 -0.507799887084864 0.109900582100268 -1.66264588573021 -0.036683523766911 0.6393683616366 -0.113775866271647 4.05517184147158 1.45239347688279 -4.69578745790537 1.64200478096515 -5.29607583589358
"138" 0.154553414886069 1.11272596585 -0.01678539993429 0.343099015470584 -0.133096130456658 -0.147503396645938 -0.0183113431348498 -0.607291429225503 -0.0273005508088508 0.173667619175578 -0.0266502749494357 1.35751355203339 0.482993188291719 -1.60524901188144 0.560443347208978 -1.75899835772318
"139" 0.225944508371038 0.780610447086559 0.0465528886081882 -0.0602897145514745 0.0963384861457315 0.218688103165467 0.0937898904904729 -0.299932667550868 -0.0983122748134564 -0.504086671115259 0.0170911038675933 -0.230233476447536 -0.195260171122952 -0.346848172539642 -0.15922721226194 0.6208166415876
"140" 0.394591619386235 1.31129525625085 0.247771280856436 -0.0844563401702002 0.122078929830097 0.369073506511815 0.0513937666289731 -0.553521273677418 -0.189738109194499 -0.845214502856488 0.0376102446361673 -0.334482450393288 -0.280472760798219 -0.620621628021052 -0.188301540360419 0.927571933710674
"141" 0.475751448738293 1.53967077725249 0.451236443636792 -0.0632440126759346 0.0785179252074006 0.415279334645634 -0.0552697595067832 -0.694093887346124 -0.253783076717939 -0.9588973415846 0.0462637716721612 -0.298505661538034 -0.243729479828818 -0.781956765507174 -0.0960816849570956 0.879345489976686
"142" 0.531706296621027 1.68779276329544 0.57740529311973 -0.0378291270632027 0.0204723918569027 0.430590673913417 -0.134794937557547 -0.772468585690999 -0.311023249357643 -1.01620461994581 0.0437657545697166 -0.276984272268489 -0.189813786452316 -0.864760951082612 0.00189357645263821 0.808691660969462
"143" 0.425147687137049 1.3323786647906 0.478528465656964 -0.0134956744034537 -0.0231078661545601 0.321550199011229 -0.135317626626406 -0.606550274421848 -0.265801009841035 -0.779370742688508 0.0274595821570498 -0.204403884093734 -0.106917919106658 -0.670518366293694 0.0564319994904643 0.568032457165174
"144" 0.132804648481684 0.405845576809743 0.14569405835246 0.00293056605629891 -0.0305803710023398 0.0814328711654025 -0.0485210496444018 -0.179549346951865 -0.0937240932579952 -0.218649029895631 0.00284333091246845 -0.0630441815271139 -0.00910211448277787 -0.186709167912193 0.0401316970489776 0.148844681141604
"145" 0.440300631033133 1.30563248019957 0.461003339331628 0.0326207230205522 -0.18659782900017 0.191856923593273 -0.175456594090253 -0.558685522357775 -0.350028082523505 -0.624421045233878 -0.0120234920948479 -0.212486333786385 0.0567487988625466 -0.527609788948004 0.203478481439997 0.405844998753267
"146" 0.583527610903769 1.68144798349068 0.583535863390402 0.0587152811916654 -0.331658416372792 0.149922240319147 -0.233754200366857 -0.709208859952065 -0.502640287675379 -0.694373477428922 -0.0368724442257881 -0.292391307490391 0.159008277030371 -0.595516643739866 0.312120917093633 0.482609128229054
"147" 0.55645220807433 1.51615141257464 0.520346761334743 0.0752825114434227 -0.446767613475013 -0.0466339576736912 -0.220057011803714 -0.63550277410722 -0.538227680547393 -0.418699832270471 -0.0664618076331991 -0.294992224662453 0.281166860141367 -0.403984522664339 0.344888381677975 0.390395097254547
"148" 0.505499319648655 1.25749063501475 0.441639179734859 0.0849769511561668 -0.56075843383856 -0.307431854024843 -0.192683111082764 -0.538520729569336 -0.557937611251653 -0.0368489442311132 -0.0959557771887849 -0.284181176000798 0.408456840621643 -0.171285293802305 0.347290638395499 0.287973026189615
"149" 0.259117560015921 0.805365520890946 0.32519275609351 -0.0141699392626304 -0.457120514297068 -0.3661943326927 -0.133984473490449 -0.30676059945245 -0.48878746102772 0.193274775951284 -0.0914154650578672 -0.229683189392414 0.176472593670644 0.166063419085185 0.261295514136706 0.171590250643309
"150" -0.50890050465701 0.894152557045119 0.602953821091981 -0.69470409042142 -0.275535934027842 -0.22531678602129 -0.181505309409038 0.0869020895759561 -1.01845534342524 0.171251249656925 -0.131133724646628 -0.440944251114637 -1.47608227703654 1.61192833388779 0.328632669700508 0.228337416890736
"151" 0.0371184697781382 0.842380709018045 0.451738328533361 -0.306656395971197 -0.725354698851615 -0.691906168092668 -0.164744990627826 -0.134457099218249 -0.947517996215907 0.686056580252641 -0.157917611038978 -0.345420746255842 -0.239481740152075 1.02808700919464 0.290646805439276 0.178445149846324
"152" 0.415278153820153 0.581894791451261 0.217614027628295 0.0182828767900302 -0.914190365348024 -0.801914260543479 -0.109509023322192 -0.224730179808307 -0.722578832349006 0.865786743184908 -0.135247923177091 -0.185744747408636 0.685261872283562 0.425464681365566 0.158052905823128 0.109562804938911
"153" 0.412555272189806 0.505725501768896 0.154710830557307 0.00399767410236385 -0.966732480402306 -0.695464381638884 -0.0922321902863116 -0.160566874583373 -0.757367237037404 0.829244388799883 -0.121073170014015 -0.160876343980936 0.712576067741501 0.44078787014013 0.0819821924010786 0.127068469312654
"154" 0.00375775608656559 2.44161417622057 -0.180318732105639 -0.352381639330747 -0.967607562131094 -0.742180103128107 -0.0547792318499726 0.231600657367322 -0.706678886077264 1.07297730014543 0.0330664784791419 -0.585201265104804 0.457773587798347 -1.58774202131747 -0.252635467586076 1.07968967134389
"155" -0.86839659230476 6.72879209627039 -0.837258428587557 -1.09819738676256 -0.911097463886902 -0.971047776370042 0.00643717669969881 1.00088654812014 -0.547437439714615 1.64244065357847 0.35051612864518 -1.53038032669863 -0.100055053343404 -6.02196889526654 -0.888072796593975 3.12056767206174
"156" 0.160396015734601 1.03410668955507 -0.153710738897645 -0.148053462667793 -1.04521574514784 -0.0255375617577356 -0.0294660311785229 0.154334773986528 -0.78988595098133 0.403723274325948 0.00172088221888801 -0.295273542917561 0.560769857062119 -0.35199257302655 -0.238267649533016 0.616351961322598
"157" 0.312521796552836 -0.138489407857213 -0.0811617492045824 0.0483043089982925 -1.07323331237643 0.506257009708024 -0.022198304391667 0.0299790608236225 -0.829308566233581 -0.154524120298039 -0.0394464257961492 -0.052671059291205 0.652743827039239 0.724459020715517 -0.160585502886603 0.180094217094567
"158" 0.267598530174832 -0.31502643275843 -0.141742669022847 0.0852503480839083 -1.0629032840722 0.989265918735542 -0.00684265235666801 0.0571302155990984 -0.809524034190147 -0.622249978900341 -0.0118792693606509 -0.0274118281117612 0.613166994039608 0.789487587134965 -0.19950004218465 0.193101930527465
"159" 0.217763832491555 -0.467475823761119 -0.200094772848057 0.123194675898225 -1.02888863031882 1.48470024550907 0.00652904674980291 0.0782718147022918 -0.767898423674891 -1.12244722981325 0.0162568270514465 -0.00270503520029308 0.565174930160167 0.83328595540719 -0.227941964779387 0.200304596899723
"160" 0.169494384665554 -0.591344300750618 -0.250951179298051 0.15527992803315 -0.964730073904263 1.92287364391572 0.0175685961923257 0.0945399606703273 -0.700938382272389 -1.58153709195133 0.041611049215073 0.0246880946349766 0.51173958922171 0.851773607375129 -0.245117054361602 0.191489957546727
"161" 0.128138569905071 -0.676432073201758 -0.28924036522571 0.172806632742052 -0.863009665549876 2.22159654888578 0.0261996004645828 0.108575149273784 -0.604828790113596 -1.90944273345706 0.0609686366105859 0.0562057154418252 0.454341626113457 0.830887202535474 -0.251844437023856 0.160255479308058
"162" 0.0972748352750532 -0.715929683532789 -0.310496919424851 0.169396249306759 -0.716488947489826 2.31134810000102 0.0324357554802196 0.121988530084142 -0.476146012815957 -2.02872080592011 0.0716243530732876 0.0926648579794627 0.392720212815751 0.758357058606548 -0.248880431317433 0.102234642069062
"163" 0.0765020870709603 -0.707194407174478 -0.312505104970728 0.143924943372142 -0.519136949239712 2.16153664970646 0.03623823202841 0.134025463655522 -0.312225354871907 -1.90507898422877 0.0723385808547599 0.13379278866563 0.323691801683918 0.62816495927231 -0.236148133905295 0.0167435206782081
"164" 0.0603136796356134 -0.651994186677028 -0.296118000006208 0.101960171065061 -0.266547075585401 1.7933846350378 0.0374401145673231 0.140897871964664 -0.111322627770545 -1.56243916935511 0.0638058601473233 0.17800272715662 0.240549449994051 0.442740598622127 -0.212351200840971 -0.092433870007314
"165" 0.0387279532168732 -0.556346437021499 -0.264659572703394 0.0548464266488491 0.0447187560372662 1.27071997110586 0.0357950007330885 0.136156688636728 0.127592142050744 -1.07217717951472 0.0483171712398204 0.222537754689593 0.133279289803679 0.211310607310477 -0.175217296653075 -0.217570024929824
"166" -0.00183098157523887 -0.430177848964312 -0.222830876259345 0.0171956119859425 0.426179916020289 0.671803442731217 0.0311492502508904 0.11157227135795 0.411119548296479 -0.521072874895664 0.0287561897531087 0.265517699366555 -0.0133051695880404 -0.0581972915996993 -0.121848807263333 -0.351566160995064
"167" -0.0891267086209133 -0.285506095037534 -0.181688019464252 0.00669224379223243 1.0092665956167 0.0242830511889188 0.0237221824407525 0.0533868371484699 0.830309527809489 0.0515083289750753 0.00659717212928114 0.327839441138071 -0.261153041790102 -0.417381445935735 -0.0431616338309906 -0.530540941052008
"168" -0.231223456790614 -0.07274402612062 -0.163772567077605 0.046965997629659 2.14796434116974 -0.640491254374234 0.00950154257565886 -0.0678172951363792 1.55082473108821 0.560530341760859 -0.0153581964639264 0.454379759916828 -0.795585906179626 -1.02593998282476 0.0927541095383044 -0.838602325609941
"169" -0.198508689045275 0.268494921336514 -0.141768117942893 0.101256015111937 2.84330600322656 -0.674256566258084 -0.0170557101750523 -0.185282195761526 1.7086948967651 0.373708253483462 -0.0146041113840428 0.449539636397851 -1.2716285409333 -1.37768882727452 0.223985483940244 -0.881836690383121
"170" -0.0710612708085447 0.242553997168966 -0.0759974064872379 0.0671225491947134 1.66873640889066 -0.283939448637846 -0.0168772656238392 -0.124522083571191 0.899173573973916 0.0598795797817826 -0.0042343490949775 0.232540081124907 -0.800697586137861 -0.805767474233479 0.150698888320495 -0.464849720254968
