"V1" "V2" "V3" "V4" "V5" "V6" "V7" "V8" "V9" "V10" "V11" "V12" "V13" "V14" "V15" "V16"
"1" -2.71240269053567 12.0123862459677 -2.93893157245748 -3.57638993236424 4.56788005568399 -12.488680532134 0.326575039440684 2.75809946664253 3.28749830421706 13.1679260144715 1.77406592158093 3.80680711663808 -4.1997966286213 -7.24698317057266 -9.64270308615232 2.02606365835163
"2" -3.06317998539174 12.5172657041981 -3.66754912078522 -3.42026116464694 4.7781220103889 -13.146165690522 0.503594126257326 3.2382431934443 3.48426613147301 14.0110880114419 1.69607622264289 3.53727353379509 -4.53522258726936 -7.68110481055123 -9.43057406310163 1.97515402878707
"3" -3.42448535046924 12.9197538818448 -4.48164344484348 -3.18475003405911 4.94582891254296 -13.7353761493209 0.70791951267563 3.7654952802709 3.65221406789579 14.8118587850977 1.57586482341981 3.16408836052506 -4.85966041798527 -8.06878667117485 -9.03414615975089 1.88017812309408
"4" -3.68212475455039 13.1377256314272 -5.10409384096783 -2.9720177326958 5.03546858779464 -14.1078702798919 0.867822239640759 4.16402639198077 3.7499915724397 15.3488023349462 1.46586862720403 2.84045151010287 -5.07887018305263 -8.30916170470277 -8.64525432084884 1.78618171039852
"5" -4.04393826317664 13.3491110187929 -6.04344554509362 -2.61023318673051 5.1180598992359 -14.5723867532565 1.1140202030773 4.76013963314836 3.85450341165534 16.065625783084 1.27675386052624 2.30491887567041 -5.37034201702197 -8.59497643845293 -7.95104325136526 1.61605266295373
"6" -4.39679379865572 13.4473165228983 -7.04453070779527 -2.18332441663097 5.14607926059216 -14.9680649576819 1.38176847914701 5.39043096853447 3.91540298679486 16.7353769851904 1.05113059083851 1.68770456054699 -5.63620151540916 -8.81111970985694 -7.10271981752703 1.4039189099276
"7" -4.73228367036717 13.4351038611171 -8.09344018839874 -1.70191926633106 5.11697921476315 -15.3004195584319 1.66727736175244 6.04696976176183 3.92841987513852 17.3603599519051 0.794271095964859 1.00502868854528 -5.87115953986715 -8.95003702196414 -6.12616124837405 1.15356449398678
"8" -5.04170745469975 13.3190628012758 -9.17378806596935 -1.17919576252461 5.02939105029526 -15.5776845055261 1.96591818515355 6.72009663841436 3.89022614416713 17.9446209476273 0.513157818424816 0.277248517450062 -6.07018332825461 -9.0049253686966 -5.05500081432547 0.87048913021863
"9" -5.31638277488582 13.1093628315007 -10.2672593358043 -0.630318199505382 4.88309603108542 -15.8102227632228 2.27237116875438 7.39861344564861 3.79854250249105 18.4934196274382 0.216301689493548 -0.471787392543774 -6.22862530474688 -8.96979621039145 -3.92963648267687 0.561784363293555
"10" -5.54798308180983 12.81936788551 -11.3543021582823 -0.0717463294477056 4.67895529804366 -16.0098010293168 2.58081768305476 8.07007916121211 3.65220395867287 19.0126164584008 -0.086523534287835 -1.21560849915113 -6.34236446498778 -8.83956085172895 -2.79583700336116 0.235927124966111
"11" -5.72888660692962 12.4651457513692 -12.41493209494 0.479539211081828 4.41881140645017 -16.1887833222672 2.88516766763439 8.72120890617134 3.45118499735995 19.5080296901833 -0.384620862302427 -1.9261784079572 -6.40796062026863 -8.61016025266599 -1.70300026725454 -0.0975028107350226
"12" -5.85251874907635 12.0649064463059 -13.4296056170951 1.00684557696877 4.1053762920468 -16.3593029103411 3.17931016040882 9.33836584797837 3.19658707207682 19.9848177369036 -0.666769583549694 -2.57508928255265 -6.42281950549031 -8.27875783182958 -0.702138391494373 -0.428171055675193
"13" -5.91366926128217 11.638402519302 -14.3801124737884 1.49455830188072 3.74212054372805 -16.532472274755 3.45737288540545 9.90812808913734 2.8905935007689 20.4469399793561 -0.921667606602341 -3.13483703136444 -6.38536389002434 -7.84400679255486 0.15632077860937 -0.745388687806553
"14" -5.90876584185173 11.2063194896191 -15.2504320144135 1.92886328031091 3.33317707953034 -16.7176857874554 3.71397576582945 10.4179051595347 2.53639848533234 20.8967410207611 -1.13839737830267 -3.5801140743788 -6.29520265881834 -7.30639332566989 0.824815647325522 -1.03854753802443
"15" -5.83608719908239 10.7896773741641 -16.0274977977269 2.29835530270884 2.88326894188742 -16.9220601818811 3.94446317907909 10.8565720749421 2.13811775158963 21.3346911303647 -1.30689493207751 -3.88905424257246 -6.15328675078646 -6.66864445691226 1.26091070133589 -1.29757187682117
"16" -5.69590125550224 10.4092557604381 -16.7018180180812 2.5944973625019 2.39766624203941 -17.1500448359329 4.14510076603256 11.2150837408967 1.70068823145021 21.7593003224501 -1.41840131532285 -4.04436550297396 -5.96203827869209 -5.93617555997571 1.42942774270341 -1.51336621587689
"17" -5.49051784440132 10.0850465213643 -17.2679064045051 2.81190656872241 1.88217190224901 -17.4032187589544 4.3132245908846 11.487029331779 1.22976328595071 22.1672067827735 -1.46587615693124 -4.03429048218823 -5.72543753051133 -5.11753904505258 1.30434553615123 -1.67823818522447
"18" -5.22424975527827 9.83573135014012 -17.7244889237372 2.94845554634321 1.34313030178919 -17.6802755345832 4.4473332831808 11.6690857029134 0.731608399797835 22.5534239057256 -1.44435437221159 -3.85334186605905 -5.44905221801108 -4.22482413435273 0.870372265071637 -1.78627545878408
"19" -4.90328111460019 9.67817688586547 -18.0744652059639 3.00519158545831 0.787448005063879 -17.9771828080729 4.54711728636516 11.7613312140866 0.213000226108818 22.9117156620568 -1.35122888657611 -3.50276928093081 -5.13999457483234 -3.27394953612566 0.124106147653947 -1.83365655282978
"20" -4.53544743489488 9.62693900236081 -18.3246192438974 2.9860883477395 0.22261191977401 -18.2874905280376 4.61342325080363 11.7673867672975 -0.318870353283444 23.2350587893511 -1.18644473464519 -2.99072581065411 -4.8067947872126 -2.28478766207036 -0.925286163335841 -1.81887709762668
"21" -4.12993696032959 9.69377005640217 -18.4850905020176 2.89765570062082 -0.343311865703981 -18.602753046132 4.64815567234609 11.6943592864991 -0.856492611143992 23.5161434436336 -0.952592941082685 -2.33211549240514 -4.45918373817554 -1.28106194411976 -2.25592625632635 -1.74287596363865
"22" -3.69692772229939 9.88712828540702 -18.5686329872469 2.74844144158214 -0.901715450372876 -18.9130249305288 4.65412182356567 11.5525740036601 -1.39213099823478 23.7478620369893 -0.654896189418878 -1.54811754407274 -4.10778393041051 -0.28996832193161 -3.83364798578259 -1.60904944989306
"23" -3.24717874718885 10.2116963971057 -18.5897048855468 2.54846381733569 -1.44353755393473 -19.2073891313828 4.63482959017233 11.3550951861125 -1.91792511978332 23.9237391187012 -0.301082432375097 -0.66539831978298 -3.76371430795311 0.658511839857056 -5.61299756264634 -1.42314661134151
"24" -2.79577426399101 10.6631461917686 -18.5638551196907 2.31096564097606 -1.95482330865957 -19.472184633622 4.59470765637298 11.1193711541182 -2.42143802020692 24.0375044575753 0.0950051689342217 0.276029330925667 -3.44099502652946 1.52502732177845 -7.52062708126687 -1.19533063919516
"25" -2.34152457719529 11.2505826027491 -18.5047076429946 2.0405330782678 -2.43914669803564 -19.7026250132108 4.53666999334246 10.8552185816616 -2.90782614555529 24.0870666528062 0.532262814407204 1.26718177478324 -3.14211460657629 2.29897568252318 -9.54489438199016 -0.928862015032792
"26" -1.90218581544912 11.9581611412823 -18.4259469753779 1.75205792414636 -2.87815842056602 -19.8828397297714 4.46544719696362 10.5832926547173 -3.36071880491193 24.0667870343436 0.990651889176206 2.25605840203934 -2.88255189194319 2.93315010260449 -11.5851314539104 -0.63849922287045
"27" -1.48680366491419 12.7712490204285 -18.3386911561283 1.45599206391671 -3.26294167612491 -20.002505378769 4.38495030509057 10.3197521167622 -3.77283983413174 23.9746779962502 1.45546455103295 3.20611417180771 -2.67051920762589 3.39862998786384 -13.5694549665895 -0.336349692501244
"28" -1.10299987195913 13.66987122317 -18.2507298408518 1.16167306183706 -3.58552009581757 -20.0523733068956 4.29855146075488 10.0788610631298 -4.13750865517247 23.8097489716647 1.91158460303541 4.08256057442486 -2.51208095804367 3.67132638606199 -15.4267843028429 -0.0347664722357877
"29" -0.75673229809604 14.6288911072415 -18.1659053902094 0.877055941880826 -3.83926431348618 -20.0244467500154 4.20889797430186 9.87197647630637 -4.44882971928466 23.5717103521624 2.34411362092123 4.85404155999277 -2.41071387281173 3.73383757144165 -17.0900786111997 0.254282549896743
"30" -0.452146025127036 15.6184370929923 -18.0837624980113 0.608561014965744 -4.01928491858831 -19.9120841745546 4.11778087838138 9.70668002037382 -4.70188459621802 23.2606247345866 2.73899891972133 5.4941663632053 -2.36698261790329 3.57711580354362 -18.499464872275 0.519835893093841
"31" -0.191520410415023 16.6045964915011 -17.9994959260121 0.361032049690039 -4.12277961738448 -19.7100461341411 4.02606591188123 9.58612369202092 -4.89291607605726 22.8765542538495 3.08363112130837 5.98280875339697 -2.37836138225683 3.201798247444 -19.6050801806414 0.752511858052458
"32" 0.0246888522984818 17.5503814742606 -17.904206725535 0.137791655957699 -4.14930259450597 -19.4145058442134 3.93369084925212 9.50864838582038 -5.01949185746862 22.4192540280569 3.36737911864611 6.30709086688876 -2.43922450909767 2.61906432952674 -20.3694572315508 0.944996624515625
"33" 0.197719213128721 18.4169533201048 -17.7854571052449 -0.0592248479406408 -4.10092718120325 -19.0230437552977 3.83972882466492 9.46771869430722 -5.08063466940757 21.8879577871226 3.5820323631051 6.46198436065606 -2.54101942603262 1.8509039356436 -20.769299867603 1.09241336926061
"34" 0.330293757212758 19.1650708643001 -17.6280942190315 -0.229279282095376 -3.98227893288998 -18.5346438437257 3.74251306074893 9.45219718535827 -5.07690616033202 21.2812928507942 3.7221246853087 6.45048173802934 -2.67262361554668 0.929715175558158 -20.7965254808405 1.19254517454829
"35" 0.426352144798102 19.756709166646 -17.4152948796582 -0.372607641909781 -3.80042468658638 -17.9497046269885 3.63981445582885 9.44695819336539 -5.01043367156538 20.5973485976156 3.78512018009042 6.28331550904841 -2.82087496053956 -0.102804998940883 -20.4584920106936 1.24589341813407
"36" 0.490738199822886 20.1567765214686 -17.1297678125529 -0.490186956325488 -3.5646135082502 -17.2700716743088 3.52906006673879 9.43381641463202 -4.88487203198355 19.8339065652704 3.77144971977168 5.97823094623163 -2.97125233624789 -1.19746220238676 -19.7773770169188 1.25556419712666
"37" 0.528863804629623 20.33484364169 -16.7550385269424 -0.583511963752244 -3.28587681104972 -16.4990914227753 3.40757784981315 9.39272112835988 -4.70529656366867 18.98882286758 3.68439590799517 5.5588477814963 -3.10867175364146 -2.29998779430844 -18.7887316232336 1.22698737763858
"38" 0.546368889549626 20.2667895143313 -16.2767349841188 -0.654397552307273 -2.97650639063727 -15.6416792198156 3.27285125856929 9.30314456714586 -4.47802825607795 18.0605363151212 3.52983409269245 5.05317512349575 -3.21835357141774 -3.35395964342615 -17.5392889841569 1.16748517278756
"39" 0.548796212393427 19.93626504647 -15.6837904406366 -0.704817978368737 -2.64943966243146 -14.7043884749892 3.12276655125493 9.14557472619344 -4.21039715317647 17.0486601487974 3.31584666299295 4.4918698291076 -3.28670909519187 -4.30404834844558 -16.0841607914554 1.08571875659982
"40" 0.54129748658579 19.3358787386269 -14.9694832468895 -0.736788594342215 -2.31759005170665 -13.6954632738239 2.95583597589462 8.90301035266111 -3.91045491095463 15.9546031492546 3.05223646716513 3.90634931928798 -3.30219093637567 -5.09937939281781 -14.4836015663095 0.991051285804133
"41" 0.528384466778789 18.4680183168011 -14.1322418069749 -0.752290718717632 -1.99316643218458 -12.6248542659523 2.7713813605842 8.56235032884797 -3.58665176132165 14.7821582908764 2.74997204671308 3.32688334860723 -3.25605122660309 -5.69677878348875 -12.7995547749524 0.892872927157441
"42" 0.513735122906269 17.3452380922809 -13.1761558328099 -0.753235826703531 -1.68702811806617 -11.5041773573171 2.5696649592212 8.1155719524495 -3.24749631195041 13.5379948892123 2.42060184523189 2.7807939905033 -3.14295536955342 -6.06366411313547 -11.0922136625886 0.799937347648665
"43" 0.500061295363594 15.9901629320575 -12.1111516572155 -0.741461796340445 -1.40812082053094 -10.3465967772331 2.35195754642109 7.56060295712177 -2.90121835542904 12.231993740646 2.07567615233165 2.2908881826952 -2.96140635922657 -6.18035626724168 -9.41683072809974 0.719759120824165
"44" 0.489040493961511 14.4348848674217 -10.9528087428735 -0.718751743737812 -1.16303415285483 -9.1666182641643 2.12053754083558 6.90181012279209 -2.5554549496203 10.8773738762934 1.72621407142606 1.8742325011699 -2.71394541813822 -6.04161899897235 -7.82099215845665 0.65811746410327
"45" 0.481311000046958 12.7198560117959 -9.72181546531465 -0.686865095703979 -0.955712992463361 -7.97978408694962 1.87861913384586 6.15005194364767 -2.21697836755348 9.49057367077558 1.38224829860792 1.5413560750676 -2.40710817456684 -5.6572827070795 -6.3425380246299 0.618703878353699
"46" 0.476526332083836 10.8923099103013 -8.44308357053251 -0.647570934275791 -0.787343873660234 -6.80226885926231 1.6302117720179 5.32227246807906 -1.89148123247881 8.09086703517642 1.0524733068014 1.29593631702301 -2.05113095188227 -5.05187159997104 -5.00825808684385 0.60294009197969
"47" 0.473462556722211 9.00427097941792 -7.14456119087026 -0.602675100977649 -0.656424481172962 -5.65038303336814 1.37991763003993 4.44064599554076 -1.58342951679722 6.69971589953411 0.744013243379868 1.13498571270611 -1.65941792943357 -4.26322542879461 -3.83343063216671 0.609979108485277
"48" 0.470169931718601 7.11023665379798 -5.85580281643615 -0.554034787079217 -0.559010292529251 -4.53999891917283 1.1326776725175 3.53131544264033 -1.29598850803777 5.33988149279776 0.46231527261898 1.04951911369426 -1.24779588818203 -3.3401825116116 -2.82220300519475 0.636887217071489
"49" 0.464158977871193 5.26463777175286 -4.60637015659904 -0.503557001578884 -0.489118669094751 -3.48592144983604 0.893480310685618 2.62279833049615 -1.03102088870176 4.03433734222881 0.21116318805889 1.02564304386033 -0.833597797852264 -2.33946371707998 -1.96874336421752 0.678989797524991
"50" 0.452610258838035 3.51919838781305 -3.42414957002347 -0.45318002120257 -0.43925839923827 -2.50123213363167 0.667049322342564 1.74416106458466 -0.789150303781952 2.80504476426859 -0.00720411845031776 1.04597464641847 -0.43462862704439 -1.32196133767729 -1.2590298166906 0.730349966383073
"51" 0.432596868136443 1.9203257153622 -2.33367907489082 -0.404839349654139 -0.401042943103562 -1.59663924125607 0.457529467737913 0.92308231458901 -0.569878794552125 1.67166545240389 -0.191893348273425 1.09127107509994 -0.0680755503827015 -0.34868681674152 -0.673091273689352 0.784337792254519
"52" 0.401308795730301 0.506663742164164 -1.3545805113763 -0.36042151991569 -0.3658392889796 -0.779869931961912 0.26818900126591 0.183938127167494 -0.371742772110935 0.65029441419847 -0.34310681711122 1.14213282809942 0.250570479938887 0.523337393257407 -0.18747896376226 0.834239986666944
"53" 0.356268913152803 -0.693059946689573 -0.50019006569255 -0.32171010282218 -0.325402007136177 -0.0551405306646302 0.101157998564076 -0.45395613762048 -0.192490165105653 -0.247700765480204 -0.461875077399327 1.18063838693342 0.50851441767162 1.24494695997919 0.22226798624979 0.87385643098969
"54" 0.295531193042507 -1.66177527628406 0.223526812922501 -0.290328420040169 -0.272444014463531 0.577260526994905 -0.0427799010294621 -0.977819263535821 -0.029261229010217 -1.0166518501519 -0.549805161432232 1.1917733140217 0.696514741708739 1.77818423881308 0.579393515472475 0.898030973097775
"55" 0.217852904080473 -2.39529669856074 0.8187017678747 -0.26768275395807 -0.201101612062416 1.12124637936495 -0.164327039805585 -1.38248193702384 0.121242758137384 -1.6573000876183 -0.6088738757594 1.16453435896256 0.809543963371141 2.09888028719843 0.90413559438457 0.903069589025108
"56" 0.122833825050293 -2.90295633685218 1.29587254837861 -0.254908432732918 -0.107261008894511 1.58503709130673 -0.265730459487258 -1.6709827005443 0.262615236949557 -2.17718645599871 -0.641288996478124 1.09261679068732 0.847208935409753 2.19827955120491 1.21253462474851 0.887008814446745
"57" 0.0110169571246388 -3.20759010022812 1.67383514562334 -0.252819323088261 0.0112740333431702 1.98107906847054 -0.350751588346384 -1.85462749077669 0.398632116754527 -2.59068309961731 -0.649432292550046 0.974628830270376 0.813902689111956 2.08358702545183 1.51593598643376 0.849710447451798
"58" -0.116053272921704 -3.34485345295525 1.97902119685477 -0.261859273672599 0.154779722645685 2.32576951978035 -0.424543163987664 -1.9524939652938 0.533173569199931 -2.91864914517782 -0.635887917077525 0.813817722060776 0.718676196088182 1.77739804184466 1.8212135495196 0.792773806024343
"59" -0.255817768961947 -3.36187526005597 2.24440617595792 -0.282052302311058 0.321766738783026 2.63898634197312 -0.493434476626589 -1.9903993244443 0.670176228063042 -3.1877175461309 -0.603548896703614 0.617334179092722 0.574835820276519 1.31605451139922 2.1316684152589 0.719272911155713
"60" -0.4047353680387 -3.31529038459485 2.50797802915167 -0.312947127173175 0.509269967931004 2.94343349901646 -0.564630973702151 -1.99938688444036 0.813607013627291 -3.42924272293885 -0.555784301544463 0.395102039867197 0.399289117302374 0.74705165715568 2.44848870568603 0.633341496431967
"61" -0.558360637173223 -3.26872305329289 2.81081980487761 -0.353551335931115 0.713240302187614 3.26382149452957 -0.645839131123239 -2.01381961430616 0.967445810207778 -3.67795993888649 -0.496641224827727 0.158394542522728 0.2116769189374 0.125689590681759 2.77259833438438 0.539642318966798
"62" -0.711464723172639 -3.28982201816234 3.19488244650165 -0.402251238345343 0.928997106338898 3.62591139149799 -0.744832047110094 -2.06919594869123 1.13566189700457 -3.97042509381345 -0.431049815327242 -0.0817553127853898 0.033342299046609 -0.488781150204886 3.10668084667122 0.442767716347589
"63" -0.858195692400727 -3.44697387412361 3.70054425392573 -0.456715383401388 1.15169563592815 4.0554585672221 -0.868975237449149 -2.19982256710955 1.32216872668876 -4.34331675339854 -0.364996915676329 -0.31616749776731 -0.113803725065537 -1.03723606803214 3.45714262649199 0.346624808677007
"64" -0.992273476903733 -3.80584125880978 4.3640705370035 -0.513782761918264 1.37676368797855 4.57709858883891 -1.02473539783932 -2.43648925052457 1.53074347205144 -4.83168993355594 -0.305634684485995 -0.539004623460642 -0.20845459850986 -1.46467866981266 3.83578015579769 0.253860670913127
"65" -1.10721331378409 -4.42588696362873 5.21509975351091 -0.569340675467174 1.60026602830391 5.21322191015042 -1.21719727304162 -2.80429181806267 1.7649016445949 -5.46727300640896 -0.261294906363219 -0.749001244083047 -0.231052465438324 -1.7238821568908 4.2609386989825 0.165380036021816
"66" -1.196570481859 -5.35705227107883 6.27429003162069 -0.618201775818306 1.81916326384868 5.98288626612339 -1.44961506980098 -3.32074060861214 2.0277226798561 -6.27689512678717 -0.241387160211161 -0.950315775888157 -0.164840968684558 -1.77841774878925 4.75799274384553 0.0800009679660434
"67" -1.25419817605734 -6.6367574294818 7.55126166759328 -0.653994405232879 2.03144300722153 6.90081552051083 -1.72302494504333 -3.99427476278015 2.32162916641579 -7.28112224548931 -0.256168975884066 -1.15291789157345 0.00322986040674778 -1.60486820449978 5.3590379843954 -0.00571695338294376
"68" -1.2745095789694 -8.28738367404185 9.04296634115326 -0.669084515784562 2.23611436045502 7.97653126096839 -2.03594389974432 -4.82327801317751 2.64812967794641 -8.4931659230383 -0.316387661932822 -1.37246120014606 0.281793101851065 -1.19409116389761 6.10175520171833 -0.097451033667312
"69" -1.25273458555512 -10.3143795399174 10.7326020045266 -0.654550544260928 2.43307064753543 9.21365871231274 -2.38417786230161 -5.79566153731957 3.00754217252947 -9.91811193200328 -0.432805594693036 -1.62963189912989 0.6745829227863 -0.551471782769113 7.02748181399511 -0.202894849484437
"70" -1.18516127250211 -12.7051097078183 12.5891735479154 -0.600234041981821 2.6228386509132 10.6094417545753 -2.7607578571608 -6.88904574125081 3.39872087518374 -11.5524963982848 -0.615632325618208 -1.94900558454538 1.1802012032966 0.303818464816231 8.17860041407039 -0.33134862058796
"71" -1.06935208898085 -15.4285329742988 14.5677736082853 -0.494888130829167 2.80624407026079 12.1544932971449 -3.15601798306511 -8.07153776731957 3.81881372125294 -13.3842374317496 -0.87389684569871 -2.35748315873207 1.79213853248774 1.3404662782109 9.59541882511985 -0.493145303538768
"72" -0.90432496374217 -18.4357582837365 16.6106258489426 -0.326442586739176 2.98403146656403 13.8327973983351 -3.55782259950774 -9.30306721078614 4.26307923413653 -15.3929112779351 -1.21480084957875 -2.88240984219738 2.49904122470312 2.51740965862609 11.3127674255484 -0.698949810466729
"73" -0.690690084377252 -21.6614856112064 18.6488956882558 -0.0823983861482702 3.15648175791267 15.6219688101453 -3.95194284004424 -10.5372109530308 4.72479075839814 -17.5503452574344 -1.64309819457685 -3.54950623088371 3.28520315818622 3.78677527686841 13.3565723554893 -0.958978453651071
"74" -0.430734079975196 -25.0262937364841 20.6052322332316 0.249644030727723 3.32307096002006 17.4937646229125 -4.32257461314498 -11.7234108656539 5.195252136584 -19.8214862122481 -2.16054656445499 -4.38075544867024 4.13125032830322 5.0971238319994 15.740675025987 -1.28219181984605
"75" -0.128444738865596 -28.4396917841486 22.3969619416748 0.681329381822252 3.48221025702452 19.4148319325486 -4.6529819660966 -12.8094667463938 5.66394233620835 -22.1654935644615 -2.7654745449338 -5.39239491091575 5.01497754510524 6.39675508254049 18.4641582569639 -1.67551641554746
"76" 0.210528756640542 -31.803808226412 23.9398115741187 1.22278411670413 3.63109997999504 21.3476654918545 -4.92624149804351 -13.7441721382575 6.11879762287846 -24.5370007653264 -3.45250112179633 -6.59315501962556 5.91229102187395 7.63683215205583 21.5094083875592 -2.14314863539767
"77" 0.578982833229702 -35.0175523452181 25.1519978647257 1.88177722041837 3.76571936339479 23.2517406149691 -5.1260558880565 -14.4799532053157 6.54662927681599 -26.8874878262391 -4.21243553168392 -7.98287109732337 6.79820780517585 8.77411113146809 24.8410935995635 -2.68598916106566
"78" 0.968333874802852 -37.9810513841103 25.9584868134079 2.66285034046541 3.88096103375074 25.0847795779355 -5.23759806529097 -14.9753707008122 6.93366342349964 -29.1667103659656 -5.03237415495209 -9.55157052032155 7.64786301783047 9.77310399723865 28.4061756356787 -3.30124737968436
"79" 1.36885709981073 -40.6001440316977 26.2951993405777 3.56647352812797 3.97090524206754 26.8041046799601 -5.24834260249963 -15.1973520702159 7.26617825475962 -31.3241364371074 -5.89599861901002 -11.2791063632249 8.4374784806954 10.6075563115278 32.1350002629406 -3.98224453275179
"80" 1.76998406460984 -42.7906993832412 26.1129248791003 4.58829118505309 4.02921516434287 28.3680281623517 -5.14883805128511 -15.1230343804527 7.53120378409224 -33.3103503248776 -6.78406643041535 -13.1353742307037 9.14525107097651 11.2611811681977 35.943436961772 -4.71843195185647
"81" 2.16064979802093 -44.4825314842219 25.3807024693351 5.71852699760439 4.04962241615658 29.7372283602899 -4.93337356462575 -14.7411182640658 7.71724126825418 -35.0783914297995 -7.67507321607195 -15.0811127985726 9.75212569161766 11.7276521765843 39.7359661712671 -5.49562778200925
"82" 2.52967764933857 -45.6226937194742 24.0884416731324 6.94161575125872 4.0264623612498 30.8760626947947 -4.60049557657931 -14.0526574990158 7.81495437229951 -36.5850051036573 -8.54605487417643 -17.0692532733228 10.2424254751222 12.0099158353109 43.4095482708162 -6.29646286046045
"83" 2.86618737030108 -46.1779646250716 22.2485838416451 8.23612327078445 3.95521274488033 31.7537712087169 -4.15333567410789 -13.0712370770875 7.81778267445445 -37.7917898598871 -9.37348932478722 -19.0467506392088 10.6043202576535 12.1189328668042 46.8580568388461 -7.10101470194058
"84" 3.16000993126005 -46.1363763009867 19.8966476782462 9.57500310726937 3.83298719803287 32.3455290361399 -3.59971906319151 -11.8225234335209 7.72243052969274 -38.6662308920281 -10.1342516056809 -20.9568019877333 10.8301229780193 12.0719953441865 49.9770228393354 -7.88759836852842
"85" 3.40209124518958 -45.5076867605658 17.0905602070061 10.9262202414156 3.65893748323856 32.6333121506368 -2.95203394656971 -10.3432025637458 7.52919065329733 -39.1826127706313 -10.8065730738379 -22.7413357379191 10.9164119915268 11.8907892773616 52.6684182308691 -8.63367486910283
"86" 3.58486649905882 -44.3227557394275 13.9087426145279 12.2537488365451 3.43452481413232 32.6065476123285 -2.22685522397035 -8.67935367034215 7.24207171543134 -39.3228043555464 -11.3709555056982 -24.3436410416471 10.8639849812941 11.5993795881211 54.8452075881632 -9.31683186168084
"87" 3.62934397118488 -43.8398736797008 12.8393562244064 12.6624513331626 3.35363554598479 32.5319667091107 -1.98455936243317 -8.12321330299892 7.1328712718918 -39.2870198368369 -11.5242309941825 -24.8037831724287 10.8192062517672 11.488252552286 55.4144278877338 -9.51630198767089
"88" 3.72562457730521 -42.0021966438026 9.31127787578407 13.8996545838445 3.06923382734107 32.0883473324441 -1.18856038855711 -6.2986644784296 6.73437632048537 -38.9183616908731 -11.9221259321587 -26.0868518600837 10.5921394015314 11.0890094906215 56.8070432214936 -10.084515597111
"89" 3.75248655278193 -39.749635410476 5.64867901372781 15.0224171897853 2.74701308080404 31.3361359747032 -0.365759847491063 -4.42003868902566 6.26468932976191 -38.1639485669089 -12.1799406865257 -27.0758439868951 10.2430438523846 10.634256428955 57.5468361514577 -10.5438800610063
"90" 3.70926678285213 -37.1656901898195 1.9700842408929 15.992704678848 2.39590546304646 30.2910354087314 0.458892221485371 -2.54757002733959 5.73835204802309 -37.0345681976951 -12.2908038207115 -27.7364139705678 9.7845418244795 10.1436999316745 57.6081043556442 -10.8793576480821
"91" 3.59767410575409 -34.3414736746963 -1.60540166813644 16.7760511197439 2.02637922942273 28.9761749385139 1.26021069032788 -0.7397711315175 5.17179711635006 -35.5501944874582 -12.2525512849941 -28.0452747978561 9.23174353449011 9.63338513975623 56.9877575411429 -11.0799218381071
"92" 3.42175812680188 -31.3710780775627 -4.96407100954275 17.3435568192708 1.64985237423332 27.4214447585298 2.01397471577241 0.949333519881748 4.58249966106635 -33.7398209514063 -12.0677916038353 -27.9914001077923 8.60162294223127 9.11538781388117 55.7053844374495 -11.1391219131037
"93" 3.18777892389159 -28.346904745099 -8.00340264097758 17.6737154944203 1.27802201027356 25.6626091487205 2.69809844026406 2.4727270327644 3.98806618969927 -31.6410322295187 -11.7437640291778 -27.5766560505435 7.91236561128952 8.59793428868716 53.8022637846334 -11.0554450536074
"94" 2.90398087247166 -25.3552371971946 -10.6372954810254 17.7539347932188 0.92216050549132 23.7402240219189 3.29370104060854 3.79252892198292 3.40532202313312 -29.2992872815976 -11.2919989942493 -26.8158258519761 7.18271470413021 8.08588421086006 51.3393919885002 -10.8324540079338
"95" 2.58027847712441 -22.4723245806081 -12.8003990817392 17.5816244731759 0.592433219531529 21.6983905909026 3.7860077393625 4.88160919374832 2.84945959786425 -26.7668956473062 -10.7277993373016 -25.7360198850874 6.43133911632668 7.58148195510057 48.3946492558807 -10.4786884035348
"96" 2.22786649759934 -19.7612102281573 -14.4512415978033 17.164747610931 0.297291918482586 19.5833826660826 4.16502200559682 5.72459100376864 2.33330622700528 -24.1016805145418 -10.0695686802396 -24.3754944430693 5.67624500118896 7.0852643377068 45.0592660008806 -10.0073286631814
"97" 1.8587705627869 -17.2694909363572 -15.5739267545014 16.5217610939999 0.0429925739978785 17.4421902208592 4.42592246836205 6.31817978277786 1.86676151924777 -21.3653389356518 -9.33801976253994 -22.7819320516501 4.93424861439783 6.59700582620553 41.4337805676678 -9.43563292214094
"98" 1.48535768334165 -15.028129693872 -16.1782627149869 15.6809106144574 -0.166723355666193 15.3210261739302 4.56915531571065 6.67079663145523 1.45644218984611 -18.6215294568942 -8.55530024433415 -21.0102636974043 4.22052470996007 6.11658789083685 37.6236970020564 -8.78416891681263
"99" 1.11982840013877 -13.0513720862473 -16.298291178693 14.6788898914319 -0.330758165634961 13.2638466099088 4.60021305492398 6.80153674017674 1.10555641070233 -15.9337393203277 -7.74407639337778 -19.1201375314777 3.54824082601013 5.64469541200515 33.7350576298941 -8.07587397968018
"100" 0.773713637307139 -11.3377395443722 -15.9892972003145 13.5589206623617 -0.450587201321753 11.3109365961791 4.52911206467218 6.73851686349826 0.814012348711557 -13.3630054755185 -6.92661611593417 -17.1731581452768 2.92828387148555 5.18326812978626 29.8701400907212 -7.33498649705143
"101" 0.457399552424761 -9.8719966366989 -15.3234906940788 12.3683554819636 -0.529994397993846 9.49761404811397 4.36960277298363 6.51671648655429 0.578747530835756 -10.9655838726749 -6.12391200616048 -15.230034311855 2.36908161692034 4.73566623493184 26.1234732856883 -6.58590076792461
"102" 0.17970276944942 -8.62792048910705 -14.3846506401924 11.1559457140966 -0.574636605266619 7.85310244690277 4.13816586624137 6.17545230166479 0.39424864135448 -8.79067779612569 -5.35488255639098 -13.347780172764 1.87651813087743 4.3065431082839 22.5783429152161 -5.85200355263805
"103" -0.0524836465907015 -7.57164358931186 -13.2621042748387 9.96894875970338 -0.591473845344638 6.39961937337102 3.85286405453303 5.75565211479079 0.253216692851524 -6.87834635520903 -4.63568552135166 -11.5771145371764 1.45393898954347 3.90145151926981 19.3039266217074 -5.15455405371176
"104" -0.234456191839911 -6.66530132586013 -12.0444688015441 8.85026838556951 -0.588114213863776 5.15172162866315 3.53213017652126 5.29711005086983 0.14732147791743 -5.2577170229024 -3.97917184920266 -9.960194897154 1.10223931194346 3.5262390088601 16.3531631538517 -4.51166917356022
"105" -0.363865619474268 -5.87069604730004 -10.8136070147784 7.83582781874702 -0.572129572114818 4.11593914408854 3.19357775341018 4.8359082154202 0.0679827396310912 -3.94562017181897 -3.39450180466565 -8.52880697746878 0.820025376391499 3.18631092362739 13.7614213574343 -3.93747227858694
"106" -0.440771802531572 -5.15269208592781 -9.63923766264452 6.95236580797246 -0.550400778207802 3.29071908215838 2.85291887883 4.40218008695865 0.00711417829039362 -2.94574844172894 -2.88693719407229 -7.30310765167087 0.603838802194616 2.88585351364009 11.5459951316552 -3.44145629829291
"107" -0.467585529082783 -4.48208118718503 -8.57459614558866 6.2158212342847 -0.528548663612071 2.66668881466899 2.52306646766169 4.01836803927426 -0.0422296168017482 -2.24841977299047 -2.45781527314648 -6.29098982044525 0.448431033385958 2.62711343788737 9.70641157464706 -3.02810097367183
"108" -0.448899568039565 -3.83770340694991 -7.65346394069729 5.63043339428077 -0.510499454972887 2.22723235777903 2.21348385659701 3.69809286262443 -0.0853542610741158 -1.83099118702057 -2.10470133357217 -5.48810383633099 0.347075131548991 2.40982375332146 8.22550303579192 -2.69676990882726
"109" -0.391216931307554 -3.20767134539074 -6.88878139546705 5.18863538668666 -0.498221456358976 1.94936002576242 1.92982555511935 3.4457092114385 -0.125612438679994 -1.65893273184292 -1.82170851146429 -4.87853309716593 0.291901639494199 2.23085075077393 7.07116117435544 -2.44189657590323
"110" -0.302589552071822 -2.58962062662704 -6.27293616723 4.87176076140076 -0.491654604657072 1.80483636335521 1.67389007262591 3.25657070895886 -0.164297929744365 -1.68752995902832 -1.59996544040814 -4.43608371004666 0.274245491327321 2.08411257436273 6.19866359688422 -2.25345057040249
"111" -0.192185328266646 -1.98999077657663 -5.7796882777111 4.65152315657269 -0.488837288512968 1.76151774820619 1.44388102611242 3.11797576447134 -0.200750096322352 -1.86414182908129 -1.42820538899969 -4.12611200944229 0.284991538415198 1.96079186779207 5.55344220923325 -2.11765744822333
"112" -0.0698053573776747 -1.42242142789291 -5.3675632325112 4.49216993203936 -0.486217156856981 1.78483934176393 1.23494820191445 3.01071408308599 -0.232653832166946 -2.13090223599102 -1.29344485212823 -3.90778156551096 0.314907221134774 1.84983366898223 5.07414775060715 -2.01792870705685
"113" 0.0546240090274068 -0.905422429996179 -4.9844276868007 4.3531586271265 -0.47911610089858 1.83938219925926 1.03995795816832 2.91108847565647 -0.256503072528957 -2.42772055630849 -1.1817155383751 -3.73661539113527 0.354952146793494 1.73868959753736 4.6958575042645 -1.9359441925626
"114" 0.171558135224188 -0.459536769707483 -4.57286769213897 4.19216390375732 -0.462305705961398 1.89044606215725 0.850424222672473 2.79325060940846 -0.268181907877718 -2.695412575521 -1.0788115687144 -3.5671912384787 0.396555807367037 1.61424308391042 4.35327301538564 -1.85281859734823
"115" 0.272313793426633 -0.1042571901462 -4.07592572167596 3.96819601842435 -0.430639489832231 1.90555219651992 0.657518918104643 2.63166580508823 -0.263607365837487 -2.87878005422408 -0.971013632354015 -3.35581957300747 0.431856329124798 1.46383062113 3.98376160917724 -1.75027770204906
"116" 0.349496570682732 0.145022531450195 -3.44272511065265 3.64460227404925 -0.379683107846461 1.8558038872286 0.453075030653054 2.40351290559693 -0.239372883949315 -2.92945650719457 -0.845753878233154 -3.06304578769777 0.453894929311332 1.27626278039497 3.53010910456032 -1.61176918991987
"117" 0.397353671127462 0.279744158365247 -2.63352174749707 3.19173131096341 -0.30628388152212 1.71703982128611 0.230497218759865 2.09083146156763 -0.193331819100607 -2.80834893132214 -0.692189371533004 -2.6558305320068 0.456762637267303 1.04274712190954 2.94287059709677 -1.42343742715457
"118" 0.412033759703718 0.300358620037514 -1.62377203872347 2.5890660097084 -0.209026487469771 1.47072725088833 -0.0144962945123552 1.68224957614848 -0.125065982186371 -2.48752968273311 -0.501657799778968 -2.10928396465897 0.435697760964217 0.757623337203768 2.18223049957305 -1.17490131813247
"119" 0.391740535153872 0.217733424894504 -0.406889202928141 1.82667216879054 -0.0885319269840465 1.10455686137561 -0.283361564983579 1.17416002777509 -0.0361946227155272 -1.9514678870446 -0.267996434590941 -1.40785986837 0.387134500866779 0.418838165267061 1.21931091349688 -0.859788530833612
"120" 0.336772566265381 0.053654866593206 1.00453022808597 0.905863635933201 0.0524289578685853 0.612718747942381 -0.574487231200919 0.571256932792949 0.0695064262208831 -1.19753318784797 0.0122862972923485 -0.545951827305544 0.30870499958047 0.0281121177708883 0.0368974266420992 -0.475997001871292
"121" 0.249448256784603 -0.1596385087214 2.57910060863742 -0.160954209890406 0.209019449573987 -0.00414230879800925 -0.883240430533533 -0.113603460049944 0.186188878807016 -0.23575311712375 0.339988430969925 0.472126479668077 0.199198884502096 -0.409220553713567 -1.37041798610335 -0.0256742999627022
"122" 0.133921252841674 -0.380874514637071 4.26861928653852 -1.35123687733903 0.374612682603072 -0.73927525870613 -1.20229269784431 -0.860200514854114 0.306214925990972 0.912144744987927 0.713334276192654 1.63275423385494 0.0584859929076629 -0.884685841698683 -2.99664771323114 0.48507435600186
"123" -0.00410218583147071 -0.56202320174998 6.0114450135643 -2.63396215994726 0.541236245157108 -1.5804403289203 -1.52219438227235 -1.64233643234638 0.420617089681954 2.2143271478003 1.12822127667141 2.91414861909288 -0.112590640324271 -1.38741480247245 -4.82531668554111 1.04671949175099
"124" -0.157726742576642 -0.65126559586497 7.73699803169438 -3.97186014272938 0.700147722473218 -2.51074608713429 -1.832145293454 -2.42969841036393 0.519697771748412 3.63096590350688 1.5785717700528 4.28794760251185 -0.312343340208486 -1.90508982588517 -6.83078877653861 1.64703566927346
"125" -0.319290766181894 -0.59643550374858 9.37100933213151 -5.32403007165613 0.842491661290182 -3.50964492212916 -2.12089323993769 -3.19004561435668 0.593719263499437 5.11671243566616 2.05676212311687 5.72110961744329 -0.5383809536402 -2.42500327910921 -8.97991444762192 2.27196543587343
"126" -0.480822965201014 -0.348677751961077 10.8410909489303 -6.64873631824867 0.959981322064436 -4.55401873172241 -2.37768217872667 -3.891547904851 0.633627328466588 6.62336280135651 2.55409829183941 7.17799233002734 -0.787753348291233 -2.93512824952541 -11.2338909984865 2.90655177937151
"127" -0.634505879957715 0.133949457053859 12.0821798676116 -7.9061669207349 1.04554651616968 -5.61928435675713 -2.59316861159937 -4.50509461654565 0.63174876358643 8.10253206208426 3.06130559038729 8.62246579764906 -1.0570901213363 -3.42509943925643 -13.5502218042711 3.53586937920045
"128" -0.773118489780245 0.883194137832106 13.0414261252763 -9.0609470854115 1.09389193113839 -6.68045103307099 -2.76022878603794 -5.00639772817112 0.582405721450073 9.50816254439496 3.56900138981155 10.0199189498162 -1.34272503756418 -3.88701029248568 -15.8846627631156 4.14588784227817
"129" -0.890431473532431 1.91789110631453 13.6821485799246 -10.0842255164125 1.10191826981094 -7.71306959397066 -2.87458969938757 -5.37773358473487 0.482396732464338 10.7987089740063 4.06812249435984 11.3390319312748 -1.64079886723201 -4.31594935718567 -18.1930525903463 4.72420808819879
"130" -0.981531351135914 3.24199766569382 13.9865642922032 -10.9551909362344 1.06897048296895 -8.69402472334627 -2.93523281342368 -5.60919896985843 0.33130558407035 11.9388730094061 4.55028379592068 12.5532091651839 -1.94733493441953 -4.71022306785062 -20.4329379104602 5.26062533960794
"131" -1.04305387663248 4.843519956813 13.9571017542512 -11.6619260426105 0.996892247861751 -9.60213631468059 -2.94453925767948 -5.69939780096274 0.131613432729381 12.9007978292407 5.00805109188173 13.6415971053575 -2.25828374821131 -5.07124130838429 -22.564923272108 5.74748765087861
"132" -1.07331240241831 6.69439864185915 13.6162248834335 -12.2015619570057 0.889882274018419 -10.4185527543145 -2.90816731185623 -5.65552043001207 -0.11139454082479 13.6646769600993 5.43511817553826 14.5896441447985 -2.56953550066953 -5.40307350074454 -24.5536989029752 6.17983622447355
"133" -1.07231322543669 8.75135308921199 13.0048136139076 -12.5797530956152 0.754164542145872 -11.1269364136358 -2.83467516201017 -5.49282460415407 -0.389920348808758 14.2187769762736 5.82638591668888 15.3891953641141 -2.87690183910402 -5.7117137004816 -26.368723647789 6.55533146287053
"134" -1.04165681745326 10.9576167946479 12.1792580461206 -12.8095455892089 0.59749979756316 -11.7134584321111 -2.73492241105669 -5.2335716751013 -0.6941194774449 14.558917460552 6.17794847474374 16.038149015425 -3.17607103244515 -6.0041204118661 -27.984565417948 6.87398532999214
"135" -0.984330958878559 13.2454385270239 11.2075175057798 -12.9097575596725 0.428578242955041 -12.1666347105056 -2.62130090172036 -4.90551018844235 -1.01270644692826 14.6874903612556 6.48699848104593 16.5397322723511 -3.46254326585691 -6.28711815565021 -29.3809249177284 7.13773486793798
"136" -0.904408734460276 15.539177740744 10.1644663856196 -12.9030232876457 0.256342441763479 -12.477046768933 -2.50685774990143 -4.54002870672048 -1.33365413250414 14.6121317622692 6.75166851479958 16.9014786601401 -3.73155516458402 -6.56626135687338 -30.5423888144578 7.34990255668527
"137" -0.806670720633747 17.758792000127 9.12689049840537 -12.8136732142475 0.0892942888921198 -12.636998873392 -2.40438022021021 -4.17011867404653 -1.64493547710794 14.3441799717075 6.97083010330084 17.1340070356164 -3.97800457087374 -6.84476575124427 -31.457974529003 7.51459589990554
"138" -0.696176079169845 19.8234998482603 8.16850878795321 -12.665626737049 -0.0651597180010413 -12.640166026709 -2.32551286826151 -3.82829540271359 -1.93525457001488 13.8970634612647 7.1438735570307 17.2497110048716 -4.19638791018568 -7.12260793954874 -32.1205393964992 7.63610082097875
"139" -0.577811338931951 21.6554046249166 7.35537623201708 -12.4804651409195 -0.201274635417519 -12.48128584547 -2.27997241072921 -3.54462089524168 -2.19471651116163 13.2847602108945 7.27049210045107 17.261467929944 -4.38076304833012 -7.39588047440702 -32.5261314281997 7.71832116041332
"140" -0.455848068360183 23.1828816634034 6.74197782510964 -12.2758292176777 -0.315402209181343 -12.1559411641701 -2.274915750025 -3.34495729099308 -2.41539164130306 12.5204570089786 7.35049203107701 17.1814685628633 -4.52475019639542 -7.65646921480538 -32.673357110456 7.76431020617019
"141" -0.333541194441636 24.3435604712613 6.36825589184627 -12.0642527120481 -0.40626342598938 -11.6604699373013 -2.31450255098707 -3.24955604989555 -2.59173889240674 11.6155146366805 7.38364721982043 17.0202528709851 -4.62158212439601 -7.89209349622251 -32.5628338586102 7.77593043787056
"142" -0.212798267676021 25.0867714671595 6.25773049450618 -11.8525019887975 -0.475039894166912 -10.99202549141 -2.399677119138 -3.27205803442757 -2.72086432128404 10.5788147435305 7.36961147110924 16.7860163355581 -4.66421260772293 -8.08672026651993 -32.1967816199613 7.75366548035527
"143" -0.0939464607589571 25.3753697734273 6.41678294445865 -11.641447999983 -0.525279421594291 -10.1487944854473 -2.5281765709376 -3.41894617138678 -2.80260334356186 9.4165291743534 7.30789650150496 16.4842258254575 -4.645488718921 -8.22133317964062 -31.5787908063649 7.69659472366038
"144" 0.0243813629498391 25.1868925647886 6.83508317584347 -11.4264525947428 -0.562624977481391 -9.13036333291279 -2.69475494570179 -3.68945825739593 -2.83942776587031 8.13231542641188 7.19791704726254 16.1175572260836 -4.55838834975879 -8.27500923405205 -30.7137836602924 7.60252730755019
"145" 0.145227386027955 24.5140480158898 7.48706010980004 -11.1982110474173 -0.594388880124143 -7.93820764469137 -2.89159737226055 -4.07593539555364 -2.83619050075073 6.72790569427661 7.03909837465108 15.6861404857555 -4.39631939628427 -8.22623109730284 -29.6081649687367 7.46827929044957
"146" 0.273150835597562 23.3645700786074 8.33424612851923 -10.9439594654486 -0.629004651046671 -6.57626477911481 -3.10888582268194 -4.56455381909109 -2.79973103339523 5.20402434077596 6.83103573350468 15.1880736799285 -4.1534716162991 -8.05434460877495 -28.2701374735261 7.29006677297002
"147" 0.41393520648171 21.7605020977717 9.32827676721627 -10.6489317466448 -0.67539685737222 -5.05153802351197 -3.33546918093793 -5.13636624239916 -2.73837270309772 3.56154197245087 6.57369050372881 14.6201478100629 -3.82520659873347 -7.7410593971772 -26.7101390730641 7.06397930029198
"148" 0.574174509721956 19.7369925536323 10.4142972344498 -10.2979373785238 -0.742314007207426 -3.37467326487786 -3.55958576845819 -5.76856446310831 -2.66134827103983 1.80275542644949 6.26760430043555 13.9787096907748 -3.40846599485999 -7.27188673600676 -24.941344503437 6.78649253990443
"149" 0.760761846365881 17.3406978461035 11.5345190061398 -9.87692901073751 -0.837670977305265 -1.56044595474191 -3.76958616339584 -6.43586815833623 -2.57819292660599 -0.0673268913328684 5.91411037846865 13.2605822675832 -2.90217358987815 -6.63741277838153 -22.9801648330904 6.45497727242764
"150" 0.976362522630893 14.6752109899717 12.6139381276962 -9.3834984743753 -0.96546851089397 0.338955320705281 -3.95179146905843 -7.10078338988933 -2.49940156653538 -2.00627450499815 5.52249507131592 12.4778382935401 -2.31818541530285 -5.8490277225651 -20.8834039511385 6.07504151626199
"151" 1.23183779475505 11.7363271459944 13.6288748973902 -8.79811481764045 -1.13309061145418 2.34875901477017 -4.10199854755092 -7.75528753028084 -2.43104347822211 -4.05038601756678 5.08634730200083 11.6112001091169 -1.64600181262793 -4.89128439731576 -18.6214581152053 5.6377999989345
"152" 1.52954800551584 8.61490707362555 14.5227995264786 -8.1218881264831 -1.34172217966051 4.42425161417987 -4.21086536732992 -8.36925175949636 -2.38079507592661 -6.16352147351154 4.61361505369428 10.6705881541639 -0.897225199701495 -3.78090454939002 -16.2403724977485 5.14890481565089
"153" 1.87176183380473 5.38150289124496 15.257479592251 -7.35673059607052 -1.59108429171232 6.53382227525435 -4.27295352130864 -8.92120472225088 -2.35391586659256 -8.3215591483854 4.11000474621642 9.6621255528662 -0.0813131896107109 -2.53486598830841 -13.7712866710208 4.61281788744964
"154" 2.25840135568842 2.10759714849155 15.8041315363034 -6.5096625713777 -1.87834494113883 8.64249119037095 -4.28507890234619 -9.39296489292428 -2.35375090684826 -10.49505671324 3.5823512229349 8.59519636510959 0.789446486801893 -1.17647826250732 -11.2487225202458 4.03607723988534
"155" 2.68675912797585 -1.13643557198066 16.1440974702537 -5.59256095261935 -2.19820630008434 10.7127935653909 -4.24633615251719 -9.77019598853212 -2.38159992144669 -12.6498555825156 3.03848259773963 7.4823563495811 1.70012541013458 0.265446183803306 -8.70992706318793 3.42715503054933
"156" 3.15137523358112 -4.28324007561969 16.2688864738266 -4.62157479826965 -2.54314254898486 12.7058880352108 -4.15799137137765 -10.0427203974473 -2.43671278175512 -14.7480819454054 2.48701434876534 6.33900229808933 2.63349644587117 1.75773397973899 -6.19397250227121 2.79618707560439
"157" 3.64409164747667 -7.27022757412033 16.1796486728445 -3.61626489607352 -2.90377125330366 14.5828410298366 -4.0232620363081 -10.2046019821796 -2.51640616042914 -16.7494911130184 1.93708275469294 5.1828259252361 3.57052313806508 3.26423939024517 -3.74065111397431 2.15459199737234
"158" 4.15428898076681 -10.0411254443634 15.88617952191 -2.59854032350813 -3.2693332721517 16.3060233259384 -3.8470086608495 -10.2540217283513 -2.61628934061171 -18.6130758345203 1.39803238142554 4.03309355070087 4.49098072613438 4.7473986118016 -1.38922077679672 1.51460527601739
"159" 4.66929734627939 -12.5472998869745 15.4055703661679 -1.59147478090654 -3.62824999289535 17.8405436580879 -3.63536595213282 -10.1929785471139 -2.73058126776596 -20.2988389255738 0.879075860096236 2.90980435984966 5.37418252951764 6.16985999870099 0.822928824320115 0.888758650777163
"160" 5.1749597982577 -14.7488239172235 14.760629454654 -0.618088506671484 -3.96872260235267 19.1556378578698 -3.39534214365267 -10.0268529713458 -2.85249629650068 -21.7696174170683 0.388946384706742 1.8327871674046 6.19977611597733 7.49609731113151 2.86161024205285 0.28933820205566
"161" 5.65631468049287 -16.6152656411286 13.9781959320208 0.29982180031584 -4.27933636195633 20.2259312217177 -3.1344139755995 -9.76387365559185 -2.97467291512605 -22.9928404443913 -0.0644359620705472 0.820797995445901 6.94856637944781 8.69391586054508 4.69709046874777 -0.272145063310745
"162" 6.09835335284936 -18.1261755094501 13.0874594075217 1.14273168802174 -4.54963352138827 21.0324969567716 -2.86014181486405 -9.41452591209645 -3.08961814883531 -23.9421066574077 -0.474263817428437 -0.109321557050862 7.60331817382533 9.7357698087701 6.30518253446644 -0.785440137093246
"163" 6.48680310444632 -19.2712569852019 12.1183814130181 1.89425651984038 -4.77062148601544 21.5636444175032 -2.57982509260034 -8.9909385220999 -3.19014045999965 -24.598478783169 -0.835090185669969 -0.94337182714662 8.14949009442029 10.5998221950099 7.66810719095338 -1.24196841759112
"164" 6.80888231109236 -20.0502132517759 11.1002945468485 2.54179491340528 -4.93518793755686 21.8153867577448 -2.30021307650043 -8.50628039525827 -3.26974572166561 -24.9514122425473 -1.14300984541774 -1.67036542013375 8.57585363481087 11.2706965743307 8.77507020075427 -1.63514128730458
"165" 7.05397638747399 -20.4722732542987 10.0607325204087 3.07692351944843 -5.03840141253659 21.7915574663682 -2.02728048167364 -7.97419296023781 -3.32297414385749 -24.9992599274922 -1.39576483154065 -2.28291020277538 8.874958271865 11.7398892315218 9.62251974343417 -1.96056755028258
"166" 7.21418879956411 -20.5554130693254 9.02452165769182 3.49553725982423 -5.0776838813903 21.5035675549279 -1.76607201086017 -7.40827804394121 -3.34566065760846 -24.7493244328587 -1.59276950322396 -2.77738922385834 9.04341262974999 12.0058324033914 10.2140700337295 -2.21614316068735
"167" 7.28473087268742 -20.3253024801484 8.01314332030051 3.79774660117118 -5.05285056102915 20.9698181939583 -1.52061498535102 -6.82165494377477 -3.33510689295017 -24.2174599120337 -1.73505609136487 -3.1539365742683 9.08196403265578 12.0736203182314 10.5600996279554 -2.40202357246744
"168" 7.26412653647338 -19.8140205305203 7.0443585108319 3.98755852706563 -4.96602090270946 20.2148055428679 -1.29389507283327 -6.22659479306594 -3.2901591306643 -23.4272558666503 -1.8251467603269 -3.41622211552385 8.99537246569763 11.954429700208 10.6770542315171 -2.52048651385121
"169" 7.15422236751641 -19.0585963985063 6.13207139051292 4.07237968974277 -4.8214127971024 19.2679736317137 -1.08788692809571 -5.63423542362489 -3.21119301132391 -22.4088622168888 -1.86686272663371 -3.57107005756188 8.79208905715021 11.6646833386112 10.5865023970009 -2.57569952102858
"170" 7.02480864469368 -18.3970906482959 5.52515084782772 4.07438818353148 -4.68710576380087 18.4984213826478 -0.954974152233376 -5.2212957808531 -3.13552851898572 -21.5676826955271 -1.86976753993861 -3.62085851968732 8.58352127063125 11.367070222295 10.4104412117022 -2.57961857427654
