"V1" "V2" "V3" "V4" "V5" "V6" "V7" "V8" "V9" "V10" "V11" "V12" "V13" "V14" "V15" "V16"
"1" -3.61906479662423 13.6902610601851 -2.71180099722187 -4.12352162306979 5.25948564829457 -14.1770450663359 0.26974376980877 2.96264816527855 3.8795728223493 15.6174825672892 1.93775698599404 4.02946506559965 -5.36337358209536 -9.8976320527679 -9.93857202639083 2.23310064500401
"2" -4.05321654273951 14.250219495189 -3.49743978502829 -3.92272000641969 5.5093136525096 -14.8513004210271 0.461273361810186 3.49459062551387 4.13385344949484 16.5243643822844 1.82651600821623 3.66110132567701 -5.77783174069806 -10.5191612306678 -9.52409177239133 2.13886771913531
"3" -4.49312179920514 14.7015850368853 -4.37955543443286 -3.63318584142053 5.71464606889168 -15.4453796701772 0.682530911086928 4.07989541421648 4.35809960267879 17.3740252456548 1.66753716436642 3.17560048324958 -6.17702817305022 -11.0934911618913 -8.89877065388464 1.99199144988961
"4" -4.80194353601109 14.9508284501539 -5.05609038112016 -3.37765435651727 5.82935528626319 -15.8150355245079 0.855666527710241 4.52287002604226 4.49405258855539 17.9371456337228 1.52737505174741 2.76595784270467 -6.44562279581739 -11.4644028028454 -8.33514636783002 1.8567368626027
"5" -5.22800271777862 15.2026874283729 -6.07933295128078 -2.95046443318552 5.94477622535504 -16.268256170843 1.12205027899859 5.18603284811024 4.64903922036173 18.6803926676998 1.29262213284233 2.10186514584711 -6.80094893879448 -11.9316668447786 -7.38047745915355 1.62287160589767
"6" -5.63354221634756 15.3381678159662 -7.17176610173101 -2.45432590131259 6.00202284273877 -16.6460965353444 1.41135925203946 5.88759114711956 4.75495354369353 19.3658821909692 1.01897345887164 1.35076183764613 -7.12255884713196 -12.3244408393546 -6.26183352829685 1.34201744270104
"7" -6.00777512633033 15.3611376714553 -8.31761518922531 -1.90232658294099 5.99772125815184 -16.9563606964873 1.71930342389373 6.61836997234968 4.80578279446782 19.9977670630474 0.713247233032689 0.532794884275063 -7.40369784869419 -12.6327402178442 -5.01330172776034 1.01995833836554
"8" -6.33986820995614 15.2791222676042 -9.49843592187653 -1.31014971599143 5.92955465337604 -17.2094937291718 2.04072327676693 7.36721266586528 4.79644474169868 20.5818370600409 0.38411390284341 -0.327432389189198 -7.63789268431395 -12.846660371403 -3.67751015833528 0.664491496398114
"9" -6.61935910423023 15.1029585518008 -10.6937706206481 -0.695367586044085 5.79624902012461 -17.4178216189071 2.36976506559131 8.12121074712968 4.72295769017558 21.1247987534102 0.0418476152333369 -1.20167142384889 -7.81912101467503 -12.9563927470981 -2.30430990095374 0.285219876204792
"10" -6.83659009576598 14.8463410793147 -11.8819571897275 -0.0766121131991895 5.59753289035029 -17.5946797683014 2.70010118126561 8.86605552714991 4.5825753986409 21.6335025047788 -0.302012609523672 -2.05907682934048 -7.94200202390547 -12.9523289772214 -0.949014174449985 -0.106754227235797
"11" -6.98313632852398 14.5252989060482 -13.0410502083414 0.527324538616085 5.33408393284628 -17.7534975634073 3.02518444826796 9.58650690264858 4.37388387608206 22.1141874349846 -0.635078172567773 -2.86744663403078 -8.00200722176641 -12.8252870347137 0.329734029055544 -0.499223114951747
"12" -7.05220521176489 14.1576420579158 -14.1498031160099 1.09840060544775 5.00747564347017 -17.9069087686782 3.33852248141216 10.2669663924917 4.09685934723291 22.5718136549599 -0.944584777452746 -3.5945969287859 -7.99568715627112 -12.5668836713544 1.47237335413956 -0.879338904167525
"13" -7.0389841987261 13.7624107897855 -15.1886531610771 1.62018699237342 4.62013596707044 -18.0659533416872 3.63395641930856 10.892132883645 3.75288875085582 23.0095424415372 -1.2179040484275 -4.20980481284641 -7.92090580457653 -12.1700627530099 2.42100628415938 -1.23412992570957
"14" -6.94091602749631 13.359351825984 -16.1406473233455 2.07862544760246 4.17532668531345 -18.2394261586317 3.90592760076402 11.4477113432995 3.34475575400435 23.4284102523184 -1.44307023557212 -4.68524863236962 -7.77707038324024 -11.6297706027026 3.12203388604394 -1.55104533070698
"15" -6.75788389628769 12.9684345516707 -16.9922482631337 2.46263523714879 3.67714809344966 -18.4334132974043 4.14971612830345 11.9211376073581 2.87659630396746 23.8272230166308 -1.60929869072243 -4.9973733809602 -7.5653406829484 -10.9437486983047 3.52872063894756 -1.81850316621421
"16" -6.49229366724671 12.6094083671505 -17.7339645898128 2.76453284467607 3.13056833708845 -18.6510385859144 4.36163674812497 12.3022769147437 2.35382813973234 24.2026750640316 -1.70747316150801 -5.12811163002334 -7.2887993207126 -10.1133930897909 3.60356811918609 -2.02641647111159
"17" -6.14904576220783 12.3013918695406 -18.3607591681284 2.98024365061974 2.5414713482545 -18.8924240077015 4.53917996936389 12.5840507413532 1.78305846723396 24.5496746569347 -1.73058020188819 -5.06589613705728 -6.95256297681709 -9.144610969101 3.32038246718002 -2.16667226764548
"18" -5.73539557558388 12.0624767327718 -18.8722022266147 3.10930018473664 1.91671225777498 -19.1548492195716 4.68108966851059 12.7629461891165 1.1719732618985 24.8618377113407 -1.6740709877713 -4.80640891980147 -6.56381509495765 -8.04859023402605 2.66593107349036 -2.23353961089742
"19" -5.26070753646422 11.9093253115661 -19.2723518824432 3.1546370357737 1.26416504973645 -19.433079650677 4.7873723506541 12.8393650690268 0.529210559956056 25.1320949838541 -1.5361334276231 -4.35302261652396 -6.13174290106156 -6.84238968379941 1.6410982819325 -2.22398508370679
"20" -4.73611401118126 11.8567417399281 -19.5693622599156 3.12220656035788 0.592744618795678 -19.7198208492132 4.8592374907289 12.8177760156868 -0.135781156343825 25.3533474312294 -1.31786058154285 -3.71690293359279 -5.66736592852197 -5.54925732252059 0.26146775766756 -2.13787725439761
"21" -4.17409561137072 11.9172016862203 -19.7748374839593 3.02045106673722 -0.0876153206621666 -20.0062498280772 4.89897267486344 12.7066424188843 -0.812899555510654 25.5191005891256 -1.02330499866866 -2.91675549729553 -5.18324939005629 -4.19859307001752 -1.44271974851654 -1.97806564751954
"22" -3.58800383865753 12.1003353902288 -19.9029671775197 2.85967532005634 -0.766045610637207 -20.2825725076063 4.90976131423963 12.518111309897 -1.49156099389046 25.6240120051775 -0.659412632589465 -1.97821607808874 -4.69310330740458 -2.82549022106787 -3.42726037740067 -1.75032469867438
"23" -2.99155006268347 12.4123710427639 -19.9694944828088 2.65136755643834 -1.4308998890225 -20.5385597453846 4.8954542545564 12.2674630030524 -2.16089034116303 25.6642955741763 -0.235834489243643 -0.932899541825464 -4.21127680444886 -1.46981656266416 -5.63533307555917 -1.46315892931307
"24" -2.403680042014 12.850896358138 -19.990545423505 2.40988227145135 -2.06428174213033 -20.7621206332551 4.86071367024374 11.975192940653 -2.80409443251361 25.6384891189559 0.230878247732562 0.172411970946996 -3.75623586993689 -0.186309969923514 -7.97727251813922 -1.13073779156548
"25" -1.82202315799532 13.4265831994308 -19.9816641493517 2.1404247658611 -2.67000051095408 -20.9489317296293 4.80881051003735 11.6523011344671 -3.42688892128373 25.5449393347171 0.739366251060801 1.32766542245372 -3.33021052388912 1.01281692532257 -10.4400829191181 -0.756735264498275
"26" -1.26862119911493 14.1256697929457 -19.9560085982193 1.85822118204305 -3.22462190265583 -21.0856588225593 4.744510445895 11.3231654173278 -4.00753783140138 25.3849250361191 1.26627310656613 2.47273560259055 -2.95391738654956 2.06000730521282 -12.9027980324681 -0.360930722818011
"27" -0.753958285357498 14.9351161723307 -19.9244601651644 1.57350350925662 -3.7163371760447 -21.1639297886472 4.67174269453699 11.0066262246255 -4.53603683822107 25.1611204712967 1.79486405118496 3.56604827901901 -2.6381445334957 2.91314394900792 -15.2810770555152 0.0413879178813659
"28" -0.286628607866191 15.8360857429743 -19.8940745697237 1.29498936970049 -4.1345318903069 -21.1763467393521 4.59379118073662 10.7193605251659 -5.00332006134335 24.8769298920884 2.30817878837888 4.56833610720059 -2.39103414610923 3.53585906801345 -17.4924444858516 0.434916249694652
"29" 0.126893357131621 16.8039671943579 -19.8674818581903 1.02969013407528 -4.47031479656448 -21.1164776594642 4.51311187034344 10.4747180994564 -5.40153293157201 24.5358608431338 2.78972950237721 5.44451123590261 -2.21754785527077 3.90009280061849 -19.4600062879945 0.805083377359551
"30" 0.482377185126666 17.8086823456424 -19.8425855197111 0.782856118863492 -4.71701847221641 -20.9787941726549 4.43121056369819 10.2817183225143 -5.72429144349101 24.140877042727 3.22419134816801 6.16536663621082 -2.11907438315902 3.98838969442704 -21.1159993103975 1.13877812918508
"31" 0.777853600884214 18.8153127994656 -19.81258695632 0.558044206351042 -4.87063299515921 -20.7585877412334 4.34858841701725 10.1442871154177 -5.96691396177522 23.6938046266946 3.59805012580409 6.70900594050181 -2.09321453920126 3.79574085735248 -22.4049740696137 1.42500807344913
"32" 1.01352826938341 19.7850582541178 -19.7663408331509 0.357285035481254 -4.93013495254945 -20.451896353024 4.26475819159759 10.0608024192834 -6.1266107017793 23.1948623051376 3.90017213960073 7.06191120717995 -2.13376946199114 3.33079566703555 -23.2864191334957 1.65544938282983
"33" 1.19160145598403 20.6765158659391 -19.689025472996 0.181321405003473 -4.89767841707283 -20.055469741978 4.17832978312435 10.0239992494235 -6.2026161602727 22.6423758960054 4.1222638227523 7.21957426017616 -2.23094636975543 2.61629894080625 -23.7366570269951 1.82485012101824
"34" 1.31600721160464 21.4472450030898 -19.5630918218794 0.0298869816542719 -4.77862208121871 -19.5667940251988 4.08715922565284 10.0212629426223 -6.19625127484238 22.0327216192536 4.25919365496111 7.18663975317031 -2.37178269178671 1.68865588871677 -23.7498768243713 1.93125709363085
"35" 1.39208922923513 22.0555571428458 -19.3694359435149 -0.0980051898095553 -4.58137708629988 -18.9841871888216 3.98855136098746 10.0353129632622 -6.11090499565742 21.3605218495982 4.30915609591648 6.97653592897404 -2.54077513290935 0.596585279057763 -23.3382161908339 1.97604674714967
"36" 1.42623289107917 22.4624485769045 -19.0887246875209 -0.203791776959406 -4.3170725191012 -18.3069661559798 3.879502953577 10.0452513192758 -5.9519291401387 20.6190935232867 4.27366635353019 6.61060069398809 -2.72068596023428 -0.601112906130311 -22.5308630831605 1.96375310962321
"37" 1.42547421060431 22.6335758960522 -18.7027930957593 -0.289127968353569 -3.99904913179273 -17.5356753354499 3.75697041756257 10.0279213385811 -5.72644562740342 19.8011251160201 4.15738524742346 6.11674406288512 -2.8934855963285 -1.8385803523779 -21.3722109600385 1.90169962975779
"38" 1.39710636906386 22.5411624987919 -18.196025977305 -0.355711286047153 -3.64220547080618 -16.67235665106 3.61814466398255 9.95949646934605 -5.44307105525576 18.8995351617132 3.96778447734869 5.52772083947639 -3.04137944944517 -3.04655278613154 -19.9191665723411 1.7994559535
"39" 1.34830345534192 22.1657197294462 -17.5566352737005 -0.405168094021064 -3.26223311206775 -15.7208330408048 3.46071497093521 9.81719711567257 -5.11156961467361 17.9084456909541 3.71467340257868 4.87911694883951 -3.14785870071958 -4.15642299668934 -18.2377709929497 1.6681540334539
"40" 1.28577895697106 21.4974693070226 -16.7777494198353 -0.439002908678958 -2.87478795113509 -14.6869720314148 3.28310426786948 9.5810182801697 -4.74245096912517 16.8241894723196 3.40961807467284 4.2071765259825 -3.19871023393171 -5.10445140681941 -16.3993471779577 1.51970933406847
"41" 1.21549371633785 20.5373644894071 -15.8582405997231 -0.458603783767103 -2.49465149530249 -13.5788937319458 3.08465977996389 9.23534356672735 -4.34653442143915 15.6462618959272 3.0652908736156 3.54661235690583 -3.18292052738201 -5.83583486824227 -14.476426065492 1.36600121532683
"42" 1.14242466841858 19.2976254170644 -14.8032300332643 -0.465291568212706 -2.13493908526323 -12.407088656355 2.86578551486264 8.77032293721277 -3.93450393661121 14.3781275691977 2.69479393573192 2.9285477530575 -3.09341236639472 -6.30833936022145 -12.5387239488809 1.21807097327837
"43" 1.07040193984449 17.8017282638139 -13.624229363314 -0.460397171889781 -1.80641049890221 -11.1844150994443 2.62800644646723 8.18290287872424 -3.51648000689065 13.027798441607 2.31100110350326 2.37873234292783 -2.92756158275702 -6.49522007795895 -10.6494439099952 1.08539592947636
"44" 1.00201804436506 16.0838167503243 -12.3388968091358 -0.445349345354771 -1.516932397358 -9.92595301445817 2.3739582693222 7.47741793413479 -3.10163368342293 11.608114175318 1.9259611169482 1.91615740333509 -2.68745330871261 -6.38719275296353 -8.86215245120184 0.975293187933858
"45" 0.93860916467429 14.1875364833895 -10.9704088278322 -0.42175590849547 -1.27113188214025 -8.64870090196382 2.1073010328073 6.66568072622613 -2.69786534385324 10.1366755777244 1.55039926962536 1.55216904317058 -2.37985273014334 -5.99328074830373 -7.21844004430386 0.892497414984973
"46" 0.880305042572218 12.1643255337613 -9.54647034223581 -0.391463649937577 -1.07026677374745 -7.37111338050227 1.83255956585094 5.76654182802031 -2.31156605123499 8.63540674850265 1.19334615856405 1.2901415451779 -2.01588309375836 -5.34043950252317 -5.74651396911941 0.838943873110111
"47" 0.826140972682197 10.071226664646 -8.09800792175611 -0.356585881561841 -0.912322131256133 -6.11248902269017 1.55489810965219 4.80492867126395 -1.94747308379209 7.12974930628388 0.861911160252021 1.12573112115206 -1.61042259592577 -4.47194768033887 -4.46079814758559 0.813771918634302
"48" 0.774222900702057 7.96831575456235 -6.65760947640592 -0.319491372860284 -0.792325313266815 -4.89222981962348 1.2798407308519 3.81041134619318 -1.60862389482386 5.64752053377515 0.561205807128772 1.04768550797598 -1.18125047526959 -3.44464621015004 -3.36253371962812 0.813546558652888
"49" 0.721934751703657 5.91586551167711 -5.25779003843218 -0.282753508066889 -0.702854971021225 -3.72900441818183 1.01295265839258 2.81537964611834 -1.29640507511073 4.2174943067489 0.294409426086986 1.03914094423817 -0.747989832375993 -2.32519493676909 -2.44129274997613 0.832677885875455
"50" 0.666175876596867 3.97138211396305 -3.9291752112822 -0.249063420418679 -0.634704212887414 -2.63985628571572 0.759500468083843 1.85294715987129 -1.01068555552814 2.86778713394142 0.062957403577002 1.07929882590543 -0.330909153801969 -1.18559460288225 -1.67724289452235 0.864001844005543
"51" 0.603615904675166 2.18666387370649 -2.69870125725356 -0.221115013173403 -0.577646120479812 -1.63930455213313 0.524110873374411 0.954722037075953 -0.750017014606925 1.6241496627099 -0.133177622913536 1.14534324739361 0.0503448489237144 -0.0982826628278417 -1.0439398383387 0.899472218399751
"52" 0.530954291473904 0.605034747432001 -1.58793318837888 -0.201472734530398 -0.52124191664268 -0.738488989849429 0.310448659169197 0.148598214431331 -0.511879870511848 0.508275128979221 -0.295148522003728 1.21444052047445 0.378004506022592 0.868850351299898 -0.511382559539925 0.930904267384904
"53" 0.445172392417362 -0.741098736772983 -0.611599494546681 -0.192434448572385 -0.455629125815904 0.0555888551048156 0.120933967440351 -0.54327590900175 -0.292950801882284 -0.463760500399076 -0.424880838198078 1.26565459933772 0.637349178381072 1.65716516986913 -0.0490480249900429 0.950705884883064
"54" 0.343766892695271 -1.83223060523596 0.223565608108402 -0.195901607014093 -0.372229340678587 0.740679043779437 -0.0434822860408985 -1.10620260268752 -0.0893677120702989 -1.28281689228334 -0.524744478437242 1.2816190047306 0.817709096249558 2.22135577467634 0.371371227171039 0.952533079020213
"55" 0.224954798693943 -2.66316135677516 0.919593971158974 -0.21326726224288 -0.264322571346725 1.31970756923693 -0.183468554514548 -1.53418424603115 0.10302955915256 -1.94766931388494 -0.597285723871664 1.24982596484188 0.913239751568938 2.53260858560543 0.773771326690621 0.931812892973539
"56" 0.0878418399830707 -3.24373498778004 1.48760752961334 -0.245329479848806 -0.127446997505444 1.80097660253023 -0.301375451614831 -1.83061658274619 0.288499907210223 -2.46557327851406 -0.64504753819574 1.16342557930329 0.923415580590529 2.58060487966168 1.17617366537161 0.886088156912592
"57" -0.0674520456541359 -3.5988461263205 1.94765283201559 -0.292233825985022 0.04040174253646 2.19811647052666 -0.40120245331741 -2.00836197943954 0.471253877617983 -2.85236260483089 -0.670495506368752 1.02146923233522 0.853209207969059 2.3742177645795 1.5901126056051 0.815153741961694
"58" -0.239714562936001 -3.76769065278677 2.32802717676259 -0.353444288426545 0.238780145276678 2.529777686128 -0.488464531446198 -2.08918063735837 0.655362372055606 -3.13205912348576 -0.676054322937034 0.82857877475908 0.7129423636691 1.9408524050059 2.02091014156395 0.720971992792329
"59" -0.426612754267467 -3.80226966509872 2.66410202508087 -0.42773781483811 0.465005703375255 2.81906483059311 -0.569959870364528 -2.1025415030872 0.844717123347436 -3.33600348540767 -0.664246760827155 0.594072167950799 0.517815342351867 1.324479908169 2.46878682536408 0.607374182814965
"60" -0.624715201641379 -3.76519357714096 2.9966747621238 -0.513214161615906 0.714538401155892 3.09272777658225 -0.653445095346569 -2.08387730319646 1.04303192411066 -3.50154721561648 -0.63791476367669 0.330623108602595 0.287142123790233 0.58251312738912 2.93067610132857 0.479573550677742
"61" -0.829563672110567 -3.72686881877507 3.36990507881819 -0.607310456334744 0.981493734982337 3.38013887216675 -0.747229627887918 -2.0723866254375 1.25386796356099 -3.67037412501941 -0.600491931907072 0.0525726583582582 0.0433366099525472 -0.218241225189104 3.40253898463561 0.343532085884362
"62" -1.03579156622334 -3.7621823978925 3.82891622908119 -0.706809175475428 1.25923551688095 3.71209654805489 -0.859705650513888 -2.10851757255568 1.480663024492 -3.88654245969155 -0.556289259194727 -0.225958412542241 -0.18928937778972 -1.00625227150067 3.88192434365556 0.205236336187227
"63" -1.23728512807361 -3.94682792839194 4.417163139482 -0.807829377110465 1.54099088494559 4.11950570246063 -0.998834486891383 -2.23129004318707 1.72674318457194 -4.19435613135965 -0.510752286140814 -0.492989568905614 -0.385844656833655 -1.71021105639466 4.37049177162407 0.0699459704483161
"64" -1.42738214173312 -4.35343922028915 5.17368778477066 -0.905794046277151 1.82042942137571 4.63199261132513 -1.17161377249954 -2.47562567650402 1.99529726460554 -4.63618292057254 -0.470648288505799 -0.740461393703299 -0.52221589566031 -2.26389140165338 4.87621191350627 -0.0585180582856992
"65" -1.59910176990036 -5.04771296559557 6.13039639655835 -0.995371149041603 2.09215309755439 5.27651659791991 -1.38355241520981 -2.86985523874046 2.2892985023268 -5.25033914075129 -0.444146731669662 -0.965715954684129 -0.576384506612612 -2.61057600419463 5.41498350030815 -0.178381398509373
"66" -1.74539826368027 -6.08470947307887 7.3095019917555 -1.07039206421723 2.352053456264 6.07604202917264 -1.63818185258151 -3.43356285870232 2.61136445270282 -6.06915397069815 -0.440764631651291 -1.17253843431536 -0.529628255224594 -2.70673736429671 6.01145516445104 -0.290363740103203
"67" -1.85943047567184 -7.50551913427898 8.7212785232341 -1.12375788390636 2.59750608353352 7.04833231658949 -1.93663236001657 -4.17590593702971 2.96355431115768 -7.11731317338308 -0.471159936689673 -1.37165635449492 -0.367541285138884 -2.52472567769246 6.69890906784713 -0.3979218465538
"68" -1.9348384241332 -9.33447200427327 10.3622689303402 -1.14735090434442 2.82738873013716 8.20492260146602 -2.27730203922465 -5.09452033129128 3.34711191777797 -8.41056242680543 -0.546769567390584 -1.58063563924952 -0.0808188417005908 -2.05429634829397 7.51814636705967 -0.507260358135682
"69" -1.96601758986822 -11.5770485764078 12.2140779467854 -1.13197460701122 3.04192687715545 9.55031997766719 -2.65564354891808 -6.17508467503467 3.76217167964876 -9.95482661949791 -0.679303116259689 -1.82316045522748 0.334231525138478 -1.30290142558579 8.51540419466983 -0.627100901707308
"70" -1.94838119625422 -14.2186219469813 14.2428614096407 -1.06734969357967 3.24238746327762 11.0814698964587 -3.06408960670183 -7.39157786593205 4.20745257346744 -11.7457751341822 -0.880117125404468 -2.12773232001928 0.875473235956008 -0.294764374798433 9.73942225038627 -0.768219130812213
"71" -1.87860046142941 -17.2241259486973 16.399597050161 -0.942195467150668 3.43065631500008 12.7875153714203 -3.49213283391873 -8.70722248332822 4.67997133633915 -13.768836385872 -1.15950708761147 -2.52586951562262 1.53502159794641 0.931151612442136 11.2378565056424 -0.942777549294988
"72" -1.75481277680012 -20.5387017473495 18.6211877761052 -0.744424392332803 3.60874615829937 14.6498624217934 -3.92656874344266 -10.0760667379509 5.17480915038402 -15.9996396908755 -1.52596376513611 -3.049926859072 2.29960840105215 2.324092296853 13.0533010584804 -1.16349793494737
"73" -1.57678803001352 -24.0893285323928 20.8324082172403 -0.461472621989742 3.77828888199474 16.6425515707583 -4.35190278129153 -11.4451208901964 5.68496604998745 -18.4048406913148 -1.98544625283284 -3.73068549084564 3.1512008653248 3.8251269349721 15.2192213980452 -1.44272964868287
"74" -1.3460439175285 -27.7873943492723 22.9486602405932 -0.0807805562071735 3.94006734583536 18.7329218699688 -4.75091360878764 -12.7569329165563 6.20133368217526 -20.9432694661714 -2.54072591800696 -4.59488052532834 4.06783288614486 5.37113793861545 17.7561197732466 -1.79147821885999
"75" -1.06590216384518 -31.5321132057034 24.8794552549016 0.409574586556118 4.09363834132841 20.8825415296626 -5.10535563291273 -13.9524641235657 6.71281003468903 -23.5673290641139 -3.19085277659724 -5.66284012491087 5.02459709861679 6.89887974130124 20.6682447086641 -2.21846183671732
"76" -0.741479122722694 -35.2146469348918 26.5324928807222 1.02010698025515 4.23708966773961 23.048368393105 -5.39677461836231 -14.9741094694218 7.20656974147002 -26.2245669167141 -3.9307892283673 -6.94640278298903 5.99474051799848 8.3488105963861 23.9411229139187 -2.72926169577113
"77" -0.379606309808651 -38.722747644857 27.818159895498 1.75904034966152 4.36696151047693 25.1840946805328 -5.60740158715475 -15.7687001029108 7.66849132648375 -28.8593422738195 -4.75124592495513 -8.44726125212037 6.95080449751481 9.66843365733166 27.5401359624811 -3.32562578030047
"78" 0.0113210178767531 -41.9457015865164 28.6542334195801 2.63136183920687 4.47834658434181 27.2416239777583 -5.72108271040292 -16.2903271112682 8.08372924901471 -31.4145187886074 -5.63874170908139 -10.1558533717107 7.86575130007117 10.8149356920194 31.4102909754838 -4.00497540466313
"79" 0.421566118804435 -44.7793304209226 28.9705413674319 3.63787256089381 4.56516630370254 29.1726245321997 -5.72419712534065 -16.502835306771 8.43740504104483 -33.8331215458547 -6.57589506378827 -12.0508843939679 8.71402429414891 11.7569780177323 35.4772502563865 -4.76015044744418
"80" 0.840339434578027 -47.130793244768 28.7133143245292 4.77430792524137 4.62060314746344 30.930101558851 -5.60651113802555 -16.3818533174135 8.71537940739404 -36.0599107390776 -7.54193946400028 -14.0995250136693 9.47249607376878 12.4755686234985 39.6495961835899 -5.57941389692132
"81" 1.25614577092301 -48.9229338875475 27.8489588980583 6.0306083122814 4.63765397676605 32.4699323132518 -5.3619165942614 -15.9162502485933 8.90505709889177 -38.0428382386294 -8.51344055198683 -16.2582870728365 10.1212679737382 12.9640204192042 43.8222216229769 -6.446720179767
"82" 1.65717867913111 -50.0979337531808 26.3669951754291 7.39042203418285 4.60975674401004 33.7523108948824 -4.98900368446675 -15.1089384882953 8.99616969740089 -39.7343668332428 -9.46518018535721 -18.4745376317951 10.6442947495061 13.2270717764491 47.8806590783643 -7.34223587812448
"83" 2.0317475726639 -50.6200608288209 24.2819312036536 8.83091692438029 4.53143493803981 34.7430547383037 -4.49142428369328 -13.9769754494182 8.9814789610505 -41.0926434812686 -10.3711619912981 -20.6885743091771 11.0298188900373 13.2793062946489 51.7060992331571 -8.24308684583229
"84" 2.36872046592612 -50.4773494929932 21.6338951853668 10.3229638262492 4.39890098345398 35.4147311133681 -3.87801108928966 -12.550952677655 8.85734551279552 -42.082526304031 -11.20568572708 -22.8361525810396 11.2706094521473 13.1430545407579 55.1808054911708 -9.12429319876537
"85" 2.65796329007765 -49.6821015282649 18.487909846931 11.8317349748304 4.21056195752664 35.7475692531787 -3.16263003011136 -10.8736972342886 8.62411447587129 -42.6764695281045 -11.9444338653784 -24.8513306977184 11.3640098850592 12.8459883173832 58.1936080661762 -9.95984374989348
"86" 2.89075571171577 -48.2701634879795 14.9317702950611 13.3177336722511 3.96737825147028 35.7301315452828 -2.36375815231372 -8.9983460039075 8.28628080656057 -42.8552708727971 -12.5655134904168 -26.6694810326298 11.3118076095944 12.4186264600266 60.6451598240092 -10.7238545301807
"87" 2.9514537438813 -47.7040179669648 13.7386192018994 13.7761014249299 3.87958000805293 35.6510431441961 -2.09726437990821 -8.37371587720372 8.15894858152396 -42.8235141360842 -12.7343431679117 -27.193565750269 11.2658456417664 12.2613729860959 61.2897687494224 -10.9465618114773
"88" 3.09970385630913 -45.5710696382721 9.8083706555426 15.1667252034322 3.57026725031028 35.169886857353 -1.22315574447725 -6.33147698939865 7.69710890456287 -42.441776507615 -13.1729564345721 -28.6615551633731 11.0316682754172 11.7095465483198 62.8795610315829 -11.5793167680822
"89" 3.17867604843525 -42.9822852230891 5.73741670788604 16.4338114930615 3.21872475738036 34.3457495908358 -0.321829613314549 -4.23950107588462 7.15613768545313 -41.6355776013856 -13.4574460729671 -29.8042566800286 10.6712567946515 11.0964919242542 63.748000546635 -12.0875359019847
"90" 3.18662666436717 -40.0320601961357 1.65793751999809 17.5346071682516 2.83447508234747 33.1962765690332 0.579115729863133 -2.16552500315538 6.55239215994547 -40.4169392851545 -13.5798327464797 -30.5818930711466 10.1983749005639 10.4470877265458 63.8639475634664 -12.4539278213342
"91" 3.1242982196809 -36.8231729160143 -2.297407428312 18.4300514611641 2.42886990824593 31.747284818447 1.4518948422608 -0.174896246725439 5.90437436344769 -38.8077452941661 -13.5373891236129 -30.9671437933284 9.62917696068945 9.78164334511575 63.2217198863618 -12.6658736565587
"92" 2.9949210700679 -33.4615911030287 -6.00218939580463 19.0870594167236 2.01443469038213 30.0320252400284 2.26987544090548 1.67251965807827 5.23177273098216 -36.839584134741 -13.3327310449702 -30.9465345595963 8.98154360475741 9.11553476158315 61.8412478678729 -12.7160740695108
"93" 2.80410764835619 -30.051237922391 -9.34271081439874 19.4806343227192 1.60410807660338 28.0902106093902 3.00888445864302 3.32513000253311 4.55442855270775 -34.5533310972301 -12.973672953578 -30.5211757791621 8.27440602748271 8.45936616721838 59.7670152864484 -12.6029561387695
"94" 2.55964140949243 -26.6890316673989 -12.2238789430585 19.5956501226647 1.21043561686986 25.9668351934265 3.64839854290858 4.74194620873277 3.8912977510611 -31.9984331907317 -12.4728577637238 -29.7068082112528 7.52708404270342 7.81957459893783 57.0658695192542 -12.3308164705668
"95" 2.27116790110472 -23.4604976976598 -14.5740592427037 19.4281555392608 0.844782179488334 23.7108177456255 4.17254181555973 5.89432032484183 3.25947998535304 -29.2318674976018 -11.8471819472343 -28.533148558221 6.75865977042267 7.19935940996538 53.8238418376568 -11.9096888465428
"96" 1.94980040125358 -20.4362153311713 -16.3485682897672 18.9860749743002 0.516626939342871 21.3735055502275 4.57082354163845 6.76698312558619 2.6733829624504 -26.3167561029891 -11.1170457983583 -27.0425625444404 5.98740525355669 6.59979640472238 50.1421651337005 -11.35493746883
"97" 1.60765705844665 -17.6693076420233 -17.5315468363769 18.2892162790058 0.232998753644154 19.0070828324922 4.83856351992358 7.35831948293253 2.14408025364628 -23.3206390778141 -10.3054662543088 -25.2881267789198 5.23027851993871 6.02098929798831 46.13271004942 -10.6865899917757
"98" 1.25735018472051 -15.1941119033499 -18.1360573333423 17.3685402139035 -0.00190136825148102 16.6629320335901 4.97697266895739 7.67986155576273 1.67890656800836 -20.3134299741614 -9.43709507141057 -23.3311718857803 4.50249880520047 5.46311875841457 41.9130804116176 -9.92843758064555
"99" 0.911451081866517 -13.0260873839588 -18.2023701498665 16.2646978701232 -0.186859287245056 14.3900008600065 4.99287918076857 7.75502829403194 1.28131640440833 -17.365104322123 -8.53718845428739 -21.2384265348664 3.81720798924579 4.92727033055098 37.6016149895513 -9.10694166546455
"100" 0.58195537146014 -11.1629310328708 -17.7945303818369 15.0258967315667 -0.32357504498691 12.2332312563228 4.89811514634948 7.61718776787347 0.951011727743804 -14.5431985363657 -7.63057537177406 -19.0789037453214 3.18522187257039 4.41595440798801 33.3125356262353 -8.24999824647966
"101" 0.279774151646848 -9.58678656619304 -16.9954229442092 13.705209152713 -0.416364846363479 10.2321080652598 4.70860289107145 7.3071636383238 0.684323425976089 -11.9102219737406 -6.74067080814461 -16.9206859266415 2.61487180509511 3.93327068583449 29.1514630964411 -7.38561989182199
"102" 0.0142753847072754 -8.26735506224668 -15.9006675876644 12.3574843642109 -0.471663373778938 8.41938466608462 4.44320247310452 6.87034538911121 0.47481152581193 -9.52110600548031 -5.88857720192595 -14.8277725504158 2.11193442474726 3.48471206967088 25.211493457904 -6.54060225267312
"103" -0.207102241136454 -7.16565145179902 -14.6117680080415 11.0360624802261 -0.497369349685584 6.8200398994652 4.12240004655519 6.35359067215995 0.314032129479898 -7.42082838040005 -5.09231248964943 -12.8571533997092 1.67964487742339 3.0766445580357 21.5699913716271 -5.73924537371204
"104" -0.379144046901501 -6.23810645883987 -13.229002081579 9.78951274923929 -0.502090957323276 5.45051479220774 3.76692946711159 5.80212473695246 0.192406222545287 -5.64235675147984 -4.36619672256666 -11.0562606793028 1.31878688320978 2.71553608777958 18.2862151960107 -5.00219976130757
"105" -0.499048084645779 -5.44069144477271 -11.8445672725366 8.65862581273723 -0.494356586929825 4.31826883663507 3.39642540200794 5.25664462135683 0.100118005880631 -4.20505049642361 -3.72042144057241 -9.46093501262658 1.02785137253665 2.40703518382134 15.3998440085015 -4.34550274517096
"106" -0.566498359280331 -4.73274634932659 -10.5364829906703 7.67387960975611 -0.481859545468126 3.42168392943881 3.02820460151247 4.7508237716338 0.0279688851256594 -3.11364419053189 -3.16081719331237 -8.09401411678118 0.803254124787458 2.15501688787072 12.9304313603752 -3.77986203378532
"107" -0.58361874536115 -4.08021865198771 -9.36369984105113 6.85357081963957 -0.470802499201909 2.75032984858444 2.6762628009385 4.30938634013 -0.0318821186902767 -2.35790952019897 -2.6888251655048 -6.96461988192459 0.639601886915244 1.96071735086525 10.8777666650822 -3.31023073337565
"108" -0.554809762841614 -3.45807209957547 -8.36277735219119 6.20275992004099 -0.465398684741558 2.28558890630984 2.35055849375613 3.94688103227054 -0.0853503529060333 -1.91305626536405 -2.30166919787575 -6.06818133043998 0.52999580876255 1.82206943108213 9.22308453735968 -2.93570200106478
"109" -0.486476319641156 -2.85169400891664 -7.54637315211403 5.71312102760567 -0.467573060150528 2.00161997250734 2.05663271201183 3.66723463145354 -0.136073377759629 -1.74088938867226 -1.99271503260798 -5.38718958125537 0.466360694127758 1.73333069437467 7.93102673949397 -2.64973280954291
"110" -0.386660151132332 -2.25721374786917 -6.90364668839538 5.36372189284521 -0.476888758472228 1.86662441509725 1.79558766528498 3.4641087324535 -0.185299145846272 -1.79169119590824 -1.75199479928983 -4.89263892287272 0.439788520580436 1.68506456258729 6.95223192833873 -2.44068614464777
"111" -0.26459567544839 -1.68073575917697 -6.40253056331767 5.12268987367861 -0.490704033365432 1.84435978901865 1.56441873011863 3.32202398930622 -0.232017978821204 -2.00674851867097 -1.56686703356149 -4.54606800350302 0.440884906732606 1.66449816465865 6.2264060735979 -2.29266071062011
"112" -0.130212067959746 -1.13658079199013 -5.99367460693247 4.94965201074228 -0.504544155751148 1.89583250645433 1.35666617753236 3.21815891069491 -0.273320573725414 -2.3213987543204 -1.42277629362934 -4.30207961111591 0.460107704642496 1.65624049838198 5.68571182626329 -2.18655833440425
"113" 0.00639270717704221 -0.644711354226274 -5.6157342904462 4.79877709152242 -0.512653305094148 1.98108937078291 1.16332753757297 3.12467948476205 -0.304944659533447 -2.66842918975772 -1.30407206219638 -4.11118896269181 0.488087641450733 1.64330586139613 5.25830852514628 -2.10132321796846
"114" 0.135478564394475 -0.227584916064188 -5.20156733006388 4.62219994032057 -0.508675172481901 2.06102074071055 0.973950801921774 3.01141583574645 -0.321956635123712 -2.9816347804117 -1.19484435852632 -3.92283092595608 0.515921922058652 1.60835408948697 4.87187585174979 -2.01527527479629
"115" 0.248163158939064 0.0932745860372961 -4.68482966202919 4.37357726349182 -0.486399251032083 2.09908594961689 0.777814550009225 2.84867606954413 -0.319502966451353 -3.19932321057968 -1.07973349975487 -3.68834764719941 0.535432909844928 1.5350343526361 4.45696300316922 -1.90745308280748
"116" 0.336868764761903 0.300673824993282 -4.00643080439113 4.01151302307153 -0.440503712693783 2.0628748492386 0.56509479305646 2.60997772017799 -0.293560314958683 -3.26755441867272 -0.944673774544299 -3.36378048086772 0.539385403874746 1.40930565895314 3.95002095855671 -1.75888113419933
"117" 0.395692749993714 0.384806350342842 -3.12032184859527 3.50260067741328 -0.367225928119979 1.92542801448326 0.327920431823486 2.27448470185391 -0.241613801261479 -3.14291548169058 -0.777535322632957 -2.91230391877616 0.521657599732862 1.22060626877874 3.2959970198026 -1.55368129903218
"118" 0.420682301388979 0.345688303938914 -1.99814602068363 2.82385914828774 -0.264898065263083 1.66625185555472 0.0612295561386418 1.82896189313124 -0.163199429415556 -2.79466020271002 -0.568635007994317 -2.30616359983833 0.477362526608374 0.962756110491227 2.45039713884762 -1.27995946549345
"119" 0.409999221911335 0.194746766441313 -0.632377201494819 1.96438670519274 -0.134297224453803 1.27198286386397 -0.236643510167823 1.26909854550649 -0.0602589019433424 -2.20608410313298 -0.311095156558395 -1.52801386140345 0.402918554475036 0.634499963457074 1.38075123580347 -0.930414411239326
"120" 0.363966623342776 -0.0445944892853731 0.962302097219435 0.926118273617249 0.0212238646859078 0.736676330773662 -0.563697031497895 0.600102416877235 0.0627282545021046 -1.37505682971459 -0.00103821793118186 -0.571590391140489 0.296069426587337 0.239632368837192 0.0674482829526823 -0.502635912460391
"121" 0.284995840339775 -0.337402999816732 2.74948581254375 -0.276358131173765 0.195839961091679 0.061717711286974 -0.914325918749228 -0.163475256891616 0.198850648175494 -0.313691422785723 0.362384862224189 0.558302436424128 0.155856139879035 -0.213315243860961 -1.4960601760431 0.000918621983146295
"122" 0.177398538939542 -0.638781208373985 4.6733415892013 -1.61689688824481 0.381583771099542 -0.744622237705244 -1.27971176469896 -0.99866294547428 0.339103532966732 0.952810947523631 0.777125117120704 1.84646511721076 -0.0174551777916747 -0.711802727556915 -3.3036587327224 0.573256828545709
"123" 0.0470954206502938 -0.896360495958106 6.66252162007368 -3.05970300846275 0.568877057897112 -1.66794597657417 -1.64850207112227 -1.8756605770941 0.472934010123311 2.38804587556933 1.23850846714276 3.26857057402958 -0.222483521433986 -1.24036183224371 -5.33751173700148 1.20345954649383
"124" -0.0987612301673835 -1.05356306634985 8.63535890855383 -4.56189258362974 0.747217938832534 -2.68874044376957 -2.00771782992456 -2.75996881531046 0.588949107414436 3.94687632756495 1.73962693013436 4.79292172843998 -0.456873966467015 -1.78193166409892 -7.56947058661171 1.87751184790977
"125" -0.252228967970154 -1.05338757926893 10.5059201512067 -6.07649737471002 0.905966146463413 -3.7835662400264 -2.34381008105424 -3.61488458893109 0.675728883270637 5.57830712764644 2.27181802467658 6.38256598451699 -0.717460587026238 -2.31932569804258 -9.96284463814663 2.57928990808432
"126" -0.405054636461955 -0.842433611413071 12.190422843094 -7.55567550930755 1.0351594671157 -4.92634149813171 -2.64377457368528 -4.40416577342421 0.722677753495503 7.22855760925586 2.82519838653843 7.99761436325207 -1.00044159692484 -2.83669299992698 -12.4744228942836 3.29162768242531
"127" -0.5491635588279 -0.374862834119995 13.6135024017194 -8.95388009127964 1.12629190141718 -6.08963487431197 -2.89623008276203 -5.09465831863963 0.72084407015862 8.8441186327459 3.38921607266457 9.59760503066354 -1.30155637545926 -3.32083532199704 -15.0566273511467 3.99738438737404
"128" -0.677129382787029 0.383997941887174 14.7138361349253 -10.230747591133 1.17298747897701 -7.24588600958782 -3.09237044967995 -5.65868621324262 0.663640778101268 10.3745883485417 3.95318686179871 11.1437544847358 -1.61625392200659 -3.76225398280349 -17.6596793318931 4.68043695519737
"129" -0.782596319562458 1.45467630651001 15.4486919973915 -11.3534969015109 1.17151270627937 -8.36848160532895 -3.22671246423124 -6.07602747483088 0.54740837345804 11.7751046360859 4.50678296285696 12.6009541753738 -1.93984270869336 -4.1558247920334 -20.2336671117191 5.32653052051319
"130" -0.860627946223417 2.8414105109714 15.7970651619298 -12.298675031645 1.1210844569307 -9.43263011661747 -3.29758008060708 -6.33533557338342 0.371774552183439 13.0082289376724 5.04044764117225 13.939394470035 -2.26761293097866 -4.50103343049341 -22.7304161223474 5.92393373964296
"131" -0.907960691688686 4.53099117754027 15.7611855181458 -13.0531423824068 1.02394743223078 -10.4159967662461 -3.30728842027906 -6.43491196680861 0.139781631172809 14.0451830336638 5.54571595927428 15.1357295872222 -2.59492381043162 -4.80174439851453 -25.1050811357163 6.46386307491048
"132" -0.923145419907655 6.49266257853196 15.3663134628396 -13.6142543004553 0.885214568747301 -11.2990815945111 -3.26201646373147 -6.38278764279039 -0.14222845791025 14.8663932061691 6.01542958848177 16.1737338139646 -2.91725087964144 -5.0655200315091 -27.3174018996615 6.94065958862484
"133" -0.906566930810641 8.67908022351185 14.6588780354359 -13.989260646993 0.712483261751231 -12.0653448831749 -3.17138301440559 -6.19612523553678 -0.464962688904393 15.4613508328143 6.44384189806124 17.0444380953122 -3.23019101325639 -5.30254805527329 -29.3325883273683 7.35172164956748
"134" -0.860338402057323 11.0282476745406 13.7031390541233 -14.1940059719764 0.515258352066098 -12.7011047925032 -3.04776422951363 -5.90000401175803 -0.816732162490979 15.8278503344409 6.82661766396222 17.7457739658785 -3.52942625497485 -5.52427279625499 -31.1218269563578 7.69721565107466
"135" -0.788075444773654 13.4662909690915 12.5766631268316 -14.2510646794763 0.304228010919701 -13.1952498026683 -2.90541079738932 -5.52569377931923 -1.18417195395435 15.9707105065654 7.16073917597487 18.281785966501 -3.81065106259732 -5.7418531015951 -32.6624253565133 7.97960292271455
"136" -0.694562127857353 15.9108783564398 11.364984057057 -14.1874843512342 0.0904497793123937 -13.5388221810022 -2.75943716557526 -5.10855736000121 -1.55307204363768 15.9001202282407 7.44433673938283 18.6615017262156 -4.06947122602585 -5.96458678963108 -33.9376338612419 8.2030333190196
"137" -0.585328615568528 18.2750593978608 10.1558657713113 -14.0323334994446 -0.115489716828961 -13.7245371772381 -2.62476308725422 -4.68574245992022 -1.90925886512295 15.6297719283475 7.67646614815249 18.8975689179715 -4.30128614452505 -6.19844563587549 -34.9362029506738 8.37266367841221
"138" -0.466166510782159 20.4712823370128 9.03359811333576 -13.8142562173271 -0.304276787608728 -13.746305394639 -2.51508876667549 -4.2938315211386 -2.23946498141538 15.1749546963574 7.85685836282119 19.004779137169 -4.50116907705498 -6.44485633276645 -35.651748584718 8.49396207033715
"139" -0.342613174585722 22.4153518428666 8.07373347290468 -13.5592257490189 -0.468573879246151 -13.5988226758736 -2.44197926798483 -3.96661258536096 -2.5321271763051 14.5507734241846 7.98566722080113 18.9985999871205 -4.6637621007267 -6.69984252958466 -36.0820058588724 8.57205651895492
"140" -0.219439801888257 24.0301090558651 7.33861895467089 -13.2886635763243 -0.603572010538414 -13.2772832364619 -2.41412239199849 -3.73311658381226 -2.77806035495104 13.7706418694893 8.06323956031338 18.8938286262855 -4.7832035289444 -6.95361301017101 -36.228053042938 8.61118014245585
"141" -0.100179544159232 25.2486493472625 6.87400077167786 -13.0180530436373 -0.70735283640613 -12.7772584544102 -2.43680817070663 -3.61603897216173 -2.97096527071241 12.8451680442922 8.08992882372468 18.7034637916877 -4.85310522145093 -7.19064413474416 -36.0935833191252 8.61425414420955
"142" 0.0132687658789337 26.0169364522053 6.70688263297779 -12.7561305464169 -0.781035669651487 -12.0947668298027 -2.51165905622361 -3.63062909940345 -3.10774121786486 11.7815126526511 8.06596833169897 18.4378705006093 -4.86659538420147 -7.39026423016912 -35.6842908035214 8.58263687361614
"143" 0.120928834496794 26.2957203092255 6.84471686333472 -12.5046871002614 -0.828701080935616 -11.2265415527345 -2.6366195304854 -3.78409237545202 -3.18858929148286 10.5832587153714 7.99141440828134 18.1042843299365 -4.81643905805137 -7.52770714645703 -35.007421625276 8.51605242108053
"144" 0.224900083859779 26.0617156472699 7.27590472018437 -12.258963020724 -0.857099047847782 -10.1704824084932 -2.80619397976784 -4.07551148759376 -3.21690646674122 9.25078655119614 7.86616288321738 17.7066727056445 -4.69524359120993 -7.57556509440883 -34.0715212414216 8.41269716196985
"145" 0.329356446841075 25.3080450959042 7.9714890349187 -12.0085725515382 -0.875164820149053 -8.92625996036031 -3.01190385571863 -4.49625668703811 -3.19898451600162 7.78210636367021 7.69003573988812 17.2459413900579 -4.49575018602346 -7.5055400033466 -32.8863874178096 8.26950850638968
"146" 0.440380953261752 24.0439910662171 8.88784470573319 -11.7388570451767 -0.893378663265707 -7.49602355726756 -3.24292069102967 -5.0308241300545 -3.14353976396467 6.17406391739678 7.46292834281121 16.7204475716862 -4.21120544883627 -7.29037023928504 -31.4632161976515 8.08256788425206
"147" 0.565637158089544 22.2941325118018 9.97011567335903 -11.4325373444626 -0.923015616975931 -5.88515198432469 -3.48682138676213 -5.65801736323738 -3.06110920129203 4.42380572985985 7.18500225712751 16.1267585903988 -3.83579922935337 -6.90579697516432 -29.8149075643087 7.84760052156344
"148" 0.713890058940024 20.096964675522 11.1561136321734 -11.0715199412807 -0.975337811064378 -4.10297750522886 -3.73040684054877 -6.35237145843712 -2.96335510571132 2.53037070974369 6.8569045689469 15.4605788522313 -3.36514748008545 -6.3324323482093 -27.9564801186061 7.56052841416385
"149" 0.894400721047418 17.5031118695042 12.3803845028106 -10.6387078178141 -1.06078447023742 -2.16341129132388 -3.9605245037942 -7.08571241674599 -2.86232388027301 0.496266313570686 6.47999212868353 14.7177578747578 -2.79679204614621 -5.55739944785182 -25.9055314161415 7.21803034120239
"150" 1.11216077282984 14.6243068938693 13.5588138792373 -10.1290650720312 -1.18571416935106 -0.120932664888187 -4.16171687573092 -7.81647970912127 -2.77111597564138 -1.63407656709296 6.06393737050212 13.9096138065215 -2.14253829716134 -4.59362391568129 -23.7208840839885 6.82518270447326
"151" 1.38031489284288 11.4555059609347 14.6636290174629 -9.52011516511993 -1.35939140077733 2.05284958366974 -4.32896766265458 -8.53556455883245 -2.69761298174228 -3.90191382571538 5.60162985201669 13.0149383944517 -1.38904306323982 -3.42162128555174 -21.3705793974259 6.37201726270723
"152" 1.70337178252487 8.09410859083891 15.6315388057728 -8.81098814786128 -1.58469763694086 4.31092724433938 -4.4516111960686 -9.20962850152046 -2.65152557187312 -6.26848006997579 5.10114779699597 12.0425916922468 -0.547696975975072 -2.06159326657917 -18.9009379110321 5.86356206054916
"153" 2.08537182821124 4.61528108929087 16.4197049268014 -8.00211348180164 -1.86247169528633 6.6198937134659 -4.52330533638678 -9.81492166048338 -2.63957706288585 -8.7073144033011 4.56812037506415 10.9975073115056 0.37244760663927 -0.534413520804719 -16.3421827291386 5.30364242171345
"154" 2.52750984353645 1.0949933592201 16.9961246026332 -7.09973993503081 -2.19040445624989 8.94224574503846 -4.5402354082421 -10.3313835188283 -2.66605754565819 -11.1853065689106 4.00934172739699 9.88806953044696 1.35899728883678 1.13098485140563 -13.7276794649151 4.69830498572264
"155" 3.02772506252938 -2.39209059855239 17.3403843267188 -6.11572135947245 -2.56308082588498 11.2373110165383 -4.5011545348359 -10.7432487217784 -2.73262757966663 -13.6633900296988 3.43265684923517 8.72609781487699 2.39633355295058 2.8986689152066 -11.0934234070082 4.05571577615046
"156" 3.58047773504234 -5.77457222071007 17.4436844307047 -5.06691874726494 -2.97220738422573 13.4624348067489 -4.40727386523417 -11.0393832721793 -2.83827758953515 -16.0976972814437 2.84677212440465 7.52656978903542 3.46591242845889 4.72715423024692 -8.47728258056304 3.38591875211569
"157" 4.17673867525002 -8.98609606311493 17.3082129045179 -3.97427963111659 -3.40700922449588 15.574374307696 -4.26202354816382 -11.213364818047 -2.97944028563654 -18.4411155331527 2.26099950085518 6.30710673912108 4.54674782902012 6.57115699666565 -5.91802461085172 2.70047158702801
"158" 4.80420397470232 -11.9669193100872 16.9459803674736 -2.86167496164126 -3.85476949750017 17.5308323739384 -4.0707117308425 -11.2633339222102 -3.15024500053238 -20.645152350231 1.68494831577914 5.08726239713724 5.61606555783715 8.38354870014155 -3.45417470256143 2.01198323509016
"159" 5.44773121165917 -14.6652498815001 16.3772496275906 -1.7545854399923 -4.30147704830523 19.2920498784306 -3.84011267374126 -11.191652733206 -3.34289522577649 -22.6619986161468 1.12818275235281 3.88766861870681 6.65010197339348 10.1174021033221 -1.122767994475 1.33358369699272
"160" 6.08997707747596 -17.0383313866714 15.6287027883518 -0.678733595000267 -4.732541720352 20.8223683497365 -3.57801628486618 -11.0044132417515 -3.54814419277025 -24.446661727437 0.599865544084196 2.72909987616731 7.62500928816385 11.7280145205305 1.04192933634477 0.678359967467259
"161" 6.71220074419523 -19.0532541641314 14.7314872334773 0.341245051751685 -5.13353370570132 22.0916729399178 -3.29277020190489 -10.7108395133091 -3.75583839358256 -25.9590362853064 0.108409648821862 1.63152184550563 8.51781952429221 13.1747982870743 3.0096505354195 0.0587933085043915
"162" 7.29518387934945 -20.6874733419672 13.719270681594 1.2830077771805 -5.49090290222176 23.0766303326561 -2.99284236277003 -10.3226273867112 -3.95549574195378 -27.1657830732292 -0.338840875268716 0.613187780989392 9.30741225922023 14.422938764279 4.75523157238422 -0.513768239048659
"163" 7.82020823636412 -21.9290183035127 12.6264169905189 2.12751807157838 -5.79263658221822 23.7616468129556 -2.68642728581256 -9.85326173592102 -4.13688384129377 -28.0418995762402 -0.735881589291466 -0.310159779073729 9.97542823967846 15.4447363289805 6.25951573273596 -1.02957162831444
"164" 8.27002619920546 -22.7763838838782 11.4863709179554 2.85981568566422 -6.02881861201996 24.1394877695072 -2.3811135696435 -9.31734619269309 -4.29056465577467 -28.5718858109494 -1.07825418016682 -1.12593444785307 10.5070722050279 16.2205694811548 7.5100007408837 -1.48082971099939
"165" 8.6297591963401 -23.2381023607541 10.330314057444 3.4695127262712 -6.1920606386941 24.2115203252906 -2.08362396536234 -8.72997392440129 -4.40837477102076 -28.7504363147357 -1.36317741985908 -1.82516395216953 10.891753948879 16.7394401071817 8.50118698029473 -1.86198288958985
"166" 8.88766367573083 -23.3320066343981 9.18612791859596 3.95100602589628 -6.27778457883591 23.9875641423862 -1.79963327513133 -8.10616128789843 -4.48381523862103 -28.5826207882599 -1.58959643434127 -2.40274068383587 11.1235264574114 16.9990875159504 9.2346057722134 -2.16984082834824
"167" 9.03571404402487 -23.0842082384988 8.07767555167811 4.30341566422885 -6.28434578402357 23.4853599959472 -1.53366372444702 -7.46035947518476 -4.51233143348148 -28.0835497378871 -1.75814963057064 -2.85746013067546 11.2012931968809 17.0056834601683 9.71852842293265 -2.40360158315161
"168" 9.06996580810704 -22.5278278920214 7.02439171589094 4.53027668984851 -6.21299670038945 22.7296895874795 -1.28905267382981 -6.80605304232768 -4.49147099223482 -27.2775549681394 -1.87105798935568 -3.1918570653761 11.1287722214156 16.7731443173936 9.96737804336772 -2.56475333838171
"169" 8.99067889295992 -21.7015298412648 6.04115436749726 4.63902475536179 -6.06770094582976 21.7512014356211 -1.06798380211762 -6.15544874305351 -4.42091619818179 -26.1969454104715 -1.93194624973057 -3.41186224946068 10.9142214376228 16.322117399312 10.0008852508272 -2.65687100178911
"170" 8.86789772177423 -20.9753377339312 5.39233558134174 4.65029800851607 -5.92327688516147 20.9415171544509 -0.926153167011194 -5.7023223795145 -4.34165280618917 -25.2853650469799 -1.94618474161769 -3.50328056948638 10.6826397209834 15.8840663749072 9.90716594568948 -2.68323620381125
