"V1" "V2" "V3" "V4" "V5" "V6" "V7" "V8" "V9" "V10" "V11" "V12" "V13" "V14" "V15" "V16"
"1" 0.52525937416561 0.353624396093565 -0.273780813960601 -0.109860702003402 1.32102404931176 -0.982092435779384 -0.01747249689899 0.0220370962200358 1.17230389482131 0.00976696407327804 -0.0153823013770962 0.0363079355305054 0.410759219858264 0.0199797351276168 -0.397724665622006 -0.0308493593037937
"2" 0.690534238164893 0.3915163494772 -0.355883713241763 -0.13666724952378 1.66283296104829 -1.20024376845055 -0.0171490580516171 0.0340973356989571 1.48384955887624 0.00768998331522219 -0.0139552883999352 0.0525719575116312 0.54686916827962 -0.0120191399916657 -0.514329872217694 -0.0399077002861006
"3" 0.80761502955196 0.336911688470951 -0.409247307189799 -0.148128962450437 1.8455993800491 -1.26284578211822 -0.011431289040111 0.0467033088219382 1.66141569205792 -0.00488903910369531 -0.00724101640936681 0.067978626678304 0.652020937976161 -0.0741676240932679 -0.587231984817159 -0.04655202912231
"4" 0.843731087816513 0.231361080452597 -0.420365092264019 -0.143951891644461 1.84869534667984 -1.18471945606785 -0.00419664005061793 0.0542280076387582 1.67898088529791 -0.0252006799765683 0.000457962306371407 0.0761826664073482 0.694036972768859 -0.134956440314885 -0.598752906418621 -0.0493710969063699
"5" 0.817798455099097 -0.00575941136300728 -0.393547509367162 -0.120521631112521 1.67850441806873 -0.899662067784955 0.00903467753049347 0.0604003245959248 1.55154886195674 -0.0777872546129736 0.0138667020995809 0.081196036141634 0.697075158522903 -0.236132106990192 -0.550986128424913 -0.0510268715412536
"6" 0.704777558425362 -0.31504265590676 -0.320950956406331 -0.0804494087995522 1.34966314482036 -0.447462802332768 0.0231203220824416 0.0594269103898997 1.28078254138749 -0.163570036497789 0.0276304423802212 0.0766973752119853 0.631706386771948 -0.340720615881437 -0.433726428045908 -0.0509217557582815
"7" 0.521991349637294 -0.645230855729975 -0.216130797701442 -0.0310054825669877 0.935323064205648 0.0993596411068096 0.0352146470239063 0.0514372964013252 0.924632926593213 -0.276980930356811 0.0392028504529409 0.0634052166439361 0.504683182540955 -0.43254260878547 -0.267015147387191 -0.0499816057251792
"8" 0.295553385861588 -0.940312147869687 -0.0988060352104978 0.0194021386661589 0.506877449256541 0.652745954817541 0.0436875648705612 0.0395851408390646 0.541360158076255 -0.395156055767452 0.0473570434800181 0.0454444743514983 0.330382426475823 -0.500485284982701 -0.0813619467606728 -0.048315303911906
"9" 0.0537264592517656 -1.15164960569502 0.00965836891339089 0.0629915081514847 0.116538506421603 1.12606660572875 0.0485463077956008 0.0294902471834431 0.175952750852617 -0.479345896784115 0.0524207353063755 0.0295880380828422 0.127659100522169 -0.540731091033922 0.08856444844481 -0.0450144261949106
"10" -0.178249309513548 -1.24550319248879 0.0905905586428521 0.0937801269215583 -0.207905735054012 1.44824938132734 0.0510414505266197 0.0275966000674441 -0.144352001861498 -0.484756928930255 0.0557796908723971 0.0233626547837744 -0.0834305599804874 -0.555285279195303 0.210940742726134 -0.0385151128886463
"11" -0.381299118531863 -1.20585513152487 0.131450749247899 0.108217186071516 -0.459563164196726 1.57453662127624 0.0527767509707822 0.0390731394830226 -0.408253808817724 -0.375387027815085 0.0590018563672863 0.0327027000755749 -0.284641102534814 -0.548196713217166 0.263236410907226 -0.0273064061948673
"12" -0.543573355861494 -1.03391791863559 0.12777214051202 0.105343017798533 -0.644831648438018 1.49240735870501 0.0548036281224189 0.0660623343065581 -0.615493124744964 -0.137475289841963 0.0630033580739806 0.0600209312309019 -0.461590975944201 -0.521801543769104 0.236579824722607 -0.0106722097986989
"13" -0.659887973761291 -0.745928735558368 0.0833802528740701 0.0865610058487647 -0.775700770039046 1.22142373112005 0.0570853126947453 0.106861147360715 -0.771486871197351 0.214062664491993 0.0675591565255174 0.10332334833781 -0.604505346712038 -0.474872527003353 0.137035422572682 0.0108217835756932
"14" -0.730308403206708 -0.370196269614165 0.009082366869265 0.0551361095329881 -0.864281015659665 0.807100324359804 0.058476457137665 0.1562003100736 -0.883165814379524 0.638406502097083 0.0712607384915183 0.156536656554003 -0.707907662759444 -0.403191751680563 -0.0162826339321605 0.0352630707512063
"15" -0.758571256611198 0.0563199302768095 -0.0797240173066145 0.0155496723503328 -0.920115591750636 0.310355977811288 0.057138054275212 0.206420309389468 -0.956630087115515 1.07924464385215 0.0718387992436125 0.210796901419329 -0.769830342295824 -0.30175150775528 -0.195494381366247 0.059730081792118
"16" -0.750746221007004 0.49178351877391 -0.165984818113754 -0.0271542948070245 -0.949665995969609 -0.204956770671818 0.0511888670191027 0.249147176490314 -0.996403117524553 1.47895187232571 0.0666630977333218 0.256209530719389 -0.790998787850087 -0.167208245588462 -0.369381106207541 0.0808474338958831
"17" -0.714258199099558 0.893255059828365 -0.233938320010787 -0.0679023032236561 -0.956987973685458 -0.683705533181965 0.0393829122341334 0.277037159556745 -1.0056625809093 1.79218633291597 0.0532237213013911 0.28355979781405 -0.774150788502858 0.000600925112489881 -0.508632390710742 0.0953152987011237
"18" -0.657224479050858 1.21997075921497 -0.271626801807229 -0.101913666205954 -0.944775024157636 -1.08796198034983 0.0216462517497876 0.285224792115316 -0.986830592446858 1.99542032199606 0.029467193097525 0.285584838373396 -0.723453609229802 0.198643326227093 -0.589880663751142 0.100233369491932
"19" -0.58798968821628 1.43590811505946 -0.272633780118438 -0.124803903307019 -0.915283101574279 -1.40081355577511 -0.000642733452274724 0.272215441124702 -0.942129810347729 2.09038980093163 -0.00603563328326695 0.257639810493167 -0.643954064965532 0.42199267928155 -0.597988078454911 0.093171249625172
"20" -0.514715884964715 1.51196119892941 -0.236845053831904 -0.132564602632155 -0.870933930396711 -1.62509888908735 -0.0247029246116937 0.240077891689149 -0.873966155994373 2.10103217844984 -0.0540190924110222 0.197818572461408 -0.541073587231911 0.665647856285123 -0.526587610122423 0.0720714490467458
"21" -0.444901752269106 1.42837865100096 -0.170174631033841 -0.121587252536383 -0.814564633395204 -1.77780906725881 -0.0467534955393861 0.193913617506035 -0.785167134206061 2.06497980984604 -0.114430980315751 0.106753180645541 -0.420236660948194 0.925821355300566 -0.37732581168089 0.0351598583482087
"22" -0.384780219684237 1.17783629250217 -0.083347128257079 -0.0888893114022205 -0.749381640760066 -1.88191656791959 -0.0627165847356026 0.140719152672223 -0.679155764591602 2.02200047579094 -0.186222903589626 -0.012634345470957 -0.286727309982314 1.19991877826046 -0.158505766493928 -0.018955053029643
"23" -0.3386676274729 0.76866162493705 0.0100268860372457 -0.0326015782805262 -0.678729282423405 -1.95805425360417 -0.0690694670501129 0.0879029576674952 -0.560100248239088 2.00268500304966 -0.267013803924434 -0.155232419283166 -0.145789880737184 1.48512943468107 0.116183042600387 -0.0908998464151693
"24" -0.308659351882306 0.232311833587574 0.0950289735416234 0.046527427689135 -0.606479539053842 -2.017983890769 -0.0637325077070895 0.0421926174033858 -0.434193135090425 2.02041151217323 -0.351933597708467 -0.31215828215695 -0.00417349795072997 1.77364446557504 0.425444909710723 -0.179029349145267
"25" -0.293471205437363 -0.403583617483249 0.161182187334939 0.148477507391984 -0.533584927088378 -2.06490441123452 -0.0460739598413855 0.00668161744564655 -0.303886724373974 2.07108746843651 -0.437226208827223 -0.477840674368707 0.1359763551822 2.06388437462038 0.754888609404052 -0.283007373517606
"26" -0.290785631609411 -1.07406546504984 0.197763945131789 0.266772724343516 -0.463748783659773 -2.09087426842729 -0.0176853338008669 -0.01625439871678 -0.177773589706867 2.13489673057731 -0.513433705454742 -0.637230437747483 0.265918353002723 2.33717719262418 1.07158621604722 -0.395949372572417
"27" -0.296152527178983 -1.71614671668281 0.200536107849834 0.393038957581183 -0.399116731459605 -2.08527186273545 0.0181337477080434 -0.0277796226372966 -0.0625545205682015 2.18552483425006 -0.570952108854408 -0.775592824855998 0.379212853875834 2.57642961976847 1.34290312854573 -0.509441030171899
"28" -0.304640768364423 -2.26888814178916 0.170650767606121 0.516250516399838 -0.341628946773117 -2.03919306380345 0.0569361205055701 -0.0311886255521889 0.0353980616441272 2.19930207250345 -0.59932777540234 -0.8766937299715 0.4698215130479 2.76374426363482 1.53238411094159 -0.612474166100753
"29" -0.311735609424974 -2.6804624978605 0.114276723619821 0.623573727060238 -0.293098585488492 -1.9493088050979 0.0937469812312151 -0.031092017920852 0.110568114721992 2.16161135699064 -0.588233609591691 -0.924057720762633 0.532651706026061 2.88314726053665 1.60201461912503 -0.692289362376329
"30" -0.313905639543908 -2.91302680663605 0.0415427700134336 0.701639481968868 -0.255111611583193 -1.81892872208772 0.123634605695034 -0.0325424605139926 0.158801348338115 2.06896632773991 -0.528705671139482 -0.902825424600174 0.56403960326244 2.92269400379316 1.51634946286718 -0.735793586854911
"31" -0.308794944627471 -2.94543917846117 -0.0350391210268253 0.738209080114972 -0.228698541661375 -1.65650450509478 0.142211152448041 -0.0401717468806924 0.177800128908752 1.92719308592781 -0.414655219116915 -0.802227132373176 0.56212925335418 2.87547048889723 1.24863125873223 -0.731517471291284
"32" -0.295140559972927 -2.77459666891475 -0.102512020915478 0.724153386361646 -0.213816154135656 -1.47270524276081 0.146108849124506 -0.0573231041215925 0.167632833572289 1.74746553793107 -0.244626892349801 -0.618551721575038 0.527161643156048 2.73949768673301 0.788498663431088 -0.671986160356155
"33" -0.272567230879893 -2.41613576090266 -0.14958235533289 0.655543434826717 -0.20875973499394 -1.2773561555786 0.133466065469163 -0.0851775976056102 0.131232133357997 1.54211767090204 -0.023622791787977 -0.358233028176919 0.461691894176099 2.51689522585443 0.150161594833396 -0.556212280696414
"34" -0.241380988975456 -1.9045848475769 -0.168622602392636 0.535462776373473 -0.209693184308801 -1.07717049596075 0.104384234836733 -0.121978188421543 0.0747565633808341 1.32152954816008 0.235418521879521 -0.040330476440289 0.370705481337766 2.21279877178138 -0.620937074362793 -0.391786015706899
"35" -0.202419030820829 -1.29225739849758 -0.157203669225201 0.374977591866896 -0.210524858282942 -0.874714308646164 0.0612316341628845 -0.162576413604905 0.0075906023850576 1.09257447527216 0.511109738554503 0.302620058259478 0.26154036064759 1.83449087517462 -1.44565993641563 -0.195825208660409
"36" -0.15695908835124 -0.645744926695164 -0.118771928099092 0.192666373379447 -0.203343840612241 -0.668671301075516 0.00862916568830641 -0.198579368764348 -0.0582701393190168 0.85853662278228 0.774732827377858 0.626448690398675 0.143490481724309 1.39106294278991 -2.21564031682475 0.0059818239621876
"37" -0.10666408182736 -0.0391500056970238 -0.0621939337210851 0.0123290423645432 -0.179530654593674 -0.455243215156875 -0.0470089354137835 -0.219302206499244 -0.109605301989469 0.620136239908491 0.993397009324012 0.880531898679713 0.0270042622091009 0.893723789426907 -2.80628293643264 0.182707279921345
"38" -0.0535335673013462 0.455800155940869 -0.000138394116429019 -0.141017365632267 -0.131461777452603 -0.230347348307192 -0.0983902586459156 -0.213531639362225 -0.134058076479353 0.377214054510225 1.1350811550214 1.01605014185513 -0.0774972013261133 0.356637468290643 -3.09755669204845 0.303699331094862
"39" 0.000158695863818337 0.781258033835729 0.0534115224101575 -0.246124256417675 -0.0544872287379609 0.00789055775695502 -0.138569333759314 -0.171840284008256 -0.122566206787035 0.130605035631925 1.17468465277791 0.995912655186771 -0.161009068511732 -0.202050756774421 -2.99887052987224 0.345258398086045
"40" 0.0519507386457138 0.903765665883818 0.0859425317635409 -0.290238504905473 0.0513263383612861 0.256962783046803 -0.162204382624776 -0.088968044161029 -0.0715467318401483 -0.11626092802394 1.09963336928518 0.804017404656292 -0.21724447610627 -0.759487567938159 -2.47196149079935 0.29678337197889
"41" 0.0993018179900917 0.820895674047599 0.0888090093216851 -0.272206600447104 0.180224026450407 0.508715438713362 -0.166523137741021 0.0342872883604688 0.0157987580130451 -0.356424726564867 0.913461437355112 0.451309554512093 -0.243524954192505 -1.28816329637723 -1.54523752952343 0.164556437135019
"42" 0.139718003706706 0.561998385899984 0.0586832028118591 -0.202973649559429 0.320925177117592 0.749370836318945 -0.151748621795128 0.190104870800391 0.129494591749717 -0.579359868340009 0.63625516671677 -0.0231649525478588 -0.241026441899018 -1.75703035166413 -0.314982990919603 -0.0281144615164663
"43" 0.170882884223396 0.182723113245229 -0.00219160410721475 -0.103270928925543 0.457956631381065 0.960860002190583 -0.120902005246103 0.363765678741968 0.254175272163447 -0.771824976149592 0.301760760114064 -0.556575939885377 -0.21433143103986 -2.13366157111848 1.0673443501013 -0.244598190645974
"44" 0.190783444767333 -0.245189063508048 -0.0868277912015625 0.00085602869007495 0.573851681983958 1.12313280763609 -0.0790879947484797 0.534750254079102 0.371499756678784 -0.919377041350577 -0.0480566076809801 -1.07083682501548 -0.170437638409243 -2.38712123277553 2.41840842507797 -0.441523574573196
"45" 0.197828796332036 -0.646166823190292 -0.185018208057713 0.0834363182117688 0.651702750440955 1.21691330489346 -0.0324980477745915 0.678554296345688 0.46300235013655 -1.00820081134391 -0.369583609623478 -1.48326959991536 -0.117503701137631 -2.49108662236865 3.5509933007658 -0.576516144515267
"46" 0.190973584466545 -0.952376315467393 -0.285113417777248 0.123519630934551 0.677567359292151 1.22641164965015 0.0126103980834731 0.769060014424932 0.512788591972656 -1.02695859737029 -0.623807785987544 -1.71741525474435 -0.0636229453725021 -2.42686462383858 4.30077149471014 -0.615291023166407
"47" 0.169872960139542 -1.11276019357426 -0.37573218868557 0.108646364776709 0.64242646878665 1.14174769402368 0.0507770074668232 0.781567562817301 0.509706056852692 -0.968542591339155 -0.781293023320371 -1.71292300698384 -0.0158199361130458 -2.186231624892 4.54808683232061 -0.536863261522996
"48" 0.135097763152632 -1.09901536037069 -0.44729015868745 0.0363694964495398 0.543650399684549 0.96111309943578 0.0779812035118446 0.696803770551772 0.448912992663432 -0.831790955216102 -0.82562853046418 -1.43454821170448 0.0206716363713642 -1.77427699887643 4.23392030001043 -0.336462783295218
"49" 0.0884096408279136 -0.908914014526049 -0.493358924531156 -0.086101233785211 0.386069649449514 0.692771175613736 0.0920885029846508 0.506057692904859 0.332942774551868 -0.623237249212008 -0.755570403386455 -0.880665648317191 0.0428843587591499 -1.21237287602247 3.37098144997292 -0.0263815358547106
"50" 0.0330322046172908 -0.567432129856692 -0.511815694185344 -0.243702654655767 0.182649671117475 0.356713949023132 0.0931289396970181 0.216817189263746 0.172292834871405 -0.358687341434928 -0.586051861879391 -0.0907483836509755 0.0503826211210425 -0.540836458468247 2.05020809980165 0.364860148999526
"51" -0.0262206865224317 -0.125366848353791 -0.505540601222463 -0.416204182448542 -0.0455578925953921 -0.0147655430288509 0.0833632272702047 -0.142944683447191 -0.0147197255439875 -0.0639322545558976 -0.347717026097932 0.850809023603503 0.045283126119454 0.18009935711282 0.440107366902538 0.79494515719918
"52" -0.0831408106621545 0.345822781707746 -0.482230037392963 -0.581257474440729 -0.27084531873583 -0.378802337271161 0.0670082224541328 -0.524644722658469 -0.203382944611003 0.226475083980969 -0.0840572427884592 1.81898507584974 0.0319169860834339 0.873174879108581 -1.22652739332963 1.21212895224653
"53" -0.130791219960904 0.764270398643877 -0.452934531724654 -0.717432421723085 -0.46227048176027 -0.687049483172692 0.0494920360159545 -0.865585782333289 -0.365806722328393 0.473288412627852 0.154753761914068 2.66458161971315 0.0160141764712791 1.4527329819845 -2.68365273189422 1.56189793093955
"54" -0.162643657471147 1.05280366773262 -0.429323226235898 -0.80699613593745 -0.591002058250108 -0.894059952506272 0.0362511200665603 -1.10224787740104 -0.4758616718131 0.639431497228388 0.321187310124494 3.24286409783002 0.00341189191004387 1.839001869385 -3.68014959191807 1.79552104182332
"55" -0.173956002659335 1.15589768094607 -0.420321096210797 -0.838230444000001 -0.636431744760672 -0.96711273922417 0.0313272462591518 -1.18700810619799 -0.514807834279251 0.698120030370165 0.380942197192335 3.44792731348788 -0.00147399441148632 1.97485119551268 -4.03502078667724 1.87889032118656
"56" -0.16294265864297 1.05327562455814 -0.429292121252825 -0.807029138842427 -0.591084378029056 -0.894246082495004 0.0362213110028136 -1.10218603410774 -0.475828407419817 0.639539006779254 0.321469847603007 3.24108213631052 0.00305964702776906 1.83946359752476 -3.68203699101663 1.79928978347786
"57" -0.131264693335569 0.76512963328005 -0.452924746012641 -0.717488364428991 -0.462476933393201 -0.687370091989011 0.049447713302766 -0.865506134571776 -0.365762442333052 0.473446457635258 0.155253817890812 2.66175870516744 0.01545972537465 1.45359924614125 -2.68695225246984 1.56811047437424
"58" -0.0836141816500913 0.346899308823688 -0.482307410134963 -0.581335987724497 -0.271201036034467 -0.379169140238753 0.0669723940384355 -0.52457769727069 -0.203348842181726 0.226604868223198 -0.083460446981416 1.81618617679133 0.0313694759011449 0.874298764534315 -1.23039515142648 1.21874494472863
"59" -0.0265635680797931 -0.124293408160638 -0.50573040047831 -0.416315824797902 -0.0460200324613194 -0.0150877124773738 0.0833531921771384 -0.142875689708707 -0.014698581727171 -0.0638829839755131 -0.347162192321158 0.848842184680649 0.0448961850570888 0.18125355263193 0.436588940818446 0.800189645670514
"60" 0.0328563163472988 -0.56655388636986 -0.512077827047516 -0.243845298710465 0.182180497979182 0.35649119694041 0.0931458915836956 0.216915134408965 0.172310687284712 -0.358717969223824 -0.585638037804454 -0.0916795941048463 0.050195140151156 -0.539873355383213 2.04764842056107 0.367988570740806
"61" 0.088360205760839 -0.908322320093262 -0.493616706156255 -0.0862485461400091 0.385689205126454 0.692651612660649 0.0921195247903808 0.506182029205597 0.33296393583477 -0.623308606814382 -0.755322578061885 -0.880859009738714 0.0428432078217744 -1.21171747911948 3.36949191717074 -0.0250573170758059
"62" 0.135109626476357 -1.09868977107068 -0.447483609500326 0.0362497730117894 0.543401020575196 0.961066489299731 0.0780109633016979 0.696924475614209 0.448935536401755 -0.831861256869884 -0.825511468404507 -1.4344327053026 0.0206969184796688 -1.77391517833501 4.23324106094847 -0.336162145164025
"63" 0.169898082071033 -1.1126172383329 -0.375846270596311 0.108569304876198 0.642293934681528 1.14173825736477 0.0507973303395077 0.78165769805282 0.509724961867985 -0.968591122092135 -0.781251987699883 -1.71277808636425 -0.0157846802193116 -2.18607236753351 4.54786093062653 -0.536931128607023
"64" 0.190991778851261 -0.95232945138827 -0.285167076737752 0.123479793911121 0.677510752815777 1.22641515866092 0.0126211344620171 0.769113429804471 0.512801371405107 -1.02698507102258 -0.623799802351118 -1.71732963011993 -0.0635995074620919 -2.42681157958173 4.30073424715462 -0.615405079190992
"65" 0.197837885022941 -0.646158244870103 -0.185038555405692 0.0834195752246849 0.651683958425666 1.2169186488027 -0.0324934467498228 0.678580232563542 0.463009669138844 -1.00821315486652 -0.369585631401646 -1.48323351503726 -0.117492640875083 -2.49107585693301 3.55100947369318 -0.576590747895182
"66" 0.190787006221627 -0.245190914447011 -0.0868341275274211 0.000850296864239652 0.573847365561322 1.12313668461806 -0.0790863101472892 0.534760918483347 0.37150347132 -0.919382362565 -0.0480597694597003 -1.07082397280854 -0.170433555986669 -2.38712229040419 2.41842861101454 -0.441562140931751
"67" 0.170884061963154 0.182720449779759 -0.00219331093053388 -0.103272485432981 0.457956350384211 0.960862193005174 -0.120901438013206 0.363769536819177 0.254176986131538 -0.771827232512815 0.301758655798303 -0.556571334863989 -0.214330175173175 -2.13366394374434 1.06735729843471 -0.244616482851342
"68" 0.139718360374953 0.561996849926359 0.05868275615288 -0.202973948134296 0.320925510220159 0.749371898475907 -0.151748433602945 0.190106152454786 0.129495311603153 -0.579360834837745 0.636254108932972 -0.0231631790503144 -0.241026092373396 -1.75703180236992 -0.314976557981993 -0.0281225283365814
"69" 0.0993019417762536 0.820895076782027 0.0888088991242606 -0.272206622711368 0.180224255697145 0.508715966879263 -0.16652308536097 0.034287677176648 0.0157990311057568 -0.356425247631315 0.913461000028736 0.451310202756261 -0.243524857336935 -1.28816396362749 -1.54523484967004 0.164553273575308
"70" 0.0519508745315571 0.903765756449676 0.0859426219264456 -0.290238523264097 0.0513264907593845 0.256963443311653 -0.162204426485182 -0.0889680340863723 -0.0715466253523832 -0.116261834043881 1.09963322723825 0.804017579754273 -0.217244445673632 -0.759487970118597 -2.47196042585625 0.296782321147333
"71" 0.000159191074115661 0.781259387059698 0.0534121790869104 -0.246124411110136 -0.0544868874731828 0.00789301028833433 -0.13856963717224 -0.171840815687688 -0.122566077828573 0.13060133502191 1.17468465680297 0.995912568594179 -0.161009020549548 -0.202051619382728 -2.99886956819992 0.345258152261522
"72" -0.0535315011249134 0.455805993386146 -0.000135369478276637 -0.141018066620326 -0.131460392586436 -0.230336822913908 -0.0983916115786641 -0.213534146853104 -0.134057531277015 0.377198076373925 1.13508132691241 1.01604948340731 -0.0774969018269398 0.356634122511491 -3.09755350116693 0.303699501842587
"73" -0.106655942020135 -0.0391272762423016 -0.0621815147365252 0.0123262545364362 -0.179525103447066 -0.455200938745916 -0.0470143873252831 -0.219312417356797 -0.109602865302948 0.620072051722008 0.993397647713854 0.880528951777357 0.0270058608239319 0.893710634023604 -2.80627000640294 0.182708286376155
"74" -0.156929234418649 -0.64566213127323 -0.118725545003935 0.192656233623184 -0.203323272995494 -0.668515282472337 0.00860899634123657 -0.198617416950763 -0.0582604235851444 0.858299530941117 0.774734973944604 0.626437109484385 0.143497487119811 1.39101417886091 -2.21559164647634 0.00598577671995315
"75" -0.202317615741169 -1.29197705399966 -0.157045321476946 0.374943711403009 -0.210454681933591 -0.87418648608425 0.0611631038533014 -0.1627066310803 0.00762539940440965 1.09177095685597 0.511116587196687 0.302579276439083 0.261566775478123 1.83432297234511 -1.44549272565727 -0.195811161720968
"76" -0.241063519895384 -1.90370899863688 -0.168126447231958 0.535358277742951 -0.209472721470658 -1.07553383701246 0.104170293459239 -0.122387788450006 0.0748698993172457 1.31903199192868 0.235439140576822 -0.0404602186631493 0.370793748821723 2.21226654248935 -0.620412796002174 -0.391739918074009
"77" -0.271654366291622 -2.41362285916748 -0.148150735873051 0.65524450025452 -0.208121840222004 -1.27270176098285 0.132851888674311 -0.0863624906466898 0.131570624724525 1.53499473046442 -0.0235646724605707 -0.35860839691032 0.46195810497699 2.51534954211436 0.151663787383388 -0.556071569472721
"78" -0.292730289860544 -2.76798992924434 -0.0986993329364294 0.723358333916085 -0.212114824759899 -1.46055244868131 0.144485917360559 -0.0604778110865807 0.168563834293263 1.72880877218904 -0.244474932592728 -0.619545415179424 0.527894506079104 2.73539036273751 0.792441305445454 -0.671586637436391
"79" -0.302938833369556 -2.92952719404851 -0.0256542767701617 0.736243709854731 -0.224510745806636 -1.62733008384684 0.138259691787433 -0.047909933331109 0.180162254453323 1.8822549300125 -0.414290644096077 -0.804647690907743 0.563983681936269 2.86547291042595 1.25814161983837 -0.730468076679401
"80" -0.300765912203609 -2.87788251469341 0.0629129479378179 0.697130952841295 -0.245584631730271 -1.75442998857861 0.114759474466284 -0.0500534595638626 0.164333349998769 1.9692649035033 -0.527910826775221 -0.908275800097961 0.568371910682753 2.90034750235485 1.53751068888048 -0.733259651565518
"81" -0.284404979272779 -2.60911703732488 0.159331185437673 0.613986431264076 -0.273037150351597 -1.81775036986416 0.0753314577358115 -0.0677125258493265 0.122536570150267 1.95747279137735 -0.586668025174399 -0.935434857790952 0.542024628787269 2.83713634629829 1.64558515335265 -0.68668291633135
"82" -0.251774807849006 -2.13531772132467 0.258686239638747 0.497343376491203 -0.302457564662694 -1.79112509896748 0.0215719610644702 -0.102107316970966 0.0593568244087288 1.81272954740472 -0.596543825167759 -0.898736211332391 0.488643594485786 2.67619177438513 1.61558015113645 -0.601097103992387
"83" -0.200839952929822 -1.48455292136925 0.3601720780338 0.358387105384677 -0.328042000017383 -1.65192779348633 -0.0448488261597959 -0.155245907152324 -0.018066343614549 1.50683889858014 -0.56646305073251 -0.815240585902686 0.414365599448438 2.4219760428693 1.49040901335894 -0.488168294737449
"84" -0.130342368623869 -0.700338012677372 0.466816345592035 0.207564616920516 -0.343591410805223 -1.38798734090503 -0.121954117630849 -0.229397151099735 -0.10090343220013 1.02728566072325 -0.506810489513665 -0.70345506177447 0.327108342416425 2.08382004348044 1.31459482753306 -0.359045684823087
"85" -0.0408278953901986 0.160772796480441 0.583389866203678 0.0538203590821187 -0.34373933025169 -1.00381219723509 -0.206916087981306 -0.325729468890041 -0.179853771506504 0.38598368405102 -0.428168987801036 -0.580661814264772 0.235511655567612 1.67635246951329 1.12712939434892 -0.223151720164324
"86" 0.0644608665369211 1.0344599239792 0.712935373740878 -0.0955475142801214 -0.325223365097302 -0.523560104946432 -0.295443600960148 -0.442552842003107 -0.246626773462591 -0.376770022619957 -0.340273832922222 -0.460830608471831 0.147621093049169 1.21934559228393 0.956079927555294 -0.0876263964188269
"87" 0.100119251869752 1.3028767168836 0.756409955423676 -0.140877568947855 -0.315361720245207 -0.358021006761154 -0.323245601218976 -0.482926814968186 -0.264181341805396 -0.633300403801961 -0.31191206970185 -0.42520487830712 0.121665342252063 1.06828655173038 0.908109734564849 -0.0456955837746165
"88" 0.216344713153996 2.096392610004 0.897854511528162 -0.275362673827279 -0.272590448380019 0.183233987403531 -0.406789471306639 -0.616726634877704 -0.306570914526618 -1.45404098536963 -0.223909534905484 -0.322939470300852 0.0477175946524409 0.583187084183299 0.778569770222703 0.0819934915630967
"89" 0.330672554788333 2.76823192022963 1.03316481783783 -0.392016713662605 -0.215990110605948 0.70979962019204 -0.476919777075203 -0.749574443749815 -0.328565775880652 -2.22665194673124 -0.142473724781573 -0.238666243941232 -0.0121300689227184 0.108079657194227 0.679754165192012 0.199689021892098
"90" 0.433435752799402 3.28432740998195 1.13877822688596 -0.484496717078938 -0.152559538595631 1.17103161934017 -0.523992613739294 -0.86503820586687 -0.332434778641775 -2.8764985741982 -0.0713710954773252 -0.172751609482781 -0.057702348759088 -0.329420519728955 0.602000842203196 0.303853416232101
"91" 0.515645480794018 3.62938260765526 1.18368845071701 -0.545195165800296 -0.0906600764397463 1.52734892451494 -0.53808235923637 -0.944575801799982 -0.323043734599584 -3.34702535949122 -0.0131478941992782 -0.124072203722498 -0.090647815303827 -0.7030468832383 0.533330833309833 0.38985074535141
"92" 0.570062921415354 3.80447600724443 1.1336188285692 -0.565391663106821 -0.038547062230226 1.7547004264828 -0.510034088503959 -0.969915259364492 -0.306492988657547 -3.60606922312884 0.0302718475024708 -0.0915675369889328 -0.113441567108265 -0.989493510595189 0.464159375769412 0.451642146243998
"93" 0.591880405447904 3.82208866531865 0.956956415750344 -0.536389415128097 -0.00307811924914481 1.84484286705016 -0.432692179649109 -0.925684874991833 -0.28869770336299 -3.64573889068242 0.0572151169903692 -0.0750624302565868 -0.128495088321047 -1.17017656338686 0.390013312939232 0.482351901723689
"94" 0.579036502742717 3.70055472079516 0.632057528167907 -0.451711774429565 0.0112981873353199 1.80285718099253 -0.302376367875331 -0.802217309123886 -0.274191826365422 -3.478047545724 0.0662983085137712 -0.0750788287231074 -0.137609663440452 -1.23339967549553 0.311882804542961 0.475679078859642
"95" 0.532298808832404 3.45946091076001 0.155351592214688 -0.310119925845308 0.00331905502096957 1.64387204683878 -0.120609771634815 -0.598485021032121 -0.265255744085529 -3.12932096530372 0.0568831425524627 -0.0917584896124737 -0.141813465338708 -1.17692832202409 0.234676046654126 0.427916236377627
"96" 0.455254175782185 3.11666289110002 -0.450952118186286 -0.118821117876717 -0.0245239927171212 1.39038734575996 0.104133171517586 -0.324858245804413 -0.261370904683389 -2.63557191054287 0.0297808135955195 -0.123346405059522 -0.141475408094513 -1.01055178362663 0.164703288497247 0.340130626137309
"97" 0.354227992158703 2.68693828900547 -1.13368001615735 0.104143393719134 -0.0657335727939948 1.07051711722781 0.355207982476458 -0.00491806650711268 -0.259033518799756 -2.03946467952678 -0.0120826978385944 -0.164839406347589 -0.136544266451038 -0.757762969001817 0.107144413867083 0.219874225638279
"98" 0.238008893432552 2.18206614267016 -1.80883658383946 0.329540584903333 -0.110118256482691 0.716586506503842 0.607878641721671 0.324798939871675 -0.252047393756778 -1.3881953186221 -0.0633544137750985 -0.207381598348036 -0.126799221097337 -0.455433327543215 0.064206725232971 0.0817024787368581
"99" 0.117202645124133 1.61213091497236 -2.36956798655317 0.519630923116127 -0.144932057381751 0.363208920840335 0.831388371478726 0.618167740745957 -0.232447128857956 -0.73112185699407 -0.116538617510272 -0.238816244724596 -0.112062600052391 -0.150526914883945 0.0343481232740572 -0.0540849903053129
"100" 0.00312324161369482 0.987811841993955 -2.70267563601764 0.634181501603791 -0.1569309229421 0.0442673632568897 0.993248067343159 0.826293707686109 -0.192093787110031 -0.116306065171795 -0.16295853083057 -0.245500737654538 -0.0923709599395797 0.106400241868135 0.0126308671928328 -0.164647020554114
"101" -0.0936876491460075 0.323204253409887 -2.71144336302532 0.638939462386887 -0.135096932612593 -0.211097805074032 1.06518336318351 0.906916483141494 -0.124743638062556 0.414049816030722 -0.194253270311183 -0.215097915753056 -0.0681115420978207 0.270054484074515 -0.00799546801589912 -0.229264473900329
"102" -0.165026605849578 -0.36157472806674 -2.33948556335248 0.514533868619434 -0.0734196491351446 -0.382681748374371 1.02937676907457 0.834280747579878 -0.0281223127362255 0.828420198488363 -0.204053329009316 -0.139682891734225 -0.040119153251609 0.309628411047014 -0.0348919329937551 -0.234331875849364
"103" -0.206284492184032 -1.03889205070221 -1.58872195359223 0.263175026211254 0.0270672795017838 -0.462378541437325 0.883217657982903 0.606688692856002 0.0946063985100802 1.10967789057024 -0.189364614646663 -0.018310532356729 -0.00971477700193724 0.215831509438756 -0.0739241865631186 -0.177204026580327
"104" -0.21704122700279 -1.67393116335549 -0.525568418229085 -0.0890910445516457 0.157679407312342 -0.455232438594235 0.641021367028334 0.249323254652598 0.234495121135947 1.25648455277459 -0.151247839717745 0.141703022664245 0.0213331460136617 0.00353537665753551 -0.128121869912384 -0.0676259084426505
"105" -0.20084026921278 -2.22705353795487 0.727072661982434 -0.495472315686794 0.303173905635998 -0.377916305638546 0.332079109642709 -0.188682504497494 0.377785510194794 1.28180031019054 -0.0946011247579022 0.325132551219554 0.0509283415216661 -0.290868522440407 -0.197080282017268 0.0737968522506378
"106" -0.164243409237418 -2.65775047542097 2.00985818207163 -0.896013296868881 0.444265795774357 -0.255017295623741 -0.00441434910547023 -0.642126491054053 0.507972006807415 1.20890886692165 -0.0271486045141995 0.51065538437954 0.0768281263843429 -0.616610627803903 -0.277117732676196 0.219664959787423
"107" -0.115475471663818 -2.92927736095346 3.15331614971371 -1.2274532229926 0.560865703916013 -0.114184861193812 -0.3260694864914 -1.04032281878082 0.608401924262353 1.06612647349481 0.0420248657426305 0.673547879852848 0.0968511642510959 -0.918058868609034 -0.361982254944344 0.341190930599268
"108" -0.0630370041074241 -3.01299519641192 4.00358632982354 -1.43276636663636 0.635213151304458 0.0185820649208568 -0.593871233269837 -1.31771149957056 0.664767475970544 0.881638440284119 0.103973660221668 0.788602344622291 0.109076733046444 -1.14406515828313 -0.443817911145324 0.413475624773412
"109" -0.0145761528633186 -2.89180533377742 4.4424563517037 -1.46849969236192 0.654285684037202 0.122507541286653 -0.777251461486812 -1.42247721290624 0.667014419634185 0.679633751312068 0.151102500490153 0.832849293043424 0.112020246591588 -1.25518802085261 -0.514173531256976 0.419477276124297
"110" 0.0238680690841547 -2.56265221763069 4.39990304481817 -1.30937760761784 0.611265327154517 0.184045744390471 -0.857150232161277 -1.32246205731603 0.610512404655521 0.478296730336428 0.177966811558619 0.788106741461057 0.104797915208844 -1.2280285106557 -0.565003813396782 0.352121027557388
"111" 0.0483070498122115 -2.03853641481348 3.86050007962162 -0.950906792744131 0.506223386718923 0.197468943914958 -0.827362267001468 -1.00885197081385 0.496630215506407 0.28958022066265 0.181735175455347 0.643727526136182 0.0873089496644297 -1.05707486101273 -0.589761941646447 0.214627409639249
"112" 0.0570552131094717 -1.35047404358848 2.86636922504514 -0.411183798406638 0.346348426381576 0.164500464291902 -0.694846987390167 -0.498544812877793 0.332975999954857 0.120261372550536 0.162473467725706 0.399875152947949 0.0604460332959869 -0.755014668032171 -0.584697863092114 0.0195158740527148
"113" 0.0508704873220627 -0.549188715203074 1.51810831762182 0.267570936745187 0.145901883477727 0.0934364395564988 -0.479466157142675 0.164507879598536 0.133423843174059 -0.0263725032094211 0.123342097031991 0.0710451217616566 0.0262933747365859 -0.352194577343003 -0.550288005185184 -0.213209738304315
"114" 0.03293398657501 0.294768342426564 -0.0280071588961235 1.01879776678163 -0.0742834782939708 -0.00206768538288227 -0.212955828685301 0.910039589985633 -0.0822813824186206 -0.148814858217037 0.0706112447963338 -0.311487826887486 -0.011787545674665 0.105002210779149 -0.49237283588819 -0.458371664093207
"115" 0.00850712438191403 1.09463706947501 -1.5711612181498 1.75522173327729 -0.288292317662596 -0.104674539035609 0.0637002192105511 1.64648677119395 -0.2898472616326 -0.246055530256262 0.0132199246679288 -0.700450020860238 -0.0493168211176036 0.557967214907663 -0.422273196983301 -0.688341832964497
"116" -0.0159051970342315 1.75668733335065 -2.89002413363146 2.37885413955745 -0.468123096556258 -0.195737976607957 0.305370296206565 2.27225666519052 -0.463166083720582 -0.316944546784847 -0.0384013215217505 -1.03848276693633 -0.0812084542202387 0.943007730233331 -0.355203927817019 -0.876196375708787
"117" -0.0338984173262665 2.19498539274861 -3.77967164456152 2.79765455012493 -0.58817278262475 -0.258367608495051 0.470349789230761 2.69302335545005 -0.57843257118597 -0.360179215573964 -0.0742656026881705 -1.26929155219484 -0.102640936449292 1.20176087671806 -0.306892395650316 -0.999170627784935
"118" -0.0407382927683716 2.34852300685778 -4.09390613405801 2.94532756202992 -0.630314998949921 -0.280694207717925 0.528933639605174 2.8414297019761 -0.618817027438085 -0.374682127022672 -0.0871114713090382 -1.35135135618503 -0.110111799104106 1.29286150360885 -0.289257045444483 -1.04196035533019
"119" -0.0346320106169363 2.19515634103396 -3.77957402914391 2.79765491600686 -0.587995141482974 -0.2584334726771 0.470330946596674 2.69298122041383 -0.578237778741674 -0.360035886224163 -0.0742765253953701 -1.26933806233827 -0.102333283810634 1.20131857587251 -0.306748291184544 -0.999157425944645
"120" -0.0172091279468862 1.75698681117271 -2.88981865913101 2.37884597701755 -0.467809080625387 -0.195859688799755 0.305330140539966 2.2721676829888 -0.462817279944785 -0.316676817292299 -0.0384234302610387 -1.03858325956148 -0.0806032471941707 0.942150208267649 -0.354922199757127 -0.87615540255932
"121" 0.00694670376372708 1.09497595326814 -1.57083806378005 1.75518767475005 -0.287918938086534 -0.104825639741889 0.0636363280155894 1.64634609823814 -0.289423412590847 -0.245714443654404 0.0131884110800473 -0.700603895674426 -0.0484715526223516 0.556804014887455 -0.421887469035237 -0.688253532330293
"122" 0.0314911153264209 0.295033306880794 -0.0275717672063154 1.01871825742052 -0.0739387604055761 -0.00220747693566992 -0.213042470416148 0.909847862893468 -0.0818777548774138 -0.148480551257275 0.0705760583529935 -0.311670285580284 -0.0108309051199884 0.103746358247914 -0.491954680277953 -0.458227572239011
"123" 0.0498205418292099 -0.549079386777501 1.51862477944178 0.267437257172473 0.14615720252353 0.0933445175938259 -0.47956907470315 0.16427520911575 0.133735064258574 -0.0261199651154529 0.123311579377375 0.0708808568806631 0.0271939878479053 -0.353301521203287 -0.549923757113991 -0.213025192536747
"124" 0.0564668342316286 -1.35052480122631 2.86691041842071 -0.41135907421061 0.346502784139928 0.164468380285313 -0.694954693420949 -0.498797095109499 0.333172993691575 0.120401411560473 0.162454253977467 0.399773333959196 0.0611564152246693 -0.755819590783788 -0.584445691412533 0.0197046816463597
"125" 0.0480722870934835 -2.03868298972257 3.86099866536723 -0.95109274149287 0.506302475098825 0.19748137104738 -0.827461351937038 -1.00909383503495 0.496734800836908 0.28962801987134 0.181728557558655 0.643702654599601 0.0877801985016491 -1.05756496644871 -0.589627584569641 0.21478277904761
"126" 0.0238218572322467 -2.56281358331384 4.40030379024909 -1.30954060293479 0.611303075938804 0.184076068485068 -0.857229868228919 -1.32266390324401 0.610561466040764 0.47829585851647 0.177968987146635 0.788138375079605 0.105061903910516 -1.22828597500254 -0.564953306906354 0.35222385165585
"127" -0.0145582490086429 -2.89192980437639 4.44273527299534 -1.46861934253712 0.654304991843872 0.122535585836254 -0.777306977161059 -1.42262179962243 0.667036831771634 0.679619763634915 0.151108005854395 0.832901560063675 0.112145850827724 -1.2553108578782 -0.514164532323015 0.419531651147992
"128" -0.0630137318378721 -3.01307059382519 4.00375350366917 -1.43284061611216 0.635224137441248 0.0186002317368537 -0.593904599586824 -1.31779956946187 0.664778382378755 0.881627488750701 0.103978631797707 0.788647675138229 0.10912792221295 -1.14412163865194 -0.443821546790904 0.413498229545823
"129" -0.115461795494301 -2.92931495312217 3.1534021923753 -1.22749245440443 0.560871904426614 -0.114175596512173 -0.326086714830548 -1.04036824219369 0.608407471839107 1.06612107116138 0.0420279623315913 0.673576312401813 0.0968692474054953 -0.918084545049722 -0.361986292584334 0.341198029994544
"130" -0.164237596707701 -2.65776632873048 2.00989622159676 -0.896031057986169 0.444268909067499 -0.25501338417759 -0.00442198774155522 -0.642146336708379 0.50797468862829 1.20890689070115 -0.0271471136343315 0.510669379681865 0.0768337490693982 -0.616621833058283 -0.27711973167202 0.219666448397462
"131" -0.200838290663 -2.22705929324582 0.727087157543532 -0.495479252112057 0.303175238225159 -0.377914889797692 0.332076192333862 -0.188689883857537 0.377786657731669 1.28179973679577 -0.094600542592997 0.325138167694917 0.0509299052807848 -0.290872989246579 -0.197080949138204 0.0737969337497191
"132" -0.217040661238412 -1.67393291077818 -0.525563632509614 -0.089093406823622 0.157679886846753 -0.455231949371126 0.641020397516294 0.249320898619183 0.234495534930801 1.25648435545328 -0.151247640716005 0.141704921116961 0.021333529670122 0.00353377924110448 -0.128122051649278 -0.0676259900280485
"133" -0.206284337492699 -1.0388920555717 -1.5887206198682 0.263174279986449 0.0270674023616238 -0.462378171911664 0.883217356420603 0.606688040738702 0.0946064653980599 1.10967749439064 -0.189364504232808 -0.0183099066983345 -0.00971475859269555 0.215830852931695 -0.0739243619763066 -0.177204029192325
"134" -0.16502649132006 -0.361572324396142 -2.33948549484276 0.514533461988057 -0.0734197443354421 -0.382680554985292 1.02937659404488 0.834280606098702 -0.0281226261427695 0.828418428856489 -0.204053031275873 -0.139682331719001 -0.0401195065389772 0.309627396885687 -0.0348926926101321 -0.234331667953313
"135" -0.0936872844317849 0.323215515788005 -2.71144460956216 0.638938422914253 -0.135097541385726 -0.21109279988765 1.06518290324053 0.906916569666381 -0.124745226250123 0.414042219939754 -0.194251989455803 -0.215095957118905 -0.0681132332747569 0.270050482196869 -0.00799893347585012 -0.229263475933095
"136" 0.00312459087021677 0.987857750100331 -2.70268119390103 0.634177389076424 -0.15693352836352 0.0442869725806476 0.993246327269872 0.826294353458382 -0.192100395383903 -0.116335854980412 -0.162953282340677 -0.245492703036973 -0.0923779718346374 0.106384030058396 0.0126163501014069 -0.164642916813264
"137" 0.117207227315793 1.61230161291266 -2.36958934632047 0.519615427972733 -0.144942145823738 0.363279112161911 0.8313821633935 0.618170771522418 -0.2324721457995 -0.731228426760592 -0.116518895193169 -0.23878563728681 -0.112089142681587 -0.150587379631747 0.0342924674421887 -0.0540696054192722
"138" 0.238023076845048 2.18264677356597 -1.80891136979796 0.32948699632607 -0.110153986472985 0.716815724705147 0.607858379732846 0.324811349870973 -0.252134138523982 -1.3885429199643 -0.063286565832247 -0.207274836167166 -0.126891317422142 -0.455640026426337 0.0640114475307989 0.0817553886708708
"139" 0.354268039840486 2.68874670160837 -1.13391936369792 0.103973553102978 -0.0658494671552711 1.07119975660659 0.35514755937246 -0.00487281050534527 -0.259309362453356 -2.04049790157507 -0.0118688700937684 -0.164498536796053 -0.136837545534264 -0.758411457360128 0.106516836909542 0.220041624820183
"140" 0.455356946406873 3.1218262416616 -0.451653313638709 -0.119314948011267 -0.0248689396356209 1.3922410640422 0.103968469993011 -0.324709965128902 -0.262176167142604 -2.63836982081998 0.0303989854650246 -0.122348872083307 -0.142333404929685 -1.01242182946091 0.162853088507003 0.340618793738656
"141" 0.532535961003997 3.47299614281338 0.153468076899015 -0.311439844861262 0.00237475910528684 1.64846304732504 -0.121020441797922 -0.598045536825417 -0.267416427655488 -3.13622361416324 0.0585253723848873 -0.0890770048023128 -0.144121640569152 -1.18189201512052 0.229662213929839 0.429229933662498
"142" 0.57951876090619 3.73318905143967 0.627410665526108 -0.454963083331878 0.00891542214850127 1.8132347093504 -0.30331419352074 -0.801032604760087 -0.279528314682632 -3.49356835462488 0.0703153265656682 -0.0684413854751327 -0.143325823939578 -1.24554421063268 0.299367777919489 0.478944338813136
"143" 0.592713736492579 3.89459938625633 0.946410579375625 -0.543790814616591 -0.00863068070356265 1.86627756642359 -0.434657311485504 -0.92276791392805 -0.30085054328489 -3.67756677563671 0.06628092407604 -0.0598983984229378 -0.141545077649176 -1.19761126291818 0.361183044200896 0.489856043294836
"144" 0.571191487308354 3.95325331694388 1.11157415559525 -0.581005349328716 -0.0505175669461415 1.79521906983259 -0.513822266134087 -0.963333828994363 -0.332062902846234 -3.66563206562268 0.0491873169977697 -0.0595270748476935 -0.140959059759605 -1.04683353045458 0.402758763161955 0.467613220773714
"145" 0.516518286930599 3.91187830440846 1.14119465142315 -0.575798682652721 -0.114580802394975 1.5975786032289 -0.544823292121429 -0.930933935972777 -0.372864989568856 -3.44878615185117 0.0234129241237357 -0.0613456476112546 -0.144369450329037 -0.814205276619257 0.412237034572133 0.421399504568726
"146" 0.432491059763205 3.7818611982115 1.06316234659073 -0.540371530585011 -0.196965085173672 1.28289897659426 -0.535113294991743 -0.839006539535908 -0.422566270584678 -3.0351919381353 -0.00576748832574125 -0.0587552927095558 -0.15508626562124 -0.529871027855187 0.380456843419132 0.361854981085429
"147" 0.324724614289304 3.58301401978697 0.908821961425204 -0.48728724666981 -0.292754236115337 0.87405495729206 -0.494018686921397 -0.703752532377167 -0.480408344086896 -2.45234179852252 -0.0329406205840574 -0.0459395213128602 -0.176584175029667 -0.229232229361291 0.303018523620469 0.299231883361884
"148" 0.200029486032111 3.3403953418636 0.708720306239636 -0.427477614116386 -0.396490339777537 0.406564024142082 -0.431450133541874 -0.542162686806034 -0.545556775001637 -1.74617788771895 -0.0533351935108675 -0.0190878430314001 -0.211915920367791 0.0516969691456672 0.181856551122937 0.241939833960373
"149" 0.0656016946645336 3.07859978883102 0.49010876464437 -0.36895751553998 -0.50261161777923 -0.0747316150078075 -0.356855428530534 -0.370479756330502 -0.616823251394722 -0.976319956372316 -0.0635586834778252 0.0227050555695598 -0.262965557033696 0.281300316593792 0.0259465953338385 0.19557631625095
"150" -0.0695451595179815 2.81961564798777 0.279219893023127 -0.317080996278362 -0.604165594014466 -0.514283075328025 -0.279715887110813 -0.20572598111047 -0.691006113548454 -0.220640594341585 -0.0622693128049874 0.0760571806344927 -0.328490966862999 0.434982174128033 -0.146187589698933 0.162956928512799
"151" -0.203404816635392 2.56262353153626 0.0881415083453074 -0.271620556648849 -0.699258833487296 -0.878904892324599 -0.204323171436632 -0.0549401215873027 -0.767131806646389 0.479543076223118 -0.0502054793100295 0.136918527644355 -0.407717707470086 0.506979749962586 -0.318976071285658 0.142453448821769
"152" -0.330448825583799 2.3037792149632 -0.06780049132652 -0.231754543226286 -0.783097213723486 -1.12642010775493 -0.135836169228549 0.0717670728900965 -0.840613764424279 1.06492640267034 -0.0298179460592578 0.197370395118647 -0.495389504109933 0.497048317535619 -0.468833581577567 0.131510696874557
"153" -0.447406999868472 2.02778922691732 -0.179538886597574 -0.194679861784283 -0.852732124374816 -1.22980912393654 -0.0770040033248975 0.168792447073965 -0.906767147699709 1.49631400699621 -0.00482777995677708 0.249120398457983 -0.584741454238623 0.417330191848885 -0.574894014313013 0.125902265311282
"154" -0.551444426209163 1.71651601836361 -0.242258903396787 -0.157292735683335 -0.906111124682228 -1.17470790760061 -0.0291954730663788 0.233335685414023 -0.960632936769402 1.74883791274683 0.0206713224714279 0.284610392547755 -0.667653659390542 0.287156833879127 -0.620842101514594 0.121171494394133
"155" -0.639507302854107 1.35587297838272 -0.255601087468183 -0.117191935755535 -0.9420025881002 -0.960422646812734 0.00727621617289609 0.265254344407186 -0.997539688393786 1.81239143905712 0.0430739728651022 0.298468149853349 -0.735503083345316 0.128777880065868 -0.597819901439173 0.113569864367122
"156" -0.707827234109737 0.941209456788428 -0.223911132306581 -0.0733429368680945 -0.959803785037847 -0.600891820594161 0.032938396514642 0.266979829865409 -1.01352402798702 1.69251353084076 0.0599237083442481 0.288578723697952 -0.779997247897613 -0.0368100920683076 -0.50641733760455 0.100708396748786
"157" -0.751716236360759 0.479962158023343 -0.156263556283645 -0.0263583822585032 -0.959144400547688 -0.125630710523347 0.0490575020449554 0.243423349810847 -1.00542514644934 1.41180661885657 0.0702513382101204 0.256575050898185 -0.793865586461317 -0.193149151391002 -0.357423592009244 0.0818866904267708
"158" -0.765673739827852 -0.0084048617599769 -0.0659840139996635 0.0215535291963072 -0.93917357361992 0.420076335938784 0.0575555400448527 0.201700067777832 -0.97055691631981 1.0105782039098 0.0745590881673588 0.20761807624649 -0.771376602829506 -0.330140022830366 -0.171150112176861 0.0581734209785765
"159" -0.743813513286317 -0.494341655839727 0.0305133342500148 0.0668978615935183 -0.897517385937756 0.976891018713388 0.060816179788573 0.15049209298812 -0.906035188699785 0.544766059062543 0.0744854272709135 0.149402463908942 -0.708780580500574 -0.444036390677458 0.0247504220594301 0.0323710243165181
"160" -0.68071120294596 -0.941202453993729 0.115627161028926 0.105415374208827 -0.829195716472752 1.47621504363829 0.0613053289280096 0.0989674592536822 -0.808121258759123 0.0796727143628819 0.0722310241769115 0.090478681049234 -0.604895462364109 -0.535608112256427 0.198969833435779 0.00889205919287406
"161" -0.572831355318558 -1.3091144490713 0.173121748939505 0.132792921199804 -0.726264218249573 1.84890989101901 0.0610480682995862 0.0553502966898787 -0.672281375191845 -0.320604328131012 0.0698653987987774 0.0383449535763134 -0.462026845348354 -0.607036209256916 0.321670580517019 -0.00682108986620733
"162" -0.420559112749116 -1.56026219061702 0.191070068350683 0.145493232072759 -0.57932834452382 2.03789948846919 0.0611312342293722 0.0254433007354216 -0.494819210245154 -0.60626701397305 0.0686743043741802 -0.00182024490155897 -0.287164488658122 -0.658734569392277 0.370745810172728 -0.0101003949932306
"163" -0.230559949340719 -1.66609184349244 0.164712047739978 0.141590731845076 -0.381877292756713 2.01277197541974 0.0614652651883727 0.0115341877843065 -0.276548998929357 -0.753651328722773 0.0687438097636637 -0.0271162288066336 -0.0930347845976747 -0.687597742494364 0.338177477151643 -0.000218077912222725
"164" -0.0178538071613832 -1.61578345075487 0.0985453134763916 0.121539882963907 -0.13720624219715 1.78198377563893 0.0609783154428691 0.0120646094907055 -0.0278478267351608 -0.770780011194583 0.0689754688909558 -0.0361709093136113 0.101691765701261 -0.687750742472954 0.234299997204861 0.0171290617167728
"165" 0.193423102254814 -1.42346033538557 0.00678815988471282 0.0887932730151384 0.134456096382012 1.39660989623426 0.0582338865928655 0.022223659243962 0.227205644178655 -0.69264224606378 0.0676168052347976 -0.0293766376721365 0.273845068252969 -0.653699948070488 0.0871923521399793 0.031503530797039
"166" 0.372185365696941 -1.13009786304133 -0.088775220221303 0.0498782931488755 0.393443059627651 0.940783399954147 0.0522458881415198 0.0354035837412576 0.451311162111447 -0.566527612961137 0.0631379033336379 -0.0105487558487596 0.399554630165213 -0.58441036949697 -0.0642888901506673 0.0341845929094973
"167" 0.487252135600696 -0.796412177037117 -0.164280864830293 0.0132082079031477 0.588384684229707 0.508820910352227 0.0431205371137742 0.0452601591894548 0.602539655062699 -0.433839226689162 0.0550282805240845 0.0123720079765093 0.460511046061232 -0.486113488391127 -0.182342333588291 0.0243448014778949
"168" 0.518664056650812 -0.486412725825998 -0.201853486204592 -0.013612837168008 0.675690841090059 0.176096130566743 0.0321687513202059 0.0478038474442934 0.650742859907656 -0.318084568083309 0.0440843842802507 0.0300897111870526 0.451201442667681 -0.37210218183123 -0.24264051802394 0.00888782877767369
"169" 0.468551263811752 -0.247325289505179 -0.196879113888548 -0.0268200306685697 0.642485100601032 -0.0236607052711674 0.0213706822751536 0.0426036786069703 0.594205705289545 -0.224948634564967 0.0320626188408986 0.0368373418463541 0.383353420654933 -0.259222672019462 -0.241990575062802 -0.00372995497225048
"170" 0.397281989570473 -0.131365672319112 -0.172747451552829 -0.0285071384051667 0.559809388089548 -0.0900028306300285 0.014800411674594 0.0356250775254618 0.506735836244698 -0.170960137839389 0.0239787834222351 0.0349949875075062 0.313856740368539 -0.188333763745831 -0.213221168419452 -0.00846128671058466
