"V1" "V2" "V3" "V4" "V5" "V6" "V7" "V8" "V9" "V10" "V11" "V12" "V13" "V14" "V15" "V16"
"1" -7.4030811517351 4.27079991303991 -0.0165665177879433 -1.39317802422738 7.81544984532627 -4.35978679665699 -0.0169741933897569 1.28414057195068 4.44476863666122 5.06818341969422 0.0883674317984848 0.0648736404532428 -8.50183773711511 -4.17640046741997 0.165238204204741 -0.00549224692849748
"2" -7.75910307330098 4.97322236873049 -0.0546553161251282 -1.69651181121327 8.65359775932496 -5.32336333419519 -0.0177343752872918 1.54244567722412 4.95811133582439 6.22711227418375 0.111648423603274 0.0536646941020535 -9.11908978854514 -5.4073549338992 0.157348307152233 0.011892946003627
"3" -6.59769143295409 4.93273126804112 -0.101718812486681 -1.77430936258463 8.0125249001254 -5.64821178772089 -0.015124875101165 1.58402831612975 4.74386320612676 6.65054734862025 0.122414461386899 0.0132076351178512 -7.96379948774388 -6.16577594915604 0.106903020031268 0.0518341509505262
"4" -4.97643343033149 4.36540757819233 -0.130865941825419 -1.64644990302077 6.6707037781565 -5.35059631401144 -0.0116020176787224 1.44420769103809 4.18003394444129 6.32330701503221 0.118272815960552 -0.0325678447470636 -6.12166764025288 -6.20850089011335 0.0499395920385268 0.0932987579394648
"5" -2.1071575369926 2.83753270437518 -0.149700232254276 -1.19508084419192 3.91985031485079 -4.11123270368503 -0.00560958182622073 1.00540099680116 3.01413710819659 4.85571120291465 0.0923167439895209 -0.110967010268268 -2.60201292138275 -5.34471921919828 -0.0438499048470931 0.159237048163959
"6" 0.609534692369806 0.661258068566099 -0.126825584210138 -0.475460779194464 0.90247258898245 -1.98840086610582 -0.00024769524791779 0.339258495685286 1.74737930483819 2.26648025146278 0.0429318489197428 -0.183720773908135 1.06540437647761 -3.29125952647545 -0.127990022832364 0.209936300876507
"7" 2.37420465623227 -1.80387064816523 -0.0566368000229147 0.400993903216886 -1.55464473348301 0.741757447090066 0.00311741230548179 -0.444699105222426 0.704340525812194 -1.12474645593332 -0.0238777323736343 -0.223890415049937 3.86366225468324 -0.207903139278436 -0.176214545030689 0.218259765218136
"8" 2.7802893630586 -4.11938941592101 0.0504090724319468 1.28961122451904 -2.89111154371547 3.61819042047752 0.00447676624271409 -1.21356433744336 0.0669476637099891 -4.72736010392794 -0.095980629883897 -0.212643027135073 5.12340088978926 3.39413743593949 -0.170875390738615 0.172581352995167
"9" 1.89111960837653 -5.84348618396174 0.170403115292252 2.04449467315203 -2.95523222726168 6.06693311120151 0.00519908972457017 -1.84020248677434 -0.146798335925093 -7.76663443138163 -0.157229218936056 -0.147643893022632 4.68791970411922 6.71726253633825 -0.106183056602731 0.0873154984715256
"10" 0.132063478514034 -6.61085949721505 0.273507195790444 2.54328515891393 -1.96936569854875 7.52425520426645 0.00741781177710976 -2.22343836585229 -0.0422982636250815 -9.45755636824389 -0.191231160312761 -0.0436238855877491 2.86337041833082 8.87326741420315 0.011571943816989 -0.000946235066294321
"11" -1.91557735307261 -6.2058735217831 0.333062272192578 2.69990494794706 -0.375501069281215 7.57963910310666 0.0131121689898315 -2.29638118823364 0.21827150595363 -9.21770628778829 -0.185629417717102 0.0745875272300509 0.226652983593063 9.14560548048014 0.165350450743063 -0.0502715116358559
"12" -3.71963842083261 -4.61020154062737 0.333003010739716 2.46710782301022 1.34773780723093 6.0884782840031 0.0232799635022527 -2.02595082662663 0.478787820384968 -6.84051820702092 -0.135449205960015 0.18211284760946 -2.59830743140283 7.21397707534705 0.329689501923212 -0.0337208584351174
"13" -4.93111200906772 -2.00940692994345 0.27153850985885 1.83530447138867 2.82162848087786 3.21343453171109 0.0374832955224029 -1.4102255939619 0.630831846885297 -2.56319722178102 -0.0444910436448183 0.261750331956591 -5.10710684119972 3.25466560771036 0.474442323843391 0.047995406398968
"14" -5.42459928583614 1.24483874532723 0.160676591624721 0.833128590755962 3.82705693320182 -0.617741112361429 0.0538593567900296 -0.478558212178534 0.628999617452125 2.99174487956883 0.0754684798350134 0.306202951465821 -6.98922830785694 -2.11196353504059 0.570248522844167 0.167673165135056
"15" -5.26281553441968 4.70622162462348 0.0224944271011225 -0.470160840304857 4.29815815716006 -4.81945911059875 0.0695376793239966 0.7058959542126 0.48380396091839 8.97422623786015 0.207201583155268 0.31510065336488 -8.12345008206251 -7.99410425874384 0.594971535838567 0.284907237373318
"16" -4.62152023258608 7.91897912844462 -0.116259448340124 -1.96468758630056 4.27966097596686 -8.78380754668518 0.081327545950904 2.04558711577238 0.241192382690166 14.5075675915841 0.331416327097386 0.289435849637812 -8.52963937882584 -13.4530681572804 0.53937351476236 0.364439078559371
"17" -3.71002252652168 10.4949831450703 -0.229625031229254 -3.50660960173815 3.87601128834454 -12.0051957512843 0.086513793786974 3.4141109106066 -0.0412252190344624 18.8730046172224 0.430075540021001 0.226356541083078 -8.31023685741715 -17.7085998247919 0.410216291512654 0.39174363762686
"18" -2.71069079571806 12.165731426902 -0.296787129536348 -4.93258061273184 3.2092680848159 -14.164517608348 0.0835989695425106 4.66907875768926 -0.313320628793004 21.6329014032006 0.488913553144076 0.116408862370918 -7.60141602335896 -20.2736884017839 0.229729607542765 0.380466770140174
"19" -1.74739541554441 12.8014509634352 -0.304801446715771 -6.07991950589582 2.3919514037513 -15.1584162034891 0.072838630691944 5.6703001090638 -0.542867385845079 22.6711877241519 0.498778683133477 -0.0555604407081773 -6.54078092637196 -20.99690657621 0.0315282921720836 0.369411557914646
"20" -0.881967937603527 12.399816865249 -0.249752801533532 -6.80840178100817 1.5142720740413 -15.0750644054148 0.0564337472398826 6.29924049934131 -0.716918138476365 22.1535686915754 0.455836654246099 -0.305283285983933 -5.25056199262334 -20.0188720923912 -0.145872596149275 0.409452141745987
"21" -0.130709156497865 11.0548654486607 -0.136752215987308 -7.01906065288858 0.64217808158633 -14.1309811925724 0.0382877714261944 6.47519695889868 -0.836543540429043 20.4297492491014 0.360996543917114 -0.640145797634887 -3.83231210749813 -17.6709521482507 -0.266202171657142 0.543342481360469
"22" 0.510331849248509 8.9200961906987 0.0208155594660653 -6.6661610923436 -0.178112079542544 -12.5916013151718 0.0233261296639178 6.16456604932023 -0.908697734973302 17.9121694300626 0.219068875476502 -1.04858304479149 -2.36882452242443 -14.3552228832201 -0.301596446665258 0.784145746052673
"23" 1.04240466591612 6.17786218511398 0.202654319546347 -5.76039949168285 -0.913186799264281 -10.7001095007286 0.0165019595576688 5.3817182840446 -0.938988460616432 14.9683804093408 0.0380994051964514 -1.4918092943517 -0.929422365119315 -10.4435409805715 -0.236829459319551 1.10003747523888
"24" 1.44835376993515 3.05155381862551 0.382125721927288 -4.37868681328467 -1.53145471883821 -8.65316861037486 0.0216121751372995 4.19531804936298 -0.92831699045205 11.8849777083798 -0.168901419533597 -1.89925028430889 0.412979390859654 -6.2608885782074 -0.0735257329488377 1.41031291181389
"25" 1.708913651632 -0.346581356757042 0.537095955249868 -2.58315803216988 -2.02584991148923 -6.4992318149132 0.0409246183660343 2.65750813153585 -0.87234143981861 8.71828452905466 -0.393576107605156 -2.1941678726339 1.63708550141967 -1.88967987671035 0.178050018063004 1.6138952591873
"26" 1.78511979450439 -3.76041175078939 0.6397443076523 -0.528962730455873 -2.36907501971717 -4.32450787584527 0.0740328626311211 0.896195276151516 -0.76740393803626 5.5753263464695 -0.6151059159324 -2.28034729279079 2.6706107755465 2.46219682452988 0.483085856682351 1.59479290059107
"27" 1.66126713255714 -6.98019163482311 0.67248337457373 1.62771098322719 -2.55630550052594 -2.1664499732409 0.118003613311966 -0.96259592475748 -0.615886396636105 2.48656903820373 -0.812857149992844 -2.09347883288046 3.47702950522606 6.66680787750726 0.790958411276051 1.28130155612325
"28" 1.35032269641452 -9.79856208175065 0.628640341159254 3.71710463064699 -2.5978048559437 -0.0821122830239034 0.167800110856334 -2.78157488902863 -0.430077040764598 -0.487455837484902 -0.96377727968482 -1.6162240206022 4.03676121781425 10.5695034000057 1.0336348438766 0.672512050767182
"29" 0.897017028543203 -12.0225338200268 0.514384356909176 5.56137453339522 -2.51967988775746 1.83518949914674 0.216950203046011 -4.41447856408404 -0.232520123549243 -3.22890240315436 -1.04390536366261 -0.890111542657451 4.3493860236451 13.9780577782256 1.12892247671414 -0.147825848138837
"30" 0.370140948217788 -13.4899390233173 0.34814758591331 6.98260170926812 -2.36010531916666 3.46196200472447 0.258344809202448 -5.71125904110779 -0.0525051356142878 -5.57026506379989 -1.0308616716084 -0.012411404859904 4.43186076848647 16.6802503720343 0.988862161898965 -1.02145077983187
"31" -0.151746772533215 -14.0872199984549 0.157520512081391 7.81760423348283 -2.16181010860902 4.66785122323665 0.28509756600781 -6.53022467606797 0.079971320777938 -7.32820159747899 -0.907335515313875 0.881708809467 4.31318545527635 18.4786836886655 0.534754284209839 -1.74814728760066
"32" -0.595692606687955 -13.7651195387478 -0.0258429683650263 7.9416554118136 -1.96288062170513 5.34528988314224 0.291450104215855 -6.75886204551327 0.140989861016266 -8.34666357153756 -0.665353545542267 1.64755188686786 4.02745355870317 19.2266783233986 -0.281458309495065 -2.13338035234392
"33" -0.906768735526612 -12.5494879349058 -0.172366232865343 7.29881894823427 -1.78815261766999 5.43515997865941 0.273695204646256 -6.34098825373147 0.118759724236543 -8.53371832538932 -0.310746625186091 2.16339415101402 3.60748949124217 18.852703349679 -1.45242461528198 -2.04059374970984
"34" -1.05567127682377 -10.5453274291767 -0.260515054629536 5.93141507602434 -1.64307107181312 4.94231823412638 0.231013502174466 -5.30331326895075 0.0178246419975867 -7.8832773999369 0.133221795647721 2.35974437714231 3.08054204206857 17.3689461930184 -2.89334533329134 -1.43634108445531
"35" -1.041142208151 -7.93263209411236 -0.28124240568259 3.99728250591136 -1.51145708207111 3.93905398732987 0.166027277626455 -3.77122426887554 -0.139526614870643 -6.47978633762676 0.624486757029288 2.23774664250323 2.46663838829508 14.8666746871282 -4.43118308777366 -0.415944652561848
"36" -0.887606265678215 -4.95271499490821 -0.239695990223424 1.76316588986981 -1.35823332077785 2.55706554483947 0.0848348960887115 -1.96345396141331 -0.315424736022434 -4.48784938090878 1.10452444757636 1.87011617356029 1.77971876803208 11.5040661829768 -5.81375831647927 0.80118288083122
"37" -0.638804622249538 -1.88448381141075 -0.153466824419581 -0.432823007845968 -1.13747587778324 0.969755937083519 -0.00364680414182317 -0.159499479544536 -0.462452700901025 -2.13019501558779 1.50526763767142 1.38124544140055 1.03136105118489 7.49165970531777 -6.74384872013025 1.91217366837009
"38" -0.348596035198049 0.987821606477041 -0.0475369150857574 -2.24731554755226 -0.804900392462216 -0.632350166043466 -0.0890312413684491 1.357924621661 -0.532930453728635 0.342009242188652 1.76019684819777 0.908967941622905 0.236383060507833 3.07836980066489 -6.93619278393669 2.60317772465714
"39" -0.0705648257953868 3.41098830890922 0.0528439548273383 -3.412382615414 -0.332267199894805 -2.06903001145206 -0.16126919067538 2.37275882240409 -0.489705373265792 2.68176411665047 1.81761650319794 0.557615132493083 -0.581144294328681 -1.46138505818991 -6.18630639511491 2.63751970618523
"40" 0.15156025367434 5.19637553758724 0.129255115059692 -3.80766848912015 0.280099299372552 -3.19556470338505 -0.21248650784419 2.79704374314122 -0.315819882240012 4.67639992161062 1.65285315526498 0.357553014493078 -1.38355309628541 -5.8405486280009 -4.43292389030682 1.93395312396115
"41" 0.290714536217045 6.24321728632725 0.174847040696974 -3.49898905554414 0.996647484031023 -3.92068758994373 -0.238362910961911 2.70167702655156 -0.0203059978177684 6.17014916948241 1.27584963239212 0.247188513552828 -2.11898366165599 -9.77392199081755 -1.79448750289066 0.607904356284962
"42" 0.339204880236458 6.5464086509993 0.195018483425955 -2.72620451544515 1.74843044209443 -4.21383675334086 -0.238679182397551 2.30135103968273 0.361758689899967 7.07562468951809 0.731688742726121 0.087984277302894 -2.72577801409206 -12.9953134462601 1.43383710018077 -1.04250874622812
"43" 0.307094255186939 6.18773125150949 0.20362422663078 -1.83848778356196 2.44359747217609 -4.10110791322556 -0.21691911729377 1.89245171239247 0.77514602432138 7.37350768585415 0.0936486897832012 -0.28736962721905 -3.14161548755554 -15.2770232477489 4.82442058132199 -2.60691454470725
"44" 0.217220078889113 5.31404678873901 0.215823265645895 -1.19228649542197 2.98405899270676 -3.65233064060001 -0.17910781322027 1.75834108648804 1.15476739757181 7.10273379709813 -0.549375076892908 -1.00515651281876 -3.31555474528658 -16.4499065282562 7.89183894163943 -3.67209832465869
"45" 0.0985816136974762 4.10894654512276 0.23986064417042 -1.04007791777167 3.28408776656108 -2.963661521689 -0.132278860130658 2.06826808684072 1.43765225468768 6.34541324832441 -1.10779608525597 -2.07965545470597 -3.22004027748301 -16.4213462296914 10.178738471245 -3.93956269673527
"46" -0.0200664882721071 2.76455652851638 0.270594481620662 -1.44276651934092 3.28638248636954 -2.14026862511163 -0.083016129149712 2.80086519378469 1.57379361223444 5.21090437147959 -1.50520033378535 -3.36510858873135 -2.85964244826147 -15.1883808684334 11.3326910149613 -3.31671090094278
"47" -0.115098327006493 1.45794007745184 0.287376552232502 -2.23502098921381 2.97228688697633 -1.28222594704377 -0.0364157716679046 3.72039434139108 1.53386557042978 3.82201526443222 -1.68880829713331 -4.55264419051127 -2.27383257150117 -12.8438400003706 11.1595868978359 -1.95313716954934
"48" -0.17088414396963 0.333303876093225 0.258024718644975 -3.06215846468513 2.36478040613524 -0.47456349807203 0.00437225040408862 4.42413881380594 1.31307692188359 2.30414184075815 -1.63577232555151 -5.22626432800917 -1.53231402852275 -9.57424584223349 9.64805869190832 -0.206720349077841
"49" -0.180871148659065 -0.511077403590832 0.149055659091374 -3.48952288604437 1.52476235763988 0.219272666860689 0.0380525201287014 4.46195317812638 0.93149904017665 0.776481675301 -1.35575455697348 -4.97745205471711 -0.723245577274994 -5.64911818482953 6.96721669516114 1.45784882798034
"50" -0.147439462285121 -1.03227302189879 -0.0599480480316714 -3.16078775412734 0.542418787025486 0.761623185678758 0.064704771608767 3.5035528064206 0.431666395395055 -0.65577954531534 -0.890476000806942 -3.55623349573398 0.063133537755192 -1.40211994548054 3.4436372507821 2.61460770902886
"51" -0.0809408678671986 -1.24719840517065 -0.362542505180755 -1.95515402428146 -0.47427315832978 1.14248206583366 0.0851381594234653 1.50073734981203 -0.125980444244547 -1.90819891264096 -0.310222205465763 -1.01169380961073 0.751159700064804 2.79478687324658 -0.477294139045398 3.0221581472988
"52" 0.00212330815067219 -1.2282691243646 -0.718521678926436 -0.0778298828934112 -1.41241556695756 1.37759878254445 0.10029482613367 -1.22558128595517 -0.669815671603757 -2.92107545648241 0.293653664065076 2.241046684906 1.29181752145617 6.56254300062574 -4.28358591655569 2.71450889994321
"53" 0.0821029949757133 -1.086129140217 -1.05923924749877 1.97080744543268 -2.16746305857452 1.50118993894688 0.110862586131816 -4.0322445062391 -1.12615958994742 -3.65883270685913 0.821258279648731 5.48097226067966 1.66633344190038 9.54979524577998 -7.46151511361131 1.99026450072779
"54" 0.140336103943099 -0.939561879389942 -1.30606093076977 3.55763473498655 -2.65562016843681 1.5534931208303 0.117161769411048 -6.14497498178639 -1.43037941084234 -4.10463902411732 1.18119643491725 7.87778498398438 1.87971107458645 11.4691031236093 -9.56890400111843 1.28900072766919
"55" 0.163505664235231 -0.879635642875485 -1.39632595994601 4.15680450581635 -2.82350424534459 1.5663372186072 0.119255121966411 -6.93328344521248 -1.53808850930771 -4.25268198751417 1.30892399486694 8.76722243061704 1.94644094873817 12.1307420242368 -10.3057592316829 0.997270026093247
"56" 0.146735526404314 -0.940345740351688 -1.30611841949911 3.56363507989772 -2.65359587331525 1.55174102524776 0.117132800160405 -6.1535096707355 -1.43349167320496 -4.10183267962964 1.18114090029562 7.89343744948201 1.875134383931 11.4679998888759 -9.56622865243776 1.27065660667358
"57" 0.0943900388016345 -1.08736244940741 -1.05930906128182 1.98021134304167 -2.16529074963027 1.497777774219 0.110804207861243 -4.04597650585066 -1.13228487605129 -3.65348874314867 0.821234361414369 5.50667517641705 1.66076815914542 9.54714883089025 -7.45747497628508 1.96027589994264
"58" 0.0186889520245046 -1.22952514771771 -0.718520145868126 -0.0692229045205295 -1.41228428418972 1.37303066232124 0.10021483930457 -1.23921628564065 -0.678337714033972 -2.91412541088391 0.293753569227306 2.26867011664672 1.28957687061271 6.55835773554846 -4.27991680694095 2.68231421747714
"59" -0.0629828736947218 -1.24820035436898 -0.362411209333317 -1.95077552744146 -0.476968574769767 1.13774184311376 0.0850556439542416 1.49160929895859 -0.1355149540538 -1.90121423776219 -0.309987269056919 -0.98862418760109 0.754085224215714 2.78998504230886 -0.475063180831285 2.99497861815689
"60" -0.131354946802418 -1.03294329447795 -0.0597251642113008 -3.16112543562031 0.537911168933817 0.75772372754767 0.0646406285406158 3.50000904138147 0.422883444789807 -0.650231356563324 -0.89018543777037 -3.54006795699206 0.0697348728208596 -1.40629011792338 3.44448580640324 2.59494824239573
"61" -0.168894945593834 -0.511445166800399 0.149260404805958 -3.49241820083466 1.52021828752664 0.216717665645604 0.0380172613723317 4.46201000874882 0.924809346226521 0.779974963470522 -1.35551095577497 -4.96705396692232 -0.716030094035602 -5.65195595905389 6.96742316784844 1.44451190982818
"62" -0.163465694146652 0.333177714596104 0.258129975462978 -3.0650997910019 2.36144384930549 -0.47589137012946 0.00436275141026954 4.42517588313331 1.30886708731783 2.30587135625103 -1.63563018481133 -5.21942753877556 -1.52679046496634 -9.57581980584968 9.64828300243721 -0.215967108911173
"63" -0.111279905319975 1.45797471119363 0.287384330267884 -2.23684704034997 2.97039919834382 -1.28276371511946 -0.0364102661822372 3.72102893430139 1.53168390162644 3.82267079087538 -1.68875858394671 -4.54788682063372 -2.27060624576778 -12.8445960809623 11.1600236933575 -1.95975076690684
"64" -0.0184373814567351 2.76465937458846 0.270557191032211 -1.44358789390196 3.28554180706605 -2.14042922514196 -0.0830061475163646 2.80099166930849 1.57286835319013 5.21107884900536 -1.50520253635757 -3.36187420023907 -2.85815354452801 -15.1887241534981 11.3332014790301 -3.32124149919673
"65" 0.0991547085201319 4.10904428124991 0.239823791499234 -1.04038954521218 3.28379050973695 -2.96368885209947 -0.132270515926862 2.06820966919776 1.4373345145738 6.34543219062218 -1.10781392170743 -2.07770747013637 -3.21948311793386 -16.4215027615443 10.1791469065564 -3.94230796839292
"66" 0.217383277262336 5.3141074444801 0.215802980988144 -1.19241951041499 2.98397477695859 -3.65232486263305 -0.179102816262315 1.75829959674324 1.15468005866185 7.10271988568269 -0.549390350868769 -1.00417448521239 -3.31537603882799 -16.4499736350364 7.89208369414359 -3.67350325211373
"67" 0.307128021340432 6.18775682190335 0.20361740806473 -1.83856335549933 2.44357744953303 -4.10109746608515 -0.216916793040181 1.89245620943061 0.775125734585485 7.37349115522699 0.093640053246915 -0.286966537373246 -3.14155614150253 -15.2770435250058 4.82453475745217 -2.60750888504754
"68" 0.339204977198968 6.54641380996554 0.19501798676518 -2.72625148501959 1.74842525697566 -4.2138269303554 -0.238678341478941 2.30137310865419 0.361752066015464 7.07560962927158 0.731684982922197 0.0881159407190353 -2.72574783645305 -12.9953111568123 1.43387854184607 -1.04271430794597
"69" 0.290707646178532 6.24321452844191 0.174848331202625 -3.49901655810254 0.996644755206237 -3.92067896420716 -0.238362714204182 2.70169664273668 -0.0203112429040502 6.17013577994948 1.27584831590776 0.247221190921664 -2.11895925440287 -9.77391200549479 -1.79447669492129 0.607846604307269
"70" 0.151552706622653 5.19637075489106 0.12925642814831 -3.8076833276175 0.280096962685317 -3.19555534735622 -0.212486584270685 2.79705579269429 -0.315824695793898 4.67638535769933 1.65285274415897 0.357558896499086 -1.38353148239896 -5.84053599098716 -4.43292270218387 1.93393880673193
"71" -0.070573337497656 3.41098000752947 0.0528449803381648 -3.41238918026295 -0.332268310562952 -2.06900864677246 -0.161269606908981 2.37276328537583 -0.489708678240955 2.68173129538141 1.81761615222056 0.557619520307526 -0.581126560661957 -1.46135837104683 -6.18630658492202 2.63750998905471
"72" -0.348613405338185 0.987793255529084 -0.0475355085008289 -2.24731380139497 -0.804895934994189 -0.632268865387687 -0.0890329200713182 1.35791779430001 -0.532931542205176 0.341885109418598 1.76019553170972 0.908987471404089 0.236398175733029 3.07846995146321 -6.93619058436514 2.60314539465617
"73" -0.63885902572774 -1.88460016870306 -0.153462336609508 -0.432799127407861 -1.137446517217 0.970080833777985 -0.0036534857949988 -0.159541151093563 -0.462454545499735 -2.13069044054399 1.50526213618945 1.38132162954753 1.03137977017469 7.49206451593624 -6.74383833508762 1.91205176605035
"74" -0.887782313384669 -4.95316468125736 -0.239680201382242 1.76328537040615 -1.35810053493243 2.55827716196877 0.0848100803467418 -1.96363317413088 -0.315449820336411 -4.48969603366325 1.10450337867999 1.87038084683172 1.77974966862134 11.5055889591244 -5.81372224871359 0.800763000909683
"75" -1.04167303519983 -7.93420832806834 -0.281193866548492 3.99780374068132 -1.51095812035869 3.94319457678519 0.165942560920634 -3.77192697297164 -0.13966503517544 -6.48609478858361 0.624413089927117 2.23858958753772 2.46668341944603 14.8718979269291 -4.43106758959107 -0.417266152962839
"76" -1.05717630282673 -10.5503215002485 -0.260382852587114 5.93340280334019 -1.64150520060654 4.95524897003335 0.230748029298912 -5.30580296905333 0.0173415387291893 -7.9029731235444 0.132987005098123 2.36221821002482 3.08062578070562 17.3852455663579 -2.89299664788064 -1.44016072061368
"77" -0.910874014696468 -12.5638258683901 -0.172030366626998 7.30542574653532 -1.78407682321152 5.47207775172687 0.272930374186057 -6.34887605193305 0.117618134311297 -8.58994376699178 -0.311428264468319 2.17007579558094 3.60796182890849 18.8990363316356 -1.45144427085972 -2.05075034492256
"78" -0.606483272567289 -13.8026013516387 -0.0250069855636781 7.96099529256253 -1.9541526017356 5.44181477461635 0.289420373670694 -6.78124613306619 0.139445381029212 -8.49367099496777 -0.667159280105459 1.66411045086761 4.03020113381785 19.3469932545376 -0.278922935054993 -2.15820017949773
"79" -0.178450298844808 -14.176981988636 0.159599411910136 7.86816108559867 -2.14665992027563 4.89951407105265 0.280128295882083 -6.58754836873523 0.0806794437878242 -7.68105303049512 -0.911717439675918 0.919293994785676 4.32477489782087 18.7651191926384 0.540764808729136 -1.80381514914734
"80" 0.309733496725464 -13.6880520113909 0.353229113882492 7.10207944450906 -2.33961945812449 3.97367808709352 0.247109378675201 -5.84483422955743 -0.0416106859091645 -6.34975944185624 -1.04064873795276 0.0658176558999912 4.46945421989806 17.3078293400719 1.00198031584307 -1.13611964967822
"81" 0.774591533938072 -12.4274116300583 0.526229464609543 5.81896200211418 -2.50112062591215 2.87821915574355 0.193466930556916 -4.69963821542963 -0.195995841086852 -4.81794024978558 -1.06410995186241 -0.74025402835241 4.44923831990755 15.2478808951759 1.15547260466849 -0.365380735438976
"82" 1.12984143080624 -10.5668623357973 0.654369936591031 4.22695732517923 -2.59766231388757 1.8844884970642 0.122367456581078 -3.34212661072961 -0.345896097285747 -3.48400340195798 -1.00243856119794 -1.35092194844583 4.26384647130599 12.9487575012902 1.08371539591099 0.291063541639687
"83" 1.30871563198806 -8.33549633405127 0.723985618298556 2.55844650368738 -2.60293719327891 1.27112707961732 0.0364934157350625 -1.98097900123618 -0.460456993867059 -2.75257828264117 -0.881517147740375 -1.65852737949672 3.93361332681875 10.8034771889897 0.878974600090828 0.662372016663994
"84" 1.28474442625635 -5.98385928260188 0.734448416091084 1.04362376145446 -2.50613873683922 1.25799429631725 -0.0618874533199083 -0.81860565969474 -0.522904169607934 -2.93621112346889 -0.728316180959752 -1.62105258039355 3.50112329101282 9.14724251295078 0.626402648500516 0.667595235923272
"85" 1.08365541890543 -3.74060474713872 0.697116630158931 -0.116625959801809 -2.31732371917149 1.94174817426949 -0.170267400340034 -0.0250808968743854 -0.533935126474073 -4.1597985363729 -0.566894162203791 -1.27506359386734 3.02612414267511 8.16882066816064 0.392284481345087 0.339507843497813
"86" 0.781368067296761 -1.77302998149415 0.630664454015971 -0.778490373813725 -2.06692573865338 3.25756870784049 -0.284894474216262 0.288279410026661 -0.510436308479546 -6.30516400742721 -0.415309376070276 -0.730464204202235 2.57374184998351 7.85597809657476 0.217240795648536 -0.180931443434019
"87" 0.681767905721358 -1.22396719328245 0.606736452066706 -0.871417646575537 -1.98179569411202 3.77346795598595 -0.321556347084663 0.279983775563466 -0.500147723886398 -7.12467415212635 -0.371317815100042 -0.54154077170142 2.44486342577913 7.8667716084388 0.177050515479664 -0.352650666020509
"88" 0.413021007199866 0.267993740235966 0.529259469734598 -0.795880074353363 -1.71780810131196 5.56946553323377 -0.434830367307985 -0.0720051792746546 -0.474515328349444 -9.92791949835524 -0.247458531976942 0.023658878704282 2.10402286485839 8.09390014148904 0.0965177027770778 -0.804600017192115
"89" 0.291975409345731 1.41551188702439 0.452368055955404 -0.215204460497944 -1.49468302021251 7.35288564408475 -0.536140984697994 -0.843031202741912 -0.48153989927374 -12.6517034159836 -0.147003353654156 0.42583683148041 1.88069235548765 8.34251281463306 0.072916238462426 -0.970834019730773
"90" 0.380680032593339 2.29091600758852 0.366918264456757 0.735698953737597 -1.34219707293503 8.80379601509983 -0.613082082706661 -1.87804456505506 -0.540778465091298 -14.8143522455471 -0.067045094291494 0.565423191471837 1.77189284234645 8.29461963620545 0.0805539663527952 -0.736762222449215
"91" 0.68027334821447 2.98051949402435 0.247143194713459 1.87477327086242 -1.26875769201522 9.68889439811471 -0.651543154194513 -2.98150799945014 -0.656306869384744 -16.0731549373365 -0.00348928850587882 0.419763480703295 1.7490478227966 7.75260623824995 0.0933390847741293 -0.10748126152248
"92" 1.13361831115297 3.55419002803913 0.0545965114762055 3.01011097333981 -1.26163988230574 9.90044954838017 -0.637267277673047 -3.95401451626336 -0.816584944582866 -16.2808327039187 0.0464096535742371 0.0439971454934494 1.76668556986369 6.68388479108302 0.0931227384495514 0.793429886814465
"93" 1.64554271404575 4.04894623350938 -0.253292744364479 3.97290528646022 -1.29395255676332 9.4544742437464 -0.55794810417245 -4.62520370591362 -0.998547875085958 -15.4793640829336 0.0828054203935125 -0.447952914146754 1.77420142496062 5.2074394691504 0.0741215118268883 1.75696073069685
"94" 2.10930761478151 4.46772262264693 -0.710945177601076 4.63868266993268 -1.3337913135485 8.45901024342551 -0.405834774619652 -4.87687399980271 -1.17326977840373 -13.8483626763966 0.103505709936876 -0.914737029092066 1.72709603120453 3.53770838344369 0.0428587099803508 2.5414401507519
"95" 2.4296217497578 4.78815864776746 -1.33015790309211 4.93505000497271 -1.35121445212219 7.07078385199443 -0.180717088459993 -4.6547637254545 -1.31116679255274 -11.6362114474199 0.105375807999557 -1.22350970824664 1.59474510764407 1.91230103045348 0.0141809805826369 2.93216735056558
"96" 2.53832441008782 4.97427566252804 -2.08598447243143 4.83861488045557 -1.32162111397077 5.45620386096188 0.107143330627192 -3.97061735335703 -1.38583925980068 -9.09855697175121 0.0862710548982122 -1.28352337531032 1.36369412302798 0.527871203743267 0.00476816467789831 2.79633413069587
"97" 2.40274923203774 4.98616034519256 -2.90682928385881 4.36576920822256 -1.22654996534066 3.76504983406225 0.434991546630691 -2.89701051841648 -1.37648800227709 -6.4572066391942 0.0468141823549075 -1.07092721518575 1.03729995201491 -0.501329980589261 0.026144918725663 2.12255351119302
"98" 2.02779692864811 4.78664103203076 -3.67348559577204 3.56197827735559 -1.05356492618079 2.11763434724408 0.767615582629368 -1.55672422862875 -1.26934974474687 -3.88104987505454 -0.00855989323795825 -0.638553786413013 0.633207497426127 -1.15802379102296 0.0794434813061571 1.0349121733816
"99" 1.45272689163299 4.3466151525846 -4.23118296836705 2.49287593659494 -0.796461241660335 0.601915288472853 1.06046382535917 -0.107510887043247 -1.0587945448943 -1.48401456671846 -0.0716627235125458 -0.105892488446443 0.179789041573137 -1.51221523288168 0.153835089154541 -0.226106017228631
"100" 0.743753563585834 3.65099188489177 -4.41574931646502 1.2385131182067 -0.456308311668002 -0.723815277626287 1.26615610626622 1.27719500944637 -0.748545074021074 0.66657087211459 -0.131795719198223 0.371529519777141 -0.287929970490644 -1.69317117662023 0.22948512599919 -1.35695666311949
"101" -0.0162449468962578 2.70570860070242 -4.09010757261461 -0.109891686939591 -0.0431240078466111 -1.82595356787726 1.34351671728253 2.4304487911658 -0.352977027948949 2.53681022384598 -0.177912927891349 0.647616692761858 -0.732622816411464 -1.85071061670078 0.284290433628144 -2.06927049465958
"102" -0.739408933011198 1.54431168239893 -3.18231736635512 -1.45281583809117 0.42261589479544 -2.69014921123784 1.26704157054508 3.21452623842174 0.102107316941446 4.11231380089356 -0.201119341597646 0.633553721737371 -1.11898467490897 -2.11473649599726 0.302099624559901 -2.17276674943059
"103" -1.34441842443124 0.231403464743835 -1.71378589119311 -2.68739389348195 0.909695339102564 -3.31620079605649 1.03407328174417 3.54092663053873 0.580146873252078 5.38631886207753 -0.196760795579976 0.332114573414401 -1.41755152836971 -2.56224582581346 0.279295817350203 -1.63694758655129
"104" -1.76646132522723 -1.13950029348121 0.192024384816222 -3.71592764942432 1.3779616777062 -3.71354462056577 0.667341682626681 3.38420483403334 1.03666755270715 6.35162088779936 -0.165460839292493 -0.155038930513456 -1.60752364435822 -3.19923328342643 0.227001927599872 -0.609387508266991
"105" -1.96466439316489 -2.45457561210657 2.32420686956021 -4.45723710245056 1.78245094320037 -3.8974272320017 0.211903370902871 2.78701007655258 1.42441054417015 6.9970013217231 -0.11280980540937 -0.652291140367197 -1.67831702534841 -3.96074312037918 0.167699702570076 0.618578484344653
"106" -1.92655951315455 -3.59345976611377 4.41852688823965 -4.85786653616321 2.07927892198857 -3.88584970380487 -0.272676401215652 1.85524975846697 1.70003687150018 7.30776285380156 -0.0478728256648395 -0.961531902711613 -1.62990169737359 -4.7271119942753 0.127122925591152 1.69061734959087
"107" -1.66960673867451 -4.44517074386192 6.20127232784807 -4.89913588720151 2.2321133099703 -3.69740824545975 -0.722622215474193 0.744103357041695 1.83106832485029 7.26918611870482 0.0189457068248799 -0.925348361165561 -1.47223704411767 -5.35026175535312 0.124017027279706 2.2859263466662
"108" -1.2398757716251 -4.92269372747216 7.43137304832327 -4.59697502368454 2.21781766547486 -3.35017205679529 -1.08000450659084 -0.362962163147415 1.80151038094006 6.87147666356137 0.0780153434350765 -0.483261431389565 -1.22411841157503 -5.68242444631088 0.161113313298415 2.21254287840293
"109" -0.70766060046072 -4.97365124677913 7.93221115870874 -3.99361752461664 2.03010917333227 -2.86174530011164 -1.30046605201319 -1.27986314041944 1.61485480700529 6.11517061834101 0.12203623720508 0.295921527066639 -0.911526262196766 -5.60132266167021 0.22038715066617 1.46740288267938
"110" -0.159391849104793 -4.58616448002022 7.61011344085041 -3.1424636431758 1.68069928634857 -2.25065221166753 -1.3578150368055 -1.84699351630424 1.29376812631337 5.01675067836587 0.146793564536665 1.2170490317676 -0.565352158589874 -5.02939616586619 0.264714581240241 0.246267719833668
"111" 0.314727784847442 -3.79056553099826 6.46190027218516 -2.09069594077187 1.19810001028489 -1.53902967138801 -1.24591901809916 -1.96204765953659 0.876525317364287 3.61469329487625 0.151175471751358 2.00093899022295 -0.218386571864606 -3.94766833863547 0.246642420354874 -1.10220749614746
"112" 0.637015087946708 -2.65824498114682 4.57652241374134 -0.869513431468022 0.624656157342645 -0.75614146579224 -0.978925526135168 -1.60616242237079 0.410883029473606 1.97561165488298 0.136750228121564 2.36117397722683 0.0983906950206901 -2.40506845414939 0.123046679267759 -2.17259924853806
"113" 0.760393453543273 -1.298346045313 2.13424283222126 0.496163181229917 0.0122149837079775 0.0584397534978081 -0.590532478195872 -0.853655655561198 -0.0535361460155492 0.198717035548839 0.107255423930347 2.09922468417608 0.360080386346688 -0.521794563658865 -0.127902772014522 -2.62996841827498
"114" 0.68379147678192 0.148372882867534 -0.598564384563787 1.95688071612528 -0.583402636551725 0.853555716083818 -0.132071170405887 0.143337358882377 -0.472978719415632 -1.584381980318 0.0681833475585591 1.18969673245147 0.552279305639168 1.51660711040061 -0.49301275194864 -2.3328159498833
"115" 0.458259208755969 1.52043211237918 -3.28669749723861 3.40489927230624 -1.10866729143873 1.56849360542827 0.331769517413367 1.19135526894621 -0.815610953788806 -3.2174594857515 0.0263528394531107 -0.179494550458912 0.674325796070171 3.47732147416806 -0.919569266950134 -1.40381948404956
"116" 0.177389284061654 2.65305689421098 -5.56394581528821 4.66665567110965 -1.51816660719669 2.13898739044025 0.730811229570293 2.09823728916888 -1.06391394687238 -4.53642865817346 -0.0108097368699873 -1.64055867041952 0.739108389399782 5.11097620861801 -1.32420795870701 -0.206087589241179
"117" -0.0495665834746575 3.40155822463782 -7.09239928228766 5.53835645525601 -1.77861225276596 2.50668415725141 1.00081219991435 2.70751265215343 -1.21242642258359 -5.39373254301276 -0.0364268929400069 -2.75615485423577 0.767740581729427 6.19202487922556 -1.61486709081942 0.784127460629861
"118" -0.134751759269015 3.66621865415408 -7.63125979694371 5.85318507963393 -1.87042027986899 2.63017293426569 1.09626733893901 2.91932632516416 -1.26203451036312 -5.68561337766565 -0.0455710155488163 -3.17286117953381 0.779984640915821 6.561714506535 -1.71957445821261 1.16631023088667
"119" -0.0443105229320295 3.41132755069333 -7.09292571983794 5.545453580713 -1.78740044500719 2.49448398052206 1.00068774411008 2.70061645976648 -1.21405402226624 -5.3747205289348 -0.0364340341733893 -2.75528533000988 0.784248654963982 6.16293703075959 -1.61120510114733 0.78432174055979
"120" 0.188304451172939 2.67180142342158 -5.5646331819236 4.6761556590194 -1.53582497736783 2.11555057932988 0.730561345636914 2.08864560298281 -1.06759209509498 -4.500024887405 -0.0107815815099457 -1.63934400478411 0.772215016434728 5.05544797662953 -1.31746949474086 -0.206244082050034
"121" 0.474809928081719 1.54555270193157 -3.28675974282673 3.40672472281915 -1.13412539024369 1.53708409575533 0.33140720178201 1.18813724407758 -0.821762716393136 -3.16898017846012 0.0265003810653042 -0.178948621574364 0.7217255556588 3.40391934604537 -0.9112781181542 -1.4055799758562
"122" 0.704583583283728 0.175188183977411 -0.596970960841219 1.93786298909697 -0.613457571394877 0.820167816855985 -0.132507283673345 0.158420488103516 -0.481463218777099 -1.53343314610257 0.0685505582220713 1.18839552055215 0.607439970774344 1.44068289338169 -0.485553203217933 -2.33791659865983
"123" 0.782523828345873 -1.27499277583183 2.13820142644714 0.447291244476332 -0.0177019062386474 0.0297629065599523 -0.590984531643414 -0.811989846154518 -0.0633689743556456 0.24157966933501 0.10789732284934 2.09540921304733 0.413735284247103 -0.58358099284046 -0.123524503977251 -2.63964109640619
"124" 0.657059964111177 -2.64159467124148 4.58261661053099 -0.945271805689458 0.599253071953768 -0.775896864288583 -0.979336320400524 -1.54033698279841 0.401253215081139 2.00398770172427 0.13761510208429 2.3552657371165 0.142501478470884 -2.44306480768874 0.123503837759472 -2.1863676035473
"125" 0.330193535707487 -3.78086719059763 6.46889769820795 -2.17771547370342 1.17955897335716 -1.5496654709291 -1.24624965229245 -1.88585470946812 0.868536005106973 3.62871240866306 0.152105643441558 1.9943346967616 -0.187492347601186 -3.96301050790608 0.24413072938512 -1.11764447705536
"126" -0.149222492394536 -4.58157342428456 7.61644715838081 -3.22103406375811 1.66900598643956 -2.25483150429217 -1.35805130784312 -1.77795855344569 1.28814727550665 5.02105792923908 0.147604928223402 1.21130652931242 -0.546793847319542 -5.03046070753233 0.261120446776545 0.23232882316006
"127" -0.701959488199826 -4.97190190459668 7.93683760651861 -4.05076066721813 2.02372289318942 -2.86266380349576 -1.30061519750537 -1.22958062044455 1.61150067735285 6.11504179730545 0.122614888052524 0.291925495928808 -0.901916192257517 -5.59707086892045 0.217281668743453 1.4571484724147
"128" -1.23715005284959 -4.92216757683036 7.43413248849313 -4.63085378306573 2.21480203111791 -3.35001319186196 -1.08008688581829 -0.333139948056512 1.79981334393301 6.8703214304856 0.078354241762959 -0.485516855862443 -1.21981884999443 -5.67822851934574 0.159125361677752 2.20635760193454
"129" -1.66849580626682 -4.44505167380117 6.20262538862147 -4.91561687778915 2.23088892226423 -3.69713573048202 -0.722661638459812 0.758606238748484 1.83034078310485 7.26832635287397 0.0191091152125509 -0.926389165072123 -1.47057767748805 -5.34775412461482 0.123017490391248 2.28285724390662
"130" -1.92617437358592 -3.59344253733792 4.41907482346001 -4.86447131635737 2.07885555119782 -3.88569569121377 -0.272692631635849 1.86105719114768 1.69977280636686 7.30735084807191 -0.0478078476319368 -0.961927370771718 -1.62935270044541 -4.72600021750462 0.126718466809507 1.68936292797662
"131" -1.96455250136383 -2.45457479757061 2.32439080396466 -4.45942394030271 1.78232811250537 -3.89736833718365 0.211897639356817 2.7889307153516 1.42432997211184 6.99685340906831 -0.112788445966245 -0.65241567860221 -1.67816306135717 -3.96035644798333 0.167566480088908 0.618155790825767
"132" -1.76643988306695 -1.13949649688163 0.192075480722295 -3.71652774550876 1.37793269695685 -3.71352947256412 0.667339959027515 3.38473104342117 1.03664959111499 6.35158194056402 -0.165454924740835 -0.155070077317305 -1.60748716931487 -3.19912991559537 0.226966575753181 -0.609507111678795
"133" -1.3444368067703 0.231421119824745 -1.71377535039431 -2.68753196082525 0.909690947295029 -3.31620489486968 1.03407290446594 3.54104713759527 0.580154110734389 5.38632091817229 -0.196759027328966 0.332115188144144 -1.41754240132375 -2.56224139438849 0.279290470611613 -1.63698486227622
"134" -0.739480879456636 1.54436708181333 -3.18231995903054 -1.45284787062235 0.422619278475413 -2.69017075641794 1.26704170004567 3.21455302915595 0.102142156825501 4.11234368341832 -0.20111753888574 0.633578354023939 -1.11897803837464 -2.11479124150753 0.302105814345623 -2.17280608653255
"135" -0.0164309290714471 2.70585553108594 -4.09012126812556 -0.109921912546952 -0.0431088616208193 -1.82599958539566 1.34351716268403 2.43047172223278 -0.352888231854845 2.53687352305025 -0.177908054843193 0.647689023046496 -0.732617746326532 -1.85084932527403 0.284307062568132 -2.06936777107967
"136" 0.743339551369125 3.65134606965512 -4.41578641091182 1.23840758513336 -0.456254269025326 -0.723877410135117 1.26615653958004 1.27727764122884 -0.74835703607398 0.66664697502739 -0.131781038966338 0.371715569814569 -0.287960601115813 -1.69343811519105 0.229510875773485 -1.3572076430346
"137" 1.45188048540361 4.34746028529469 -4.2312809366679 2.49248706896822 -0.796277565671252 0.601910780713851 1.06046261875095 -0.1071973202436 -1.05844495019443 -1.4840592473482 -0.0716173580793438 -0.105422922523758 0.179572597475946 -1.51264642444445 0.153845368561178 -0.226747405830793
"138" 2.02608040243547 4.78880144390783 -3.67375459124159 3.5606559701132 -1.05297466025567 2.11789776282349 0.767607304427184 -1.55564112782208 -1.26874137332862 -3.88159846775926 -0.00841767046826192 -0.637334677915987 0.632298695498562 -1.15871654599372 0.079338405730482 1.03323686410386
"139" 2.39907581687473 4.99211661512598 -2.90758510733794 4.36163983679057 -1.22477525185804 3.76593995089488 0.434961686043213 -2.89360015946033 -1.37540996499741 -6.45898438345571 0.0472507969037395 -1.06768565867424 1.03420969208852 -0.502925190580918 0.0256289724952694 2.11811298501743
"140" 2.53005166199198 4.99098219305438 -2.088062117511 4.82676688072922 -1.3166611242441 5.45790283507006 0.107058067559393 -3.96078710725334 -1.38379424715538 -9.1023070554788 0.0875400193948437 -1.27501902917857 1.35446892620819 0.522504425538223 0.00308859312497134 2.78479589870449
"141" 2.41095390487262 4.83321474548563 -1.33554937726615 4.90378566170079 -1.33835782065002 7.07190615268422 -0.180928641596552 -4.62874887645421 -1.30713129705754 -11.6409149485353 0.108801788118583 -1.20225336376643 1.56983619774612 1.893492676067 0.00961793256590227 2.90369050049958
"142" 2.06882594919746 4.58128549195084 -0.723919009389149 4.56269845341183 -1.30288324269309 8.45258925264628 -0.406307282275424 -4.8135163597365 -1.1654934816696 -13.8457013432835 0.11203802517678 -0.865124060491326 1.66559899706528 3.47842269338581 0.0318649257491188 2.47589044786309
"143" 1.56266488139885 4.31394258012611 -0.282058663036246 3.80250627297778 -1.22502760416642 9.4187377413498 -0.558914081612283 -4.4828671390103 -0.984524491285452 -15.4404930644471 0.102393658513201 -0.340793307317654 1.63486943801195 5.04215967793191 0.0500755845710046 1.61745050480113
"144" 0.974101985628494 4.12580943672131 -0.00410884635851261 2.65677352353191 -1.11918279949486 9.78137288508178 -0.639094521093735 -3.65833720345331 -0.793273538890061 -16.1307367234593 0.0879421187566436 0.257378079849332 1.47644897845866 6.27248154531408 0.0447671587816103 0.520047676845934
"145" 0.392296887233925 4.12150071486249 0.136753112070615 1.19583049671428 -0.996239593619665 9.37311506036309 -0.654775306881916 -2.41223342079773 -0.620665434875447 -15.650045407227 0.0780530827565542 0.810845079093269 1.19179031327045 6.82869157152937 0.00311909718971037 -0.599494579044404
"146" -0.104632095441801 4.40204241874466 0.175314396750643 -0.475810566841801 -0.85990860141391 8.08523283724088 -0.618497333735654 -0.859950093504935 -0.490850333250435 -13.8185350322603 0.0815911981886472 1.22462975369535 0.781788044303092 6.40708859393206 -0.0766688626284804 -1.5483481398096
"147" -0.467234128786878 5.04399308355343 0.144841642340012 -2.2270467208769 -0.703558422340139 5.90382978219387 -0.544865897395603 0.851876468886445 -0.41849959293779 -10.5995073484608 0.105155340497149 1.44708042784441 0.244280399015494 4.81152010924301 -0.184060126373197 -2.19487018113296
"148" -0.686196004907046 6.0749989218715 0.0721690928216248 -3.91187799628403 -0.509197803080113 2.93395677892568 -0.448550667515413 2.56042083458482 -0.405526012771341 -6.13722638928581 0.151580724847875 1.47630383689784 -0.426547996240465 2.01242972182384 -0.298091730592205 -2.48650961692829
"149" -0.793945557630103 7.45228785276032 -0.0230047880742674 -5.38361673719515 -0.250101460042433 -0.59745601724731 -0.34282129436205 4.10350956337511 -0.440420820344336 -0.762025344830747 0.21896992851266 1.35245265584763 -1.23747834597408 -1.82169059147976 -0.392001265380259 -2.44601952976382
"150" -0.854920501077451 9.02395228256708 -0.124313175527611 -6.49458727617622 0.0958259916640287 -4.29978711718903 -0.240261967203555 5.31920342665511 -0.499515018728172 4.94363827215909 0.299098888618385 1.14323299913485 -2.1727900918416 -6.25154832600219 -0.43923394696867 -2.15628295220586
"151" -0.951707045806799 10.6326395521662 -0.222055460968583 -7.17629475182798 0.557954589846416 -7.88719545091627 -0.146072634926835 6.13339043547123 -0.555819357899908 10.5573781249401 0.383275903552939 0.908003542795541 -3.2426435313855 -10.8857015980728 -0.422736308313688 -1.70986372131756
"152" -1.16352735159359 12.0124088138156 -0.302939258102761 -7.3541060120757 1.13930761317684 -10.9273315275277 -0.0664210999864743 6.4661346667141 -0.579615860555105 15.429125789019 0.457660356135907 0.697494928560445 -4.40415182432918 -15.0955972741806 -0.334739609609755 -1.20341025585731
"153" -1.55200700464814 12.890020500219 -0.35429209546421 -7.01365801098683 1.82242500889084 -13.0498098801433 -0.00406277779166686 6.3004172700166 -0.546115288521556 18.9980055885972 0.508784857766933 0.538063183817485 -5.59490908445748 -18.2782023759394 -0.182583585394013 -0.713737061095799
"154" -2.14457288258706 13.0145320053965 -0.364727580149108 -6.19281220459231 2.56102094387294 -13.954845456962 0.0402196446802492 5.67089467856793 -0.439974745605098 20.8030273806958 0.525227828944065 0.434961481626488 -6.7221771460368 -19.8990067895964 0.0125065002971496 -0.295450299302047
"155" -2.91915953380423 12.2034446836863 -0.326877174443823 -4.97876026396193 3.27628682510964 -13.454607563172 0.0671580773895286 4.65896583374569 -0.260437177291198 20.5444279686791 0.499777125403895 0.379278530742795 -7.66193285324231 -19.5775945943222 0.219069022848771 0.016732691062316
"156" -3.79067063430058 10.3844501107129 -0.240180968992014 -3.49724733485664 3.85624143844276 -11.5133111394771 0.0786501932432024 3.38111621543649 -0.0263200448938283 18.1442072598873 0.431027696470409 0.355349758521243 -8.26055532471939 -17.1711106648984 0.401530017995299 0.205401575977703
"157" -4.60454142186494 7.62543394073506 -0.112684587301864 -1.89541599849792 4.16124760907288 -8.27997695941145 0.0775161497055343 1.97227934226755 0.221326185278636 13.7967669318833 0.324138288967852 0.3457711031092 -8.34309958379404 -12.8412056565265 0.527591196630169 0.27054948242494
"158" -5.14626284452448 4.14580819530059 0.0388902837121847 -0.322358342250709 4.04048206354768 -4.10179007468451 0.0672784060720293 0.567942352992809 0.422317559484525 7.9909083438485 0.190578874861547 0.333842289726363 -7.73461669582036 -7.08196595813333 0.575219454814658 0.231057029757721
"159" -5.17526980575185 0.303402346674943 0.191100534931067 1.08755808567923 3.36389907520917 0.495968396820437 0.0518657139232168 -0.710568808744881 0.508678759803037 1.48130024803436 0.0468033943073394 0.304958035048458 -6.30032816128744 -0.684879843506273 0.53746916554627 0.12384310338939
"160" -4.48540021841561 -3.4469067523365 0.317642748410513 2.22505495917528 2.06995594318876 4.87367505145605 0.0351864439182208 -1.76460772491133 0.423323396543551 -4.80623371928426 -0.0881180720073402 0.248603365866529 -4.00393096304304 5.37456744407453 0.423768732790563 -0.00265071846206411
"161" -2.98201253855035 -6.62320295058515 0.394598154710778 3.01005498995738 0.219967982297316 8.38546034314169 0.0205948564675253 -2.52079001096762 0.140596836954355 -9.93560673090823 -0.195735896303958 0.16157633566354 -0.970865365722133 10.1248473707803 0.257211539978243 -0.101301641231203
"162" -0.75065136543386 -8.80878525774727 0.406075699313455 3.39334720732234 -1.96230395878089 10.5168968344914 0.0103584878274106 -2.93140196066871 -0.319963883257902 -13.1633763206016 -0.261908411201276 0.0515937966588353 2.47004592474829 12.8284681069285 0.0686373517032735 -0.14243160273827
"163" 1.91757700232097 -9.74926204267217 0.348818559035678 3.36088794889577 -4.09578976239954 11.0185301884841 0.00529540211810442 -2.97767242135809 -0.894175503841732 -14.1313602500502 -0.280161706723717 -0.0609269300553024 5.8001330949968 13.1902748754431 -0.110602082697937 -0.126762951019373
"164" 4.5713111345768 -9.42545621393933 0.234221700127492 2.94299234664709 -5.71735599818699 9.98718040230638 0.00474835506305027 -2.67832990707781 -1.48911530328293 -12.9775466869599 -0.253637380967632 -0.145942422754615 8.40633478272059 11.4616558408229 -0.254987774263213 -0.0870961597111091
"165" 6.71384363764857 -8.06967128957069 0.0867076844806007 2.22460989609453 -6.4268732108744 7.85057551293039 0.00697115691763273 -2.1000704630398 -2.00667552376286 -10.3029250555943 -0.194609274791503 -0.173888443508986 9.75731675304421 8.37457960840312 -0.348770234078984 -0.0730614746153151
"166" 7.95022164570853 -6.10618289066403 -0.061613850275819 1.34673986073619 -6.05680196430705 5.24143445762859 0.00983767228468935 -1.36065718062217 -2.36310915307306 -6.98046076336487 -0.121211882904937 -0.130947399163233 9.60886320963274 4.90113304762969 -0.387114493860054 -0.12200156410654
"167" 8.10853871957173 -4.0266413233048 -0.179084162646951 0.487086990803959 -4.77820757058386 2.79734179788956 0.0116193632166386 -0.613509313647896 -2.49952622632869 -3.86740865885261 -0.0521456830387166 -0.0313213138024366 8.13728469670878 1.92229072352305 -0.374972564660766 -0.231514346005497
"168" 7.28672631264086 -2.24423894655442 -0.243615717781751 -0.184951456969088 -3.05609853701112 0.966285082174927 0.0115141932823803 -0.00902667140205438 -2.39015288624105 -1.54194044434287 -0.00118804262569228 0.0845287008178275 5.89870666845091 -0.0477728560578967 -0.324600201707085 -0.355105500113041
"169" 5.80752593278134 -0.986603482721421 -0.249815762188057 -0.565852639833736 -1.44414400297845 -0.0970181133033705 0.00971469102942102 0.356063325479425 -2.05576813406275 -0.182141775038289 0.0262826553021149 0.16952657449724 3.59765322472549 -0.953102542359048 -0.252462597391911 -0.430047994798315
"170" 4.59498206644443 -0.429737667661058 -0.225193732752814 -0.655444672459851 -0.591959766714422 -0.439522171485272 0.00785281917401903 0.461589464496015 -1.72221533313591 0.276151486357122 0.0329133593720528 0.194738822593308 2.24229394606363 -1.09875664676964 -0.197611488206235 -0.431614901462126
