"V1" "V2" "V3" "V4" "V5" "V6" "V7" "V8" "V9" "V10" "V11" "V12" "V13" "V14" "V15" "V16"
"1" 0.168888507646782 0.00960586241783348 -0.128430282295609 -0.0851806040656611 0.924356469805982 -0.382553657176432 0.00530040615629352 0.0513258623644895 0.831632941096484 0.104685605417897 -0.0163897298657177 0.0665711478018967 0.114419660206088 -0.280140083144097 -0.046495855887467 -0.324598588515712
"2" 0.262847529606494 -0.036951780353675 -0.218951705380326 -0.14146230860715 1.54669267344479 -0.741178555388804 0.0142500138992744 0.0912543546093053 1.4287352104307 0.301844873550628 -0.0332901168917955 0.112137239674609 0.216675587657239 -0.445287183878575 -0.0858676069730437 -0.55485065771523
"3" 0.24685947448678 0.0233798357235431 -0.186790432875101 -0.11517621361625 1.26442429159848 -0.454854934689173 0.00613521702782246 0.0735688047630711 1.12376067765367 0.0837632292106653 -0.0195455772738339 0.0960695997357333 0.152483870049529 -0.397789071359314 -0.0707908475068569 -0.440874160632911
"4" 0.208542606301253 0.018614863642357 -0.160643198839209 -0.0852393074241642 0.958599256497614 -0.248999010978696 0.00391623188519323 0.0634793278275142 0.834827953222002 -0.00711085294857872 -0.0110898711789239 0.0817406551947437 0.113197811051031 -0.321002766603 -0.0689551396878817 -0.330324658058327
"5" 0.155387523996502 -0.0742167601563746 -0.15607004621088 -0.0517562831985633 0.666579236303654 -0.108861556977208 0.009171575912209 0.0680368716674343 0.599692444572847 0.0281885419749141 -0.00811101803517385 0.0763485199359761 0.107367102492611 -0.231485053646595 -0.0911305245660872 -0.236252023566883
"6" 0.118544010970464 -0.160417386819078 -0.160819068248391 -0.0226050338209798 0.450254217810915 0.0788723795627067 0.0125899982557059 0.0751006349112945 0.415981471777901 -0.00559422500057654 -0.0028493798298697 0.076429869605829 0.0951299577068694 -0.1802805317837 -0.11308661919942 -0.159816494175402
"7" 0.0832899381708223 -0.239973954686614 -0.162505679541928 0.00568202195659079 0.259307812057891 0.298904302204663 0.0140670720603276 0.0797565171140399 0.245273191670908 -0.0863653919044497 0.00389606208562416 0.0756639871440057 0.073532473234764 -0.143533923384826 -0.128279629003999 -0.085819384456181
"8" 0.0474299339118458 -0.31327597018176 -0.160025665178166 0.032275346533437 0.0899860564888215 0.514775983050649 0.0141871749407027 0.0816546511301049 0.0918989480091138 -0.178883933864295 0.0101335904086932 0.07304962486544 0.0492100065704575 -0.111651943128403 -0.137019313385563 -0.0171067849898918
"9" 0.0138835233731876 -0.370669292767709 -0.153245698889038 0.0556191907493211 -0.0563413670477221 0.701255626379806 0.0127588670910491 0.0801500973026733 -0.0417232353785716 -0.263728876817744 0.0145733589467096 0.0681318210261861 0.0255594091974467 -0.0807029905389738 -0.139490871164187 0.0433939096971052
"10" -0.0143906028444168 -0.402465094501391 -0.142045800823403 0.0741833210259821 -0.178085430228795 0.832489294103025 0.00961592086038778 0.0746222903774961 -0.153552671881732 -0.320186011291274 0.0159502966609332 0.0605042136207619 0.00543628791030587 -0.047508189886517 -0.136032206258011 0.0929653972565831
"11" -0.0351550194823155 -0.401753068171163 -0.12638035781164 0.0868426071286355 -0.274325458540114 0.888546520485118 0.00468824534126835 0.0646685993412111 -0.242303626263457 -0.331644171985559 0.0133210922573897 0.049902805073893 -0.00898698770816725 -0.00983167371375854 -0.127053627037437 0.129660758070012
"12" -0.047302368504498 -0.366252550721513 -0.106370012186415 0.0931944326288156 -0.34546028796711 0.862868788262835 -0.00200370844589235 0.0502392839639244 -0.308033638264267 -0.292469812728408 0.00640511256375558 0.0363064385861631 -0.0165583400843451 0.0332321925776035 -0.112885929335797 0.152860098635276
"13" -0.0509914568709894 -0.298956969079976 -0.0823467335080044 0.0936718666829905 -0.393458054033136 0.764989548905714 -0.0103485632791009 0.0316880557537522 -0.352363685440617 -0.210541567793784 -0.00428779227023462 0.0199748231108619 -0.0172591640755706 0.0811354777121004 -0.0937354978905253 0.163470579225996
"14" -0.0490183419580091 -0.220223473357583 -0.0541299166489879 0.0904157741975195 -0.42275631903139 0.617886882445773 -0.0193112064208166 0.0106778515575423 -0.379554773787066 -0.0944400226157735 -0.0171344370860805 0.00193439809907447 -0.0137843268143775 0.1253792974292 -0.0704345438586249 0.165677178438588
"15" -0.119608557926545 -0.761163921541993 0.0103591226266133 0.134248925539933 -0.494294856137246 0.503955766988795 0.0109032075876239 0.0343344983394414 -0.458397264693722 0.477133064363979 -0.00696863070628752 0.0082709349904726 -0.092364085780774 -0.156247626894411 -0.07503038022977 0.259467113385106
"16" -0.229147640478948 -1.64343928893161 0.0953616709922691 0.203687260852494 -0.585416834585313 0.420293892328456 0.0623815372939419 0.082161548697413 -0.562175941277357 1.28248669606454 0.0164558472342649 0.0278162353327274 -0.215263450191918 -0.618390952388563 -0.0933329885004333 0.402562687859196
"17" -0.0361068279139666 -0.0868013122779523 0.0536672868377879 0.0782830680034168 -0.443305026169557 0.130790896577284 -0.041610972238319 -0.0524234516442034 -0.401196983160766 0.328898717069004 -0.0526360160285176 -0.0531158727008738 -0.00347118900854021 0.170550724633129 0.0163528828871398 0.161164548608862
"18" 0.00446454300490251 0.214300729675916 0.0784943631068804 0.0519727804098557 -0.409279968016667 -0.0223037911102732 -0.0662401338713184 -0.0942644116973064 -0.365136439647125 0.235639387487393 -0.072391022714717 -0.0828826169164703 0.0387860570405238 0.311726187855893 0.0644517096436813 0.113948665342745
"19" 0.0199673229366555 0.298459570594374 0.114153602884634 0.0423686252597467 -0.389251749105665 -0.130349194255977 -0.0772234228208374 -0.120166477996633 -0.346117471543803 0.262541672419172 -0.0822786088789644 -0.103683842783875 0.0529123478731789 0.339959759749999 0.102889936886962 0.0989610065873485
"20" 0.0140281101533325 0.334886857869026 0.137731845892275 0.0166251229687897 -0.330051116845399 -0.191394339725136 -0.0798861737959145 -0.121144234888461 -0.291459763324672 0.250642199494916 -0.0822334846740509 -0.104153562917391 0.0424979268769288 0.334676549736866 0.12748370613484 0.0671874829112706
"21" -0.691293460493342 0.305248732486565 0.209409168627951 -0.6344083975103 0.257650854430739 -0.147329799029886 -0.062623380205457 0.360977917377477 0.27245416247215 0.146609352176349 -0.0381417132925322 0.280441472786153 -0.699568514865985 0.38903246170536 0.116200659823453 -0.505949642457459
"22" -1.4554149606897 0.560325545976151 0.42139661814349 -1.34926823719982 0.667198981563081 -0.281260357262032 -0.111191116427076 0.785448025453612 0.685374774582089 0.220269469013555 -0.0567575916794478 0.611894545080164 -1.48275317638633 0.718055784168828 0.229970511288179 -1.09676634613846
"23" -0.0888088238086308 0.464004651985545 0.258838393636896 -0.124613440124165 -0.192515285277648 -0.358467995673123 -0.104386026162818 -0.103137280449203 -0.154563474490637 0.253738911874928 -0.0972379472436751 -0.0983979340896612 -0.0632231500008409 0.41865032642339 0.244858356645469 -0.0661659476913639
"24" 0.0684707650037651 0.402245497281966 0.240377092066113 0.0209021476053361 -0.268121283811442 -0.420649379079439 -0.0965506141473493 -0.207278836929774 -0.223163628010214 0.296321402309854 -0.103825084561501 -0.196366675400875 0.112252513126624 0.403663711970581 0.272347829878678 0.0390992966979509
"25" 0.0532914636661645 0.25133545078074 0.184967831821296 0.0376584281518209 -0.251574373039144 -0.484657081275279 -0.0630277961600182 -0.182961593887241 -0.199909938001011 0.423448330373458 -0.0867513822390517 -0.201362503601878 0.114963302180916 0.415382066982063 0.239246271918141 0.0347864588257831
"26" -0.105691252713404 -0.732726621731555 -0.398255099701348 0.108313338487299 -0.256085523012161 -0.386000746215188 0.232904430510475 0.108958274085109 -0.233477023465674 1.19794074526439 0.190384475026412 0.0328551225084548 -0.0726283737623756 0.035634899590595 -0.622960305970099 0.187532223761444
"27" -0.322713528336477 -0.362608187182144 -0.0617353871411429 -0.10342138642833 -0.302010450506692 -0.209657948726327 0.112606208024785 0.047299632544524 -0.33593926345954 0.791537624643998 0.105951949013465 -0.032039442326657 -0.368823971065846 0.306021824197649 -0.203897490359603 -0.0131949844673213
"28" -0.385765970079638 0.341049815506961 0.493441633271761 -0.238675151506589 -0.437272953629682 -0.463355923738356 -0.116591386245596 -0.210769178115542 -0.455952920592341 0.447397208619713 -0.122267764975209 -0.340590344329092 -0.409032330567954 0.965028187759831 0.676288266932809 -0.24235704928394
"29" 0.0109207552949139 0.0298696186415603 0.119122976216982 0.0672549277072517 -0.184869296636953 -0.560715529986308 -0.0303048508222734 -0.15081452522348 -0.114712662380188 0.445029572629052 -0.0780813437624641 -0.304800426788419 0.122136590237024 0.571501403765377 0.413775644083767 -0.0671345131556791
"30" 0.0431689546070871 -0.051240570195958 0.0441607874469903 0.105517279828851 -0.139157591334876 -0.535851514235347 -0.00975440033987406 -0.124499864479102 -0.0618946032391758 0.417459963541191 -0.0470178334179435 -0.307719523212033 0.166911671464031 0.522890629747129 0.372898098859286 -0.0654838885170692
"31" 0.0422792804397817 -0.212557169859934 0.104337385406521 0.0907719168770824 -0.0982018100383412 -0.483216537138898 -0.0149559487280491 -0.123748606427449 -0.0312342356656628 0.452429300153212 -0.016900779750298 -0.335836026268562 0.147777496280775 0.357426036346586 0.444350867694664 -0.106927960629961
"32" 0.0296431204013681 -1.27655558847049 1.01718473355179 -0.156794551611512 0.0764355396481056 -0.293894276898008 -0.154669766941991 -0.290878404990224 0.0538076441851684 1.0442636709956 -0.0528703514219207 -0.524185260315214 -0.0311165922722731 -1.05039155891393 1.34242154390213 -0.358141783006849
"33" 0.00846730266718613 -0.596481648581234 0.485485529864344 -0.0919818846174089 0.0548106342121823 -0.0644164227470782 -0.0749182174365482 -0.123061378989266 0.0325403995489784 0.439857283502416 -0.0174051674425005 -0.203966569266121 -0.0393724850478731 -0.577989987826956 0.582647566422938 -0.160478154229276
"34" 0.03126372111975 -0.115696890536139 -0.035970937966866 0.0696854442999335 -0.00951166814155746 -0.156417390029833 -0.00371214795520748 -0.0197109111278678 0.0208114724313467 0.111239795738917 0.125586498493141 -0.150788277129908 0.0753246596123777 0.188781493468071 0.0121385076422417 -0.070632553564498
"35" 0.0567116595644217 -0.174090148714518 -0.0767764829089264 0.116157634143897 -0.00082031718760912 -0.214627866727512 -0.0136565885455398 -0.0185418024918106 0.0453724928727395 0.127711511232129 0.271736039016119 -0.225481668469197 0.120306613746274 0.304557991622711 -0.100868953740416 -0.117902928953363
"36" 0.0645538499362009 -0.172217330268325 -0.0650411167710988 0.105318953457957 0.0268621047479508 -0.137896941851152 -0.0343620394785229 -0.00382737826933582 0.0631251254959004 0.0564563859975277 0.372549985756074 -0.187325439958144 0.106251392217409 0.243392816688276 -0.271310870152568 -0.124488327767277
"37" 0.0716155428173071 -0.160391093286588 -0.042608453351362 0.0875936351757983 0.0533898616019567 -0.0553833239215794 -0.0591050466289177 0.00988764858180258 0.0779598575214093 -0.0184676073383121 0.465616490680225 -0.139203624558079 0.0880099324935389 0.169160269454689 -0.438182988593941 -0.125192255786224
"38" 0.0634806758907808 -0.122445005922138 -0.0195126895134924 0.0595278520861526 0.0598088291132301 0.00632931862281536 -0.0651466761928169 0.0170276322206996 0.0723458666855365 -0.0620253470001323 0.43508448625549 -0.0838926519030676 0.0600780435699183 0.0876727290039586 -0.451155320463938 -0.101994675126816
"39" 0.0391197517409197 -0.0428243393742148 -0.144990369935917 0.0790900178325819 0.0537033626438306 0.0650444238017728 0.0173012239570985 0.0529934653254541 0.0404454706646638 -0.0703179045263976 0.104018314041724 -0.112180440550419 -0.00278237422545302 -0.100774590299113 0.102625949839511 -0.147224293884256
"40" 0.187158658582273 -0.146374801304493 -0.952155168192067 0.457615991800433 0.287417448463842 0.42615074131495 0.19246762673362 0.337988545576384 0.184485937166378 -0.395968633016728 0.164734736742792 -0.65514745943016 -0.0892675659652271 -0.785641768540982 1.26771008536642 -0.858804231777036
"41" 0.129925317058211 -0.161419583775326 -0.325286671831471 0.167684855633694 0.173747675245614 0.247279430032344 -0.0319906471127028 0.165406025084939 0.137958370617643 -0.277746227012131 0.450059544873172 -0.243640056046523 -0.000845277645912135 -0.336700081961947 0.102839732226784 -0.335573980258102
"42" 0.0903572194324432 -0.16074822708852 -0.070083358810222 0.0268083161714506 0.102660697904634 0.145020735395965 -0.109600751205363 0.092412681338453 0.0984891660615007 -0.192670541566387 0.425603992401848 -0.0599155002170551 0.0310079001737583 -0.154618623794337 -0.170522819704325 -0.0661337276459371
"43" 0.0807765632674446 -0.175495708220862 -0.11525652600968 0.016703176831477 0.0892245672324049 0.134631927753932 -0.0966529381384672 0.108820934286167 0.0862062502014132 -0.175940057381212 0.307453539708954 -0.0656885658913495 0.0195236284862178 -0.183376019911637 0.0940753491969044 -0.0257289379598786
"44" -0.155704632471071 -0.0641176783570342 -0.195412253896912 0.0684698845996645 -0.0226805957517427 0.168961026304694 -0.0758790302607668 0.0965817779870316 -0.0794282929193553 -0.120590185854974 0.17898103349154 -0.0831590588422193 -0.325623736329469 0.0346776149124985 0.286063132087417 0.157393149266037
"45" -0.425701206369493 0.129680875173374 -0.171414244360453 0.124655771950283 -0.145784054749352 0.159983209749074 -0.0329153873915679 0.0236880144966327 -0.253817968141536 -0.0164418915623827 0.0542630173080145 -0.0725851685336918 -0.643745837863674 0.343754263102056 0.158371290403812 0.300645201757548
"46" -0.845008755671265 -0.0096989502499889 -0.0842431249303253 0.0360591389579026 0.170177609600822 0.0452450588575733 -0.0053528392283833 0.0124014573585155 0.157311036104952 -0.0191814227016395 -0.0248234969429624 -0.0119173333165181 0.136520185329701 0.0212509499739726 0.205068434528166 0.142101143936288
"47" -1.35379800490951 -0.135403018766945 -0.257316880997109 -0.0264617557802789 0.322931799355701 0.0859284761458411 -0.0146072127408665 0.0732960250953852 0.321669177595597 -0.0643906670884312 -0.116638968716745 0.0665589318964961 0.32930180948543 -0.133688268541846 0.725444808675668 0.305788693293137
"48" -0.0693134920707281 -0.20662493291004 -0.318109776769504 -0.184530347497299 0.0354141267330967 0.068680734393958 -0.0131074510608367 0.104065218284758 0.0445266351665756 -0.0596918672030408 -0.1829830261131 0.241019802007483 0.0146222531780951 -0.245856837392696 0.880351058383919 0.298752949056095
"49" 0.0297210659204872 -0.199452469851285 -0.335712004461957 -0.271508753057628 -0.00674352546160346 0.0632377557961346 -0.00105407265940746 0.0718160685560556 0.00326188357785968 -0.039331081066294 -0.228637609906498 0.409504692602683 -0.0284308169404215 -0.244315295697256 0.848170413534774 0.384263168408474
"50" 0.0165981239632041 -0.165300627227767 -0.310729233108906 -0.350975832428531 -0.0193454719597479 0.0740962952641238 0.000760268875818801 0.0181044053183795 -0.0128364773778098 -0.0324824078115075 -0.208852732623152 0.596141358999004 -0.0488179956079855 -0.224384861014689 0.636321459407958 0.462882023875417
"51" 0.014547006550771 0.0254702895184201 0.032306791495518 -0.274389386878396 0.0262892939800054 0.173124630660673 -0.0816111899080616 -0.0397388594214082 0.00507879240503155 -0.136992697769252 0.264897906406308 0.543243777105351 -0.0636055914124043 -0.138275016718282 -0.619214674042286 0.256133699089442
"52" 0.00339580411278476 0.0414162817763752 0.0678806379196857 -0.0886154134609941 0.015006878676512 0.0752454238015343 -0.0404768608751109 -0.0326880714659234 0.00308905215669287 -0.0621049520842361 0.16718370560462 0.199534636300247 -0.0260397359206476 -0.0311480334272679 -0.43007923794522 0.0620415637374787
"53" -0.0258387642758748 -0.0465238353447968 -0.167527152429217 -0.428435313461949 -0.0524244024258493 0.0493435667649107 0.0220082500578732 -0.199977199665763 -0.0530124931132033 0.023989760948902 -0.144288895864599 0.940250164019638 -0.0823701396151546 -0.0835401187624977 -0.00148447154184583 0.517839825944699
"54" -0.0549504624229793 -0.0610860350682919 -0.270212044102792 -0.795266877436086 -0.100778258492053 0.0873516931723135 0.0424203860954682 -0.430344258715651 -0.103958123486595 0.0528900185520385 -0.241731671105284 1.80720787661896 -0.158411533089601 -0.125658101658637 -0.148814783921127 0.954238842492861
"55" -0.0645794263769861 -0.0462476047500361 -0.260121055822189 -0.864521515292894 -0.11122876303008 0.094034910753793 0.0457374418327165 -0.513019538475347 -0.116640993669859 0.0614377853307098 -0.237074887466674 2.01257724475918 -0.176709449485773 -0.115621607328582 -0.283614077994629 1.03103100708031
"56" -0.0554842809141327 -0.0630570190742663 -0.275916372015205 -0.806886367515016 -0.102142608674771 0.0887107437068234 0.0430565012615815 -0.434556817431759 -0.105268464910503 0.0534296101268563 -0.246529362242087 1.83149224921167 -0.160495514986546 -0.12863004269536 -0.144836217767433 0.968593060475481
"57" -0.0334520074263519 -0.0741975269052785 -0.246580787169827 -0.58632860274525 -0.0716908871420059 0.0661930196838608 0.0314823548700694 -0.257223874559167 -0.0713523796154349 0.0329817619988632 -0.214293122262798 1.26923725757007 -0.110732281117074 -0.123499869235432 0.0634003981540054 0.713194501104614
"58" -0.00586447033140136 -0.0287478963236711 -0.0771047142440759 -0.147507469171117 -0.0168765420185072 0.0178177438054135 0.0075838079314319 -0.0487502687297365 -0.0160156497009912 0.00577277286700143 -0.0647806808577996 0.303186401248238 -0.0261588833029389 -0.0421777850805066 0.0720104344935806 0.182963352879839
"59" 0.00315963529563457 -0.10881067986512 -0.223463275183546 -0.277995744721499 -0.0247128595199722 0.0414990035249023 0.0112730685996323 -0.0172745744957638 -0.0192917237654185 -0.00422128553021828 -0.175816772823272 0.498269142793646 -0.0410272774369832 -0.140696558954353 0.428001910104379 0.364090069545791
"60" 0.0154241231687314 -0.179885408148522 -0.339012958652922 -0.356050681300558 -0.0248229554189701 0.0618332050756907 0.0100839816738814 0.0195372006136237 -0.015638790943068 -0.0194200860917552 -0.254650471027118 0.600642447275214 -0.0473594166158138 -0.226538853596072 0.744051519700853 0.479496870888937
"61" 0.0301442599201562 -0.199540613884479 -0.335853164649075 -0.271573829934086 -0.00686215475160699 0.06317604610963 -0.00101263779488401 0.0718314566927988 0.00315863244948603 -0.0392717665432883 -0.228856614297248 0.409567462005891 -0.028527256838494 -0.244358432164214 0.848693341682299 0.384322245937357
"62" 0.0432313602148153 -0.210335882365874 -0.31751497500682 -0.191473489944543 0.0111788799145293 0.0666735359552441 -0.0136448931780395 0.106651400729647 0.0210047647114972 -0.0597924815588932 -0.182532390319111 0.24478476510817 -0.0119225979613429 -0.252383167948673 0.880491537332421 0.288848423666698
"63" 0.0421370920854029 -0.17113619527882 -0.235870718921137 -0.107336927772792 0.0204198679674166 0.0574750393543559 -0.0199532380744922 0.0990783608105886 0.0276274770082244 -0.0617244493025495 -0.105099277990234 0.108861506996401 -0.000468455199174267 -0.202614801011367 0.685152384615944 0.173348284353255
"64" 0.0403689516297258 -0.12849515793039 -0.149256609585826 -0.0375755753340278 0.0297192597870622 0.0531916829956796 -0.0283701066881734 0.0810864085241178 0.0335933115439949 -0.0663752161399662 -0.00951316710589497 0.00932715654861038 0.00805641245774769 -0.14916892033297 0.432249710066918 0.0703186623275904
"65" 0.0722334784000408 -0.201065220118526 -0.205315582021271 -0.027306839881201 0.0615118563517829 0.0978675331668123 -0.0599679665453772 0.129223769974746 0.0656484402243351 -0.12721736984739 0.0685520749931704 -0.0323783467813743 0.0191926198810037 -0.230173006893516 0.558832741865767 0.0609574986595156
"66" 0.0815131186412432 -0.19581930236226 -0.16604630803234 -0.00230395856585919 0.0783815762235943 0.117497885874607 -0.0793948051259591 0.124571115512926 0.0797839238113786 -0.155130249299286 0.183103524092483 -0.0594261701513834 0.02470361899159 -0.218787775782949 0.361657623902795 0.0132582700230719
"67" 0.0866237660254223 -0.177734982982657 -0.113008069316297 0.0142733160218635 0.091871506561215 0.134119094682053 -0.0971774868493872 0.109094701721654 0.0901325883964535 -0.177407443977355 0.309580906424678 -0.0634644987707471 0.0279682025214211 -0.18969943475696 0.0895064682677928 -0.0291760922301689
"68" 0.0859651698642612 -0.0819624504916587 0.0502851918787696 -0.032945947312047 0.114535729012679 0.213794794639543 -0.150447126755911 0.0619434419337084 0.0962375798724255 -0.248559791785747 0.598786931244114 0.0798129790847932 0.00518377184996799 -0.162150432666046 -0.690120978956652 -0.0447196760716038
"69" 0.0753824332970949 0.16838902169896 0.436176891824144 -0.199144783380593 0.157901884077251 0.422922471352296 -0.276856151643754 -0.0445273207123656 0.0955913159597791 -0.422107260712147 1.21111985880137 0.499972204598572 -0.0692036983261339 -0.147054283018564 -2.46193620832491 -0.0162474929360927
"70" 0.0860321769932924 -0.0782807593282309 0.0819208326870601 -0.00389359254096792 0.113932287890194 0.175142269382467 -0.147103355814128 0.0313982267540962 0.101563071245005 -0.221301043739148 0.70932474712857 0.0574697651443907 0.0239645541068839 -0.0536052265126608 -0.9600262506813 -0.091075529443283
"71" 0.0848445479426937 -0.138300039577729 -0.00316069320726953 0.0517292066218111 0.0942915318651449 0.0815565867753394 -0.105591817758132 0.0370427094156227 0.0988062899346178 -0.142597190734247 0.586895238289723 -0.060744393035669 0.0552781939821648 0.0210905156790585 -0.627883528946387 -0.115971370021952
"72" 0.078937959722102 -0.147948048777345 -0.0189941830420928 0.068921646804849 0.0768277000312402 0.0202279150185057 -0.0847008480625532 0.023176886008206 0.0904263352041882 -0.0873815324231411 0.544216222515687 -0.0947481883629306 0.0706652250938751 0.0938747423852528 -0.570751937065719 -0.122913499940322
"73" 0.0718772364283849 -0.160822112338881 -0.0426172078484249 0.0877616345863807 0.0536781792189434 -0.0551510376362276 -0.0594269911216281 0.00999400507876236 0.0782653985606557 -0.0188924511165512 0.467448210527141 -0.139400870692714 0.0881881743636737 0.169262631956324 -0.440169925139293 -0.125559902878912
"74" 0.0645567914509664 -0.172227218458519 -0.0650454199655285 0.105326328114262 0.0268598447916372 -0.137915649954415 -0.0343618975250733 -0.00382987112233435 0.063126329251734 0.0564693933849489 0.372559226204882 -0.187341353639289 0.106259603804429 0.243415370367997 -0.271305143777412 -0.124494692444013
"75" 0.0577338496969741 -0.177594513945353 -0.0783460392291213 0.118827040503688 -0.00172538501996911 -0.221571566885424 -0.0135352238513872 -0.0194897422192206 0.0457382241576353 0.132591122961211 0.274728030441179 -0.231273416313222 0.123288463675273 0.312860188721623 -0.0983740566684355 -0.120155616710948
"76" 0.0519479283415447 -0.173866236632395 -0.0781119928218672 0.12671269201828 -0.0307153470307631 -0.301401528856072 0.000645943936655454 -0.0375167657923696 0.0266367827177919 0.205085012081559 0.184111304670286 -0.266617547566315 0.13815488663231 0.374968520019172 0.0561099607381182 -0.113014939810495
"77" 0.0475176473741901 -0.159489110547176 -0.0634370689982092 0.12864223822842 -0.0592847301449437 -0.37440837616671 0.00738928725801114 -0.0577719569072425 0.00616548715370534 0.271227666331769 0.105900827091847 -0.291478181849723 0.150207016522895 0.427972904569887 0.181175195520437 -0.103557068332214
"78" 0.0445884942577225 -0.134006706412171 -0.0360166750415047 0.125120884494784 -0.0869972970786371 -0.438733767278247 0.00710998622348664 -0.0796212982150786 -0.0154716542497021 0.329395353436842 0.041743316248443 -0.305839218639469 0.159127019266422 0.470783605675445 0.274001350355081 -0.0922257366159567
"79" 0.0431926359948694 -0.0976106968515234 0.000926371779543911 0.11710978310215 -0.113647163720224 -0.493019816753616 0.000945711387570485 -0.102153687566189 -0.0381557192810962 0.378427437892352 -0.0087587237538594 -0.310720050507417 0.164788567726473 0.502743465870606 0.336392970550254 -0.0793831325923549
"80" 0.0433005723871712 -0.0507928652837763 0.0435602027422385 0.105732966318346 -0.13914818147073 -0.535911877170485 -0.0096531920505506 -0.12437739160238 -0.0618200754481111 0.417106005276767 -0.0469668657716504 -0.307573380808789 0.167155806011364 0.523418656297477 0.372287291887772 -0.065290144009519
"81" 0.0448587903028506 0.00588186540515487 0.0881009013557137 0.0920923488520253 -0.163464349146713 -0.565679470400252 -0.0232173437826966 -0.145362327488795 -0.0864323185260261 0.443738532459823 -0.0745476546496424 -0.297923137044617 0.166219358489794 0.532438154806798 0.386280025640864 -0.0501039976310951
"82" 0.0478144954429197 0.071910862017606 0.131220069747588 0.077169212216694 -0.186576695992198 -0.579931347428507 -0.0384422491328787 -0.164332581968219 -0.111989889414916 0.455820622235324 -0.0931241055268209 -0.283183322315418 0.161964070472948 0.529413612870973 0.382883663142263 -0.0338857090999323
"83" 0.0521310060453038 0.146939922035101 0.17024515933904 0.0617809462235661 -0.208462062973107 -0.575337223824925 -0.054286078713237 -0.180710984536205 -0.138516381337865 0.449686418142413 -0.104109529882613 -0.264578718900241 0.154351058736381 0.513909882600491 0.366208149679684 -0.0166129813897493
"84" 0.0578435049038732 0.230976742779785 0.203266653411116 0.046535790486202 -0.229013859580073 -0.547039457672014 -0.0700082238797771 -0.19417651307763 -0.166038369245778 0.419753175002132 -0.108585420852807 -0.243101235567102 0.143270464623203 0.485224049283404 0.339797242496961 0.00185886638353061
"85" 0.0663268571819471 0.328607246830803 0.231370833322936 0.0309387398011296 -0.246341730783993 -0.484679686784163 -0.0857072812352893 -0.20603976106616 -0.193626513483813 0.351287570120507 -0.106682785481995 -0.219561621097304 0.128207271979204 0.438646424911153 0.306812579985958 0.0222541907547624
"86" 0.0827286965254182 0.451585557191658 0.26490043583705 0.0116064644125331 -0.250282181147582 -0.374063973078018 -0.102570873247427 -0.223156557800113 -0.2137045983467 0.21388574649924 -0.096543971671297 -0.196810597119332 0.109423462312213 0.359462915166888 0.272839920531024 0.0458922044683154
"87" 0.0896046335029224 0.493170926988948 0.278070238899679 0.00455228766898075 -0.246581085682514 -0.332556651750264 -0.107752507369092 -0.230659324331383 -0.2161573665728 0.157608563791478 -0.0917098676832525 -0.190942915160884 0.10381444424696 0.32820603765834 0.263583151068994 0.0535365048678234
"88" 0.112542606104981 0.603114910512608 0.322553002557298 -0.0179116086498773 -0.2216020416709 -0.218316637998559 -0.119845772482551 -0.257508011997575 -0.209341041409561 -0.0108688662754359 -0.0748539274452128 -0.177644563634926 0.090513656458438 0.230842030277964 0.240437065031865 0.0736799290870147
"89" 0.132319585227144 0.669019124932699 0.362558745402153 -0.0385815721255758 -0.188808685288759 -0.144618910522457 -0.124004697240693 -0.282522337972235 -0.190630145967221 -0.129827187686243 -0.0588534768373218 -0.168649432132656 0.0824265683861343 0.148365921803037 0.218585794078576 0.0901250940156197
"90" 0.147617629671491 0.704832425304291 0.393375596706908 -0.0581233087386685 -0.156216234326827 -0.093674513384288 -0.120998818097636 -0.303056224752 -0.16936253883491 -0.211397263157115 -0.0437981646042147 -0.158471405594476 0.0760302749992489 0.0775218692307905 0.189137657673466 0.107294273697442
"91" 0.158695865029901 0.716828634501667 0.411432642832494 -0.0765939701552674 -0.124915221256954 -0.0563615606601618 -0.110123968987944 -0.318255236220501 -0.147162985731722 -0.266395122122384 -0.029869301383917 -0.145931976564358 0.0703221418551686 0.0174764795404692 0.151099851110836 0.125925757285098
"92" 0.165538762819817 0.706837107125875 0.412167218908823 -0.0933872153205973 -0.0950082066483146 -0.0295153182035539 -0.0898465059058921 -0.326938383029762 -0.124214501281839 -0.299419159710551 -0.0178546289046089 -0.131509185145919 0.0652341066002597 -0.0304449339216849 0.105887242673349 0.146003308580887
"93" 0.168072050905494 0.676163508982493 0.390132990663432 -0.107664077848921 -0.0665675370787684 -0.0111723949042373 -0.0582620466204845 -0.327637952667606 -0.100601282250007 -0.313536761981815 -0.00878273337892261 -0.115911995366843 0.0607700299588506 -0.0647035714278478 0.0553523274738849 0.167410822294087
"94" 0.166199011651711 0.625901532439218 0.339129349057383 -0.118384212375089 -0.0396743010286524 -3.01454515599237e-05 -0.0131855902106898 -0.318638934951926 -0.0763876540962501 -0.31091570091537 -0.0038455449813191 -0.0999960943621865 0.0569476728621982 -0.0836979597296094 0.00162955737584625 0.189969297655166
"95" 0.159826139340931 0.557030993645598 0.252632423701587 -0.124349651374773 -0.0144163863133507 0.00476232969366472 0.0476533941410366 -0.298082409996173 -0.0516331123447582 -0.293103894706517 -0.00429228950590055 -0.0847120255641927 0.0537871286888459 -0.0858688513619998 -0.0529907383155607 0.213416999992715
"96" 0.148930663416712 0.470663317736423 0.124952442131505 -0.124340459127353 0.00911031802698767 0.0038021108539049 0.126117602938305 -0.264262409988711 -0.0264266178987688 -0.261357378566594 -0.0112390227681577 -0.0710064254158009 0.0512993333566063 -0.0700154578035959 -0.106233907094943 0.237370541978914
"97" 0.133694217212769 0.368497495286595 -0.0463112795574969 -0.117413593989982 0.0308020129344048 -0.00234535258912986 0.222638109622336 -0.216259085560987 -0.000947393099244326 -0.217086479031286 -0.0253422432406038 -0.0596368053472656 0.0494710828050253 -0.0359976985037183 -0.156058223425627 0.26124919327877
"98" 0.114744754074217 0.253631371770072 -0.255797464550746 -0.103451325325042 0.0505389502854114 -0.0128699215996968 0.334364055587275 -0.155103760384908 0.0244232989714967 -0.162521910474086 -0.0462814874743831 -0.0508716615784968 0.0482489853141326 0.0139718677125358 -0.200881253216686 0.284142622697442
"99" 0.0934919254802464 0.131678708375871 -0.48400348291086 -0.0839464704220528 0.068170684058172 -0.0263897886297009 0.452537446222293 -0.085443369680677 0.0489447966781869 -0.101578276059984 -0.0720754768228732 -0.0440731898390507 0.0475191910585605 0.0734827414332582 -0.239787463885347 0.304608867739431
"100" 0.06811701620305 0.0134411797823462 -0.693931220241525 -0.0606740319462993 0.0805195113471029 -0.0399778298676144 0.560224273787415 -0.0155179905740519 0.0684654804976278 -0.0401937014962879 -0.0986624519545564 -0.0274462438613363 0.0436076440376156 0.13711748358268 -0.270092568648864 0.302355531197602
"101" -0.139014411427744 -0.0160822596256555 -0.917367010394409 0.045020954787762 -0.0383228771474509 -0.0206013831020602 0.631929861554857 0.101494292779381 -0.0416618390140822 0.0291288702974301 -0.125601436554682 0.4199171196217 -0.110746252559735 0.472735549283919 -0.184902060471881 -0.49072835036057
"102" -0.367498622836369 -0.00874590769883063 -1.02531708966593 0.154549889630393 -0.179456380391921 0.00846807818673452 0.646363280255476 0.199674437223368 -0.176232455322646 0.0845922373778241 -0.141975673125353 0.937883604751927 -0.288170462718612 0.816647873904347 -0.0784184736635296 -1.4127837905145
"103" 0.00077069313368372 -0.207239183795395 -0.698466215513746 -0.0209163557314919 0.0850757269412524 -0.0537131316993805 0.59954864580953 0.0672688633341216 0.0829068748099954 0.0680977033603004 -0.125577817961176 0.10355453415249 0.0118593550311904 0.191306390982167 -0.317374407096035 0.141530763058588
"104" 0.0471694926949003 -0.243556889470358 -0.405199393264715 -0.0494376379989515 0.118148337194285 -0.0548970976247135 0.492168315778926 0.0197577452966845 0.112545327253689 0.0617777853028614 -0.106669287752072 0.0339263974897039 0.0438985199682068 0.0477065808535084 -0.357093243893776 0.29156759859989
"105" 0.0569424070738146 -0.243015607545985 -0.0707709047539153 -0.0565617161130379 0.120031250049056 -0.0450255709910723 0.352324170422315 -0.0218864622870125 0.109922537932266 0.0470810472433457 -0.081785352680455 0.0583814659562241 0.0421004619586112 -0.0498681200435236 -0.367981941891589 0.257689729083532
"106" 0.0363221906819389 -0.290032943001859 -0.164051675923553 -0.017136034464449 0.109886034016572 -0.0491433850070954 0.357995810176035 0.0464293162901395 0.106397731349591 0.080852345807806 -0.0910373474530999 0.0489965864827626 0.0375887822984504 -0.0102763206325019 -0.33471004737881 0.214351324141452
"107" -0.139528599799579 -0.833845205805425 -0.688225210915121 -0.333682290477857 0.110857295997022 -0.155708416970773 0.682438649644685 0.108726232903076 0.173020972447817 0.414925663422001 -0.182625929930843 0.0618753764506926 0.0570876916216976 0.351103739877853 -0.311104109536886 0.323322805890332
"108" -0.0751269367768312 -0.877848058264385 1.60490003675433 -0.777444753757713 0.168131161277375 -0.131963259020581 -0.0449558726575579 -0.452069847934888 0.207150869264298 0.329598859517512 -0.0247915758444725 0.248694921280382 0.0832791715063856 -0.245179816545137 -0.536687991732037 0.380601362528563
"109" 0.0824233085371071 -0.231961630542166 1.01843013512166 0.00833458660037856 0.109496842955663 -0.00225044082654419 -0.154137046981402 -0.0342095293086084 0.0868387599189365 -0.00593703853405649 0.00726813244141823 0.0923311524245101 0.0326305131329107 -0.362470739464367 -0.379510213748237 0.0513809141572139
"110" 0.0946278104130596 -0.174350653766673 0.990314569686987 0.153704024835914 0.0958524908882562 0.0184142139613237 -0.211249861568516 0.0886924351473544 0.0677062047560161 -0.0389850403877238 0.0161995719655799 0.051437859756037 0.0237364466340869 -0.385575636463097 -0.351111070551335 -0.0462304424280848
"111" 0.0331212817178252 -0.141350134211886 0.964863564375404 0.27324368253093 0.0610239467519373 0.0411841393813709 -0.252701136611663 0.203969384201445 0.0319099148779233 -0.0402659229075466 0.0207119032785882 0.00328033109810644 -0.0370868043891956 -0.343712875828397 -0.342883629616217 -0.101433305914384
"112" -0.491404730263866 0.0954376635243583 0.71014376835856 0.440253879813159 -0.163355083625228 0.134966156499161 -0.228880836395975 0.239713800841821 -0.192996393879951 0.014036461325371 0.0124455632141424 -0.0809823604897022 -0.50793030092721 0.125662198031279 -0.374415012375303 0.0940826582704428
"113" -0.228127455936918 0.0607458892520406 0.179957378184517 0.181955939659044 -0.0831411743204014 0.0572535126477141 -0.0702332840115739 0.104562452388984 -0.0926505597368029 0.0116156857257214 0.00239646788591776 -0.0471708089848909 -0.226518553796157 0.104452062504821 -0.123209006303065 0.045371680487666
"114" 0.0379810462227075 -0.0963217725491227 0.276620061211761 0.464700957471277 0.0228421625749741 0.0444928430914608 -0.157443207877654 0.511553542515461 0.00933877758194936 -0.0302585077620097 0.00777451298510748 -0.165498816371766 -0.00653896047751318 -0.177998579872012 -0.134805301824619 -0.279043270860863
"115" 0.0624975008763312 -0.165463967569666 0.289883395509019 0.88442967275786 0.0313345902558699 0.07977648843446 -0.240399564575421 0.998845744422078 0.0117750782620563 -0.0483018518210434 0.0074418614652728 -0.353129643242314 -0.00783139562105684 -0.264832479540156 -0.189233627409564 -0.532814124471253
"116" 0.0482949477358734 -0.177699333774672 0.0173664008971139 1.11065579515163 0.0168611541538332 0.0947160377817255 -0.211327474528423 1.28100272123046 0.00132078484174088 -0.0447444165373614 -0.00219620478968233 -0.503714503919576 -0.0166392097082366 -0.212110692071992 -0.141798898583971 -0.656246453006313
"117" -0.0511919180492804 -0.15587552200874 -0.283279325354497 1.34523151723359 -0.029572450596606 0.121884667621959 -0.171118006222816 1.53718414519131 -0.0408935390613745 -0.0309725902371415 -0.0140788903175491 -0.664941729413887 -0.0999561522387152 -0.085827746897565 -0.10194493527338 -0.726366116491675
"118" -0.549127977318747 0.0705614054466928 -0.418589205096483 1.29923319832007 -0.224192982180127 0.190927472417959 -0.115001315435981 1.31995822037446 -0.235208486501001 0.0270758065950031 -0.0227011991586219 -0.650161636949228 -0.537263402987172 0.352772634515785 -0.150769318636471 -0.399754182349297
"119" -0.175460268646052 0.0289068077688717 -0.0905395258964562 0.358353087103289 -0.0704654840226679 0.057257866643919 -0.0380575691329013 0.353980800693587 -0.0743975241962496 0.00892775676798779 -0.00557743127324649 -0.173328962853398 -0.171376598208421 0.10941388639307 -0.0536859644865075 -0.0962903743120282
"120" 0.0336546478087613 -0.115379139041756 0.0778694526228431 0.69419251172 0.013707786570489 0.0607786403997669 -0.150107204989926 0.795812730576137 0.00219270523131759 -0.0309136454007584 0.000939643203151012 -0.302211791719813 -0.0113726155129197 -0.153900000330664 -0.107796919530239 -0.412324275284609
"121" 0.0635393372257645 -0.166310188887277 0.303661257797221 0.881613873622589 0.0322301959711875 0.0797343733278233 -0.243345234550268 0.994398637629012 0.0123550904399594 -0.048794797798028 0.00788254301131673 -0.34962400804721 -0.00752823448656459 -0.269088670290635 -0.192720207335289 -0.531442795503
"122" 0.0759513070408436 -0.162807283810665 0.546138925194844 0.704530796762876 0.0470338899926128 0.0677182303563054 -0.269072120118483 0.765834247505514 0.0234418468803246 -0.0519182134011446 0.0155065451836529 -0.233055931092687 -0.000231430222420892 -0.320290868462731 -0.238498214502106 -0.427860952317024
"123" 0.0843579192416062 -0.159832795068697 0.737843738648589 0.533753328715539 0.0604463977747427 0.0548046264148975 -0.278282340953675 0.548083928694719 0.0343999127124323 -0.0522251893523119 0.0205026219529233 -0.132437421188923 0.0065319283928873 -0.355889228504076 -0.273868460526327 -0.321180216959557
"124" 0.0669889820263925 -0.120063085189585 0.641119329389068 0.314594854516012 0.0526310247580369 0.0341374112740665 -0.20837279938017 0.302805589978587 0.0320596416163745 -0.0385138227293036 0.0170103738225609 -0.0521422932098385 0.00847534734775679 -0.282459517915615 -0.223164953080612 -0.184451138919854
"125" 0.0112775557444869 -0.0200572228575734 0.110793787552649 0.0455360908283337 0.00929980119392973 0.0050417078928912 -0.0335349235735949 0.0421574829672046 0.00585383509818088 -0.0061788890339993 0.00277863749508646 -0.00540626093000385 0.00169435460510139 -0.0473530406726305 -0.0382229656342806 -0.0258884415212085
"126" 0.0260855758321144 -0.0503686642527305 0.268117016038673 0.0243388822102836 0.0285220027616612 0.0026558408637318 -0.0469607114478857 0.00510248402896313 0.0209342142595266 -0.00890258006509795 0.00280351289969034 0.0207063233430788 0.00765671711642948 -0.103027247948859 -0.100628945078108 0.00304168379387093
"127" 0.0826793306233046 -0.1668888665768 0.827169543740228 0.0529040474883293 0.0947692028208994 0.00412909343265913 -0.12275879606159 -0.00722597912788286 0.0710761881107429 -0.024052044318152 0.00443288351771283 0.0733845221570664 0.026279379582316 -0.318353247980956 -0.328474363455915 0.0356011852405951
"128" 0.0871436178076124 -0.198163995390801 0.790127938095174 0.0062404947419244 0.111562287130713 -0.00651547773951765 -0.0538516157518026 -0.0502879526049169 0.0876384825600615 -0.0134874222806962 -0.00890860152159011 0.0914427076601356 0.032923848150348 -0.310136965361264 -0.373149970060396 0.0995699787697495
"129" 0.0790497435213067 -0.214002370652057 0.56921471467112 -0.0342036206592642 0.116631883919542 -0.019450081822907 0.0626019447966081 -0.0687292166824383 0.0965031518592069 0.00484395037387633 -0.029255634938284 0.0910025834350892 0.0365693113626359 -0.240714082701051 -0.376796848848288 0.160549624461426
"130" 0.0660968710936771 -0.218756159102027 0.282298752985946 -0.0515343497104338 0.113946232084902 -0.0301880316237401 0.18283277195956 -0.0564830340501908 0.0989752902345502 0.0233118188665272 -0.0500475333726617 0.0767144686821326 0.0376455240615212 -0.150836976762042 -0.357990023820996 0.200945624565759
"131" 0.0252749108468149 -0.13152757415345 0.0821541208161924 -0.0416496249098792 0.0571642344309155 0.0283396880849966 0.11585768854848 -0.0298983383937671 0.0518167024475264 -0.0271738809037125 -0.0308194105966442 0.0245373873096559 0.0175676101527362 -0.0627108870922001 -0.13537059087693 0.0998093087141694
"132" -0.0488126873434036 -0.722724028451567 0.602170167141706 -0.395407830164204 0.134584180279239 1.08571989357577 0.0531784651256531 -0.240783062875732 0.141527995220468 -1.02885241151529 -0.0628652218268436 -0.154809049593602 0.00121781181766515 -0.37908052106349 0.599889031926225 -0.0228633092797095
"133" -0.0356542822009255 -0.935574439644196 0.27707638564279 -0.471869058153783 0.210744472323565 1.21386288617373 0.392461545052902 -0.24124201486987 0.217916653139821 -1.14823974262331 -0.139411970831448 -0.180431535294119 0.0248158505707299 -0.350901758109896 0.519314592571423 0.140371567258148
"134" 0.0402614697253306 -0.214368405947471 -0.775989572343986 -0.0609767846106934 0.112148883640652 0.00892771848177254 0.640733822728004 0.0455602521416322 0.109804574995726 -0.0170314889574945 -0.130330268906378 -0.0231916326190262 0.0453344299665124 0.142723755547293 -0.277441219404631 0.320062038995187
"135" 0.0546765177556636 -0.0934904650806203 -0.823544907188487 -0.0452819748982724 0.0962638300415637 -0.0526411067933462 0.633666420479485 0.0363910888963838 0.0900807617713742 0.0122996435655146 -0.11956092446335 -0.0271421988447598 0.0466250884623631 0.165737668451516 -0.299240936869273 0.32782307727512
"136" 0.0334479900553654 0.149867934513112 -0.680154180218504 -0.0393285290924474 0.0682525275636796 -0.0346148255829602 0.54351771533296 -0.0132831877921417 0.059385535394687 0.00647724240832158 -0.0981809073014234 0.091591000498541 0.0229954939066451 -0.108564448873348 -0.169767193396711 0.081948224941458
"137" -0.19411454571052 1.04168904394073 -0.354461599906225 0.0943112746456362 -0.0460857528634219 0.0179107318835303 0.277023511049326 -0.0348409065672566 -0.0385743128114873 0.248884385201765 -0.0612498328358835 0.85229647962619 -0.126739397589922 -1.57409834156317 0.504022159714388 -1.38739293273772
"138" -0.0608587126774728 0.363093874737166 -0.051491880257082 0.0286912223006553 -0.0209304032026944 0.0094759862349006 0.0515713107674789 -0.0246156054524632 -0.0194984840280415 0.0699802412761007 -0.0123607607301552 0.276779821786507 -0.0422950639558974 -0.527171054314909 0.179490248946175 -0.464182890929798
"139" 0.0917449977534391 0.274801914271921 0.0123921228603234 -0.0800395077211668 0.0155782378770848 0.000616971894219109 0.124749287416386 -0.156531971696362 -0.00659076754869445 -0.154409675174946 -0.0128696111232721 -0.0374725618538374 0.0325001833983106 -0.0419830621410336 -0.0904081737569148 0.161038877415608
"140" 0.147501569943474 0.467138719009691 0.12676658205642 -0.123055203082519 0.00861756897236885 0.00388644902073167 0.122849925769237 -0.26213223928873 -0.0265848013865579 -0.259182949615653 -0.0108286201865195 -0.0703810684978756 0.0507377044312255 -0.0698912988455819 -0.10411593396896 0.234193238215129
"141" 0.159822365463425 0.557019727024243 0.25263311040225 -0.124346612457212 -0.0144167033763377 0.0047626643579195 0.0476478414776227 -0.298076252231131 -0.0516326052349746 -0.29309782366971 -0.00429140996706614 -0.0847100023925171 0.0537856493179635 -0.0858683782516762 -0.0529874342303829 0.213410072529167
"142" 0.16517586289776 0.621606818342964 0.336611412970129 -0.117782570504217 -0.0391489485959899 0.000103320693028583 -0.0126754989498962 -0.316626227387918 -0.0756714439908567 -0.30903095435855 -0.00375871806146922 -0.0992200501749934 0.0565584128584506 -0.0834252776804315 0.00106869417186273 0.189039727843728
"143" 0.125838007127387 0.498223121373181 0.285870637946823 -0.0830428430567352 -0.0443631743287891 -0.00528786531844913 -0.0367599096013225 -0.244489863691471 -0.0706012178004507 -0.235972043903507 -0.00501200290257426 -0.0835689432085243 0.0445933694841318 -0.0541134803411348 0.0313666402800682 0.129306640593059
"144" 0.0368814697201439 0.157018589956766 0.0906683084636516 -0.0208874704021449 -0.0212950660844794 -0.00721185449353752 -0.0190680236911624 -0.0728606337350772 -0.0277182293907483 -0.0658612627307051 -0.00419352481033333 -0.0293660242022237 0.0146890616882984 -0.0059479807353215 0.0230299079952925 0.0330786148955765
"145" 0.11459778954526 0.525625033884386 0.299860192859275 -0.0526315291285705 -0.0974976684931936 -0.0471654688614369 -0.0839943477509756 -0.230890581386177 -0.112278327351843 -0.187308295537833 -0.0244162788270703 -0.109640041374406 0.0525487674075401 0.0231215012135497 0.11923064795443 0.0883370193163691
"146" 0.146475052890814 0.699861228204383 0.390474422431271 -0.057509042978765 -0.155490500614653 -0.0934196336840362 -0.12030883272619 -0.30078997391444 -0.168446301695102 -0.209360452574346 -0.0436508708801112 -0.157520623531085 0.0755655482872898 0.0776455501076184 0.188285647037739 0.106328664170676
"147" 0.132361104644381 0.66939122088965 0.362610323224898 -0.0386304976728828 -0.188832207134848 -0.1441695187634 -0.124049390457692 -0.282549442135965 -0.190702492544605 -0.130342466996803 -0.0588130594203656 -0.168559174909961 0.0823558432285481 0.148118623752166 0.21846209344226 0.0901889979066368
"148" 0.112195812410712 0.606124502366228 0.321080923272098 -0.0191282264827441 -0.220004642019978 -0.206150242651817 -0.119739718381285 -0.255877879753824 -0.209003256301321 -0.0225323391431929 -0.0731689775800698 -0.173826246104158 0.0877515664602405 0.223174938581951 0.235307746774215 0.0743122273973444
"149" 0.0124987913801499 0.443766369300451 0.250795946684429 -0.0365661889498664 -0.220555391914822 -0.183121759721547 -0.0932672546821923 -0.179037225145249 -0.211814485542757 0.0590170696138079 -0.0667267025084299 -0.137727874342194 0.00165986373675908 0.27318704586029 0.209010237842157 0.0323589404956
"150" -0.499604768614096 0.670501182638312 0.520510039208539 -0.303894167221066 -0.557182321534077 -0.122326989136848 -0.154116393514556 -0.188099536104209 -0.602389678515543 0.172460663758191 -0.107256792073103 -0.186279422625679 -0.562901092972262 0.839467959228268 0.441446201300458 -0.104830738353679
"151" -0.203017219845277 0.613993927748072 0.384895337726606 -0.130802361742639 -0.486303766762274 -0.263566389241411 -0.140287666231498 -0.210658797053123 -0.481340436178082 0.258396690225084 -0.117139369627775 -0.192144281738106 -0.21377765498607 0.653829478084224 0.344903380202284 -0.00564254943820108
"152" 0.0421786034588384 0.419753786636274 0.187394277274228 0.0227998475421981 -0.346283808844322 -0.271552705007475 -0.0961651926471411 -0.168328192439377 -0.306729516801476 0.264897320220079 -0.0956844299846064 -0.143195798703686 0.0706644870312361 0.375370816678674 0.180208906714102 0.0725270472014206
"153" 0.0325313971072346 0.375841435097925 0.145428890822469 0.033572503972798 -0.368375988507467 -0.212807042669345 -0.0860602312589493 -0.143648365684505 -0.326576547592206 0.273640114658493 -0.0883115960311527 -0.122560185841653 0.0639625147246512 0.348831820829628 0.136558141741317 0.0880773050865491
"154" -0.118359200840118 0.943745491507984 -0.145053466979391 0.0239989918602152 -0.487453396659921 -0.118329210250423 -0.0143637220155411 -0.0414331712949174 -0.448869982340922 0.423436764693711 0.0219756729989068 -0.0318992228594925 -0.0773952317604046 -0.292205950677383 -0.172855442272758 0.249676463196003
"155" -0.42640235005739 2.22464086583499 -0.729319054744922 -0.00545221186086977 -0.714312774080388 0.0155910004679495 0.129669956765836 0.151264627521687 -0.684410256584867 0.735363336243093 0.252488202084598 0.140984153688984 -0.367148277171208 -1.65743360963197 -0.794740345961392 0.583005323572916
"156" -0.0773182224629708 0.427814920581587 -0.0816019073792299 0.0531591834975834 -0.471511934647179 0.118110337821345 -0.0244274108580265 -0.0298150740238092 -0.428906008840332 0.260317633327532 -0.0104030712851683 -0.0270032833553071 -0.0381021893159631 -0.0276337877984787 -0.105605287781715 0.201429341068291
"157" -0.0261279311859094 0.0129953095616574 0.00746216431659186 0.0721705912420889 -0.433865286135682 0.270726127264559 -0.0424884563733556 -0.0406051479680746 -0.388889626459312 0.106964637965108 -0.0464856341807013 -0.039701128158496 0.00989939680167518 0.229979451702844 -0.00980661087728585 0.144396994669172
"158" -0.038337175322004 -0.100663283311751 -0.0243620780345589 0.0817589274770364 -0.433634448522201 0.444213840470398 -0.0310650515062404 -0.0148034307065745 -0.389051113842215 0.00749110639638944 -0.0322545385553836 -0.0187948148822663 -0.00226225383530249 0.183444890372872 -0.0412740584891265 0.156157012830372
"159" -0.0474124919106089 -0.207172278778085 -0.0548158570582223 0.0893786037308822 -0.421557831168719 0.616705640891123 -0.0201404968784599 0.00970684561057877 -0.378184658148847 -0.103719015545 -0.0176341291119518 0.00139952938531929 -0.0120039393686455 0.132091502120994 -0.0697674615803527 0.163635859596318
"160" -0.0509900503759425 -0.298944497592656 -0.0823475038267094 0.0936708689102805 -0.393456877714729 0.764988538793913 -0.0103493327191644 0.0316871870596842 -0.352362360293561 -0.210550550135121 -0.00428825296949865 0.019974362127221 -0.0172572140963885 0.0811419023771248 -0.0937349690478231 0.163468592022704
"161" -0.0473024316055406 -0.366252221412831 -0.106369912641255 0.093194420354109 -0.345460455598174 0.86286806241683 -0.00200373505748843 0.0502392106710899 -0.308033802191684 -0.29246917988239 0.00640506029364203 0.0363063724931438 -0.0165582605155249 0.0332323870491758 -0.112885865780048 0.152860118769935
"162" -0.0351549790288062 -0.401753276614077 -0.126380457595315 0.0868426023433308 -0.27432526508863 0.888546802062985 0.00468826964403381 0.0646686646033068 -0.242303443650523 -0.331644384020822 0.0133211190906604 0.049902864415305 -0.00898695511282349 -0.00983182626186527 -0.127053705522803 0.129660700887436
"163" -0.0143906765356521 -0.402464980705068 -0.142045615305703 0.0741833428405336 -0.178085713099861 0.832489292134379 0.00961586761029028 0.0746222087181799 -0.153552938217755 -0.320186023836278 0.015950251856035 0.060504138260338 0.00543622964844043 -0.0475080786110426 -0.136032019332908 0.0929654975737875
"164" 0.0138837614479571 -0.370669213659904 -0.153244364435995 0.0556190864251407 -0.0563408726154844 0.701255058189106 0.0127583008241276 0.0801497489568635 -0.0417227711277384 -0.263728593172467 0.0145727342929 0.0681315547139474 0.0255596101965009 -0.0807036557046454 -0.139489065049476 0.0433935954139799
"165" 0.0474427249544469 -0.313280854410594 -0.160036635484783 0.0322705497772384 0.0900434517326707 0.514759613428492 0.0141874308740275 0.0816596065697338 0.0919511919151218 -0.178876918738925 0.0101321067840349 0.0730553600281918 0.0492194699960177 -0.111671201200809 -0.137024558053502 -0.017127546536452
"166" 0.0841618842847346 -0.240283301833111 -0.163337139854262 0.00535063089070521 0.26327393695884 0.297797745681468 0.0141177727442643 0.0801153058463506 0.248877800678584 -0.0859415178592611 0.00383314085080882 0.0760735423645613 0.0741717741606591 -0.144827157274998 -0.128739969602493 -0.0872450145431194
"167" 0.133773920987009 -0.164684128939266 -0.174869791098851 -0.0285237994352074 0.520070429176446 0.0590874918668414 0.0133843120847127 0.0810948137328988 0.479095018574948 0.000873992941344631 -0.00392637679608111 0.0833835927982169 0.105921944590468 -0.203009836948832 -0.120600099232755 -0.184776427362925
"168" 0.228912137699912 -0.0841104265909198 -0.219536419228487 -0.0806831801293692 1.00056217624506 -0.199288249901889 0.0120425847484794 0.0944601024684533 0.897329476068691 0.0455179159016511 -0.0127310753646017 0.108043432943098 0.154634022609968 -0.341588629763364 -0.123004140850119 -0.354172607662454
"169" 0.278871723349418 0.0286200951990987 -0.214947541438149 -0.108319251801078 1.22315469496946 -0.2662550720353 0.00439879919774271 0.0849754708017394 1.0554501994033 -0.0503071588370489 -0.0120242072002073 0.10901735245655 0.142810905679533 -0.419854826035823 -0.0957830357981361 -0.419774047865376
"170" 0.160886687847726 0.0447946099544946 -0.11295280378228 -0.0627070124084359 0.691908351042178 -0.13214663752639 -4.87389579216305e-05 0.0425670164415741 0.58381369902364 -0.0702671309542938 -0.00506907981862254 0.0581169132271491 0.0686954642028107 -0.242673901017803 -0.0443892480235519 -0.233067510333511
