"V1" "V2" "V3" "V4" "V5" "V6" "V7" "V8" "V9" "V10" "V11" "V12" "V13" "V14" "V15" "V16"
"1" -4.96223108838503 3.46686461019436 -0.0749699767269441 -1.29302601414474 5.97810049252471 -3.76931166558336 -0.0136205680424171 1.15927381091335 3.2995857498827 4.27820973578035 0.0811218724828517 0.0576514348699675 -6.13224234935575 -3.682023992481 0.0326201680024099 -0.030104515136145
"2" -5.47245555464069 4.2402696446326 -0.119231689277065 -1.63395123325716 7.02430373219102 -4.80047617955659 -0.0148271682978969 1.45028896597844 3.9190334046032 5.47829487955376 0.106132652148066 0.0580641232700145 -6.95524793181301 -4.9119383087557 0.0113652122383883 -0.0255508240275049
"3" -4.86377630169901 4.38293665669434 -0.162356039021439 -1.76474253591522 6.91305251334538 -5.26261781117145 -0.0129999138325676 1.54446907799093 3.9759738195252 6.03787308800349 0.119487012201652 0.0347475665314505 -6.41726612484732 -5.70662875750873 -0.0310097839823129 -0.00100313091661519
"4" -3.77153325018203 3.97910568877813 -0.182907631782712 -1.67485598932018 6.05316662001417 -5.07823350160678 -0.0100455809883986 1.44508110007973 3.64369417513304 5.8408415407629 0.117230091193072 0.00225137025677213 -5.15740495473163 -5.79123884180353 -0.0691484382269891 0.0291296880559457
"5" -1.66181127833034 2.68736179578619 -0.184310167866848 -1.2693533107194 3.98569063422943 -3.99960908704251 -0.00471997810497982 1.05790566506704 2.77445977096583 4.58509669576692 0.0936843413641455 -0.0598205302853785 -2.48066442974602 -5.0215713341534 -0.121390609045079 0.0812307242013048
"6" 0.457721184283358 0.725639535092427 -0.142580907579124 -0.583602239358015 1.5076505344082 -2.03613805414438 0.000134658324679293 0.431332744664587 1.70655140829207 2.23761364071765 0.0464828298496442 -0.123786331926112 0.507236096474081 -3.13383523204845 -0.153436467556958 0.124845980099508
"7" 1.90088763226958 -1.55959346041155 -0.0569615210951966 0.268884818925756 -0.659881975610707 0.530543281656087 0.00304227177778671 -0.325667786852229 0.748010148992649 -0.883926487205912 -0.0181352928192133 -0.16645122572163 2.92349825007861 -0.308327362950997 -0.1484655683048 0.136738605056962
"8" 2.27994753632775 -3.739339579834 0.0592941858790468 1.13906056716564 -1.99034026184091 3.24656060321981 0.00390961244291077 -1.0770781238715 0.103099107784291 -4.21304869916696 -0.0880259255121487 -0.169793040356581 4.14119184549184 2.9668863256737 -0.0985847345714319 0.105955373443066
"9" 1.60324425926586 -5.38612757299154 0.181996237965251 1.87645568580416 -2.29674416273988 5.56481704748216 0.00413427098962593 -1.69099106948553 -0.175572688449196 -7.02584433161505 -0.147384891857083 -0.128716388689554 3.96389788923687 5.96467058993154 -0.00646596672498845 0.0430739552107298
"10" 0.197480095456513 -6.15071597530061 0.282943794866306 2.35502573401567 -1.7134347141216 6.95836957274979 0.00598411398272525 -2.06132715531733 -0.162696625046773 -8.59857663255848 -0.180353880483988 -0.0523159688689248 2.59886798290967 7.89123397919199 0.115847662749047 -0.0225454622773213
"11" -1.46736628536103 -5.82729049785766 0.337923740969117 2.48781554852894 -0.571622061567384 7.0478986870606 0.011608902018942 -2.11847546229204 0.0037095218064005 -8.39797980119801 -0.175048791014611 0.0411607756427657 0.496775630987599 8.11476731728915 0.249235440276209 -0.0563970817302106
"12" -2.95589364336639 -4.39485709336799 0.333024543047173 2.23222418872825 0.750637267813577 5.70208168303471 0.0221260299202193 -1.83174210050753 0.187501357396767 -6.23708569633013 -0.126740234120955 0.132147473330406 -1.83821561237112 6.36145027255241 0.370298938188057 -0.0356214010712392
"13" -3.9814956373057 -2.02191831812632 0.267576712483624 1.59010148469952 1.94184676336899 3.07321341992054 0.0371037535148471 -1.20823787641861 0.295405857492582 -2.33540070108342 -0.0391968856176952 0.206120848778028 -3.98794412647914 2.80056668545895 0.455011750855931 0.0401462522645488
"14" -4.43832735970306 0.968805384170167 0.153490624250104 0.605997809215182 2.80919980989603 -0.443451646253081 0.0545627657855121 -0.291184170235645 0.288769396343042 2.73650347368567 0.076091277685542 0.255795091499749 -5.68147460099474 -2.00639478905801 0.483268107420201 0.149070421109627
"15" -4.37057100916992 4.1661317294126 0.0118874918782552 -0.636038508371541 3.27808211389909 -4.30905070337609 0.0714362862435642 0.842557031521082 0.174761267448929 8.20209230807916 0.202379260003173 0.279070361313188 -6.79337684544367 -7.26130459391854 0.443531022519551 0.257595207738177
"16" -3.91207946167648 7.14860524801858 -0.131622978669022 -2.01878986402801 3.36256321739324 -7.96517496325395 0.0843244373654546 2.0877728768465 -0.0116032773488541 13.2619417960069 0.320968926033689 0.274700296545461 -7.30979349099098 -12.1282634055991 0.336334958641146 0.335537325784117
"17" -3.22432406661964 9.55529159482555 -0.251747448681058 -3.40277539421936 3.12851336041769 -10.9474061661424 0.090349672410575 3.32057833780677 -0.226253361335449 17.2610770017353 0.414425295990018 0.238162215263401 -7.28738502592591 -15.9139968015134 0.175540190551942 0.369213145520007
"18" -2.44954662544556 11.133679251665 -0.32748905680932 -4.64143595160283 2.66209053130912 -12.9618974226943 0.0879334239563576 4.4122306733713 -0.430638912568482 19.8005846258354 0.468995834447433 0.159576682071247 -6.81848899984383 -18.1857944599226 -0.0132342566319608 0.367870204707742
"19" -1.68608368348444 11.7575651283176 -0.344862978875248 -5.59848522239992 2.04835709944706 -13.9120415862477 0.0773371579795636 5.2450021806352 -0.599657579885788 20.7742160581194 0.475886182668461 0.0246992866780147 -6.00673753408446 -18.8080635188085 -0.196798741426619 0.361389279118612
"20" -0.985257102517608 11.4173183221949 -0.298344010371956 -6.16431293250184 1.36000083612122 -13.8764678026124 0.060835729493256 5.7269766448655 -0.722779361944399 20.3322166232384 0.431441705229641 -0.180633104128447 -4.95255264811902 -17.9034149703563 -0.340212318658871 0.389640375017734
"21" -0.363917952428466 10.1923723108806 -0.191303335000669 -6.26834048048954 0.653934236793553 -13.0515594322043 0.0424377288447992 5.80261484111472 -0.800121164340561 18.7925440377259 0.336595724359061 -0.46305640439391 -3.74618247978504 -15.7633494244748 -0.412805074585151 0.486114443704537
"22" 0.17612352932073 8.21876907928979 -0.0356824153465851 -5.88518904381698 -0.0271267056237665 -11.679172289604 0.0271605461863889 5.45698570429093 -0.836349176670192 16.530794321066 0.196081267720228 -0.813027777983734 -2.46582748030928 -12.7431617634983 -0.39312919106095 0.66064471749587
"23" 0.630713053990824 5.6624386546452 0.149080198073008 -5.03419722449735 -0.650918409816532 -9.9817314153902 0.0199977852948834 4.71343554551388 -0.835379616805306 13.8823357992877 0.01782708561948 -1.19818295526693 -1.17880860460033 -9.17402948934376 -0.272211531207006 0.887471041552999
"24" 0.981793236322893 2.73167224464333 0.336424364836091 -3.78686306457723 -1.18759132411659 -8.1394687254875 0.0247222501173834 3.63781150076051 -0.798466470141176 11.1086538967679 -0.185312110698984 -1.55939863924164 0.0451354955837928 -5.35006076592877 -0.0576261617997034 1.10272706846672
"25" 1.21264991500684 -0.466183444351941 0.504033911267761 -2.1953146790853 -1.63016345429809 -6.19796886989737 0.0435069416172862 2.27540535525856 -0.722791593729314 8.26192684508989 -0.404979811815778 -1.83303986445321 1.18512246125123 -1.34861660128417 0.237125852115526 1.22594870501734
"26" 1.29211838294756 -3.68655418467796 0.623063001859556 -0.39119614953097 -1.95480303013975 -4.2352602051597 0.0758492938112436 0.735508785388546 -0.608488327959449 5.43732464598889 -0.620577563188728 -1.93753268301589 2.17396846082305 2.63549415681941 0.572971936967519 1.16738300567658
"27" 1.2096390459371 -6.72728552726204 0.674632454570215 1.49477581930608 -2.15661297691109 -2.2843721356037 0.118749658177617 -0.877171309290752 -0.460680411685208 2.65928422624279 -0.81175119016574 -1.81677408595806 2.97550474847756 6.48047837034775 0.897595691031654 0.873376211654886
"28" 0.977484827366897 -9.38845366271039 0.650472972537258 3.31914374157725 -2.24221276468161 -0.395823884673135 0.167184694275051 -2.44873439785454 -0.292229731701372 -0.020920760876578 -0.955892531640281 -1.45182546672504 3.56639738708646 10.0417750714363 1.14337255672172 0.347836843342066
"29" 0.632072568192719 -11.4841946490827 0.554855256489518 4.92975161245613 -2.22998474098902 1.3464856710461 0.214794204894073 -3.85736361732535 -0.123389404652533 -2.49918383230694 -1.02965775695285 -0.870756716887172 3.9379430333424 13.1426422193442 1.23088262007246 -0.337094600959063
"30" 0.227686583696403 -12.8585558858249 0.404051332601796 6.17304422989872 -2.14725479286494 2.83040049012126 0.254666620196616 -4.97774678889387 0.0212431087615039 -4.624775637071 -1.01141200805344 -0.146702424386604 4.0953488807281 15.5898297611343 1.07712730541903 -1.04973909043565
"31" -0.174316209979992 -13.4025016937612 0.223404411349499 6.90772806782002 -2.02480751521833 3.93671897233067 0.280158851440216 -5.69163138963954 0.117524841323355 -6.23096049718997 -0.884616250496389 0.615558436309129 4.05462927802749 17.2044819894781 0.609779552315445 -1.6256536073538
"32" -0.517042628193664 -13.0689324369593 0.0425974921421854 7.02583940870136 -1.89004299008547 4.56651692369023 0.285746802648365 -5.90538689941172 0.147142332450934 -7.17461986846361 -0.641945611971632 1.30116502340707 3.83829709775171 17.8540650377321 -0.212833841301176 -1.90661160244463
"33" -0.757490252960544 -11.8832050302306 -0.109965458665378 6.47881275067971 -1.760375636264 4.66507227408889 0.267891820607566 -5.57230238871428 0.102509879910166 -7.37051526676029 -0.289582392016289 1.80993081165252 3.47125725826742 17.4743331541613 -1.37879805746695 -1.78338247955026
"34" -0.872402286823799 -9.94734732149604 -0.212578880418796 5.30223285015552 -1.63836920321236 4.23658669255556 0.225830624609792 -4.71399182478844 -0.00975106000465065 -6.81190601879855 0.149310371034755 2.0787152762382 2.97788122439834 16.0773582857047 -2.80237876486581 -1.23264972847028
"35" -0.860174850221767 -7.43636487312375 -0.254320720468868 3.63002771004869 -1.50988962717384 3.34770813805478 0.162103283822976 -3.43286493825339 -0.16766406433686 -5.57541484867255 0.633304184227121 2.09576431648384 2.38068758717985 13.7477200496167 -4.31439531433807 -0.337914658330192
"36" -0.739073251502411 -4.58508470399465 -0.236799992467411 1.68862069115858 -1.34627042091023 2.12021148084405 0.0825922593594903 -1.90752950929493 -0.33586073798871 -3.81170054182098 1.105014836359 1.90217133499345 1.70071167709921 10.631653426051 -5.67123499738693 0.714637646649408
"37" -0.54236838278954 -1.664807954878 -0.172972270757739 -0.23467803799781 -1.1108851812291 0.7144140248963 -0.00409558044396263 -0.366314729386929 -0.470978762100184 -1.72496203422028 1.49784320471616 1.57802801215348 0.959426488328596 6.9236199398615 -6.58728661512612 1.67000715924814
"38" -0.311308217314313 1.04877620029481 -0.0831419150281505 -1.8470283767565 -0.769428271112204 -0.694057050377481 -0.0879074769978523 0.959187451969242 -0.529978160692643 0.454991171199367 1.74676520127313 1.21514483892634 0.181742096207778 2.85295027337026 -6.78883413247343 2.26461049686668
"39" -0.0871809760018394 3.31189607103724 0.0108594338939412 -2.91755544355578 -0.301814628998301 -1.94026813647682 -0.159066667705368 1.89038814510779 -0.47982091485591 2.50355289013464 1.80124395933711 0.883474497038605 -0.600868209487906 -1.32875114321572 -6.07904338305661 2.29952994229643
"40" 0.0960082666440485 4.94613091558199 0.0916184839197172 -3.33780300089472 0.287491034208394 -2.89383933338277 -0.209834191528298 2.35111684682971 -0.306147093324341 4.22976367383731 1.63710364292889 0.602438370402069 -1.34845403907024 -5.36008716504237 -4.39703418648526 1.70561678906142
"41" 0.216761820225386 5.86133818262152 0.150309109367001 -3.15445840671123 0.964053341739907 -3.47575712630986 -0.235846684232502 2.39233796397197 -0.0184614808502186 5.49731408145388 1.26394785337823 0.32891800675543 -2.0132106740184 -8.98330904383141 -1.8527240578461 0.578013135223955
"42" 0.268208868915544 6.06266895313547 0.187665563749036 -2.56009601996573 1.66517389371454 -3.66478582128983 -0.236674757793889 2.18005155094329 0.349859552328162 6.23465365394435 0.725730489755001 -0.0303865988685175 -2.54339359766887 -11.959360124851 1.27522844300233 -0.835003646965561
"43" 0.25695259749719 5.64064157068435 0.211380313561932 -1.84034233841669 2.30886575674811 -3.49290579911636 -0.215489502417704 1.94543142769845 0.746936565576982 6.43355037832558 0.0940879948277953 -0.582254731242301 -2.89028105879986 -14.0842064007691 4.58012695669697 -2.18992001932202
"44" 0.199370559630033 4.74798126675472 0.230762338461517 -1.29006287155175 2.8080059798084 -3.03217625642756 -0.178002178631669 1.90882395820253 1.11172729394886 6.13842638811295 -0.543800210500279 -1.39464323100856 -3.01686937416472 -15.2051490991348 7.59654772994008 -3.13824702277543
"45" 0.116685284764806 3.57001308591657 0.250451718049959 -1.12173616498853 3.0861221515051 -2.37735628444999 -0.131040156700756 2.19875527831617 1.38490197451124 5.43075310802772 -1.09965951840057 -2.44428804968766 -2.90624568722286 -15.2352482144728 9.88051175432918 -3.42378820041267
"46" 0.0301947297378788 2.29564872506751 0.265418325539699 -1.39304876139011 3.09111421483767 -1.62879953169259 -0.0811708998482956 2.79092111794455 1.51873850592744 4.41299563491415 -1.4976040103058 -3.58266976320283 -2.56741717415703 -14.1640445590637 11.0819869617829 -2.95859208224647
"47" -0.0423627157162656 1.09370958002347 0.25932525593791 -1.97769441669061 2.8042513107286 -0.878717927459093 -0.0336903905719481 3.48990395932861 1.48430656470551 3.19518857067519 -1.68443490631858 -4.53750726561293 -2.03677797197406 -12.0633179029522 10.996693659505 -1.85427145622725
"48" -0.0889765542715963 0.095987829616945 0.207655176846643 -2.59444565038029 2.24340029044282 -0.201803930898691 0.0078808232036387 3.9684865894292 1.27535968805663 1.88510903170572 -1.6360549068382 -4.96121227517733 -1.37421793823736 -9.08730397776525 9.59249888125964 -0.396064703868433
"49" -0.104252252918123 -0.614002193451313 0.0857599651285454 -2.89516334291534 1.46089726294047 0.350419482342787 0.0418192336469652 3.86541366714883 0.909254244383837 0.581365309851748 -1.36043158060691 -4.52645112917708 -0.654022338348327 -5.46725312520739 7.01254079456783 1.03864201177748
"50" -0.0893720670757006 -1.00784561672549 -0.119826630758439 -2.59277233135731 0.537274794504778 0.752511627419608 0.0678727229226155 2.92189854829499 0.425470497303834 -0.631692406448934 -0.897703631113792 -3.05099829307346 0.0478469145398179 -1.50019086516001 3.55981646954126 2.098504609673
"51" -0.0513400929725378 -1.11396417959662 -0.400555232251691 -1.58903794261698 -0.427877420526791 1.00547944265372 0.0867635015624941 1.11393492555645 -0.118043383122503 -1.6876529288815 -0.317251591284482 -0.612462727603997 0.666978473499711 2.4688797730947 -0.333807832917046 2.57691283510758
"52" -0.00150359059577454 -1.01131796747438 -0.720593935622816 -0.0490593475785772 -1.32702514273372 1.13373350982822 0.0996807178628742 -1.27720506349627 -0.651017239643009 -2.53982592109915 0.289420389245564 2.40068425610843 1.16022269293504 6.07289040059227 -4.15475947324012 2.48519742049848
"53" 0.0467271339132225 -0.811963706304425 -1.02144340217683 1.62241634105465 -2.05716996430035 1.17755782598142 0.107870482760923 -3.70505461158859 -1.09989287543252 -3.16031356101698 0.821200147081449 5.34647516654422 1.5084407562545 8.95784099236303 -7.37277896427054 2.04313988765807
"54" 0.0808135285686546 -0.632747770071148 -1.23715579748593 2.91215326965494 -2.53277104884709 1.18120328051214 0.112362272211094 -5.51756332646298 -1.39930647889953 -3.53609068833475 1.18485095387879 7.50073475492718 1.71125021805163 10.8251067525035 -9.52065118733753 1.58075981524144
"55" 0.0920721365032762 -0.562189883169253 -1.31557158093648 3.39372419433016 -2.69734349629004 1.17897142312501 0.113816716474027 -6.18621837922859 -1.50401255313845 -3.66305894417494 1.314152703538 8.29125271340854 1.77624002526348 11.4737997524368 -10.2757566543594 1.38779189934212
"56" 0.0777876628533392 -0.633307589058802 -1.23688616871175 2.90222118787995 -2.53144806636586 1.18369921891843 0.112457108715098 -5.50852169514862 -1.39799951810346 -3.54045213523955 1.18507670895298 7.50092706757732 1.70811563601177 10.8325592213899 -9.52251105216192 1.57838095935676
"57" 0.0417456473210791 -0.813010527143888 -1.02099482856379 1.60407324103528 -2.05530167360989 1.18220505686401 0.1080502340576 -3.68853904364558 -1.09779313663114 -3.1684340536562 0.821590758801896 5.3479268892761 1.50372706319476 8.97137271231669 -7.37591299367318 2.03716215995064
"58" -0.00689637979422741 -1.01263182749335 -0.720084720897248 -0.0730625865003276 -1.32558119848084 1.13976638110626 0.0999229770523087 -1.25593977664811 -0.648836073438138 -2.55037352484942 0.289869895081779 2.40466441689296 1.15595821991643 6.08988845001517 -4.15817743342723 2.47431551048248
"59" -0.0558779108823586 -1.11520951242522 -0.400074433603663 -1.61502223245373 -0.427375646688859 1.01179197590227 0.0870317967706811 1.13653928904742 -0.11631247512763 -1.698704465866 -0.316854107451576 -0.605653906858606 0.66442677561507 2.48607645977057 -0.336538711008416 2.56138766172535
"60" -0.0924899973883981 -1.00874802882328 -0.119424828152148 -2.61670935260565 0.536958413227854 0.758013046786999 0.0681230929387198 2.94235295673444 0.426575128387304 -0.641342606715938 -0.897426362272377 -3.04251227695568 0.0470490338988157 -1.48565867534062 3.5582659980256 2.08084371685527
"61" -0.106032651265231 -0.614489138025363 0.086057323748733 -2.91387242815415 1.46023803474014 0.35445222109243 0.0420161815631097 3.88112797149115 0.909840702463038 0.574277662686399 -1.36028104068296 -4.51818914225169 -0.653811167628305 -5.45688750937098 7.01206489131755 1.02236840601108
"62" -0.0898220903964244 0.0958145551448979 0.207843851834525 -2.60674398816741 2.24282115441261 -0.199305288749883 0.00801122297895418 3.97862570646615 1.27563969837282 1.88071332242288 -1.63599634227815 -4.95464375961637 -1.37380146428828 -9.08104127445676 9.59266261572145 -0.408452382192081
"63" -0.0426874099307639 1.09369817978694 0.259423469824384 -1.9844500486596 2.80392775103705 -0.877402649300578 -0.0336174030406688 3.49533900033717 1.48445544912986 3.19287834533321 -1.68442589912502 -4.53308626192074 -2.03659284411903 -12.0601040298727 10.9970794481898 -1.86225170125817
"64" 0.030109087628361 2.29568783830251 0.2654580566128 -1.39614319854672 3.0910173294419 -1.62820684035285 -0.0811358922053351 2.79331911633443 1.51884802348343 4.41196198912218 -1.49761413806096 -3.58007557353358 -2.56752389245339 -14.1626351684732 11.0823529430195 -2.96305814845437
"65" 0.116690439489254 3.57004983136744 0.250463188710327 -1.12292178718872 3.08614844654747 -2.37712490979973 -0.131025423467211 2.19961943932761 1.38499810546127 5.43035699856983 -1.09967277378588 -2.44293976543713 -2.90651721880221 -15.2347108854134 9.88077201272802 -3.42600474164465
"66" 0.199400572222672 4.7480019213383 0.23076437862818 -1.29044750106857 2.80806847136691 -3.0320964819046 -0.177996581193792 1.90907816815228 1.1118063382083 6.13829530508531 -0.543810353209537 -1.39402531420092 -3.01716048562641 -15.204962543429 7.59670094887611 -3.13922750043093
"67" 0.256981527920388 5.64064927578488 0.211380678549531 -1.84045154880766 2.30892054368061 -3.49288070038304 -0.215487548295865 1.94549479923943 0.746990951031229 6.43351236177895 0.0940820258020096 -0.582010890375841 -2.89050554750731 -14.0841414170995 4.58020318316596 -2.19030077850857
"68" 0.268229829563403 6.06266991729376 0.187665976129665 -2.56012548983415 1.66521103358972 -3.66477815197106 -0.236674139788679 2.18006752521333 0.349886363978879 6.23464351083911 0.725727639608088 -0.0303068826165145 -2.5435297075744 -11.9593347793412 1.27526041637748 -0.835129512030107
"69" 0.216777917926926 5.86133602345495 0.150309410917529 -3.15446734895716 0.964081071484905 -3.47575424467303 -0.235846529131031 2.39234360765604 -0.0184641225502027 5.49731063483799 1.26394673730871 0.328938428068795 -2.0132740464509 -8.98329749000418 -1.85271292877394 0.57797899898469
"70" 0.0960274345192289 4.94612559129826 0.0916183385926246 -3.33780658135652 0.287525118555598 -2.89383548776702 -0.209834233794325 2.35111929888737 -0.306186624497421 4.22975817334998 1.63710326942926 0.602442615072505 -1.34846831507787 -5.36007863443954 -4.39703116926182 1.70560848342393
"71" -0.0871507156703402 3.31188297292388 0.0108586282926382 -2.917555894256 -0.301757061669903 -1.94025172750094 -0.159067034583479 1.89038687802544 -0.479911000083565 2.5035279500309 1.80124367593398 0.883478400597141 -0.600848849720904 -1.32872957318461 -6.07904272130179 2.2995228978325
"72" -0.31126706044698 1.04873860079962 -0.083143321430498 -1.84701901243625 -0.769334652401898 -0.69398192670198 -0.0879091165133943 0.959173566573767 -0.530128246101958 0.454876690300551 1.74676402536844 1.2151606819989 0.18179063417255 2.85304140802838 -6.78883236055526 2.2645854479365
"73" -0.542344879954094 -1.66493076251678 -0.17297325269098 -0.234627663179708 -1.11075343062661 0.7147247008824 -0.00410225069634862 -0.366378433004101 -0.471174237988748 -1.72543520817393 1.49783790007363 1.57808916885779 0.959513376185015 6.92399287718819 -6.5872769983722 1.66991240238531
"74" -0.73917445162337 -4.58550299608152 -0.236796693071341 1.68882759339363 -1.34610937169356 2.12137027599201 0.0825673933555535 -1.90777795657461 -0.336039314742314 -3.81346495116421 1.10499414137826 1.90238680538096 1.70088898192347 10.6330387838768 -5.67119567072427 0.714304919533333
"75" -0.860707164828561 -7.43774084028163 -0.254301521737133 3.63077766711615 -1.50971293883637 3.35163232302698 0.162018303502673 -3.43374301081414 -0.167681144796736 -5.58138942760795 0.633232324657936 2.09646299625001 2.38115871334303 13.7523890120322 -4.31425596170357 -0.338990802219541
"76" -0.874144318285204 -9.95156424394153 -0.212509568224782 5.30469760709593 -1.63820636225127 4.24871062888202 0.225563849682374 -4.71683087420223 -0.00928941498975622 -6.83036473925519 0.14908464161088 2.08079095418725 2.97929983436172 16.091698467871 -2.80193331088037 -1.23583415650955
"77" -0.762257682890869 -11.8951223778657 -0.109742799117868 6.48619385043924 -1.76036801487933 4.69937336558466 0.267121181130527 -5.58070081783747 0.104184786693435 -7.42274052003727 -0.290228605221127 1.81555129591334 3.47544638539355 17.5146527372229 -1.37750886169863 -1.79196391233791
"78" -0.528736044175155 -13.0999740115689 0.0432786263432092 7.04601165381257 -1.89074736551613 4.65565280498301 0.283695760149705 -5.92811866901209 0.151723935877745 -7.31034084390483 -0.64363942824269 1.31500775626 3.84980106519493 17.9582345567206 -0.209457949902458 -1.92764470189286
"79" -0.200553464337624 -13.4771702540276 0.225375482407912 6.95817224583607 -2.02787784917608 4.14998273512888 0.275125167815336 -5.74803783293317 0.128609023465544 -6.55570139426797 -0.888698494075022 0.646617368962779 4.08369165390349 17.4524772337924 0.617811531426355 -1.67263028674506
"80" 0.173752360275323 -13.0247491222773 0.409328449708696 6.28889927330277 -2.15670454731031 3.30108174442896 0.243266163432413 -5.10648887774254 0.0455371867388852 -5.34153860659315 -1.02049515391104 -0.0829464770013146 4.16292034285621 16.1349182265542 1.09463830105938 -1.14573730615302
"81" 0.531175900846925 -11.8269401040265 0.567735825643574 5.17505820721414 -2.25425580941524 2.30631706292397 0.190941976609135 -4.12858747511736 -0.0751883491728407 -3.96096028232118 -1.04837794090148 -0.750373575737285 4.08293025528288 14.2503740631269 1.26619123365708 -0.517461691674271
"82" 0.807291280236488 -10.0439678456592 0.679005034576036 3.79941265687319 -2.29725700563128 1.41562306229746 0.121015726013001 -2.97763590935941 -0.205843012602558 -2.78004919332085 -0.991701711201063 -1.24175577822234 3.85438719963843 12.1258544093183 1.20964145710741 0.0349831736843953
"83" 0.953401551059564 -7.89058886372035 0.732089663652765 2.36594510126258 -2.26992943560402 0.885091587955444 0.035908728222207 -1.83368421529279 -0.320693873833004 -2.16952067503935 -0.875373232460493 -1.47720969283318 3.50673769041766 10.1157234328728 1.01354525624453 0.37148972825662
"84" 0.952637386066971 -5.60327760809508 0.728696379394613 1.07491603054746 -2.16970221670776 0.916265619201688 -0.0622650162355178 -0.870873835380948 -0.402814155279937 -2.41464375574741 -0.725562781848534 -1.42967247369324 3.08703107676297 8.52435096147987 0.761548609671308 0.423868235382997
"85" 0.82839048676767 -3.40060254001909 0.682060741756558 0.0969402276579103 -2.00884052763189 1.59724187313007 -0.170994937584803 -0.232927202164817 -0.448342042988513 -3.62812804831249 -0.565846790893705 -1.13364202056937 2.65271246367413 7.52804074030633 0.520636663053324 0.21417268420555
"86" 0.64072905665698 -1.44648690690136 0.612117984875503 -0.451782691617893 -1.81161001120957 2.86759736429973 -0.286360921489528 -0.00930101972639363 -0.466831195603339 -5.69951010086473 -0.41421024391466 -0.679944909541291 2.25989108738884 7.12626141816301 0.333902764077493 -0.15010270485709
"87" 0.581069372688756 -0.896476225625008 0.588396790280754 -0.526787913968121 -1.74651392748536 3.36260563607246 -0.323293243468687 -0.0298148487917871 -0.469978871148858 -6.48610086742534 -0.369880768384334 -0.523536769123666 2.15168607157638 7.09903658830978 0.289542954773992 -0.272034985368919
"88" 0.434220987194664 0.610920167843688 0.51566256026446 -0.456675764670649 -1.54778410006896 5.0830610391304 -0.437377483634901 -0.366473869694126 -0.482685863303522 -9.17245372518826 -0.244221495026533 -0.0561598871247497 1.87466824280568 7.19620364258642 0.196154076947437 -0.590113808617843
"89" 0.405077389202461 1.78418404508449 0.449052386926191 0.0261425037868435 -1.38045939274035 6.79511201314137 -0.539211003986054 -1.04458587749706 -0.515461657505932 -11.7884692549679 -0.141409562009024 0.27841005830669 1.70259039465292 7.33447397915679 0.162499956866725 -0.689092264320152
"90" 0.53413056566502 2.68362886318275 0.37787952967949 0.802996734679823 -1.26238736339267 8.20008536904523 -0.616200695672902 -1.92563034161411 -0.582371320647618 -13.8847103060298 -0.0592522739108503 0.399876759967356 1.62301687694885 7.23318514348124 0.164623416279653 -0.476834154801509
"91" 0.816268804334086 3.38506353240285 0.274287377694947 1.72132811994237 -1.19769338511899 9.07822669247194 -0.654203500312729 -2.84035559347358 -0.686380927663798 -15.1384305023837 0.0058049283134558 0.289357634484531 1.60448444799535 6.71563003771772 0.176282238744079 0.0441230061992428
"92" 1.20313780717521 3.95152109318894 0.0975997011772591 2.62570761295683 -1.17721324289962 9.32543295633207 -0.639082771417554 -3.61995101800506 -0.819187169103653 -15.4068600578261 0.0562557132575847 -0.00938877942417093 1.60565892924218 5.7504800921464 0.177377746168872 0.775720473770889
"93" 1.61829053794972 4.41768801359291 -0.19672129972151 3.38388942561932 -1.18287971868012 8.95222615674609 -0.558764003238158 -4.12335609915543 -0.964089123736394 -14.7224621376851 0.092289477350068 -0.405061395256325 1.58531290593117 4.44089174407516 0.158969855815258 1.55014359298502
"94" 1.97739641585157 4.78817621838752 -0.64452946619739 3.90216399151097 -1.19336941131892 8.05493981456328 -0.405774924113786 -4.25591967624224 -1.09999736415956 -13.245929683937 0.111951231856111 -0.784092763235094 1.51046732182321 2.97475115209171 0.124104523394465 2.17249605901361
"95" 2.20624130109187 5.04497540133107 -1.25844335480626 4.12900512022202 -1.18829924031548 6.77616420396605 -0.180157032631936 -3.97845382060424 -1.20501140117913 -11.2032722064557 0.112427037227356 -1.03952419810821 1.36110637443148 1.5601244216482 0.0847716970759507 2.4695021857342
"96" 2.25313502925924 5.15766640132316 -2.01381513124944 4.04988349870786 -1.15004112112348 5.26924762959709 0.10767154269783 -3.30833785629736 -1.25890661572079 -8.82979176980518 0.0918677929917351 -1.09782367017215 1.13134888505465 0.367983375673766 0.0562634233762083 2.33451720690755
"97" 2.09542770609892 5.09205814981519 -2.83900268169349 3.67783478819177 -1.06387343503157 3.67437353403563 0.43494366023376 -2.31485762161869 -1.24465217660716 -6.33269964862419 0.0510857798480338 -0.938553441910244 0.828097592000184 -0.504802161574709 0.0508514215990772 1.75997552125182
"98" 1.74091495786049 4.81634432762579 -3.61457735678165 3.04411071769545 -0.917787113617555 2.10672102645817 0.766596657012226 -1.11008251572214 -1.14949179525176 -3.87355254742752 -0.00544422178941417 -0.602047211211811 0.468453919011779 -1.0484425888495 0.0728553987923988 0.848944273385769
"99" 1.22501284174808 4.30620035020337 -4.18544763753823 2.19181189327276 -0.703032351040109 0.653377487924004 1.05836610206304 0.16440279837235 -0.96617464502278 -1.56581223916463 -0.0696398856437703 -0.181401345153063 0.0767397090653361 -1.33130211239335 0.116744628315587 -0.200482629059934
"100" 0.604588139773398 3.55050468572662 -4.38696326670866 1.17347354699183 -0.415853803952817 -0.62498835538311 1.26323167191029 1.35473656768331 -0.694657524708977 0.518502589669438 -0.130998677259711 0.201747425091526 -0.318586440681351 -1.47416045248694 0.168962022052938 -1.13882797509177
"101" -0.0505509825149275 2.55804213796318 -4.08124891801071 0.0516103983243283 -0.060100770265537 -1.69060696302775 1.3403553553277 2.31495580409846 -0.344089955228222 2.33807472184616 -0.178663683324078 0.433083830149371 -0.688068432201383 -1.6145673849719 0.212888072719011 -1.72923484022976
"102" -0.667315562876503 1.36376343678754 -3.19507079870537 -1.10027828570458 0.350242865922812 -2.52473234874238 1.26444873106991 2.92774821637995 0.0656431045406212 3.87094602888016 -0.203814768795645 0.443268866686594 -1.00432208681259 -1.86961356621926 0.235160088061548 -1.81531315972961
"103" -1.17883765104862 0.0320616021353715 -1.74797843906502 -2.19920420312394 0.789842325235663 -3.12387090776568 1.03287379322694 3.12242877454653 0.503815192245056 5.10483723063649 -0.201681901017302 0.234827724036222 -1.24475020999294 -2.30579767957666 0.230920864301538 -1.37167882183758
"104" -1.53259697698789 -1.34525479397189 0.138862871073414 -3.15868578761706 1.2231064988802 -3.49610900270502 0.668160719893788 2.88676921751717 0.930981662330103 6.0304465257871 -0.172569997753726 -0.112356802220802 -1.39357455176304 -2.92292775663211 0.205844667311226 -0.51905954643189
"105" -1.69632587346753 -2.65711140798783 2.25695324388558 -3.89905315113646 1.60789689018573 -3.65749961850888 0.214986671481842 2.27035270057551 1.30348389317052 6.63819091022381 -0.121611954120475 -0.461048055119136 -1.44298401585147 -3.65503247298494 0.173948859185316 0.503545077174294
"106" -1.66137256672841 -3.78620350361547 4.34411067805886 -4.3593184352419 1.90128454743374 -3.62864490200155 -0.267550831431112 1.37875649848034 1.57967175806122 6.91807909674688 -0.0574003160077723 -0.657598693066575 -1.3934277000843 -4.38633452083518 0.151789568996037 1.40300798346334
"107" -1.44363347744321 -4.62407203855622 6.12783435426253 -4.5061916498608 2.06611590797325 -3.43179874101533 -0.716115073927607 0.359371035405516 1.72655446609446 6.86187158935901 0.00999996695918526 -0.582051817931188 -1.25327378003011 -4.97645315629247 0.150997501857887 1.91408553852125
"108" -1.08225145855264 -5.08497225306968 7.36700891526939 -4.33608582434169 2.07692792108973 -3.08888609409114 -1.07307624606901 -0.619397192029552 1.72539644032479 6.46654974546277 0.071030987588621 -0.192499598547784 -1.0380767057265 -5.28768743691824 0.171725079692919 1.87581312811517
"109" -0.635941302551863 -5.11619719321789 7.88348047535397 -3.86854031589701 1.92399761850643 -2.62075918849462 -1.29416467005084 -1.39328467204145 1.5750224189917 5.7383714712534 0.118117818420096 0.449779988290629 -0.769489945768107 -5.20866018883149 0.199335951167768 1.28116815387557
"110" -0.176306317902672 -4.70415863203604 7.58069315848822 -3.13377109996225 1.61486677032797 -2.04783258938789 -1.35304526293763 -1.8288363776916 1.29211565949208 4.69724349824268 0.146438025840489 1.18341677758508 -0.473548211209 -4.67161625832904 0.205828331970224 0.286031498026205
"111" 0.222516766025713 -3.87692654088036 6.45195008624788 -2.16127735906036 1.17338158491218 -1.39203222550987 -1.24325178570844 -1.84768092208435 0.908440649267996 3.38148969726342 0.154082650947721 1.78146678004077 -0.177949694918588 -3.66353281862988 0.156386060297905 -0.827722518951759
"112" 0.497506597023012 -2.7042898723023 4.58317590483968 -0.977990583283713 0.636926847131702 -0.679738392657526 -0.978497575166731 -1.44339475065209 0.465642332477415 1.85296570311456 0.141879301555903 2.01364251336781 0.0916220390820257 -2.23244195519246 0.0202036034108914 -1.73057971481148
"113" 0.611395910662786 -1.29561539610978 2.15302358907417 0.379036724470552 0.0527461808026963 0.0550442765101167 -0.592064660041434 -0.685804112736065 0.00889123370648548 0.201518132519283 0.113128731201208 1.72362096244615 0.315410094840402 -0.489370723531387 -0.216789929764332 -2.14904152191821
"114" 0.564217375657257 0.20555892988915 -0.572173444560107 1.83917650797059 -0.526209170579957 0.768692620626481 -0.135001540615857 0.29037598370607 -0.419192804886123 -1.45379885802774 0.0733255680579745 0.898575064936267 0.482676024902467 1.39616091266493 -0.541333992228829 -1.96498304387478
"115" 0.396966085080194 1.63227887968407 -3.25623998708605 3.27807898277229 -1.0460809837303 1.40889602456434 0.328080741320104 1.31123241762909 -0.783247926908881 -2.9703496864748 0.0297127290359285 -0.298347057319916 0.593101331063174 3.21086479002243 -0.909260860892459 -1.27203103925103
"116" 0.183408735538649 2.81214037933691 -5.53168643428724 4.51935242988225 -1.45762760943022 1.91965867896077 0.726880050644667 2.19727822638258 -1.05781840953824 -4.19686311900364 -0.00957567642647206 -1.55650967151041 0.655783063118001 4.72508413313118 -1.25259362861607 -0.355994203483078
"117" 0.00920287744427384 3.59207388368964 -7.05948031086436 5.36864940703822 -1.72171261509588 2.24992192295424 0.996913791486104 2.7960770410608 -1.22754332941665 -4.9966276446377 -0.0368834776439684 -2.50978088979537 0.685244341819761 5.7306592348135 -1.49714028980929 0.406917580172831
"118" -0.0566957166951383 3.86552117071807 -7.59809239887019 5.67172228171023 -1.8135300754446 2.36356595580986 1.09245168361079 3.00681970754376 -1.28517476751493 -5.27354283567306 -0.0466782053982868 -2.86365337541383 0.69492717389074 6.08135301062821 -1.58533942562974 0.700334603875035
"119" 0.0125086198629916 3.59405876899766 -7.05974984230403 5.36963684662101 -1.72484780114089 2.24753867907233 0.996912907688195 2.79443009745056 -1.22887649863198 -4.99296347938306 -0.0369308058500195 -2.50575471739512 0.69058052580921 5.72445445328619 -1.49559344885995 0.401518533815761
"120" 0.190848979646908 2.81564510215949 -5.53218982965718 4.52132349804253 -1.46436812102243 1.91513069522685 0.726869527367349 2.19411361489354 -1.06081556388473 -4.18990633472967 -0.00965858587176882 -1.54946367929551 0.666979524867614 4.71315245413886 -1.24983461948295 -0.365400369852523
"121" 0.409182154000661 1.63636416078864 -3.25687995528659 3.28071849463061 -1.05661430307751 1.40295904942606 0.328049673706943 1.30705159516815 -0.788127599582067 -2.96124257530801 0.029613625155541 -0.28988477931307 0.610039875386668 3.19489491629312 -0.905908525576592 -1.2832875008794
"122" 0.580419758617772 0.209063966231128 -0.572788140115122 1.84173131927719 -0.539596222164329 0.762604918772865 -0.135058557716672 0.286117041882576 -0.425554626786656 -1.44448741965965 0.0732311795089657 0.906831414438784 0.503435979035281 1.37926698780779 -0.538124227497747 -1.97598735923111
"123" 0.629041487668715 -1.29352771085337 2.15260253939395 0.380678307728317 0.0386569259691907 0.0500905119392172 -0.592144086145723 -0.689146210454794 0.00213545146334937 0.209059208726728 0.113055368853772 1.73050957527994 0.33643258485764 -0.503777706971889 -0.214303466296201 -2.1583295147243
"124" 0.513377899481746 -2.70371815063481 4.58303491507681 -0.977628541591571 0.624592038671596 -0.682892762004599 -0.978588422656919 -1.44530360159573 0.459758699998714 1.85773000484971 0.14183416802755 2.01868104822279 0.109303868286823 -2.24232222877601 0.0217556498164413 -1.73752876025401
"125" 0.234360647777322 -3.87733707363296 6.45205169123704 -2.16193014275939 1.16437571727062 -1.39353805797455 -1.24333994408952 -1.84830291218969 0.90421394556601 3.38373123245654 0.154063025944808 1.78476970752763 -0.165556831272895 -3.6689108108734 0.157153857318121 -0.832423673477024
"126" -0.168936257909927 -4.70487098719047 7.58091788576659 -3.13485006055566 1.60936871291193 -2.04830324008921 -1.35311859876412 -1.82870091952908 1.28959377547779 4.6979178443689 0.146434970657019 1.18540900874132 -0.466283230165409 -4.67386936702303 0.206122375396603 0.283096915352417
"127" -0.632092900903821 -5.11678147416802 7.88370923077436 -3.86954763601921 1.92118161997669 -2.62078754251505 -1.29421698778627 -1.39289986603593 1.5737606696173 5.73838896239879 0.118121876514614 0.450910988214218 -0.765909563928993 -5.20932616103183 0.199421731037432 1.27945158400735
"128" -1.08055134352779 -5.08531438915671 7.36717700699918 -4.33679936118176 2.07571235577709 -3.08881205187102 -1.07310818712201 -0.619047569049499 1.7248596479434 6.46642459323145 0.0710359973115757 -0.191893619562052 -1.03658242660586 -5.28777555209115 0.171745785893791 1.87487223712378
"129" -1.44299170031754 -4.62422956365339 6.12793273554639 -4.50660920322758 2.06567093304722 -3.43174093874082 -0.716131748957451 0.359601054526209 1.72635659314389 6.86177840742651 0.0100035106596366 -0.581751743387031 -1.25274011827618 -4.97641254095196 0.151003919295931 1.9136104873055
"130" -1.66116381552227 -3.78626299920046 4.34415850801663 -4.35952795317593 1.90114545516661 -3.62861696053447 -0.267558290351449 1.37888110838769 1.57960734778282 6.91803450362384 -0.0573984039648572 -0.657465181332554 -1.39326230640789 -4.38629688257477 0.151792894859341 1.40279193506331
"131" -1.69626781820679 -2.65713007808955 2.25697303118202 -3.89914466622571 1.6078597404362 -3.65748924983118 0.214983797274673 2.27041045126757 1.30346534008708 6.63817430063453 -0.121611101943529 -0.460995522490066 -1.44293878027515 -3.65501429537492 0.173950668427551 0.503457771875219
"132" -1.53258433987569 -1.34525921648535 0.138869921673518 -3.15872073400686 1.2230983757998 -3.49610592301418 0.668159755341005 2.88679230985458 0.93097722250601 6.03044150118517 -0.172569657418617 -0.112338286810427 -1.39356351618818 -2.92292139665962 0.205845535889125 -0.519091099302386
"133" -1.1788371521251 0.0320623198468297 -1.74797643056093 -2.19921647112835 0.789841545055914 -3.123869792159 1.03287349537591 3.12243720571695 0.503814680958111 5.10483531936953 -0.201681689252247 0.234834445031538 -1.24474834248869 -2.30579619551498 0.230921161783954 -1.37169011664218
"134" -0.667319893733335 1.36377024530691 -3.19507124706198 -1.10028570347953 0.350244987504572 -2.524729374191 1.26444858562614 2.92775379426082 0.0656439370063744 3.87094095011045 -0.203814214086648 0.44327475807313 -1.00432502008616 -1.8696132757953 0.235159580669006 -1.81532169033289
"135" -0.0505667847648752 2.55807199819247 -4.08125350969635 0.0515903796504062 -0.0600917958193925 -1.69059410878744 1.34035503563796 2.31497190566884 -0.344086761341039 2.33805281853883 -0.178661307056348 0.433102310161757 -0.688084298552646 -1.61456700027833 0.212884781231878 -1.72925968496293
"136" 0.604528333710078 3.5506278857647 -4.38698249529755 1.17339339718501 -0.415818388840481 -0.624941072344122 1.26323050795343 1.35480183205014 -0.694645664386475 0.518421126242103 -0.130988843423186 0.201818954415558 -0.318652487264949 -1.47416531539476 0.168947702518039 -1.1389232221245
"137" 1.22479924697687 4.30667109940637 -4.18551915943703 2.19150907274934 -0.702901743347347 0.653527928568437 1.05836203945386 0.164650838049091 -0.966133713483853 -1.56607650950563 -0.0696024329814762 -0.181142530276702 0.076490513190528 -1.33135527103761 0.116689403149167 -0.200825001057183
"138" 1.74021860043064 4.81799936319183 -3.61482054972661 3.0430641303679 -0.917342777050617 2.10713233984555 0.766583681493362 -1.10922105305756 -1.14936612729256 -3.874298441197 -0.00531335525005261 -0.601189774929026 0.467591966194313 -1.04876681436924 0.0726621126700593 0.84781960069995
"139" 2.09336643682396 5.09740720409556 -2.83976030980457 3.67452538649565 -1.0624807048207 3.67530378203608 0.434905859229982 -2.31212216119741 -1.24431381688023 -6.3344877108884 0.0515053842681752 -0.93595135047326 0.825356831007987 -0.506322217215121 0.0502357043606025 1.75659815993004
"140" 2.24758921754955 5.17356149914434 -2.01597929947708 4.04029030761996 -1.14602000662934 5.27080456061653 0.107571133716807 -3.30037998846876 -1.2581134684586 -8.83321927446305 0.0931032668931131 -1.09057898417132 1.12332823104494 0.362027175370052 0.0544741806023694 2.32523020105646
"141" 2.19261597632841 5.08843223319334 -1.26411595244168 4.10345456775144 -1.17760945894488 6.77713980553641 -0.180400361283361 -3.95719235696578 -1.20339918080127 -11.2075121846946 0.115771326100276 -1.02099872808549 1.33950195210351 1.53991184813528 0.0800132397326365 2.44608961492031
"142" 1.9466056694179 4.8976177451743 -0.658185173724902 3.83949385483174 -1.16721127680293 8.04932317649787 -0.406313935840474 -4.2036190241053 -1.09716074321255 -13.2439660861284 0.120286206791643 -0.740555941903949 1.45693076790969 2.91414612123681 0.112481102212996 2.11834819136038
"143" 1.55379867708294 4.67197372856717 -0.226946100998283 3.24202325878304 -1.12395498231543 8.92105786461472 -0.559859485777364 -4.00463038346519 -0.9597803639118 -14.6894860388012 0.111449645327532 -0.31099051154979 1.46330256050248 4.27819448348531 0.132803961883553 1.43523640530793
"144" 1.07729530689681 4.49757429257511 0.0360100010118387 2.3287486537659 -1.05495783833532 9.2212311829506 -0.641138076972886 -3.3707283919325 -0.813614871330451 -15.2774808277522 0.096957815696797 0.177543402163792 1.34975197727251 5.35572320995467 0.122934321738228 0.552037248495253
"145" 0.587322161668027 4.47072790438926 0.15856605693525 1.14549467094218 -0.963802758105313 8.80053403111342 -0.657795970168142 -2.35570405389775 -0.680639948675613 -14.7701036067577 0.0858675592750906 0.631033609411588 1.1094308717966 5.8438940952866 0.0713021109442593 -0.354994915218867
"146" 0.146796050617009 4.68583627615558 0.177069130048423 -0.233294284661042 -0.848853995330757 7.56495249835655 -0.62212468009851 -1.05091107905575 -0.579220748377322 -13.0109934409348 0.0868849711778523 0.974312468131984 0.736486158835397 5.47163105341388 -0.0234433852993448 -1.12859969190231
"147" -0.202463729671205 5.21628557590543 0.126714081452981 -1.70825395660381 -0.702085001693495 5.50828310663021 -0.548569071751464 0.423643716681674 -0.520733228409208 -9.97617503854447 0.106666809754877 1.16650743447963 0.226013427827347 4.06242858953346 -0.151250991887707 -1.66069748357768
"148" -0.448924319079424 6.09170707330233 0.0363819553145959 -3.1627185848954 -0.509337561087904 2.73338472353925 -0.451760385674454 1.93090361289121 -0.507126282632788 -5.80731560168586 0.148342941538143 1.2058271844428 -0.424603516256461 1.58704071367667 -0.292223045450214 -1.90690216357643
"149" -0.613054675522289 7.27760601121665 -0.0723987787202702 -4.47329196844544 -0.25276257360011 -0.546082760852897 -0.345049668253825 3.33017896445783 -0.530342779768503 -0.814909927148904 0.210516201106387 1.12322497441778 -1.21270627423826 -1.80813017226397 -0.420494293334286 -1.88361325531787
"150" -0.738981208150932 8.6403689379253 -0.181901299182933 -5.50740684553051 0.0781092742281135 -3.96780588350936 -0.24121129219834 4.47441113140991 -0.573114859693979 4.46178006349187 0.28566558465922 0.970815722133693 -2.1097643895755 -5.73578170238743 -0.508551857013458 -1.65615380157169
"151" -0.888827189310359 10.0368808789284 -0.282242093450648 -6.1979291178007 0.500357317001011 -7.26896179874564 -0.145613815016139 5.29199601133997 -0.615286828380126 9.63582179357145 0.365585466431565 0.794679001443001 -3.11129914860479 -9.84953354174363 -0.538259520188831 -1.29908677696949
"152" -1.11973690858866 11.2258588110559 -0.36042613969866 -6.46552870067103 1.00741704629708 -10.053331048641 -0.0646315922263234 5.69974476294404 -0.634237115482575 14.1129075457012 0.437012603631221 0.63395159589254 -4.16404897259567 -13.5910117671119 -0.497242423390901 -0.891466827592922
"153" -1.47618374775844 11.9574808103074 -0.404937902956235 -6.28066261345975 1.57694183556243 -11.9836427704499 -0.00118971156124026 5.66743631273059 -0.610558089151072 17.383557186158 0.486847594887561 0.509121558805418 -5.20121928674475 -16.4228310070872 -0.386782285316144 -0.497489818568283
"154" -1.97606987121518 12.0019253615166 -0.406060990221995 -5.65837946216254 2.16457576821974 -12.7886775647905 0.0437952160555852 5.20929355125129 -0.53180531376468 19.0313651120817 0.503843870448414 0.424314518369329 -6.13426223261919 -17.867523613435 -0.221244575802586 -0.163501413521317
"155" -2.59865683897017 11.1924892834828 -0.358264342395103 -4.65834780798019 2.70228283011559 -12.3005599167763 0.0709647335121026 4.38198297111175 -0.396823176827836 18.78800860426 0.480764204300201 0.372655166350114 -6.85423129518775 -17.5842976849737 -0.025748192431422 0.0810390328024369
"156" -3.27407485511508 9.46440508112357 -0.262589882004207 -3.37831039218645 3.09934680946105 -10.4907729194214 0.0821823490484395 3.27703297631903 -0.219774520451887 16.5873854494213 0.415982088553164 0.342250530813544 -7.23560741356335 -15.4435679804023 0.168618160402559 0.221752684261901
"157" -3.87885241226342 6.88239795667948 -0.128056134417626 -1.94196879446088 3.24821946898049 -7.49941874713527 0.0803048344660322 2.0088593063294 -0.0320313272713202 12.6107016291185 0.314251371307101 0.320374403940605 -7.14504024020362 -11.5863380986173 0.331030674212855 0.259148217955499
"158" -4.24475152330015 3.65064468513796 0.0285466819563709 -0.484130231722304 3.03865231360466 -3.646831987697 0.0689692819863534 0.700989554438515 0.120669811798345 7.30560121955889 0.186482087155937 0.295407985118572 -6.45895863885069 -6.44871536331734 0.437112663812627 0.209457957108043
"159" -4.18729284904919 0.100064477709793 0.184635889798059 0.8634123633596 2.38317074888774 0.585057543766645 0.0522874039986299 -0.526485990601245 0.187566180996894 1.35968074475559 0.0484640395525453 0.257618287917921 -5.09377508299993 -0.730832609134445 0.47349485773907 0.103809086250294
"160" -3.55431503044616 -3.35019899380873 0.315363903156268 1.98299400121692 1.25348657209799 4.61064971403867 0.0343879595250733 -1.56634321520132 0.127753338581758 -4.38531411228867 -0.0814215258470199 0.200280113028157 -3.04858271773831 4.70278460061371 0.439667193405228 -0.017030423871347
"161" -2.28511715914205 -6.25713659718829 0.398188664569609 2.77947617585988 -0.279637880533848 7.83832399584095 0.0188352064974104 -2.3309765608448 -0.0739723269662242 -9.07817114710423 -0.185328947946765 0.121953236838863 -0.451602791436251 8.98772336935934 0.34689634996505 -0.113125729035346
"162" -0.46079795218947 -8.23835442781328 0.417755577664899 3.18847429538329 -2.01987497146721 9.7950511703627 0.00804318795967163 -2.75899884736896 -0.397280995145613 -12.0405335755645 -0.249515179524259 0.0293260377020488 2.41008970381314 11.461452321661 0.214859162409255 -0.158681848010474
"163" 1.678727668794 -9.061488191644 0.370124584364959 3.1869765302423 -3.65587303601717 10.2487644299344 0.00286984089053632 -2.8242924809549 -0.788197525556711 -12.9414174697257 -0.267619072486941 -0.0614498982513396 5.10628518268024 11.8481932049925 0.0671942334975597 -0.152626974631858
"164" 3.77030501948486 -8.71264218385656 0.265178466664857 2.80585836682241 -4.82855928623603 9.28562807061427 0.00257510240524184 -2.54735675874097 -1.17299807143118 -11.9005949929694 -0.24262562046178 -0.127699020613818 7.14783525473469 10.3556985713478 -0.0727800764689164 -0.119513078225282
"165" 5.41655981930673 -7.41342759050156 0.12602464289872 2.13849227017539 -5.251600112095 7.30018811600929 0.00523432972734028 -2.00389009053905 -1.4777922487645 -9.46294214622833 -0.186494256080973 -0.148847012314491 8.1343956543163 7.62409388343365 -0.185399067323033 -0.0965555735479029
"166" 6.30369492793049 -5.56646454203997 -0.0155190934659615 1.33483916278732 -4.84127013877218 4.88177463330265 0.00851981627554821 -1.32102877249318 -1.64526142829458 -6.42746182177656 -0.116987687519931 -0.118070143511432 7.91521746215708 4.51854499328405 -0.257008840478534 -0.110858552313402
"167" 6.30484174462773 -3.63642097248479 -0.127406315872292 0.571220402156086 -3.779383308913 2.62682002317011 0.010569082015957 -0.652209827254261 -1.64501791489586 -3.58329754888035 -0.0523308077587252 -0.0495509486684114 6.67609784699349 1.83507417258692 -0.281814031086412 -0.160672252146469
"168" 5.52484958739023 -2.0078428730379 -0.18789239985086 -0.00213261452586266 -2.4477689028791 0.951566397343832 0.0105698527869507 -0.131988936937084 -1.48029037451794 -1.46341535657714 -0.00556644200070977 0.0262414196515692 4.87958701167314 0.0479665860066874 -0.263258220420369 -0.216099711358311
"169" 4.26040344062736 -0.88141046555846 -0.193473809376041 -0.313325402151008 -1.25141049091935 -0.00906866416762853 0.00880714995518694 0.170100330242327 -1.19146695489967 -0.228853801874536 0.0188923915720132 0.0788267258781161 3.0677661615703 -0.781937346967901 -0.213764810385214 -0.24120775579695
"170" 3.27555320120127 -0.392887914074521 -0.171728105849493 -0.385665402201795 -0.629923119848091 -0.314755547324516 0.00699152544582216 0.256796655714851 -0.94941920459923 0.186315368664964 0.0245490761027725 0.0935740477517584 2.0016093309645 -0.92230649350609 -0.169700985459201 -0.230730627334196
