"V1" "V2" "V3" "V4" "V5" "V6" "V7" "V8" "V9" "V10" "V11" "V12" "V13" "V14" "V15" "V16"
"1" -0.498620969054258 18.0798624949739 -7.15864683088739 -3.73052622606747 2.07758472443248 -15.756284295838 1.05181971298225 3.60243773531874 0.495162760561982 15.6700758215022 3.63713122053116 7.97811452239603 -3.1734866783001 -4.13952745673662 -19.7171941863162 3.31120387872738
"2" -0.549032540030254 19.2012018000655 -8.83530025289474 -3.25653591319769 2.00547353984479 -16.4328620320471 1.40993794283474 4.44546627273394 0.362562948750394 16.3310696509552 3.58967776370628 7.70095487179788 -3.34861844797913 -4.19023517915383 -19.7929955384138 3.14876969293732
"3" -0.604769468880818 20.2369666448019 -10.6974111765612 -2.64122916356246 1.88366517898857 -16.9955714181519 1.81571282902485 5.38256560389391 0.195104049234374 16.8818224012107 3.47658801867408 7.25290072889038 -3.50749753656537 -4.17831408906962 -19.5787786981423 2.90638535167
"4" -0.647805730089772 20.908641804223 -12.1135612545795 -2.12456458986344 1.76731106719217 -17.3221692183545 2.12887263771506 6.09585097660693 0.0560596929273061 17.2032963553211 3.35728272138124 6.83555740243673 -3.60909129105909 -4.13026905307817 -19.2526101732406 2.68803006601956
"5" -0.714539202798051 21.7652565742978 -14.2381907936724 -1.28684299477072 1.5608581279842 -17.6855242809295 2.60483939628216 7.16704925440354 -0.16859579205618 17.565860803853 3.13519215525457 6.11150612622168 -3.73728606936078 -4.00543962948399 -18.5541151182852 2.31664862493176
"6" -0.789283202903334 22.5089758067347 -16.4850198443919 -0.335026383649165 1.30694969205786 -17.9413791224522 3.11504700495789 8.30137623779046 -0.424514066231609 17.8307408453957 2.85449722662599 5.24334181001768 -3.84801093344241 -3.81409920455606 -17.595969824999 1.87765069361944
"7" -0.873069571861834 23.1354993063269 -18.8177917779522 0.710697796499517 1.00962945896958 -18.101643748648 3.65131165270054 9.48094962374626 -0.708134081583125 18.0125375339308 2.52254354272418 4.25348807084265 -3.94220307078295 -3.55867255063133 -16.4108857248484 1.38131446507191
"8" -0.96685867602622 23.6439620272208 -21.1939486766496 1.82499399478957 0.674699015107535 -18.1829603283707 4.20383777612324 10.6847146049686 -1.014698716005 18.1306783077684 2.14918959563556 3.17077071125414 -4.02153908072746 -3.24389626876467 -15.0427350049313 0.840855043085639
"9" -1.07148132247829 24.036855794755 -23.565915126097 2.9782226151242 0.309525698044467 -18.2058534472135 4.76151382627745 11.8890763958866 -1.33841264955208 18.2084647740899 1.74649099544763 2.02941016654358 -4.08836124883022 -2.87675655529119 -13.5449689522738 0.271972556054379
"10" -1.18758098914304 24.3198654145626 -25.8827718883704 4.13756197607927 -0.0772401672443266 -18.1936409282678 5.31230136953468 13.0687285395356 -1.67266963140025 18.2718648499822 1.32826223709617 0.867678845125738 -4.14557891824988 -2.46634183931212 -11.9784805812824 -0.307751622421392
"11" -1.31555928088022 24.5016499400849 -28.0922579588369 5.26835665748422 -0.476024385012465 -18.1711737807148 5.84370213261741 14.1976465941148 -2.01033897274101 18.3481207665245 0.909537442774308 -0.27371093497004 -4.19655255268667 -2.02361849442333 -10.4090234002233 -0.879581075777423
"12" -1.45552721008556 24.5935968134672 -30.1430130334638 6.33562507818806 -0.876744757818642 -18.1634842633 6.34328160965174 15.2502034214372 -2.34409633432551 18.4642558586343 0.505957346642617 -1.353405039873 -4.24496792500153 -1.5611402285171 -8.90432487812632 -1.42443549904056
"13" -1.60726442381929 24.6095689012141 -31.9869496179272 7.30564767461601 -1.26926013440266 -18.1944249083094 6.79922290904028 16.2023507479371 -2.66677994933082 18.6455679327892 0.133113639633393 -2.33129621889384 -4.29470681680461 -1.09270293136841 -7.53104960405472 -1.9237438623918
"14" -1.77018793917392 24.5656533063716 -33.5816267192586 8.14755042786419 -1.64382672403076 -18.2853787278586 7.20088100876092 17.0328028723907 -2.97175067076341 18.9141953940575 -0.194116453436436 -3.17040214887493 -4.34971890607163 -0.632956860991868 -6.35177276887316 -2.36029396896038
"15" -1.94333138342995 24.4799079141171 -34.8924867872847 8.8347970338009 -1.99153520116704 -18.4541124090288 7.53930579401299 17.7241531304217 -3.25323290446795 19.2878348562836 -0.462212777001469 -3.83863203450801 -4.41389745513163 -0.196987354198967 -5.42211986467919 -2.71903296833671
"16" -2.12533524251558 24.3720889413185 -35.8948154528825 9.34650666295147 -2.30470333134383 -18.713831335976 7.80770235149907 18.2638525815491 -3.50661373114565 19.7786768215719 -0.659601535523962 -4.31034734806235 -4.49095935179758 0.200125862314763 -4.78821470059665 -2.98777623362412
"17" -2.31444825434119 24.2633323607938 -36.5752903185694 9.66852265191483 -2.57720169081051 -19.0724792950732 8.0017990538056 18.6449837089795 -3.72867936316709 20.3926106299059 -0.777164350822204 -4.56763381443852 -4.58432835085898 0.543761802988044 -4.48455682638632 -3.15778719022637
"18" -2.50853987113101 24.1757558074228 -36.933000730005 9.79416998576835 -2.80469428165293 -19.5323083966618 8.12009793248853 18.8667697919545 -3.91777143885167 21.1287328004764 -0.808644820755035 -4.60121741424155 -4.69701930902477 0.820215598186991 -4.53242340868837 -3.22419774514128
"19" -2.70512365058437 24.1319468030306 -36.9798446758177 9.72465529167948 -2.98478113173212 -20.0897276513706 8.16398754021907 18.9347728133725 -4.07385033155845 21.979175546443 -0.75093566355963 -4.4109758749737 -4.83152099934597 1.01715204787395 -4.93886168037443 -3.18624740210089
"20" -2.9013914854537 24.1543086102211 -36.7402407688951 9.46908138163417 -3.11703593905384 -20.7354231084828 8.13770567252209 18.8607488124844 -4.19845835719866 22.9292558646771 -0.604235220830788 -4.00601771963466 -4.98967581015114 1.12404666076119 -5.69630825594322 -3.04732844683713
"21" -3.09425868089363 24.2642466652246 -36.2501311231554 9.04406822931105 -3.20293807643634 -21.4547294302788 8.04814758945531 18.6621487033217 -4.29458213477562 23.9579310208392 -0.372067841379021 -3.40432239574511 -5.17255620971223 1.13260413573117 -6.78284243641701 -2.81483426786963
"22" -3.28041996588547 24.4811955565347 -35.5552928847865 8.47299269872656 -3.24570443012931 -22.2282227919427 7.90452430957862 18.361273743516 -4.36641998129164 25.0385339789837 -0.0611682682804258 -2.63195635870852 -5.38034010756444 1.03714235345727 -8.16305329394618 -2.49981750508277
"23" -3.4564164966082 24.8215073738702 -34.7090198466176 7.78487945912639 -3.25003225384467 -23.0324981543145 7.71788465064537 17.984116854258 -4.4190666716371 26.1397524789909 0.318764520757668 -1.72190044035688 -5.61218986873598 0.834927846971595 -9.78947550903104 -2.11647392410032
"24" -3.617296393174 25.2922357214211 -33.7781530204302 7.02035636861092 -3.22215738905663 -23.8337303351686 7.50262041237602 17.5629775722427 -4.45781941184237 27.2170007258055 0.75120786363459 -0.722138043908672 -5.86371849303039 0.529753832831915 -11.587194416943 -1.68565125133
"25" -3.76356948478372 25.9138243143875 -32.7970591468911 6.19456037929831 -3.16763587824676 -24.6242547327943 7.26569595582328 17.115399652309 -4.48928096124303 28.2611624131059 1.23361096644135 0.352335946446146 -6.13856303540274 0.116342074454295 -13.53964935969 -1.21396845296977
"26" -3.88890149832605 26.6793511558972 -31.8395879880554 5.35732485682638 -3.09380871428516 -25.3603654748381 7.02352925786954 16.6766951423206 -4.5181892005387 29.2153370606002 1.74275996858319 1.44065705638059 -6.4281090290503 -0.39349770650243 -15.5458677375636 -0.727945309778534
"27" -3.9900219322875 27.580705444811 -30.9588974324015 4.54513261633201 -3.00773872683419 -26.0120776429312 6.78822007925555 16.2725469504485 -4.54924966860983 30.0418212361228 2.26132738567208 2.49848266859135 -6.72648723896243 -0.988640560834895 -17.5315311699769 -0.247134899148477
"28" -4.06399349038509 28.600998797107 -30.1991919583888 3.79155667574287 -2.91600896511932 -26.5506729031522 6.57024565866004 15.9241319753983 -4.58598677465307 30.7051990843947 2.77169181518161 3.48392459706247 -7.0265463020405 -1.65454019685066 -19.4230867987708 0.209914896227474
"29" -4.10832493467763 29.7141332621768 -29.5927934216543 3.12554374190313 -2.8243514728947 -26.9497632122384 6.37782838301428 15.646676074005 -4.63042038641743 31.1737751031396 3.25663253548737 4.35952174862086 -7.31996209509256 -2.37353202389681 -21.1507585733634 0.626536008170206
"30" -4.12107895975998 30.8848342017459 -29.1578514585726 2.56994501200552 -2.73734137429017 -27.1862618067289 6.21643010104845 15.4483332405644 -4.68283865499723 31.4208723918437 3.70000429580159 5.09398411546863 -7.59741982533146 -3.12528273835181 -22.6513738424237 0.988713084064329
"31" -4.10096922874504 32.0692178144027 -28.8968697569762 2.14038262605391 -2.65817385498883 -27.2412296484595 6.08840905530906 15.3294766978652 -4.74168592524484 31.4259409085043 4.08736204185493 5.66361276830048 -7.84887041304252 -3.88738167846272 -23.8708766693635 1.28571240505471
"32" -4.04744035390706 33.2159317828782 -28.7961808298642 1.84452365905236 -2.58853662187937 -27.1005688175223 5.99286664246983 15.2824674172098 -4.80357762669041 31.175425606777 4.40650683113995 6.0533152104872 -8.06385747109302 -4.6360606910083 -24.7664106140619 1.51053120117012
"33" -3.96072472402545 34.2678697102851 -28.8264467479748 1.68181191701478 -2.52858465151087 -26.7555383202975 5.92570020449057 15.2919376390673 -4.86344604753481 30.663352180828 4.64792725554457 6.25715547013897 -8.23190559277811 -5.34702057719487 -25.3078713789764 1.6601407340454
"34" -3.84187073880059 35.1644183700041 -28.9441996201276 1.64368196276246 -2.47701780597276 -26.2030727017727 5.87986540615475 15.335594830598 -4.9148123531802 29.8915986761513 4.80511531248135 6.27840293130066 -8.3429552070296 -5.99633398579456 -25.4788535502612 1.73550752676965
"35" -3.69273823008507 35.8441544237312 -29.094367240381 1.71425101897057 -2.43125554423807 -25.4458899929241 5.84583820296757 15.3855171091909 -4.95017165590843 28.869834437789 4.87474176034584 6.12907210059439 -8.38782443064832 -6.56138757625979 -25.2769451567146 1.74138968007719
"36" -3.5159585795501 36.2478675136954 -29.2136607973698 1.87145438335665 -2.38769686091609 -24.4923829510062 5.81225282894593 15.4098767813666 -4.96146994298044 27.6151233743431 4.85668329719283 5.82897573058926 -8.35867457394528 -7.02182099668944 -24.7133576693032 1.68591863513484
"37" -3.31485918334658 36.3217527446668 -29.2346375891921 2.08856062509676 -2.34204810841209 -23.3562961778684 5.76667955389621 15.3749966690275 -4.94064476956771 26.1512056733 4.75390204214727 5.4043441918102 -8.24945359750924 -7.36041721275963 -23.8119156830926 1.57999023439788
"38" -3.09335430440615 36.0205904633631 -29.0901971091207 2.33597618389467 -2.28969685669131 -22.056201174812 5.69649510522868 15.2476167256427 -4.88019631785789 24.5074898881467 4.57218626148938 4.88609261773581 -8.05629111152672 -7.56389831936011 -22.60746756564 1.43650157020511
"39" -2.85580679278166 35.3107172871114 -28.7182280784291 2.58322711100482 -2.22610672803671 -20.6147911659077 5.58979048293668 14.9972282855842 -4.77375212425216 22.7178044856073 4.31976947268731 4.30784199635309 -7.77781956635093 -7.62358331946194 -21.1438132231924 1.26948095059197
"40" -2.60686742086841 34.1725910812384 -28.0661006181199 2.80099041556241 -2.14720645435227 -19.0580268670383 5.43625612392543 14.59832193292 -4.61658776592662 20.8189730913464 4.00685234910861 3.70381900517987 -7.4153990660775 -7.53586940392236 -19.4712750919261 1.09316645568106
"41" -2.35130044679522 32.602764752638 -27.0946944284879 2.96304034903824 -2.04974640493822 -17.4141724717988 5.22798351926986 14.032393727105 -4.40606722669929 18.8492893839521 3.64505761631176 3.10677018900242 -6.97322757846578 -7.30250576326095 -17.644060856037 0.921093218592432
"42" -2.09380528442489 30.6151090118492 -25.7816718206723 3.04797696223159 -1.9315975772455 -15.71276714856 4.96012570460334 13.2895639715662 -4.14197051181156 16.8469745990433 3.24685184990176 2.54602776355387 -6.4583239255729 -6.93063847690418 -15.7175790113597 0.76525017918857
"43" -1.83884466553855 28.2411614300772 -24.1237435002076 3.04061577840184 -1.79197147603645 -13.983580587234 4.63136649812031 12.3696827171552 -3.82668217607079 14.8487019604136 2.82496936568896 2.04585621522165 -5.88037744456182 -6.43261599251916 -13.7458696636986 0.635363335051352
"44" -1.59048933938652 25.5295260928833 -22.1377333496202 2.93293809315583 -1.63154425479445 -12.2556011074826 4.24415961275372 11.2828258301988 -3.46522243831441 12.8882675478289 2.39187204211589 1.62419102850617 -5.25146518111268 -5.82555647627062 -11.7793022007645 0.538354493919996
"45" -1.35228815609867 22.5443021020837 -19.8603227825297 2.72453014411258 -1.45247467282422 -10.5561013435263 3.80471318281661 10.049123038315 -3.06511200626255 10.995476177075 1.95927496524155 1.2918541867366 -4.5856444740422 -5.13069019044934 -9.86266905538105 0.478012611223221
"46" -1.12717039817426 19.3625767739431 -17.3464409268381 2.42247440405936 -1.25831245283723 -8.90981970090388 3.3227119236094 8.69790256510532 -2.63607205330095 9.19529443343708 1.5377615080024 1.05229721715386 -3.898435388525 -4.37250136276442 -8.03377210793587 0.454899715674856
"47" -0.917384619611312 16.0710770069654 -14.6663582552264 2.04069513681134 -1.05380105189101 -7.33828616808523 2.81078697926341 7.26618291780233 -2.18957132303672 7.50730229257351 1.13650335407874 0.901883871069003 -3.20621329215351 -3.57770414163615 -6.3225578339443 0.466496242761878
"48" -0.724475250266664 12.7621263008223 -11.9016320587034 1.59880032230285 -0.844586189404708 -5.859309482566 2.28376128508899 5.79658796259173 -1.73824241494663 5.94545145704251 0.763091731702389 0.830683906963714 -2.52553665031436 -2.77409566781526 -4.7508123300322 0.507572578021154
"49" -0.54929510689135 9.52910184987832 -9.14013583930137 1.12050005192577 -0.636848200886789 -4.48663021606808 1.75771469863503 4.33480335206877 -1.29519826466287 4.51811470769007 0.423476563793884 0.823710105778446 -1.87243864767285 -1.98933565158808 -3.33238174774669 0.570756186194558
"50" -0.392049019906722 6.46162300916876 -6.4704751616664 0.631714545913383 -0.436881931361086 -3.22973227391594 1.24892703467503 2.92672760519963 -0.873287082194111 3.2283883901182 0.12200123212051 0.862495790885077 -1.26171341095832 -1.24970587305785 -2.073841446816 0.647248279654377
"51" -0.252361333116937 3.64072684281473 -3.97614435760988 0.158510326854412 -0.250652033599977 -2.09379485857653 0.77276740933803 1.61549699563056 -0.484329057113428 2.07459177975306 -0.138486955335793 0.926882744549403 -0.706228395336382 -0.57890461136256 -0.975502266755939 0.727631880909485
"52" -0.129358314199067 1.13429677665772 -1.72980759388338 -0.27498137004477 -0.0833538789521526 -1.07975921779598 0.342604139240393 0.438577828971574 -0.13838062603827 1.05089430884982 -0.356475992108699 0.996871933650255 -0.216293947558 0.00306983531754668 -0.032617993929307 0.802705427782712
"53" -0.0217557151211167 -1.00699421036734 0.211908411341938 -0.648505615966315 0.0609893712389749 -0.18448031789103 -0.03118966598322 -0.574878602009449 0.156928171317077 0.147995836839982 -0.531606324222139 1.05438356107243 0.200880725141729 0.480895535585319 0.763353221947909 0.864273496001715
"54" 0.0720580605257055 -2.75298383484369 1.8127450945467 -0.94733351666855 0.179864701959673 0.599066604900145 -0.34206389928886 -1.40623448753013 0.396940766663192 -0.646213040851762 -0.664494046106938 1.08477936906002 0.541618842600002 0.844717489110707 1.42357788461959 0.905829089334929
"55" 0.153951496455534 -4.09635550834082 3.0599487010968 -1.16348905722498 0.27251704057619 1.28155086319475 -0.587890857244929 -2.04895746223337 0.580368758161967 -1.34607430585493 -0.756585222209196 1.07801854134505 0.80607211399095 1.09071378050777 1.96089405938073 0.923070140976506
"56" 0.225998391225858 -5.05384498161129 3.96596512912947 -1.29645083391551 0.340087188291932 1.87704144625559 -0.771287964398198 -2.50948123460967 0.709505398255487 -1.96771710494522 -0.810060734953822 1.02934765922419 0.998363777546786 1.2214074446681 2.3891741452062 0.914205796422721
"57" 0.29044853234484 -5.66621099616441 4.56853270769898 -1.35326391433318 0.385626972257228 2.40276148519524 -0.8996325294911 -2.80725407794853 0.790238878990294 -2.52877017321407 -0.827803305009184 0.939462695164366 1.12656620003915 1.2457041305924 2.72306218755693 0.880024708098063
"58" 0.349720739013605 -5.99692485002652 4.92911231646212 -1.34803990386536 0.413986456637303 2.87883982057883 -0.984756619877317 -2.97394448786326 0.83185754097417 -3.04823459899035 -0.813429267813717 0.814124014625122 1.20250657727982 1.17864654760595 2.97809899954154 0.823716659457659
"59" 0.406415083161278 -6.12960015486624 5.12969947571037 -1.30086827039395 0.431576231304348 3.32804628659369 -1.04233061114837 -3.05182621919812 0.846650892761772 -3.54649492501994 -0.771378240529884 0.663250308855822 1.24140069318844 1.04088816219684 3.17120123110362 0.750458810106466
"60" 0.463338056760449 -6.16425089612767 5.26816698121911 -1.23620574384313 0.446015871750888 3.77548779979224 -1.09096419097432 -3.0914172047369 0.849322056906544 -4.04542419704467 -0.70704492886216 0.499560676374131 1.26132144537064 0.857900336192557 3.32141622753079 0.666797117782153
"61" 0.523532012954206 -6.21252977789391 5.45238254358082 -1.18084989185536 0.465687106612791 4.24823583373745 -1.15107224053236 -3.14849514067646 0.856238285082327 -4.56852075875668 -0.626929919887516 0.336872195452088 1.28251577856727 0.65893868280348 3.45083741187409 0.579870495647356
"62" 0.590298643785673 -6.3921564676366 5.79342758353778 -1.16163489372593 0.499216565552501 4.7748534770717 -1.24356888181637 -3.2806537292372 0.884555885741634 -5.14100336581851 -0.538781153843047 0.188190231905537 1.32659059677741 0.47580546751783 3.58553868256786 0.49653865743494
"63" 0.667205762561139 -6.8207938001533 6.39830573443214 -1.2030098084806 0.55491781819569 5.38479270727521 -1.38846507028165 -3.54359514293265 0.951263745892561 -5.7897879552238 -0.451695424684658 0.0637480556333685 1.41559492279393 0.341454978599046 3.75637361148802 0.422483345805631
"64" 0.758067324274407 -7.60966665118121 7.36256887756826 -1.32467071705196 0.640225462409489 6.1076399294202 -1.60345268407309 -3.98737428883396 1.07219516616692 -6.54327477158131 -0.376150013750021 -0.0308403838298545 1.57103175365765 0.288497485186809 3.99948745971415 0.361356073276511
"65" 0.866888422196439 -8.85724105990721 8.7633024863826 -1.53941735994067 0.761155113083305 6.97219986107712 -1.9025606918558 -4.65281778822464 1.26106066874274 -7.43088830211582 -0.323938407013202 -0.0961559098068392 1.81283840480799 0.347664247188888 4.35640720410629 0.314043415385186
"66" 0.997769807897384 -10.6432887966839 10.652900009989 -1.85139249518397 0.921822236222283 8.00542356117012 -2.29496654946161 -5.56833488839129 1.52855461310742 -8.48233352960779 -0.307990681772026 -0.140136411205276 2.15837828285319 0.546300590727483 4.87360549174082 0.278113504091834
"67" 1.15477006660569 -13.0236541986742 13.0540189304756 -2.25483919482576 1.12404994782344 9.231204450115 -2.78403867724774 -6.74731923808031 1.88158584794735 -9.72655860478335 -0.342068020726174 -0.178712360202553 2.62148962176474 0.906955924150139 5.60147613083609 0.247495296493071
"68" 1.34172762915966 -16.0260156616982 15.9560513516935 -2.73347942874989 1.36709134263378 10.6690848357835 -3.36667417859144 -8.18631074334553 2.32267735693904 -11.1904437904186 -0.440331153898342 -0.23583803087422 3.21163741672714 1.44613841140529 6.59270777493475 0.21242640922128
"69" 1.56204896175575 -19.6468943375276 19.3133630646989 -3.2605788132596 1.64748591387206 12.3329328857058 -4.03298057687834 -9.86404732614847 2.84957216743817 -12.8972667554999 -0.616793457824542 -0.342882548527996 3.93321331343505 2.17329762803011 7.90009468639437 0.159687011385813
"70" 1.81847317589745 -23.8501087257418 23.0454614751816 -3.7997199373749 1.95906252084774 14.2296643256091 -4.76633215522997 -11.7414895588354 3.4550730442736 -14.865022226465 -0.884680028737648 -0.537389054697087 4.78502436997528 3.09009083241165 9.57387446107623 0.0731177979014319
"71" 2.11282659344613 -28.5668080007481 27.03914963635 -4.30626294874673 2.29309354791155 16.3580927407011 -5.54381146887044 -13.7628493631364 4.12713213484494 -17.1046970322004 -1.25572340579447 -0.861253822895378 5.7600053352094 4.18997759123351 11.6587281267457 -0.0655992232400422
"72" 2.4457831900063 -33.6971417881473 31.1526162964401 -4.72942973995487 2.63859678758354 18.7079959472712 -6.33702581209627 -15.8575999367731 4.84919429264176 -19.6186175513112 -1.7394339954958 -1.35841721923771 6.84518047200405 5.45817371019895 14.1906144453387 -0.275936233482753
"73" 2.81664810154655 -39.11354293763 35.2213057610861 -5.01490955008649 2.98277358249186 21.2594826923796 -7.11326790561293 -17.943390520817 5.60078485870702 -22.3989939031303 -2.34238805633254 -2.07219245895249 8.02189024486606 6.87197923761529 17.1936347162591 -0.577345782141947
"74" 3.22318139010088 -44.6655163614241 39.0653116966114 -5.10785113752263 3.31156426506141 23.9827337459024 -7.83697082696449 -19.9297391696091 6.35831983188154 -25.4267831084398 -3.06757799579509 -3.04238422695198 9.26628581543368 8.40147743254828 20.6771351480638 -0.987983895603065
"75" 3.66147800113856 -50.1857452631048 42.4979505673764 -4.95608149071086 3.61029529528582 26.8381746793225 -8.47139015425819 -21.7223317675671 7.09610422282969 -28.6709818521681 -3.9138685988612 -4.30236609375879 10.5500808263051 10.010582888171 24.6332503153471 -1.52340423689839
"76" 4.125917384128 -55.4972503329527 45.3350975354115 -4.51337446827438 3.86438703096326 29.7771152722526 -8.98043225451124 -23.2277183537708 7.78747357228758 -32.0884391497771 -4.8755987680222 -5.87629258350717 11.8415361199575 11.6583984757113 29.0350738188199 -2.19530097868392
"77" 4.60919275873255 -60.4212719738598 47.4048139875376 -3.74258543593987 4.06008703182829 32.7428640471257 -9.33053731100813 -24.3581702279489 8.40602469076327 -35.6242516031075 -5.94236174369598 -7.77661870199427 13.1066396452801 13.3008234990554 33.835612524962 -3.01037723462741
"78" 5.10242573117705 -64.7854944062287 48.5567643780414 -2.61847012163162 4.18519140981641 35.672297761821 -9.49251961277014 -25.0364448590153 8.92687516558806 -39.2127709980805 -7.09898807749892 -10.0020871719107 14.3104317023662 14.8923405070611 38.9676409270305 -3.9694108921849
"79" 5.59536718868105 -68.4321971770892 48.6709129227183 -1.13001735907164 4.22971614036408 38.4978368550346 -9.44326623015786 -25.2002014160389 9.32788751784801 -42.7792180804699 -8.32574544612635 -12.5363224623834 15.4184157008742 16.3878966109973 44.3445250501627 -5.06658087354117
"80" 6.07668043840636 -71.2259071492399 47.6650092123255 0.717854358113073 4.18648153576362 41.1497509493529 -9.1671987328275 -24.8058185111186 9.59079341761651 -46.2418599272078 -9.59875836365245 -15.3471421430195 16.3979875223279 17.7447877781888 49.8620339778954 -6.28910471945801
"81" 6.53429772562907 -73.0601344490897 45.5004162985388 2.90335835605401 4.05157626550124 43.5586955343706 -8.65741112717501 -23.8313876532948 9.70215627876803 -49.5146738433905 -10.8906396195266 -18.3866615899906 17.2198129952296 18.9244520725131 55.4011045995803 -7.61722354965013
"82" 6.95583685123614 -73.8628100504907 42.1859046010977 5.38774593954713 3.82467234137675 45.6583635392021 -7.91641058684354 -22.2786906616493 9.65411691382576 -52.510390333081 -12.1713144202095 -21.5922291405413 17.8590833418165 19.89408057885 60.8314743988649 -9.02455354329049
"83" 7.32906086311829 -73.6001002160342 37.7791281215123 8.11610303312864 3.5091692247214 47.3881249158567 -6.95640545825086 -20.1740159003889 9.44487660346738 -55.1437832445963 -13.4090082637438 -24.8881870870237 18.2965829215065 20.6279628481092 66.0160505609083 -10.4788048095857
"84" 7.6423609122856 -72.2783520651133 32.3856127830304 11.0190381353032 3.11215343589561 48.6955243186599 -5.79910685812547 -17.5677251021939 9.078884610969 -57.3350579905527 -14.5713609346672 -28.1884110632573 18.5195120959272 21.1084968540777 70.8158433818671 -11.9428495887887
"85" 7.88524048015205 -69.944021747131 26.1552157127799 14.0152151137809 2.64416943026913 49.5385116732839 -4.47503508734167 -14.5325474537176 8.56671233058353 -59.0131796025416 -15.6266219921981 -31.3995381279065 18.5220202159953 21.3268110428888 75.0952595027093 -13.3761028903259
"86" 8.04877837182187 -66.681547336575 19.2761531514434 17.0146367573425 2.11880763934107 49.8872925222997 -3.02234896814434 -11.160647603916 7.92461319532572 -60.1189815659627 -16.544877958745 -34.4247539260523 18.3054189575677 21.2829671385807 78.7275269499896 -14.7361607066032
"87" 8.08280690465733 -65.4748822395168 17.0002451428081 17.9486395075182 1.94325742347246 49.8917458858671 -2.54317249826317 -10.0412289429751 7.69781134580955 -60.3419544631261 -16.802321041886 -35.3271820787277 18.1924794751753 21.2157233637786 79.7228906725022 -15.144168178113
"88" 8.13172404893089 -61.1758047678627 9.60387351469581 20.8076847667553 1.36715395606927 49.5677116393167 -0.98928321213225 -6.39191106228509 6.91767746128846 -60.6291833143687 -17.4999287921717 -37.9619298449634 17.7012949608304 20.8415107933639 82.3346096064633 -16.3435113221269
"89" 8.08888423813687 -56.2641701040975 2.09375108604581 23.4505349293713 0.77340191326266 48.7341331262376 0.58499470707261 -2.67001930326251 6.06253931702702 -60.2668222891029 -18.0048205823221 -40.1967047446542 17.0203010236531 20.2376089405302 84.068120015665 -17.3747115709998
"90" 7.95320206308998 -50.9117726917339 -5.28224401086663 25.7883264742486 0.18084316114232 47.4086157425654 2.12944507438374 1.00137092716523 5.160859375531 -59.2516442525134 -18.3012937345566 -41.953868947091 16.1719584239817 19.4299020779658 84.8615428521298 -18.2027782248629
"91" 7.72641881680369 -45.2998541385964 -12.2831761176958 27.7421917208699 -0.391925518561607 45.6228720653078 3.59513203923984 4.50230800550526 4.24202753532279 -57.5998834696425 -18.3798630740901 -43.1705787846622 15.1832137609309 18.4495559651397 84.6809248301433 -18.7989665067912
"92" 7.41312902640664 -39.610043890485 -18.6869881081193 29.247357009574 -0.927444604157017 43.4216001856482 4.9367651743039 7.72194191577273 3.33492765786855 -55.3471092835989 -18.2377858245152 -43.8022211554144 14.0842421729608 17.3314153211108 83.5224168297009 -19.1423332481902
"93" 7.02068887239847 -34.0154192084083 -24.3015643239924 30.2566360541018 -1.4102299599316 40.8608412170433 6.11490133675147 10.5640742512774 2.46654257151442 -52.5473045806316 -17.879318768071 -43.8250872375475 12.9070792682295 16.1122923168997 81.4132391517387 -19.2209667965892
"94" 6.55900627867697 -28.6722220442875 -28.9742423041871 30.7430919718704 -1.82750690739465 38.0058931624142 7.09785034460128 12.9519392749753 1.66068047603585 -49.2711705026741 -17.3156845190531 -43.2380991165755 11.6842189622621 14.8292455675477 78.4113364958448 -19.0328072693258
"95" 6.04021777435099 -23.7127369965619 -32.5991651866543 30.7016782430433 -2.16979488757624 34.9288777790218 7.86316460397711 14.8319097863405 0.936899859393179 -45.6037133702653 -16.5647359176587 -42.06344644823 10.447254658855 13.5179476692667 74.6036815049056 -18.5859911640287
"96" 5.47826253889173 -19.2397659782164 -35.1219805648288 30.1497201731067 -2.43130521538694 31.7060710950348 8.39861450516764 16.1758785432748 0.30969886873288 -41.6412024701553 -15.6503211521176 -40.3460435678553 9.22563695161099 12.2112314749268 70.1032475753545 -17.8986775891033
"97" 4.8883691326601 -15.3230348475399 -36.5415445723875 29.1261622599236 -2.61012516156359 28.4151163604049 8.70258077435983 16.9821426839935 -0.211980945478217 -37.4876170013513 -14.6013667803109 -38.1517804122268 8.04561201426225 10.9378915313522 65.044737126218 -16.9983410866134
"98" 4.28647505319503 -11.9977409002622 -36.908473817517 27.6895799259264 -2.70817463968808 25.1322403214388 8.78383045747387 17.2747108447365 -0.624906568884626 -33.2507258181508 -13.4507107057543 -35.5646101294724 6.92939169397835 9.7217983396292 59.5792177286585 -15.920546815473
"99" 3.68860321154619 -9.26530598041109 -36.3205912447893 25.9150320854546 -2.73093633308281 21.9295900194006 8.66068266334378 17.1010548179206 -0.93135387108191 -29.0379635354925 -12.2337316023329 -32.6825883676947 5.89458995455186 8.5813606649602 53.8678820219684 -14.7072559923718
"100" 3.11022245739025 -7.09624799594985 -34.9155214154271 23.8899088497983 -2.68697519816681 18.8727983098538 8.3596109675243 16.5284327778236 -1.1385729052281 -24.952280002743 -10.986834397205 -29.6130492993698 4.95394191051824 7.52934661872108 48.0752043196662 -13.4047408743579
"101" 2.56562117986959 -5.43493489480625 -32.8608909439399 21.7090007334809 -2.58727784372104 16.0188727088062 7.91336853877647 15.6390117132632 -1.25795795111014 -21.0881462057955 -9.74586228513385 -26.4671664390062 4.11530259415551 6.57304944921215 42.3618132289566 -12.0612169624553
"102" 2.06732358700873 -4.20585098148513 -30.3427654870811 19.4690763659892 -2.44445519751071 13.4144848862779 7.35875659161456 14.5241049969477 -1.3039830065145 -17.5278976250756 -8.54451345035454 -23.3541972342355 3.38190421062983 5.71476073542821 36.8774315722321 -10.7243232550466
"103" 1.62557738142584 -3.32089652130253 -27.5530912178328 17.2632996752591 -2.27186207735861 11.0947181460074 6.73418384424758 13.2779096855138 -1.29298033578254 -14.3385855301362 -7.41284439749052 -20.3757446450345 2.7528343237787 4.95249370953989 31.754248961146 -9.43859720103319
"104" 1.24793913400146 -2.68716697018363 -24.676993902448 15.1758404627826 -2.08269388684312 9.08230860339177 6.07718186433158 11.9911710363199 -1.2418511530384 -11.569487571051 -6.37594091458436 -17.6203827536337 2.22368437738626 4.28088422686515 27.1010859365679 -8.24309780527119
"105" 0.938979720483019 -2.21462457582356 -21.8808136908692 13.2770312277762 -1.88912299772153 7.38739354210566 5.42204675945254 10.7452144041035 -1.16680249558499 -9.25040168603664 -5.45283184109985 -15.1589843937409 1.78730913939768 3.69218758211348 22.9986802038484 -7.16932698476694
"106" 0.700126836825518 -1.82308611561029 -19.301714141262 11.6193967532554 -1.70153512013678 6.00775859871351 4.79777071995954 9.60676493570736 -1.08220226263313 -7.39081263944854 -4.65570996349879 -13.0410560080254 1.43463366802698 3.17728660433015 19.4963752028389 -6.2395853505991
"107" 0.529655051475629 -1.44800625878634 -17.0396004401946 10.2348319988669 -1.52791911253075 4.92955489306974 4.22640752664256 8.62392361987395 -0.99963524066618 -5.97997976387524 -3.98950884717055 -11.2923293741242 1.15544545283528 2.72663039109322 16.6104206834507 -5.46587448148421
"108" 0.422826393100081 -1.04463285207021 -15.1519202144254 9.13313098034814 -1.37345264518444 4.12843879418642 3.72198541351418 7.82358726286429 -0.927227282157673 -4.9879495504124 -3.45186497140503 -9.91378433993304 0.939115281727112 2.3310332647162 14.3240074666955 -4.84942470353735
"109" 0.372176500125704 -0.590241287022764 -13.6517116473142 8.30197916886118 -1.24031165945757 3.57107134716171 3.29004070992642 7.21049531284507 -0.869283768188211 -4.36744986048416 -3.03347225223024 -8.88218587058691 0.775200532222314 1.98227913923951 12.5890590340468 -4.38088741759202
"110" 0.367933332071971 -0.0843099021640228 -12.5090231095492 7.70842080146303 -1.12771473304895 3.21690200026387 2.9277994220829 6.76796582509905 -0.826263676515964 -4.05657629737698 -2.71881231609154 -8.15211865623132 0.653898032005088 1.67349611595259 11.3296972138596 -4.04118683144861
"111" 0.398547860022177 0.45333516646042 -11.6555745937276 7.30170781677589 -1.03219557197667 3.02015253706986 2.62498491117935 6.46025547779846 -0.795083951165338 -3.98213842833638 -2.48722033624858 -7.6594004433091 0.566329169265003 1.39928809493108 10.4471951215119 -3.80298074642951
"112" 0.451309514691502 0.986212681109464 -10.9922840294039 7.01733697326108 -0.948079332417706 2.93191223445319 2.36518198460362 6.23635451749578 -0.769722585554973 -4.06349680626681 -2.3142245585725 -7.32565882231665 0.504656175145769 1.15563261854143 9.82613509971361 -3.63263723759201
"113" 0.513013945277464 1.46637434053855 -10.3990610932196 6.78199404538918 -0.868122759884045 2.90225430741202 2.12764493317331 6.03491688746453 -0.742065048517816 -4.21669363031151 -2.17307947778068 -7.06377299443193 0.462044038955483 0.939575156581157 9.34140992117682 -3.49259702460404
"114" 0.570647228297616 1.84062467149033 -9.74609581976802 6.51905606452237 -0.784265536389739 2.88228656689398 1.88940290162327 5.78993781050303 -0.702919398783138 -4.35866249923492 -2.0363994420461 -6.78381886313218 0.432496008897388 0.748767824440719 8.86564832893328 -3.34396309843669
"115" 0.612049352853035 2.05722605856045 -8.90575394408916 6.15426012615899 -0.688431810211569 2.82605568407735 1.62749335554531 5.43673317356024 -0.643112266758862 -4.41129753376345 -1.87779239416409 -6.3991180132989 0.41060095727677 0.580913632892845 8.27661599191924 -3.14914214487089
"116" 0.626520755218053 2.07250416052148 -7.76414563439721 5.62113418006084 -0.573317382739901 2.69223415979104 1.32114529475439 4.91775230370331 -0.554571965412492 -4.30516990925207 -1.67339320680162 -5.83198226717559 0.39123721503347 0.433184737061183 7.46414316824757 -2.87435807036127
"117" 0.605338882397689 1.85677930370593 -6.23146329851443 4.86580288180903 -0.433099752460066 2.44553156001211 0.953739090444742 4.18777023750863 -0.431306823894033 -3.98270040874831 -1.40320281773234 -5.01876672904564 0.369279361548479 0.301684247541502 6.33616150545276 -2.49186703114447
"118" 0.542157073884539 1.39910732111866 -4.25028554523487 3.8508289698284 -0.264015041485095 2.0577862058035 0.514389032464351 3.21805641042829 -0.270196267577489 -3.40062895453684 -1.05215275753721 -3.91389434555458 0.339351846342026 0.181015994086351 4.82349280863855 -1.98172527344013
"119" 0.433265148243947 0.71041370974126 -1.80120993303899 2.55782415229532 -0.0647571795669819 1.50870962145791 -0.000973720166712155 1.99919971047166 -0.0715283757102725 -2.53166431103091 -0.610833783160388 -2.49259038754826 0.295666594083926 0.0640157596173623 2.88311823663571 -1.33299420955336
"120" 0.277699517079895 -0.175260685575267 1.09460678157848 0.988657380894438 0.163330366600348 0.786272902917062 -0.589098723271945 0.542378220610772 0.160760765015425 -1.36524663777664 -0.0758508121939485 -0.75216018188803 0.231971638663893 -0.0583180186433054 0.49976115608024 -0.544308949781225
"121" 0.0771998663032036 -1.20152748786722 4.37617358474745 -0.834804868481115 0.416282828401108 -0.113259021388785 -1.23952766043726 -1.12101330989481 0.419165490023147 0.0925909134193716 0.550207552012353 1.28824950863236 0.141625376842256 -0.19667480696954 -2.31426692801597 0.376216296447637
"122" -0.163981176889877 -2.29239130605538 7.94656766364278 -2.87238070961757 0.687756820453615 -1.18562329056749 -1.93530298333349 -2.94133458211763 0.692999892061721 1.82022137504055 1.25916987854271 3.58935427318556 0.0177974541357173 -0.363064735700306 -5.52088904021821 1.41172368620528
"123" -0.439400074538639 -3.35676124454903 11.6796762139438 -5.0685254925711 0.969464645396897 -2.41914886819541 -2.65420921962732 -4.85410004280493 0.969065627439704 3.78219292903304 2.03801278830815 6.09474407188281 -0.146216115566233 -0.570254426269713 -9.05957305030097 2.5379191850011
"124" -0.740852979263707 -4.29438913902413 15.4292194839982 -7.35631011211717 1.25176223845426 -3.7955918048292 -3.37044037132728 -6.78452851378461 1.23254326212736 5.93163249972076 2.86985948826259 8.7349541563508 -0.356587987216827 -0.831044628625705 -12.8518508520692 3.72484238758307
"125" -1.05888559214571 -5.00277763443 19.039325329155 -9.66210769748523 1.5243410378979 -5.29115853650228 -4.05655418643028 -8.65287608380459 1.46803464326103 8.21311427334012 3.73516658633753 11.4322737037764 -0.618498572304958 -1.1574427522761 -16.806691928733 4.93895751163427
"126" -1.38334881014805 -5.38452741671335 22.355815753057 -11.9106251544126 1.77696668868487 -6.87765401222259 -4.68555342014042 -10.3801309397313 1.66067251775075 10.5658008267769 4.61300905588882 14.1059250790186 -0.935659264287111 -1.5597930074193 -20.8263288077333 6.14540425088671
"127" -1.70396484239211 -5.35456319728291 25.2373258367352 -14.0298992162498 2.00020500055064 -8.523689389433 -5.23292701611854 -11.8936285064319 1.79720949237537 12.9266552904955 5.48236945108624 16.6772299119775 -1.30986230018254 -2.04593109878512 -24.8121148436085 7.31023998070214
"128" -2.01086901296134 -4.8466938640554 27.5654069588672 -15.9558900478514 2.18607809479192 -10.1958857487575 -5.67849076300627 -13.13216084135 1.8670016265105 15.2335275076593 6.32334086530477 19.0743913833685 -1.74059826967094 -2.62042901859603 -28.6700094209464 8.40251085562613
"129" -2.29509531708413 -3.81902099395393 29.2528649422511 -17.6363472457997 2.32860084777644 -11.8600156432963 -6.00788653695895 -14.0502035192821 1.86281200582005 17.4279349142839 7.11816325947711 21.2365635221267 -2.22477715913402 -3.28398876358445 -32.315330251593 9.39600784132517
"130" -2.54897870682748 -2.2578055492404 30.2497397693587 -19.0336891583138 2.4241588391734 -13.4820329563117 -6.21362975976535 -14.620961265111 1.7813755194984 19.4573883030675 7.85202871167508 23.1169439049982 -2.75658063952704 -4.03303249806288 -35.6764827665111 10.2705928794949
"131" -2.7664536589823 -0.179525981593542 30.5465322469718 -20.1267207703222 2.47170298102924 -15.0289529466772 -6.29563332825978 -14.8380330671262 1.6236862366585 21.2771513769826 8.51361145617307 24.6847100096857 -3.3274629223999 -4.85952191970132 -38.6974665393327 11.0130175590539
"132" -2.94323631229543 2.36899896375962 30.1745067003503 -20.9111105433312 2.47275155967168 -16.4695577585017 -6.26117952753771 -14.7156095335331 1.39499140394571 22.8513680077103 9.09530156021196 25.9257143266568 -3.92630593144628 -5.75102272495347 -41.3390606075063 11.6171986170866
"133" -3.07688577571616 5.31240476714174 29.2031282011521 -21.3986445050887 2.43120619102069 -17.7749171667797 -6.12435557625327 -14.2872302068463 1.10449918001916 24.1535389609267 9.59314483738149 26.841951242538 -4.53972284549741 -6.69101259927525 -43.5786951250975 12.0839577901866
"134" -3.16674849838364 8.55033762130597 27.7349089426934 -21.6153685218896 2.35300282244907 -18.918728929872 -5.90500976683961 -13.6032368890683 0.764828829781777 25.1663769632632 10.0065142126243 27.4499017208773 -5.15249329831902 -7.65941453102459 -45.4091175548747 12.4202744540157
"135" -3.21379727117846 11.9624981714355 25.8981240414032 -21.5988097736727 2.24563121172412 -19.8774967930517 -5.62732034085434 -12.7271521757912 0.391250482463533 25.8811119320171 10.3375574809095 27.7779426721427 -5.74810456385178 -8.63332276547051 -46.836049796545 12.6381349174148
"136" -3.22038297803067 15.4148050650692 23.8379984763596 -21.3945300526466 2.1175653297272 -20.6305759387369 -5.31809563072761 -11.731283442019 0.000775333892079288 26.2963539372981 10.5904817788946 27.8630706485028 -6.30936658377115 -9.58787740451204 -47.8751017326522 12.7530895437303
"137" -3.18992221214489 18.7662506794886 21.707054625369 -21.0523024601898 1.97765224418026 -21.1601246287196 -5.00493980943975 -10.691896728018 -0.388834574176826 26.4166476015284 10.7707450542889 27.7472298663033 -6.81906510969257 -10.4972362079309 -48.5482518775198 12.7826461945265
"138" -3.12654702615214 21.8759964767528 19.6553395480332 -20.6222173261467 1.83450799757941 -21.4510062162722 -4.71442302941705 -9.68432014882546 -0.760065517711382 26.2508665386054 10.8842287905638 27.4735503394504 -7.26061663193795 -11.3355888555044 -48.8802244760955 12.7446348812327
"139" -3.0347442472189 24.6102654465162 17.8212234514176 -20.1510127696956 1.69596591031484 -21.4906871582275 -4.47038799415645 -8.77832291281084 -1.09659213772113 25.8105993523518 10.9364641421982 27.0827929672014 -7.61869097031656 -12.0781597073336 -48.8950840479974 12.6556739473886
"140" -2.91901096094864 26.8486306663699 16.3233812265826 -19.6788923980876 1.56861609242503 -21.2691739382221 -4.29250824937071 -8.03407656798117 -1.38409885446538 25.1086698344243 10.9319758743591 26.6102666935039 -7.87977196569463 -12.7021495099528 -48.6133347598452 12.52985348539
"141" -2.78355009421273 28.4893664559741 15.2544470167122 -19.2370410222666 1.45746548310501 -20.7790250518165 -4.19518861819847 -7.49894442103778 -1.61093576270571 24.1579143768827 10.8737959228508 26.0834319851865 -8.03263301368906 -13.1875738331633 -48.0497567753655 12.3777286712839
"142" -2.63202577853394 29.4536143994833 14.6766800419082 -18.8459841671756 1.36573642091139 -20.0154638513882 -4.1868677535399 -7.20526947880899 -1.76857750262002 22.9703110841942 10.763182197782 25.5203399235206 -8.06871147802219 -13.5179653813642 -47.2121401543163 12.2056865583595
"143" -2.46739271970353 29.6882123134487 14.6198124444491 -18.5148645135287 1.29480964052289 -18.9766048448914 -4.26974954057891 -7.16924777996701 -1.85187026114738 21.5565200619385 10.5995598688928 24.9289830294701 -7.9823735468437 -13.680917726509 -46.1009952102959 12.0157172325344
"144" -2.29180757723566 29.1671315193712 15.0810812938907 -18.2416344829708 1.24430577179999 -17.6637910022569 -4.43995693544639 -7.39088989483935 -1.85906850836636 19.9258557457124 10.3806833371652 24.3075588008078 -7.77106813407416 -13.668458492813 -44.7102333637295 11.8055868888682
"145" -2.10662384009163 27.8915587673214 16.0272905884249 -18.0140948835106 1.21228886298672 -16.082023942346 -4.68807142465994 -7.85499540581168 -1.79167796546051 18.0866729480276 10.102998928282 23.6455758214088 -7.43537439303297 -13.4772497423152 -43.0287311912825 11.5693790043133
"146" -1.9124653476515 25.8887373805524 17.398616612094 -17.8116500417191 1.19556697500423 -14.2404538741603 -4.9999958830731 -8.53299908249028 -1.65413352328085 16.0471115679115 9.76217242315647 22.9256705613034 -6.97895189297734 -13.1086216063903 -41.0426188060028 11.2983427201475
"147" -1.70936788631184 23.2097429913579 19.1137699213032 -17.6076041768411 1.19005907374333 -12.1528831736346 -5.3580598502931 -9.38549750728725 -1.4533496022126 13.8161133781041 9.35373300698802 22.1259548705602 -6.40840531225065 -12.568451658282 -38.7380770781974 10.9819666767726
"148" -1.49697357158925 19.9264100377914 21.0760646906056 -17.3717945331928 1.19119458774753 -9.83822774226883 -5.74227510632477 -10.3652336487403 -1.19818535827687 11.4046003017042 8.87377689941195 21.2226825991538 -5.73307664553644 -11.8669069592611 -36.1043903340251 10.6091831242989
"149" -1.27475929877619 16.1276454625709 23.1799227600968 -17.0733450993575 1.19431212739812 -7.32087486600221 -6.13164616754807 -11.4203051183831 -0.898868166652164 8.82668883233691 8.31967029119824 20.1930101839853 -4.96477762211921 -11.0180682072318 -33.1369842744598 10.1696017631853
"150" -1.04622625642412 11.9881388577001 25.2821412157264 -16.6906984465777 1.1950560315812 -4.67679288361478 -6.49946850023844 -12.479578723628 -0.572149405928371 6.14718736071654 7.70174824692208 19.0384308427738 -4.13211322084847 -10.0566683215462 -29.8975807503693 9.66388126056836
"151" -0.805373548815396 7.51184127203624 27.3357586656948 -16.1908873661105 1.18977043018356 -1.87339118907948 -6.83674032231556 -13.5201129004026 -0.220811070279183 3.32059310086106 7.00632740336732 17.7171954807609 -3.22949918826946 -8.97883130596459 -26.3200203768738 9.07405791702513
"152" -0.554633531116338 2.84812337426411 29.2277283430758 -15.558960160397 1.17550297049399 1.0255492230699 -7.12336882960449 -14.4854526216695 0.141454966530773 0.399770705146238 6.24317229544931 16.2334753793048 -2.28108571150736 -7.81505199709076 -22.4600721223524 8.40237275240952
"153" -0.295024221267113 -1.88956832701115 30.8771593789297 -14.7843014259552 1.1502641833747 3.97539772538539 -7.34581114538742 -15.3350029636867 0.504455857811649 -2.58081856636136 5.4195655343176 14.5900032282088 -1.30462029126336 -6.58906805129777 -18.3578730884474 7.65073593315537
"154" -0.0283224120535124 -6.59057762240946 32.2188094074027 -13.8644962389499 1.113063007601 6.92776323829548 -7.49404892698453 -16.0357332194208 0.858901965488371 -5.58118934762888 4.54567995586967 12.7986099569325 -0.3184113156656 -5.32555883615562 -14.0662354051956 6.82525638878587
"155" 0.242897863180019 -11.1501640027432 33.2048858656053 -12.8054987652122 1.06388504727477 9.83164034213587 -7.56182473405329 -16.5630982259718 1.19661687413702 -8.55655374213484 3.63436373194941 10.8800785576623 0.65910604519955 -4.04948290896381 -9.64951020575518 5.93613687777997
"156" 0.515293850210867 -15.4721848113995 33.8056971336227 -11.6212245487304 1.00359993374286 12.6348076536879 -7.54664272761988 -16.9013953035346 1.51066380876625 -11.4584776279835 2.7007397981813 8.86336440195282 1.60981456324231 -2.78541963410049 -5.18161534078536 4.99728672734409
"157" 0.784847879914594 -19.4713082069084 34.0092554656749 -10.3326320294291 0.933812623288532 15.2854246720931 -7.4495598201288 -17.0436063807465 1.795398788743 -14.2364173225892 1.76164529622542 6.78425850281292 2.51636296361926 -1.55692976251433 -0.743347363815701 4.02568832013094
"158" 1.04701987004313 -23.0747498311234 33.8199889411826 -8.96638950345732 0.856676361258337 17.7337544034986 -7.27480426498732 -16.9908019958129 2.04646409905683 -16.8395513962464 0.834947620333423 4.68360577557542 3.36260747922282 -0.385950544129244 3.58085146380108 3.04056895049644
"159" 1.29694760863799 -26.2235385938134 33.2567562252498 -7.55324505258704 0.774686163662409 19.9339243448221 -7.02926554542955 -16.7512017020658 2.26073700503139 -19.2187976387986 -0.0612183316566188 2.60521590617645 4.1340346071256 0.707758251796335 7.70646340022449 2.0624406593206
"160" 1.52968046044168 -28.8733242284529 32.3503755534994 -6.12622818097907 0.69047109106225 21.8456293104664 -6.72190227449551 -16.3389939002959 2.43624826141206 -21.3288884255235 -0.909242465236503 0.593618722768952 4.81815040196955 1.70710054049999 11.5525735336341 1.11207657039313
"161" 1.74042981853751 -30.9947428748901 31.1408794253803 -4.71881307152762 0.606601543432021 23.435677186653 -6.36311395874645 -15.7730179866594 2.57208321208248 -23.1303703701651 -1.69281108371683 -1.3081813403569 5.40482005327665 2.5980456757715 15.0454224160794 0.209492984312874
"162" 1.92481859133011 -32.57335879428 29.6746916357188 -3.36316530083513 0.525424625388496 24.6792835582298 -5.96411847929517 -15.0754042828958 2.66827558633372 -24.591396855405 -2.39761004099159 -3.06080548305545 5.88654104982277 3.3699302882756 18.1216113953778 -0.626997692611667
"163" 2.07911233202202 -33.6092022320804 28.0018969766606 -2.08857793472907 0.448936723580061 25.561033224019 -5.53637075378401 -14.2702542529851 2.72570095633307 -25.6891946546148 -3.01191754517095 -4.63032744953716 6.25863422454323 4.01564718158822 20.7307666094266 -1.38160659112032
"164" 2.20041624148757 -34.1159268598417 26.1737400623233 -0.920181005080394 0.378698229488293 26.0754452286033 -5.09105009761493 -13.3824269329043 2.74597369229514 -26.4111074647058 -3.52705328414413 -5.98972512328737 6.51933952703681 4.53171199817928 22.837508252338 -2.04171591123668
"165" 2.28682505836633 -34.1196160359787 24.2404521725857 0.122017428549498 0.315791241861405 26.2271019108462 -4.63863514730747 -12.436479240147 2.73134853415161 -26.755148067924 -3.93766116145434 -7.11988636539218 6.66980743308831 4.91820330573726 24.4226220651562 -2.59832392443082
"166" 2.33751655127253 -33.6572755139609 22.2494673030369 1.02372788999492 0.260817445799773 26.0303298137346 -4.18857661415336 -11.4557896134756 2.68462587632422 -26.7300247206408 -4.24181473520389 -8.01013306066716 6.71398222411973 5.1785776168168 25.4833860282879 -3.04627245756046
"167" 2.35278363193527 -32.7750606952088 20.2440536757413 1.77661001329852 0.2139304594549 25.5084489597866 -3.74907024860408 -10.4618776812322 2.60905869079784 -26.3546434884611 -4.44094652402794 -8.65826190826101 6.65837954037328 5.31936722128993 26.0330625532215 -3.38425727413005
"168" 2.3340046536382 -31.5262979895997 18.2623569651496 2.37815783305632 0.174894931605706 24.6926346578759 -3.32692569707581 -9.47391839010652 2.5082587135289 -25.657123687203 -4.53961377356995 -9.0701326914691 6.51176709339538 5.34977506008427 26.0996207328735 -3.61463602514914
"169" 2.28355586877947 -29.9693708337065 16.3368277614463 2.83128134788785 0.143163626865373 23.6204603995261 -2.92752172740052 -8.50843785909774 2.38609999051812 -24.6733954900239 -4.54512323083327 -9.25886237283385 6.28476361418454 5.28118663489021 25.7238003959014 -3.74306058468392
"170" 2.23034061263357 -28.7122425717148 15.020365711383 3.06665620995682 0.124674384482944 22.7279472201446 -2.66034311373505 -7.84513813619469 2.28875140086996 -23.8253100319628 -4.49775064945982 -9.26781028079358 6.08163611670957 5.17965373793063 25.2169223463961 -3.77686915416314
