"V1" "V2" "V3" "V4" "V5" "V6" "V7" "V8" "V9" "V10" "V11" "V12" "V13" "V14" "V15" "V16"
"1" -1.61619031927215 0.210031452034971 0.0293133432149789 -0.75585932221063 1.70736852191688 -1.27652368082459 -0.00622092421152395 0.576772128762523 2.60208338916352 1.10847029747218 -0.00272641398406276 0.22361070849343 -0.82845980664751 -0.755558335247698 -0.156340732550693 -0.44683696919456
"2" -3.51222199882483 0.251099164283272 0.0441734440882904 -1.48744285132479 3.10315483360315 -2.76850119358273 0.00575988294825908 1.18195688990803 5.44470055046475 2.5093143794224 -0.0230817654285144 0.455990415807729 -1.40528550203599 -1.31977526634739 -0.355523534456912 -0.924655131281064
"3" -2.13615815376379 0.531270525777158 0.046970749544305 -1.22160443370161 2.96826062950586 -1.69014559102893 -0.0293744987521093 0.884858747871696 3.77618660829588 1.36692917182532 0.0210975213467727 0.347370000153841 -1.53899594643406 -1.46256843521273 -0.20560525528931 -0.664894575267645
"4" -1.2392298131818 0.450979793728117 0.0136898176101156 -0.943068015843541 2.39579344023343 -0.949980994220941 -0.0296068346436583 0.666206388496258 2.53966375528941 0.682455019163586 0.0362196182086934 0.276648921305295 -1.3093115493011 -1.18499391677621 -0.156381711486338 -0.487269043543176
"5" -0.939953622776269 0.102322286274735 -0.0494672951502644 -0.686796278017964 1.48124080024506 -0.568909812026109 -0.000682608962449843 0.545498814013508 1.97342034335381 0.504430052715411 0.0284767005775483 0.231232436868243 -0.721437319967938 -0.783131282109724 -0.183913951126726 -0.381579602425525
"6" -0.64213954502861 -0.224359695014441 -0.0962602827046345 -0.436470720481716 0.909419268657387 0.0370835717301451 0.0175288673671463 0.400438099126675 1.43648859119967 0.0331186572494338 0.0310365542427375 0.170786020787631 -0.36080236003023 -0.474720143332104 -0.171214740981245 -0.25574055514728
"7" -0.364672191295418 -0.553642086769255 -0.123932225461207 -0.151181720739388 0.501161904032126 0.812222441938935 0.0284486696145764 0.207861123413103 0.884430952344243 -0.653591804068408 0.0369863631892349 0.0831718165514346 -0.112272106923847 -0.186249552339208 -0.115947879984524 -0.0961174911384433
"8" -0.175344048547137 -0.878899523710379 -0.137395486868077 0.141713167467417 0.171208395023879 1.60145422432466 0.0359462555467291 0.000133302258003676 0.404434913329565 -1.37878009293998 0.041282112303299 -0.0163249626100601 0.0940750755952946 0.0938904048755038 -0.0412913975990929 0.0709053194271618
"9" -0.0452011169953916 -1.15406575462765 -0.142257412683639 0.4052910168635 -0.0935936967090663 2.29544173969224 0.0402994394902355 -0.192566461231089 -0.0099962745265465 -2.02702000061002 0.0434550792781151 -0.108502351532373 0.262305578650492 0.349519539366826 0.0319802235963746 0.221971764786744
"10" 0.0606278468142492 -1.32970124895663 -0.14428714580764 0.602463883845139 -0.299556021979353 2.78003611943596 0.0416872284639368 -0.340166350896316 -0.373499583147372 -2.47616151704031 0.0432162975439677 -0.173916790122458 0.390903863643465 0.558895190382465 0.082884978868869 0.334358177986061
"11" 0.170402730576831 -1.36859075103245 -0.1480039814954 0.705194287655507 -0.452050722094616 2.96617050031192 0.0403376177038699 -0.419709330934173 -0.698770205437522 -2.62968466804524 0.0403247675646631 -0.197752597726272 0.479104939185126 0.704074165872533 0.0953192848829332 0.390854246805134
"12" 0.299845777782939 -1.2583416371661 -0.155332974386145 0.702928231554448 -0.557114947039549 2.8240044551583 0.0364019504780454 -0.422484345849688 -0.992980102804485 -2.4550273384967 0.0347925141014979 -0.174359168478755 0.529088724079175 0.779359827733751 0.0632552755819535 0.384760666169342
"13" 0.45014404141888 -1.01584333382889 -0.165136886123877 0.605578368547231 -0.622155601268199 2.39541328411332 0.0299057667593918 -0.356563381955869 -1.25648568179048 -1.99766965978085 0.026969279301242 -0.108862902284539 0.546794611674027 0.794403137410562 -0.00740555796663234 0.321664476255265
"14" 0.602501818584415 -0.647946216710878 -0.175593743925284 0.437467115291279 -0.655692224284696 1.76534829107891 0.0202172514609395 -0.242034074161729 -1.48257893364786 -1.34357470413704 0.0191959332155319 -0.0163705120942979 0.542032143438749 0.725495215919851 -0.101261561807323 0.222973976646159
"15" 0.381944109581806 0.955636025841956 -0.222312450486911 0.311649261387802 -0.652138184160501 0.53187969470399 -0.0105927121187449 -0.163667416643925 -1.57330088779879 0.333179321455836 0.074980689866666 -0.0558070000181203 0.551055065700099 -1.42743636013136 -0.107403741711492 0.451340174443395
"16" 0.0970624884945503 1.81074703906559 -0.128296988797202 0.920956835749327 -0.52983929038034 -1.06681092445665 -0.0133286486685636 -0.593233371627231 -1.56228250840618 3.17920275509316 0.0949130437744645 -0.501593411598199 0.46288537451528 -4.88601506969385 0.308795297563975 1.17394104682062
"17" 0.948619808036908 0.339295784836956 -0.113592562267967 0.121086215813058 -0.602248155723686 -0.403853571259432 -0.0124937249660176 -0.0597719932850609 -1.87008511878851 1.11739931440357 -0.0181602437407585 0.107907995602336 0.438253713322825 -0.155026997173763 -0.185579684328076 0.0763563379260432
"18" 1.15913860341641 0.683957570989956 -0.123956736192756 -0.316662441897839 -0.909372618355513 -0.643213868978932 -0.0362803451222325 0.214682957054221 -1.6845674441312 0.929740315423991 -0.0287474037733931 0.337558896373718 0.442577085076989 0.626218270938928 -0.379725192554002 -0.265810605049886
"19" 2.09328721497194 0.950774466560634 -0.100070922726586 -0.669867018111443 -7.45985964289575 -0.947250225296318 -0.0396937855425673 0.493917013942784 4.42516368748546 1.15114013890109 -0.0461406950646356 0.440407542842738 0.454253913964552 0.520226758657236 -0.453045521810016 -0.536715292710532
"20" -0.780554014303408 0.935293759826415 0.104192652896763 -0.580430932667491 -7.75690166221061 -1.11928873870204 -0.0424250583122917 0.428334831830078 7.53652580586147 1.40238786032507 -0.0967486995613995 0.388283043445803 -0.511668684588745 0.433438759127362 -0.114385489505574 -0.679759274907898
"21" -5.27773859727729 0.297222956236543 0.38986971492626 -0.208149248304591 0.796499170403752 -0.917706102472293 -0.028456992369506 0.145196045970153 3.01703131844198 1.47948740289766 -0.142584033009724 0.287837225075533 -1.86128590341747 0.329695244683003 0.584533105638065 -0.814686305226294
"22" -0.395954091804608 1.06786651259741 0.208282889570997 -1.08742854472456 0.119328376993358 -1.08660272122822 -0.0878169121517253 0.651238354693647 -1.14339201813029 1.12577263093057 -0.0981237402947627 0.714731636532573 -0.432217756569894 0.945384255452989 0.09194034485754 -1.28359779760982
"23" 1.07298224664245 1.04409045064646 0.147242030888723 -0.526989494917499 -0.412125073654297 -1.44706169568067 -0.103940021937826 0.165850277540564 -1.67790048708797 1.41072026071808 -0.0959739901067024 0.318507473622915 0.357575608917118 0.665142725940757 -0.105659155123843 -0.500846368715287
"24" 0.982202708425884 0.738260634230095 0.167434390433737 -0.37705191881762 -0.457508593671651 -1.61111397314122 -0.0908350120118707 0.0756414584383589 -1.50395240795992 1.59683683863918 -0.125997876546017 0.207864816932858 0.511145326726282 0.788846688177412 -0.0232866899022666 -0.444108840948815
"25" 0.647403031919553 0.310384195350159 0.18106298447783 -0.323769041008291 -0.455529657631377 -1.78345329291301 -0.0648934639025965 0.0996659743098736 -1.27033640851565 1.82048251485486 -0.170017709243503 0.165157662599963 0.60955558090805 1.10525357938888 0.110999150846494 -0.580271911925166
"26" -0.275849851414837 0.183396491786079 0.249487823528622 -0.939081176925724 0.00693325189155036 -1.45072240814806 -0.0463779350065204 0.617615601212432 -0.93256121036763 1.49728359372899 -0.181643205879966 0.567846543736842 -0.0444375591016826 1.43820493132676 0.373466646151159 -1.4788823111966
"27" 0.0809553245668957 0.349655705428658 -0.111954573334957 -0.576479847324767 0.128814396425739 -2.66635866301228 0.0672719315282611 0.58013802134578 -0.589595888814601 3.32973369247076 -0.0434737557154204 0.417674461758978 -0.210938846884093 -0.160401314835866 -0.216863225216718 -0.752599946811657
"28" 0.369406812891254 -0.27040703309602 -0.224185077065179 -0.0309150552566262 -0.325653201475996 -4.26947956943214 0.128338317567465 0.326366026444705 -0.792406287800215 5.25047218214662 -0.141400520916298 0.0423476377392973 0.642546987242414 0.220885604413455 -0.221261258022615 -0.456867843895044
"29" -0.296710702196699 -1.24251825422748 0.0370742605962342 0.357247244451732 -0.562922973780278 -1.91135351460708 0.0559171750829988 -0.0768622375927746 -0.371446735309862 2.12527666569413 -0.251205270772932 -0.325587176060484 1.17163220934618 1.8011607630933 0.521835397683797 -0.508966327154504
"30" -0.501058876087054 -1.49040114656219 0.0112309759062887 0.514474409735267 -0.55985687452793 -1.57149639440481 0.0674184777900157 -0.141147751385621 -0.16814856765428 1.73201869798145 -0.24058573380023 -0.450574439420453 1.23961567054576 1.9167786734618 0.632082276568473 -0.466675400980307
"31" -1.27480794833409 -1.52516225921808 -0.0595868770089886 0.755242711694621 -0.37396235223096 -1.3318385307079 0.0862328188470234 -0.253044038854517 0.419205418206813 1.47509422324188 -0.190909926749834 -0.579824287171117 0.980461183932169 1.90955449209327 0.598335751108634 -0.275076919868717
"32" -5.60265541040129 -0.508652722473147 -0.379232749026331 1.44481310065482 0.831371560902571 -0.653750733057072 0.156991354362593 -0.670105083135562 3.39168683196532 0.684981953975087 0.0414244470917371 -0.676283069655657 -1.11356846007635 1.72904323750831 -0.201585547277827 0.75717070530812
"33" -1.91005887907594 -0.00826424670450548 -0.335883156654619 0.58906558534885 0.432202320385163 0.0668085922217812 0.102822222947528 -0.163162757142821 1.29019223748566 -0.0408671019318194 0.0299535737954357 -0.205522221415679 -0.60398542567216 0.134160582005857 0.218782484220266 -0.0614527287188622
"34" -0.182976060536518 -0.890956299043115 -0.389009847531863 0.826965011024287 0.0101404722710161 0.0564948508617092 0.115290323286386 -0.0928090643254524 0.347195540525111 0.077907437906687 -0.0749345645789026 -0.510279113063923 0.348525365123031 -0.137163424285901 1.45837453646747 -1.04040430498921
"35" -0.478573146853681 -1.0654900634186 -0.156056779676458 0.874128904450649 -0.287015707459327 -0.332111340131852 0.0215153192787564 -0.309674402933676 0.294088192506809 0.384346702281189 0.170285223413025 -0.689952533446785 0.791018479982473 0.809055468155741 0.275976493558623 -0.0144365648103957
"36" -0.356949644246256 -0.730556997538862 -0.10460065665073 0.829614079652156 -0.248080709190806 -0.14754197346287 -0.034287676914621 -0.36026404788943 0.277498364290449 0.147809182958998 0.337570968470293 -0.668877252927778 0.636546372684291 0.555662055701049 -0.151675961822831 0.292394731121504
"37" -0.216777488366807 -0.315283433599603 -0.0889677705217123 0.786865380892753 -0.137148564825442 0.0881947881411926 -0.0834761233485746 -0.39158504065292 0.24791964478517 -0.132569618177424 0.494668006595805 -0.622950304500435 0.355451113819307 0.182718927647768 -0.482418838150735 0.505898353872631
"38" -0.669495132932179 0.623344980845245 -0.364520001182662 0.756709647007169 0.389895228751913 0.276347710959102 -0.052425763980422 -0.391285274930056 0.0100050841693227 -0.375785591709615 0.698088800573015 -0.300149748318564 -0.741301395922239 0.325665248826176 -1.43575660176247 0.922531725941148
"39" -0.149820371213445 0.919851303766659 -0.335205000307805 0.290971456728951 0.329566302914057 0.18828259191445 0.00105375305201364 -0.37417805884547 -0.239014215306129 -0.277245169265268 0.45199601065068 0.853007263114327 -0.786120522599269 0.0884432358680468 -1.21373542863695 -0.23646349559267
"40" 1.80904266107777 1.42536194779644 -0.0960987096580332 0.909271467356366 0.193904604148432 0.58165351736563 -0.148806940393682 -2.27349546408967 -0.587310783281979 -0.743880015872828 0.629565385387773 5.38576275134029 -0.851011644949126 -1.31291468423683 -0.346764579934219 -5.6394016685782
"41" 0.725627929030319 0.551418083300211 -0.00681370515717383 0.783413597748734 0.108909721309896 0.761108940383753 -0.194605116248927 -1.022362347919 0.121562910904681 -0.873860535987679 0.627790161146715 1.27100710463429 -0.265180288308845 -1.2568802674783 -0.12804242056239 -1.43353520514155
"42" 0.0716183456087176 0.0366244146708752 0.0399554348174617 0.50944071127444 0.0756390370191755 0.755238056644407 -0.180571104736572 -0.191818074241933 0.461824011780229 -0.817385385888286 0.463889284687685 -0.90748531237665 0.0342811763665845 -1.10702011130364 0.150961560845548 0.814349709630143
"43" -0.0938588227679027 -0.245770448731842 0.02460031328112 0.463406882665488 0.0839536948834008 0.765972329077479 -0.150632180292188 -0.075122780347173 0.576280559284251 -0.789685375955267 0.293549068376295 -1.07588376877931 0.13477461449705 -1.097924062933 0.64854768910042 0.804838903328701
"44" -0.527333058459986 -0.224419840713519 -0.123339291941607 0.481723222415868 0.31080776417852 0.723514567401706 -0.0910997714053731 -0.0301774926912679 0.549164062947035 -0.725380544002908 0.201096124763148 -1.02591083483361 -0.229822211742388 -0.753095685991436 0.670070473806447 0.8822136498761
"45" -0.734347727511711 0.514526860865342 -0.392768799759489 0.188360608262156 0.529769092202165 0.359780920117133 0.0232538621488885 0.102759766582201 0.0621613259526452 -0.395795294907696 0.279414001920213 -0.283539696606852 -0.901602611083298 0.0716576994776319 -0.545929031765097 0.733831146030692
"46" 0.317248932908138 0.543152652350763 -0.198711582413675 -3.26879336056591 0.00875716062057852 0.123643120650319 0.061319133834072 3.33835085106856 -0.0660641582275254 -0.142085138341016 -0.0134085041333937 -0.890462144057581 -0.0146135987058824 -0.602586507970852 0.381602325421313 -0.114183620624125
"47" 0.0386912209105521 -0.0754949039510882 -0.203820500654199 -3.7187842979277 -0.0569716794235275 0.419764052671828 0.0491294986398191 3.88052937745063 0.406053487075589 -0.387039345808377 -0.222927244880221 -1.49570447088705 0.431727444188811 -1.09601289191375 1.56766915057998 0.212415490769871
"48" -0.680415111579849 -0.913665692426778 -0.0908595217284272 -0.260767308008958 -0.044557084585791 0.447486211866019 -0.0065808570572144 0.292293947050869 0.73870235939116 -0.375970406598198 -0.295596349120011 -0.581178867104811 0.579928536425588 -0.554789234290752 1.5352141007461 0.711925661780256
"49" -0.748595241641674 -0.840098850773989 -0.0966574618226959 -0.170136630702814 -0.0802484722123538 0.330404935040301 0.00132744764144238 -0.0774768975922333 0.676600530779999 -0.269605325261337 -0.307603048842269 -0.0435924566267332 0.583076577756322 -0.344871205427579 1.21264928291201 0.750175472434194
"50" -0.691910623908287 -0.582528993525945 -0.0690418669195125 -0.156239908031569 -0.0378817931986379 -0.0205694582386751 -0.00195720301467867 -0.435614196415514 0.557125087376426 0.158167096682627 -0.275647046353023 0.552418875172776 0.405693466135786 -0.403630872312616 0.748931673152732 0.827613684637313
"51" -0.0959628208107155 0.219672535858662 0.161806000156314 0.281105532069866 0.431463163900791 -1.34913115609275 -0.0682907593953712 -0.911279336207172 0.267959526678555 2.00152853448816 -0.0634165401065294 0.511888348306243 -0.613930837663136 -1.77275531221575 0.0984736063807281 1.13656783250386
"52" 0.397871096144065 0.686438089154456 0.012512017972302 -2.25381034398323 0.0853695027106816 -0.497739431948787 0.000973173079366743 1.80348693464692 -0.159332072933999 0.654218186628399 0.0362692975782142 0.0862250304940968 -0.265108407718841 -0.785704265711023 -0.223713733499828 0.0864897210944733
"53" 0.44021181577901 1.29336669136154 -0.14380826207475 -4.97837550081414 -0.24654409455997 -0.330189480692295 0.0559624813298487 3.07998480302632 -0.397126821898047 0.211085861339502 -0.00555816012523813 2.11709598643515 0.0696471060689889 -0.150619547911408 -1.11539670190987 -0.28170740393692
"54" -0.311500381723782 0.865267084135073 -0.0381958571746948 -0.138083052721882 -0.234383186148013 -0.453711647598117 -0.0288989617066683 -2.83980721175597 -0.262136928031726 0.316973825930432 0.082284780812756 5.18836607533763 -0.0357962347933629 0.744713753437386 -2.3949659500086 0.158916301130304
"55" -0.326021364623838 0.977252809160119 -0.00779482501038209 0.562494575568824 -0.230740294177358 -0.527294683636271 -0.0471763941898807 -3.90597360138538 -0.340736345810458 0.371046833669706 0.144099808878801 6.05287610965759 -0.141789515458719 0.9258670238998 -2.87639162968021 0.0979543497667947
"56" -0.405635307099262 0.766422080360255 -0.0133693781433648 0.423136855699493 -0.195167731159104 -0.425684200638595 -0.0397029906466871 -3.39264124235163 -0.204127939780206 0.305462844621649 0.0804403289527349 5.26386077468418 -0.0805210125305518 0.744745732477385 -2.38302175412804 0.260186385799841
"57" -0.531613802755418 0.298052366470305 0.130138977500991 0.690135459515268 0.217161275242893 0.00519481987489945 -0.0575225204130739 -2.51234067469621 0.236253159529865 0.0653531975646819 -0.035941583958402 2.82266579241534 -0.483543812755643 -0.298930791994065 -0.895688521444642 0.800193345788585
"58" -0.348692912103108 -0.14113071490903 -0.0463378183774965 0.644129902925785 0.528886254976843 0.344580246431897 0.010599791638066 -0.801237087366834 0.30200249765963 -0.204087987853734 -0.17495657716917 0.362814816171447 -0.753129853405753 -0.718548101243631 0.971963919768942 -0.138429424248645
"59" -0.908518000223635 -0.425117431169774 -0.29885956577056 0.413890881896828 0.638423393765401 0.43109554209079 0.0639286042780718 -0.627705210462779 0.437111957223585 -0.313424436514047 -0.360461738754754 0.648101504622431 -0.766479614964664 -0.364195642374485 1.55426030413176 -0.254491796122998
"60" -0.796503369417945 -0.638703309506255 -0.12319413167416 -0.18636059299207 -0.0431267188217497 0.224672787948914 0.0114857005531483 -0.377003529300328 0.561417619412724 -0.180358798052911 -0.294939952713277 0.591101494283791 0.4227441402523 -0.146370422949706 0.824573503151301 0.694344204092005
"61" -0.749669621635935 -0.840181610847226 -0.0970190562393014 -0.169850041079846 -0.0800809734593244 0.332110717784649 0.0013842720571568 -0.077659625004002 0.676488318440434 -0.272033626040139 -0.307579053478678 -0.0430810041976315 0.582710649700518 -0.342565369960615 1.21235520793245 0.749721843697799
"62" -0.768138823507851 -0.885838943477303 -0.0918397267885782 -0.0345449707696197 0.0233713573813326 0.451282325725269 -0.0124305649272561 0.0653231741095279 0.725922061294479 -0.382128572264053 -0.276791248854302 -0.518678655134721 0.449997668804784 -0.478065541988751 1.44587082684459 0.770695508010462
"63" -0.861659094625259 -0.0229501657191888 -0.133784840465497 0.240388569768921 0.591943584238215 0.511372470213955 -0.0527938748531537 -0.11397366231935 0.359671366501691 -0.495105294122293 0.0122971883513681 -0.418948606269716 -0.803334850099105 -0.315209121745954 0.572583726099437 0.813578529508476
"64" 0.00393701625045662 -0.178712491763433 -0.221868167438982 0.502472189556838 0.531619976362447 0.771286172208082 -0.00226072228792357 -0.0241701518500081 0.403481980998353 -0.669872164036489 -0.097845893623518 -0.488361768752327 -0.616644007159289 -1.3789903656594 1.87086868989939 -0.70539158473407
"65" -0.228552904606428 -0.746214367724475 -0.0874650036669953 0.430358690419668 0.161261244056775 0.811562155294246 -0.0576383461523522 0.101055670977828 0.74700750693933 -0.731861865756263 -0.0869964414266553 -1.12181695919755 0.215751503042429 -1.28328731852226 1.92565523525206 0.18341084396959
"66" -0.248710512282614 -0.534194028810668 0.00458812769748618 0.400493835489605 0.0720054773644687 0.749677430048712 -0.116180991781255 0.0285907973690795 0.67960445196197 -0.734813900425078 0.117215732561061 -1.16691395985828 0.264991000053992 -1.05636351938597 1.12782608192889 0.741876271763729
"67" -0.0889304118689456 -0.2703398375942 0.0261972043217634 0.467203140656137 0.084718717984305 0.770011152923752 -0.149949129379811 -0.0770236159311217 0.575154323337739 -0.791812508123077 0.292534422959641 -1.07783993116922 0.133448804590135 -1.08042916097502 0.65014277308099 0.805026202201546
"68" 0.0498782921534033 -0.855367377536747 -0.0242027750852201 0.375286276797837 0.374978934775455 0.949222486347062 -0.113563153465728 0.048071420055499 0.232233392904249 -0.940738139353061 0.520793771442885 -0.93548028667886 -0.585356934255261 0.163893373627382 -0.322962715479206 0.990213987438139
"69" 0.72788723448581 -2.2176060564889 -0.104680559591345 -3.47861951769828 0.859285482734888 1.22919792056367 0.0515854677676104 3.68657890452102 -0.842064419138874 -1.1928242326652 0.93304850635442 -0.896673446787883 -1.99099641970585 3.54700964985275 -2.5674690961457 0.847648262355072
"70" 0.509145196419125 -0.323405117491385 0.0875950006732338 -1.50873411565626 0.17882299545947 0.71542514015011 -0.139966372924074 1.62717034153958 -0.1104465822163 -0.808121143938481 0.751739506751408 -0.838979476607612 -0.472212488283665 0.423345287880282 -1.17619454863106 0.674718980512161
"71" 0.149728033205252 0.232796586497318 0.00727949399770356 0.592324153249045 -0.0280210694459941 0.478448861820607 -0.176447009714936 -0.34114476375695 0.23689820022932 -0.582528089009659 0.68557162043426 -0.625418982029636 0.0511535452108145 -0.572555375394266 -0.756559568315975 0.789954778864185
"72" 0.00889494618181352 0.00684937638396609 -0.0475506307078774 0.714787259224673 -0.0972090307802369 0.297362488477391 -0.134288278183191 -0.393335687136495 0.237552178812046 -0.37874437417228 0.613042084453821 -0.609812119591318 0.215573949502947 -0.244605680065402 -0.668659274788232 0.658668165078566
"73" -0.207159241814564 -0.170682612743038 -0.577023247098327 1.06027908064225 -0.2009104220227 0.0504482183625172 0.0236679190707519 -0.269965102315337 0.145076928757736 -0.116066550449649 0.477164454390905 -0.673653240567695 0.445035910696919 0.301831273693948 -0.467322913527627 0.421733459648721
"74" -0.417720742449686 -0.445279885710693 -0.917782774425363 1.28907645637311 -0.296596373586981 -0.206176320410554 0.143638972198817 -0.173330593586662 0.0945964044901535 0.170512384891214 0.319833195583604 -0.734746418572463 0.679497898245023 0.804049967665356 -0.1922515827584 0.191416964470442
"75" -0.523676902364292 -1.06185747430662 -0.18433588101267 0.892553447959141 -0.326806889898301 -0.399514469782824 0.0255756819874831 -0.312655718248177 0.266267959886394 0.440088587287085 0.185038277520348 -0.700628790823686 0.84422645318975 0.959672476889391 0.130314159966669 0.0989936856841283
"76" -0.633344267570611 -1.36361901075242 -0.123052100138559 0.852588843559047 -0.391284509508294 -0.646769615271982 0.0474668819247676 -0.29057708353137 0.255454400911963 0.728313869166246 0.0509349564138294 -0.699532673991385 1.01122834788252 1.27660752769343 0.369976585370532 -0.0601802177313431
"77" -0.688739753346224 -1.54844554832172 -0.105972610030539 0.81250942731856 -0.450252149951619 -0.89632539758954 0.0698888591340042 -0.253813025769408 0.197989992173552 1.00911948254004 -0.060441070301186 -0.67517622998335 1.13763625685747 1.54798718799544 0.537135785775797 -0.201178885097491
"78" -0.682527111892528 -1.62996041597141 -0.0748215943769103 0.739735045930144 -0.498632180839727 -1.13792610472761 0.0796302563956153 -0.216920805760963 0.106576873069046 1.27426962854019 -0.145302030939347 -0.622879428691057 1.21711008503268 1.74700415784434 0.631533644020084 -0.315000320704009
"79" -0.617007342774645 -1.60904822260735 -0.0339865587134972 0.638370874776916 -0.535647861045486 -1.36536882760169 0.0781138183951775 -0.179447567499126 -0.0172620294551753 1.51756946707275 -0.204550292061567 -0.546214738743 1.25064614306464 1.87016068463164 0.659644600764715 -0.402979956783255
"80" -0.497082406170713 -1.49089342040343 0.0113877561495245 0.51375058766206 -0.560866622533594 -1.57114167220352 0.0673605412249155 -0.140725482596603 -0.170791346184485 1.73154806726235 -0.240647997081077 -0.450352823715562 1.24128055362012 1.91672361745464 0.632430309207252 -0.46742961202402
"81" -0.328627364268717 -1.28251056492416 0.0564556285023292 0.371661687241076 -0.573935776253932 -1.74544669766473 0.0494381153813877 -0.100523830372624 -0.350792112183078 1.9060151568654 -0.25652276637995 -0.341027076243368 1.19270752113695 1.88743438664544 0.562315330203293 -0.510531232205906
"82" -0.117609342760662 -0.991510635117685 0.0972363122762309 0.218046635775561 -0.574421187736811 -1.87519539933196 0.0261518361957302 -0.0594773871806709 -0.553953580699725 2.02668511316222 -0.254984967196382 -0.2240318371997 1.10850057756357 1.78397284533566 0.461684667347757 -0.533743879510361
"83" 0.130290597760225 -0.625686699485744 0.130858544547054 0.0590060586540906 -0.561726603131225 -1.94286170050385 -0.00110207084888603 -0.0193823225523158 -0.77702749117248 2.07369083231583 -0.23845384825207 -0.10506528275161 0.991753735159568 1.60895717712441 0.342289454120992 -0.537486490533986
"84" 0.410267888031485 -0.191989501302806 0.155866155031154 -0.0991501744967493 -0.534595242715417 -1.92364254973814 -0.0315032640885811 0.0162629957326748 -1.01705028930221 2.01788894521808 -0.208739292313695 0.01029044030874 0.844300074996889 1.36533188776914 0.21537296492902 -0.52085243811328
"85" 0.730981891925799 0.318918410601068 0.177449392630056 -0.248478744679823 -0.484346106186643 -1.76364260899889 -0.0669054931668313 0.0336319478170584 -1.27302335865739 1.7912138584027 -0.165340497018691 0.115547736811855 0.656337367460027 1.03760152187532 0.0960761577019236 -0.476646020198629
"86" 1.11108523294237 0.93544189530674 0.221952122595426 -0.370493084783221 -0.389156851160749 -1.36645688959598 -0.114350066012517 -0.00854002999349035 -1.51711038143869 1.26257681272159 -0.105545940458087 0.184619588399265 0.402376098962927 0.564233688434675 0.0205298192079582 -0.373444704980038
"87" 1.23054937837938 1.13540877917024 0.24496427187639 -0.396744372551074 -0.347839809115051 -1.19910853313283 -0.131370599996378 -0.0400271115109456 -1.57895196194103 1.04050178925417 -0.0851135542145467 0.192619483738259 0.315929462641826 0.38950952268973 0.0129414987958194 -0.326466387031054
"88" 1.54439260378896 1.6542532983429 0.335494786505988 -0.428848785949999 -0.201851355603361 -0.6955662878283 -0.180214142797769 -0.178850481137274 -1.7002889809932 0.37013964491712 -0.0296289088844601 0.183033930249632 0.0730269203911091 -0.136083934799492 0.0341126495822062 -0.169507554337116
"89" 1.75296455936752 1.98048079809096 0.427168653444135 -0.415637901089334 -0.0762430854836058 -0.335443116513976 -0.213978379515432 -0.326643154211113 -1.72575029368017 -0.107455590606815 0.00923464238262001 0.150006405466513 -0.105569689479275 -0.562659330839252 0.076383376473224 -0.0261394367829695
"90" 1.89432889031756 2.19968741648246 0.495060466238166 -0.38216355789191 0.0269979657712729 -0.0790759995331516 -0.232153932791042 -0.459444887434901 -1.71357930619153 -0.439318825773114 0.039336683079113 0.11622886808118 -0.238048964596154 -0.914671108001941 0.104841271382119 0.104588940121246
"91" 1.97445089431435 2.35310124639653 0.487586806898176 -0.30854934328412 0.109024935734096 0.106936551106826 -0.224721120083005 -0.563049998212651 -1.68850934542229 -0.671538044161305 0.0617742438197782 0.0811324806799298 -0.328223288252425 -1.18410695954212 0.11422285642068 0.218548428775939
"92" 2.0004606643943 2.38399078807038 0.564079474239511 -0.288882523922767 0.179407654296477 0.250738565771197 -0.226062999666698 -0.671539165730644 -1.61345181285056 -0.830303565508351 0.0793846674038489 0.0569248491517804 -0.381607724314789 -1.41356779684545 0.115453507886789 0.334393775302694
"93" 1.95568741150624 2.33940798320253 0.582379763193266 -0.247289671517085 0.229438830479084 0.353570794778444 -0.204292457688123 -0.748827811796254 -1.51790828704416 -0.926585087311776 0.087890115066013 0.0311307820340474 -0.386748958412967 -1.55409332450647 0.105495881371476 0.432275451010725
"94" 1.83266065407575 2.22092276960884 0.528070974932512 -0.180533676061202 0.257828609673352 0.42264358070499 -0.155310341297981 -0.787559168618952 -1.40224547812012 -0.970638241915646 0.0855244634661513 0.00148426945595403 -0.338380058168071 -1.59652772462544 0.0880771797506128 0.507800398568435
"95" 1.62634718863328 2.01990379105658 0.415707992891282 -0.101840378803344 0.264961441202733 0.464927048317417 -0.0813307136635727 -0.78673847575314 -1.26027103821374 -0.970473013720322 0.0710463605340332 -0.0320042218259395 -0.232752515232628 -1.54153338640685 0.0685833834663327 0.559902624235193
"96" 1.33175817957811 1.73765310808504 0.236253643960422 -0.0104680560688584 0.250027109776052 0.484046006846281 0.0203093384134921 -0.740304798087733 -1.09193839418061 -0.93149279295251 0.0429047088826287 -0.0711192495521686 -0.0660113461885681 -1.38439449110341 0.0510093962602181 0.584592504092861
"97" 0.949236938772578 1.37899179048874 -0.0146234288894956 0.0937648544140144 0.213193941265392 0.482826856279621 0.150332736093983 -0.644902691894927 -0.898797357055578 -0.858453092476588 0.000399181425908612 -0.116793675422986 0.162076922504179 -1.12565721357088 0.0386327397221677 0.578982705439373
"98" 0.490661444489442 0.955763182105623 -0.328934486157634 0.20879854097366 0.156932205643776 0.464257557268861 0.30476047157642 -0.503845581862274 -0.685470782962815 -0.757120215932448 -0.0552997387773828 -0.16791061502899 0.44379066012048 -0.777217930387971 0.0334195892901183 0.542976974769601
"99" -0.0118353732513459 0.491891178557562 -0.676081198397569 0.328261158698137 0.0878539167464107 0.432554917330777 0.471118250480506 -0.332595716306481 -0.46182468026241 -0.636274541847567 -0.119798394976083 -0.219701083613959 0.757390479918199 -0.370891854353217 0.035408781519874 0.48150302739586
"100" -0.508183798918608 0.0422007546263621 -0.991751968728218 0.430126837603387 0.0181260735446922 0.390714152106258 0.624675700096893 -0.15768691521874 -0.23827453822045 -0.503948290540078 -0.184508538236382 -0.261849649588967 1.06482806439341 0.0123165517418773 0.0491072410688425 0.400612715449533
"101" -1.59167549586932 0.281021390022713 -1.09929280535345 0.000791123913331582 -0.0415228743502607 0.186446434692575 0.723655096105065 0.296370970995909 0.354731018104924 -0.101466392409103 -0.24070558439248 -0.252643506723309 1.46933098060723 -0.623993145911189 0.339065538399743 0.0552076541319053
"102" -4.47883628152195 0.591849435246881 -0.940516906854963 -0.893201345347535 0.0637749875537885 -0.0561542856433456 0.79760070280983 0.947945365158958 1.66913677993602 0.459258217449286 -0.232750643713141 -0.185327599118306 1.78664366400214 -1.0336286130076 0.339079549755256 -0.166776825859216
"103" -2.18676529202032 -0.749384737982996 -0.898285670028643 0.373785266862761 0.0734388786363787 0.288112749631579 0.710001407027648 0.0130990254282635 0.561219066570747 -0.16292680899452 -0.239617002205888 -0.201110373800471 1.34594027481285 0.578020056629954 -0.0718887617208566 0.334568667148467
"104" -0.914749669483355 -0.905797792226403 -0.526443596389334 0.51451345926333 0.0235217854322292 0.308418262723615 0.554792195540713 -0.25901337250008 0.171410754979301 -0.23564424962456 -0.23129872923569 -0.121500927884448 1.23146063799214 0.281182007144866 0.030184271971148 0.27221792555504
"105" -0.608474030624859 -0.8622828823133 0.000789169564969661 0.442224910041562 0.0972965872029499 0.307304914280424 0.366048341865891 -0.45465736449578 0.142915713535281 -0.23625516460216 -0.184085153496969 -0.0172988407224679 0.998586209633594 -0.0200341298669269 0.00760688144531851 0.28093958277217
"106" -1.20219701066088 -0.780621008103999 0.686676504482896 0.209026157388172 0.297409503758966 0.334430896523168 0.140175642382968 -0.644229975013773 0.431059926215493 -0.245765106435785 -0.0877336028868081 0.091653855044509 0.589944807854557 -0.0405216759902358 -0.232981261610163 0.468621359991538
"107" -2.49798541087115 -0.81030218825265 1.57892602717985 -0.710954052168687 0.451684636027193 0.331122029066893 -0.144137489540656 -0.539976419517092 1.12064466439992 -0.175728000823323 0.105711502255583 0.220829491522023 0.0840005288510524 0.332578540938814 -0.761021773562552 0.760242521779396
"108" -1.74044407252967 -0.632738904172246 1.69989251452296 -0.331956955711606 0.500292878576195 0.319779423002621 -0.233957810652589 -0.67261813539626 0.773761382972523 -0.209687249531102 0.0788141326609574 0.239276253646604 0.00962146641392803 -0.121356961942079 -0.587345079517095 0.60294192315353
"109" 0.239657528350989 -0.455222052255915 1.43214991165653 0.171971166020276 0.321789678394802 0.228124010512549 -0.251352966452145 -0.561911563650681 -0.0285748874333014 -0.192150887953629 -0.00232093177537451 0.205920501509482 0.19699618542934 -0.84238332085877 -0.153112945647926 0.118880142666669
"110" 0.535448252053041 -0.372010886936718 1.41125834648022 0.15244354640199 0.285206648620817 0.167815599756668 -0.305382580523915 -0.282321905761601 -0.158941269860427 -0.142046129665785 0.0109135959029519 0.151033133104079 0.178852068825102 -0.922021350415482 -0.138110402440336 -0.0481417573733509
"111" 0.353575123819522 -0.30838312444584 1.32068222473545 0.107878024232329 0.287708167737009 0.11415276906259 -0.329417676645062 0.0838084767184015 -0.140539894659291 -0.0855307263577824 0.0226414141293081 0.0314206658820169 0.154644842241632 -0.805011644308518 -0.177235191415108 -0.145418587838421
"112" -1.36277109488965 -0.512237048776852 1.51904492858924 -0.23255986306772 0.441356687855518 0.156117289261358 -0.337272065139678 0.10504107199798 0.559062388851885 -0.0626830581376755 0.0128940869775097 -0.0907324654598547 -0.00827100494139632 -0.192551776532805 -0.232904498000813 0.149972930456656
"113" -1.58745978916175 0.340383213213837 0.738307067305515 -0.0980460391154248 0.201977802982046 0.674424136860776 -0.189353265476223 0.00309143877257834 0.802446712483463 -0.73934872899341 0.0361223105513624 -0.311103450495422 0.119326630944011 -0.692498094493458 0.0631790865231683 0.398798020071654
"114" -1.62405110616348 1.20812467237122 0.156874406962802 0.34944156106113 0.128243762289777 1.06380938963803 -0.214054717077706 1.28169790192463 0.660705660955383 -1.27612474034059 0.0778517083065696 -1.04675482820496 0.507734471629543 -1.47182950864153 0.110001984212071 0.210232745707124
"115" -0.456799803615137 -0.0184003753417983 -0.300401569730554 0.0126398465173505 0.0118157250504232 -0.104359782182379 -0.113366141439067 2.90284309664562 -0.17533088211138 0.136382197491803 -0.00460365586118749 -1.34668135277243 0.691760466600654 -0.048366549483764 -0.170778516081565 -0.541402059049268
"116" -0.727638687011387 -0.147874658825198 -0.915838620096505 0.000502872949384781 -0.081334352348498 -0.290972575301238 0.00374181172046523 3.91124264135792 -0.211464328709488 0.365506302031984 -0.0381536659224011 -1.9339255779228 0.90797541477023 0.415647010574307 -0.169137385570663 -0.595479119617778
"117" -0.65423599057114 -0.217422022428561 -1.51901909223508 0.072478351586728 -0.17966183026916 -0.383133879351448 0.116123870140807 4.7236412014176 -0.0564049779737594 0.485533469594899 -0.0578068727745006 -2.25437161529169 0.450291302650625 0.860319808222259 -0.129528679168841 -0.888457380548523
"118" 2.24207375109802 -0.489225162219187 -1.3149582215388 -0.112636894295886 -0.373392534563982 -0.502210821188268 0.113610173256604 3.39286737574088 0.561769797532619 0.618975337146361 0.0325495020470251 1.32701861876485 -3.36547256343876 1.67438909986574 -0.122934714487787 -4.46737793573988
"119" 0.219025123767854 0.191632436791167 -0.414203325739417 -0.0297584303956231 -0.140017009378769 -0.26607559995187 0.0552043956529278 0.771885261184333 0.414909318950277 0.369211299066548 0.0262668561616494 1.1471567946392 -0.916640758812868 0.139322890044768 -0.00150609284147607 -2.10430317719787
"120" -2.00430080714062 1.37059601266593 -0.699109699530971 0.346130231120428 0.0569324798188564 -0.49132612056852 0.0272807568043217 2.05523000757302 0.637941594470187 0.759812490294396 -0.00149810217656615 -1.36896993557204 0.686205584990889 -1.63923096394828 0.083637625015923 0.123587236863862
"121" -0.558552669495139 0.118323212770532 -0.302312859325118 0.0363526448578231 0.0274417578373809 -0.25458471554755 -0.108578949202497 2.82952472545434 -0.123363591866184 0.343068691002873 -0.00512747559273541 -1.33269688687162 0.684754732206281 -0.264701889075713 -0.160455362971914 -0.493016260683817
"122" 0.0121393938351542 -0.14895749896191 0.23831427725654 0.00147719077026309 0.088323209342271 -0.124803174060274 -0.201329251489702 2.06985034514301 -0.266518985704246 0.164680890128754 0.00901123830791817 -0.825448973457533 0.492754415121847 -0.24459486113718 -0.205211995745677 -0.544945271241282
"123" 0.252910695964515 -0.19599626349436 0.689407031671045 0.021790276123955 0.148836036553558 -0.0488089173561355 -0.269384645920976 1.2853047324144 -0.257432941614479 0.0802561280477109 0.0246205898342693 -0.311596943418955 0.358695425005349 -0.470659443446436 -0.208833548519782 -0.604762778307993
"124" 0.153896607462319 -0.436971811030341 0.912289531968078 -0.263467884047758 -0.0319444565474707 -0.104300835552711 -0.254633257100464 0.412249351278907 -0.126523356080561 0.150732582868349 0.0879211721289397 2.51269471281617 0.567254305824109 0.0465543351204514 -0.317643210179527 -3.51704329848832
"125" -0.234016126089481 -0.353401253786944 0.491534674886686 -0.385539639805411 -0.116808046829883 -0.0838460985647475 -0.0958049344473752 -0.121044423221597 0.110043799806831 0.12511081965111 0.0839332703817279 2.56457358992759 0.382779108151443 0.427001406684111 -0.254162780954407 -3.1013385718736
"126" -1.46131427180409 -0.43173812369546 1.44782021801514 -0.493504402429873 0.375855985037998 0.212727917684538 -0.254815783637443 -0.420626897899284 0.690135736905815 -0.124925566697494 0.106470996983643 0.296019418192705 -0.11306204033035 -0.0233460062538373 -0.52047861099938 0.334084350593869
"127" -0.386622782045765 -0.468279520689736 1.55063140834249 0.0671314297496135 0.405624004616413 0.260066965469589 -0.264321650842897 -0.631809991368195 0.211475815996366 -0.207421019579465 0.0227099590882362 0.216039218768053 0.0969229689924456 -0.655952474997709 -0.278376652853844 0.275250073728401
"128" 0.285838689002365 -0.555933610383589 1.2465048532812 0.237238552581617 0.272345604452251 0.259682125014481 -0.146589331304152 -0.689027265422163 -0.0393645893220524 -0.220406673009787 -0.0415392020985087 0.205912896274569 0.349200735519935 -0.802354792875091 -0.0792208614150196 0.172053447715861
"129" 0.116492970601912 -0.666966623580446 0.948433842095039 0.294560551725903 0.228411916967563 0.285212905702758 -0.00686439777633746 -0.709381980689464 0.0290326911443159 -0.235023636378043 -0.0822574781540204 0.162630177342848 0.455649723963391 -0.611920581783233 -0.0454881378380581 0.238152829228802
"130" 1.72591768307604 -0.933493803293828 0.780720794192615 0.20598920995716 0.176098254861135 0.274716484420874 0.0893312360481864 -0.763758934091921 0.543611808190069 -0.180093216917745 -0.0717613920261739 0.146136022172364 -2.04320171379626 -0.193921395457995 -0.106076163217073 0.432495930444304
"131" 3.15421290787783 -0.99353376331068 0.840905947778642 -0.400732302316444 0.0526020169184773 0.138245626326185 -0.0089108446868109 -0.481537481547607 1.09406142629994 0.00277766338886812 0.0527041212621649 0.178642655187749 -4.52205500844426 0.286184744723663 -0.310672651384727 0.495610344201097
"132" 1.34928956618884 -1.10181356350804 -0.379133014838281 -0.218490362769578 -0.15311242937541 0.0235658256121866 0.344059237797776 0.229123794097145 0.982864684667835 0.148635745272537 -0.0567003396636879 -0.0232557399514981 -2.59771141950052 1.03133692165053 -0.242699562351568 0.179426524694982
"133" 2.06204811969556 -1.37045871111979 -0.824925711735023 0.267290704378611 -0.104295586953508 0.210996783603281 0.669769600293648 -0.0830209703272318 1.10203120593342 -0.0472514900892989 -0.18216996198854 -0.133700249264866 -3.39979210577488 1.13003598605433 -0.152017501196128 0.449796858013677
"134" -0.839816047996484 -0.714788595374012 -1.18081875403344 0.563861226000503 -0.0548243830695911 0.324549117598946 0.758807967672585 -0.0296718066697772 0.138900211997328 -0.297269664272879 -0.259869189647394 -0.261591213627142 1.05259904324192 0.548823480189692 0.044897253951004 0.304540808940594
"135" -0.878733740719654 -0.38439659752581 -1.19440718633896 0.525758542167296 -0.0346976284189657 0.356765663723304 0.73298880794112 -0.0431669766922531 -0.0555100905262051 -0.393613867982844 -0.236550419571422 -0.282239045558889 1.28991387135787 0.357942696255361 0.0495804428020339 0.336035761058248
"136" 0.267275136849999 -0.0736019884894818 -0.958509972464786 0.428545751847533 0.0157610773894166 0.377447195772534 0.617437266982788 -0.206824350449248 -0.0486338615255457 -0.472395311477125 -0.170099918752354 -0.243319609578911 -0.0529550095421176 0.143433085883942 0.0102843016333143 0.458198589824413
"137" 3.66996661334044 -0.657505658515035 -0.549852378975814 0.0101945846537816 -0.0530214472227148 0.212903231604337 0.463439654324201 -0.199677607671279 1.0182088828944 -0.166957748947899 -0.0317571819951764 -0.0669982899003898 -5.27659114370695 0.799564500155686 -0.302425052958385 0.603258444924087
"138" 0.56956201718036 -0.252433646673287 -0.59138264400173 -0.0630839383044539 -0.109701089755316 0.0451948459297952 0.287404451346363 0.245680688077716 0.354230611737573 -0.00894699976315123 0.0263422269554351 0.00358346273831422 -1.13511288155418 0.597757693767317 -0.381667831518052 0.141870079513295
"139" 0.34974577309859 1.03795601727846 -0.560919278897726 0.0739727969088619 0.0530677914297004 0.307245576048155 0.263543232969467 -0.138759133444228 -0.595097690123891 -0.556702203711701 0.0839192810956099 -0.0134775780410727 0.256644943281332 -0.399772361477917 -0.422020688565071 0.393629141605153
"140" 1.28844172865821 1.72381602847256 0.186554237715566 -0.0094491521892639 0.238864229703587 0.475522217406058 0.0333708890469654 -0.704846770622037 -1.07666236931845 -0.91658537303834 0.0495879143505954 -0.0643221041720921 -0.0517460143951021 -1.33509737537626 0.0120623784327014 0.576406785725396
"141" 1.62611975975833 2.01983859467903 0.415439267683923 -0.101826409316199 0.26490756459564 0.464893662235133 -0.081253909084805 -0.786565864067711 -1.26019427072323 -0.970406543309382 0.0710836917634027 -0.0319701367990781 -0.232668403464793 -1.54129299025912 0.0683664622779974 0.559878731173065
"142" 1.80560415677696 2.20698338444577 0.503623239010021 -0.178015571851894 0.253213468177908 0.420159547572736 -0.147677927713121 -0.771924975195717 -1.38884496946382 -0.963227015435156 0.0892916517746973 0.00492829339044931 -0.329958077938051 -1.57259559967996 0.0659837958961385 0.506722670236044
"143" 1.25112539279875 1.8312054223775 0.0953285409191648 -0.179959386213951 0.131399512492176 0.28078532470179 -0.0466557658793835 -0.394112418379636 -1.10420608619417 -0.703391247313959 0.143151120665476 0.0896053384744135 -0.20139495243698 -0.972092022490389 -0.286020190099789 0.362364461363441
"144" -0.08746889982971 0.81165331094574 -0.0412504455277409 -0.51426208426128 0.140857183136437 0.0925577717551405 0.0113243851503966 0.272504574124979 -0.369506708858673 -0.261921184080611 0.0654014385963024 0.310311549287737 -0.217160271239419 0.0182372338331424 -0.139762744045047 -0.404899356087677
"145" 0.474776574324687 1.92498412585409 0.560253463344211 -1.1753812003139 0.348865056513971 0.110994014234473 -0.195334585260992 0.251028188738466 -1.13806866214606 -0.559631965069433 0.00767544972049367 0.572381571418347 -0.627122863737756 -0.363138006442363 0.340282299220674 -0.940778943639632
"146" 1.78261971816441 2.19792820388683 0.516012871164526 -0.474305328866448 0.053840341827839 -0.0744859190018914 -0.234254130559603 -0.392005726151188 -1.68728854265225 -0.442508351227412 0.035195312691527 0.165659981133611 -0.274436492401985 -0.85951692217897 0.130375712046473 -0.00368245375862841
"147" 1.75364944649288 1.98216729192966 0.427563746648163 -0.416456907812774 -0.075757630412526 -0.333920823310094 -0.214159303941185 -0.326547728736243 -1.72643483527174 -0.109245236003558 0.00944385944843384 0.150416562939387 -0.106585965455686 -0.564078008731571 0.076223594770684 -0.0261615502819268
"148" 1.55736831460149 1.620096626778 0.386781522305186 -0.438857142004621 -0.185783298129245 -0.673616757829025 -0.188556340153976 -0.206421575322245 -1.6920484111753 0.38582985621088 -0.0187335876437421 0.181482231892918 0.0491267947811584 -0.224868853247675 0.0185519237668652 -0.127881318518561
"149" 1.12893446550096 0.240951912262276 0.856555291398912 -0.45098079962456 -0.159041529218415 -1.01506956411476 -0.196759069038518 -0.33325764994447 -1.15737497085004 1.45429625696215 0.0229815831888309 0.132062973744972 0.0902606170320333 -0.655545502362192 -0.0705880421429859 0.103179907422085
"150" 1.27934297475384 -0.500968794659222 0.773697962102976 -0.99046819665296 -0.251463925451202 -1.21392799631045 -0.117551850334179 0.352525280380174 -1.03897298033118 2.02317112541659 -0.0785459881310606 0.444588635865433 0.256511179223377 -0.866493413535937 0.513945981883057 -1.0457862192317
"151" 1.47398919441434 0.804385839152136 0.261034401252831 -0.972634280983186 -0.486089867254073 -1.41967544439432 -0.105910669298852 0.498292441558835 -1.78664354788993 1.60501995893824 -0.10598161157268 0.541532434001109 0.42650462323523 0.243014757855721 0.123691972543974 -1.04535520644836
"152" 1.24250316762495 1.11306097524008 0.0316490306396395 -0.533676943416869 -0.510264310807657 -1.3364996127947 -0.0871987658735948 0.235901680754513 -1.88932181842152 1.40213970259751 -0.0650747576865414 0.373106725586432 0.388340523210335 0.590350512395096 -0.279474040846609 -0.429885313726416
"153" 1.21714792672886 1.03362413738041 -0.0305110423153485 -0.486559879031984 -0.546906145916064 -1.2099249978708 -0.0708529994564988 0.249833463057058 -1.94147833813079 1.34944094851417 -0.0527392168449579 0.378992604526726 0.399601138551156 0.608847114956657 -0.343561545096451 -0.383250857713499
"154" 1.07663777961469 0.550907192514704 -0.0834600546531765 -0.180684122550626 -0.51804061310413 -1.13242772898334 -0.0275939175356054 0.122440001595309 -1.99205560916898 1.64042973397366 -0.0490943170849017 0.280281366015966 0.322577666797015 0.413406745485359 -0.319716370077375 -0.197307744397982
"155" 0.0648377588161 -0.384520823835742 -0.413440560249094 0.446901157677846 -0.220099790240319 -1.42054069674744 0.133009945389759 0.0387407631015886 -2.31401862652743 2.93267087934766 -0.00726070778891888 0.244479188430031 -0.247832988536737 0.45389389491619 -0.636752339919591 0.165499736744053
"156" 0.516482376054769 0.359477390894951 -0.34731512972229 -0.116284691063208 -0.500915622692077 -0.410903277351513 0.042609525846541 0.260804125486664 -2.09781438771942 1.00501961471336 0.014803356832635 0.392281727178201 0.187963174791853 0.947402143384462 -0.634420080657057 -0.142828876124391
"157" 0.898352802347483 0.0745369203565678 -0.176457491396333 0.0278854689998411 -0.655876321421495 0.404050095626367 -0.00334623686132379 0.0269670812924101 -1.81690238382955 -0.0121959862505922 -0.00363800636370332 0.195816540187511 0.487855565190577 0.699537459352748 -0.294751790398458 -0.0421284511296989
"158" 0.769074667898344 -0.303563665219627 -0.177262771991235 0.23703002898987 -0.665366446788124 1.08110577608117 0.00923135194792371 -0.108847482378562 -1.67128502358615 -0.667540555872388 0.00675548831271122 0.0905706412718601 0.52060873140824 0.72900724733962 -0.20017485252901 0.0898889049577392
"159" 0.611383832029811 -0.681112697060305 -0.173909070700925 0.439222928211403 -0.655518957974082 1.77643350375577 0.0208275055912037 -0.243138407773195 -1.48461961201065 -1.36136071399559 0.0174234543675206 -0.0148339115821834 0.540885774989846 0.770035267531731 -0.101498103914909 0.216832080346713
"160" 0.450153758014942 -1.01588335248741 -0.165134681114221 0.605582322430518 -0.622155168626304 2.39542486740137 0.0299065877772123 -0.35656584680996 -1.25648772975372 -1.99768675133942 0.0269669717571905 -0.108862358077939 0.546793272976308 0.794450712022401 -0.00740417530505955 0.321658549341542
"161" 0.299845619925792 -1.25834172639221 -0.15533300073428 0.702928291590434 -0.557114928751508 2.82400444750046 0.0364019658510159 -0.422484349177089 -0.992980104948665 -2.45502731565283 0.0347924647334391 -0.17435921810231 0.529088721559294 0.779359956077011 0.0632554019713893 0.384760648859103
"162" 0.1704028749714 -1.36859078972563 -0.14800396131875 0.705194258921635 -0.45205077283209 2.96617049794372 0.0403376143998208 -0.419709319639396 -0.69877020903314 -2.62968466447817 0.0403247638472345 -0.197752600271258 0.479105017147826 0.704074090642906 0.0953193218224149 0.390854216615775
"163" 0.0606279104730882 -1.32970126768819 -0.144287135324161 0.602463872572504 -0.299556042495112 2.78003611860092 0.0416872266834903 -0.340166347916172 -0.373499579818751 -2.47616151556986 0.0432162959136734 -0.173916792701327 0.390903897045805 0.558895152354511 0.0828849969428456 0.334358166051544
"164" -0.0452013548605832 -1.15406571823777 -0.142257423799406 0.4052908053234 -0.0935933224925973 2.29544149552861 0.0402994390214987 -0.19256629459662 -0.00999565540556802 -2.02701977433445 0.0434550849682978 -0.108502284035652 0.262305399104008 0.349519292765475 0.0319801665706376 0.221971648028354
"165" -0.175420039581726 -0.878888258509958 -0.137398981706916 0.141654181251925 0.171320189087952 1.60138369640996 0.0359462134730611 0.000180078497562963 0.404613632544594 -1.37871469328852 0.0412837984223158 -0.0163062008063157 0.0940213839209378 0.093820612447796 -0.0413083165912438 0.0708735017971058
"166" -0.370932851974398 -0.552693889988724 -0.12413971918032 -0.155326332754302 0.509508176110232 0.807314428203216 0.0284446338336241 0.211146750741777 0.896847505844434 -0.649100771697664 0.0370986906832311 0.084525303608487 -0.116232520765256 -0.190927549798295 -0.117066458212926 -0.0984344748777026
"167" -0.753910014534302 -0.204638654600937 -0.0989392902983148 -0.509617491681065 1.06119471792358 -0.0487216229525259 0.0171542647996523 0.45755662381004 1.65210796765124 0.109568600604393 0.0329927455671658 0.194444689140067 -0.433908703536215 -0.557196045560625 -0.189409645688664 -0.29680585439813
"168" -1.42264304013626 0.217907110472243 -0.0564667098920715 -1.02749536394996 2.2328312960617 -0.943757805336425 -0.00546719819821295 0.802867278540092 2.93685413185202 0.817777063592686 0.0390801367114922 0.338654418846982 -1.10345912186231 -1.17872093594828 -0.25914933198653 -0.568370164299004
"169" -1.2807840696936 0.514663483412045 -0.000320253749714783 -1.10088374597845 2.76800966104926 -0.976274438283431 -0.0340428488356654 0.779724606012789 2.81842962750375 0.672684363733475 0.0490242660617574 0.332428939242185 -1.52958779727112 -1.37159800664484 -0.193345184567434 -0.566079016726931
"170" -0.488743805030647 0.273183392856021 0.00813379314261786 -0.483218885429121 1.3068225793715 -0.375745201455716 -0.0205608957638897 0.326457229326153 1.15407386258611 0.209838586204551 0.0250656062051502 0.14116708032466 -0.752683974489832 -0.627231625063266 -0.0692111292393585 -0.238308685856126
