-3.125895805440784869e+01
-2.356362457357288775e+01
-1.586829109273793037e+01
-1.816595788083912311e+01
-1.650595779500843463e+01
-1.799113354634011586e+01
-1.650595779500843463e+01
-8.839272227276955718e+00
-1.172586659545475030e+00
6.778737782238422938e+00
2.113404064096568646e+01
2.938504346575162174e+01
3.715550203131903118e+01
4.399768037767200468e+01
5.216833872986041598e+01
5.529476290777762415e+01
6.212963686322400747e+01
6.934630110266309089e+01
7.732069607599875383e+01
8.506410885086678775e+01
9.375783072762844483e+01
1.036301711389629361e+02
1.125998382494441046e+02
1.187013616002293190e+02
1.280666524952945622e+02
1.371236774267931366e+02
1.464296523021926362e+02
1.559440533597602609e+02
1.622573121399002787e+02
1.697983322100828616e+02
1.790837184063375105e+02
1.884965123377268128e+02
1.971250616477831556e+02
2.045579564035926410e+02
2.117285428133330925e+02
2.205857976268758875e+02
2.273508598274499946e+02
2.338073083840107245e+02
2.431772588405631268e+02
2.526738518526083794e+02
2.626014767847840972e+02
2.715350454189180027e+02
2.806821095030319952e+02
2.900783773527214748e+02
2.985078699314491359e+02
3.064861202624316547e+02
3.152964640998171717e+02
3.197224494382601847e+02
3.237659417890735654e+02
3.237606761851512829e+02
3.271641934922570840e+02
3.354632652961377062e+02
3.433755282704676688e+02
3.468240974514793606e+02
3.500482787455396192e+02
3.541505066195920222e+02
3.610958810658797233e+02
3.677051075306266625e+02
3.707568815379691500e+02
3.726192723070992656e+02
3.710290546226320885e+02
3.761953447681219700e+02
3.770143395774654778e+02
3.745751969507309695e+02
3.723579694821881390e+02
3.700562451525663619e+02
3.688517254613782939e+02
3.709155707481370996e+02
-1.367595787130238172e+01
-1.093101200337731171e+01
-8.533946925693074448e+00
-8.025958252772108281e+00
-9.699987501459558459e+00
-1.419796615788033201e+01
-1.981396977060593656e+01
-2.576124640002485933e+01
-2.922793081204662258e+01
-3.311556964473639653e+01
-3.950969121782378579e+01
-4.442978119370631873e+01
-4.991998818267813931e+01
-5.413777121210306831e+01
-5.933096653290554201e+01
-6.426595707021596127e+01
-6.426595707021596127e+01
-6.933688464038274901e+01
-7.316941008051989570e+01
-7.755448261331225979e+01
-8.087680634535779234e+01
-8.107595844350697689e+01
-8.969678044697057828e+01
-9.504469984054554743e+01
-9.979472395552555497e+01
-1.051825736533203042e+02
-1.101984622025351825e+02
-1.141800350928625392e+02
-1.202225631525242449e+02
-1.277974059524539427e+02
-1.320254692563421486e+02
-1.386249163080098299e+02
-1.433965675183721658e+02
-1.517702592879772396e+02
-1.606848011105623470e+02
-1.703587643023858789e+02
-1.795628987158591485e+02
-1.881281732115939178e+02
-1.969708221894527753e+02
-2.051795233051469154e+02
-2.138177643715008003e+02
-2.208960557971318508e+02
-2.293984784542452360e+02
-2.362025366155053803e+02
-2.441602398553957300e+02
-2.489470465210636974e+02
-2.560439456546063184e+02
-2.636452901440113692e+02
-2.715555684391806608e+02
-2.791912980748001587e+02
-2.845847204586095813e+02
-2.921657946431231494e+02
-3.002540084955454063e+02
-3.090043454842331130e+02
-3.180459444054210394e+02
-3.219584221950118490e+02
-3.288840654011176525e+02
-3.341167476322868879e+02
-3.398918584362430693e+02
-3.467914091819187092e+02
-3.538616849518139702e+02
-3.607972625216524420e+02
-3.641527337347965840e+02
-3.693372897628860301e+02
-3.735386653101572847e+02
-3.801299554813447230e+02
-3.845328536083623021e+02
-3.180459444054210394e+02
-3.259732247729124310e+02
-3.356030009034263344e+02
-3.454134694369384988e+02
-3.538779643285272982e+02
-3.618736243045037213e+02
-3.698797128647209433e+02
-3.782144816890034917e+02
-3.873867661679139474e+02
-3.946010050478630546e+02
-4.015449315634132859e+02
-4.093469715512094922e+02
-4.183309540196199237e+02
-4.245666790512025841e+02
-4.303977321914891832e+02
-4.374471649451654685e+02
-4.450714841984429881e+02
-8.107595844350697689e+01
-7.902756446490369058e+01
-7.766056411591512187e+01
-7.559765055991934446e+01
-7.458467428274832400e+01
-7.353166513073600186e+01
-7.241470132042871910e+01
-7.314742803811114413e+01
-7.100817444307202209e+01
-6.907608192428847360e+01
-6.858271324371506239e+01
-6.707753097523246311e+01
-6.254350054589227881e+01
-5.913577830947870950e+01
-5.641168675787660902e+01
-5.392354084605257469e+01
-5.006816268903320122e+01
-4.708543477093908081e+01
-4.631481147716360169e+01
-4.372059008291251558e+01
-4.165013419040117526e+01
-3.925755985869791687e+01
-3.714649726827743592e+01
-3.352574215936626700e+01
-3.056934841236935441e+01
-2.735512101711741195e+01
-2.382523416897736723e+01
-2.199227418639203080e+01
-2.014320691982832301e+01
-1.774253729076472297e+01
-1.869849207010507541e+01
-1.623543054060363033e+01
-1.389763473936991822e+01
-1.504918260235161931e+01
-1.518779482965004490e+01
-1.467679835802125154e+01
-1.637237141119543793e+01
-1.867041973528543508e+01
-1.813470701578792443e+01
-1.762735806420565154e+01
-1.843607295900299903e+01
-1.833372360777915944e+01
-1.879486406763554385e+01
-2.079802561106879111e+01
-1.770704752346568966e+01
-1.136477074517178920e+01
-5.429951566901197069e+00
-3.384617640289580009e-01
6.206973954031752783e+00
1.511377357481899253e+01
2.166273207823575575e+01
2.425260631127069644e+01
2.021645435377190836e+01
1.699624272547522708e+01
1.373024055166819579e+01
1.174471136577931674e+01
7.879532058291303542e+00
1.947648670100095458e+00
-8.025958252772108281e+00
-2.923717548406232325e+00
1.621198602636665598e+00
6.229762219954352531e+00
9.593444951327711578e+00
1.398404292978404584e+01
1.516922788623539020e+01
1.799404125131724896e+01
1.979513690659195646e+01
2.087419772282884622e+01
2.185178401782836488e+01
2.578843252182760182e+01
3.121309023003070848e+01
3.821265339134090766e+01
4.348418160013180511e+01
4.817731014828601843e+01
5.474162296059512300e+01
6.061228404507552625e+01
6.713639835840298531e+01
7.188078825323226795e+01
7.532277233117467574e+01
8.138144452344064916e+01
8.599876232603936899e+01
9.093979190913957211e+01
9.275572780978805554e+01
9.539705489146824391e+01
1.019889875412570746e+02
1.059351568946727866e+02
1.114547316093905067e+02
1.167540433875477106e+02
1.181921056002305193e+02
1.195269168310803991e+02
1.249038653266192682e+02
1.305500073895806565e+02
1.357350993329264668e+02
1.403783783856992500e+02
1.442248049455341743e+02
1.506840360633289606e+02
1.522134610467543894e+02
1.565635154853547135e+02
1.615110285881968935e+02
1.648870528217311744e+02
1.712731338903420522e+02
1.749965396178547508e+02
1.771943528896822215e+02
1.800823982607213622e+02
1.877200554851411027e+02
1.931007223863716433e+02
1.949488728115112508e+02
1.972225931688245169e+02
2.009565203278244780e+02
2.055628697472898239e+02
2.136846525466071967e+02
2.196080158981713453e+02
2.239704853917072285e+02
2.250383113605458618e+02
2.307136669322574960e+02
2.347340131154527114e+02
2.379582849558236148e+02
2.424447059203112644e+02
2.425184549045370659e+02
2.422286806839391602e+02
2.435796483385806823e+02
2.405740507117664606e+02
2.336754518144897190e+02
2.259343473935318798e+02
2.179290943273280732e+02
2.118307530278564172e+02
2.405740507117664606e+02
2.410002329010025619e+02
2.390318006786442879e+02
2.380540311805164606e+02
2.396657885097093299e+02
2.416414083660241090e+02
2.425544304932200816e+02
2.434944674149780894e+02
2.469646336291135640e+02
2.528020660894004550e+02
2.600617435394700578e+02
1.506840360633289606e+02
1.460309354018066585e+02
1.434896344739035783e+02
1.418752031717141051e+02
1.388662659200358007e+02
1.167540433875477106e+02
1.249770232339890299e+02
1.335719447206621737e+02
1.415567146685554860e+02
1.498233646246572164e+02
1.573935079573145117e+02
1.649337358287647248e+02
1.711144724752167008e+02
1.788891831745571324e+02
1.873854580615307270e+02
1.950747271136293080e+02
2.041356579541342740e+02
2.123720036942739284e+02
2.215251939381082877e+02
2.303385467835267377e+02
2.400228268962227958e+02
2.496259230919578158e+02
2.589137839147105069e+02
2.675054232406017718e+02
2.769166911522465853e+02
2.865681362793224594e+02
2.961793005942548689e+02
3.045818468021820422e+02
3.120556470136159533e+02
3.200253208456301763e+02
3.245574595157915496e+02
3.297139394831930304e+02
3.365828011371030470e+02
3.444613016004561814e+02
3.533617149131879955e+02
1.799404125131724896e+01
2.400468832768579119e+01
3.159508378762963332e+01
3.693349533910082982e+01
4.487409845710255496e+01
5.302010098678515249e+01
6.193047661568903095e+01
7.076359827395630475e+01
7.990318545761644486e+01
8.866243647505662295e+01
9.763477610039852550e+01
1.058215688902232898e+02
1.130195822964567753e+02
1.190340421668445856e+02
1.190340421668445856e+02
1.279875876711193428e+02
1.377553252255189875e+02
1.476279838508401099e+02
1.554778425670912156e+02
1.642856067252304797e+02
1.718223085937994483e+02
1.797719270713724313e+02
1.888743414610579805e+02
1.961739445728958344e+02
1.996512907507579939e+02
2.034687907701864731e+02
2.098214628865874829e+02
2.153221400150717386e+02
2.229001380741944729e+02
2.321324775496755421e+02
2.410159920151663755e+02
2.487216666585626967e+02
2.539979467168100200e+02
2.617785508422998646e+02
2.710732549413016841e+02
2.802936501703661065e+02
2.883199083600691210e+02
2.960070091558242780e+02
3.046240385047352106e+02
3.097042963106102320e+02
3.138274266397377801e+02
3.199418123454759098e+02
3.273625582981021580e+02
3.362868194105037674e+02
3.426092179537584457e+02
3.485371970629813632e+02
3.567913254199647781e+02
3.640270869253820933e+02
3.708240507117664606e+02
3.795457344625696123e+02
3.885448703828379280e+02
3.975632415818856202e+02
4.053145589080524474e+02
4.108409604814214617e+02
4.161333413647172961e+02
4.223636931070674905e+02
3.708240507117664606e+02
3.771946687274891588e+02
3.829191794584154422e+02
3.889114622445470673e+02
3.957476330748499436e+02
4.006209361853899509e+02
4.022925883726982192e+02
3.046240385047352106e+02
3.128649970288365125e+02
3.209863306229161140e+02
3.304041207162846376e+02
3.387618886998116636e+02
3.472840421668445856e+02
3.472840421668445856e+02
3.498855210241704867e+02
3.486740568152820856e+02
1.398404292978404584e+01
2.366730867111832026e+01
3.265005556333493075e+01
4.084918544685922370e+01
5.045884134753526240e+01
5.963993187738402924e+01
6.737083669500833594e+01
-1.421595783315540906e+01
-1.354166643563770123e+01
-8.912837239121325084e+00
-5.839441716481228895e+00
-1.862229902931547443e+00
2.274013712648992325e+00
5.218883022118845361e+00
6.908293360046428688e+00
8.554042624608264589e+00
7.850266203037385537e+00
5.963993228662253898e+00
3.923335646471050708e+00
-1.716446680357623933e-01
-5.866437620256206742e+00
-1.193595762334705945e+01
-1.735890738806970290e+01
-2.408037850273024461e+01
-2.928910491082370271e+01
-3.292826313074656497e+01
-3.466814522706550861e+01
-3.810192882953783311e+01
-4.365814947479523056e+01
-4.607192185905652337e+01
-4.868851896936032375e+01
-5.352920327253760746e+01
-5.573033736534419091e+01
-5.718166430815566770e+01
-6.336398450085972200e+01
-6.811635207967438532e+01
-7.296826804223168494e+01
-7.884151942403724433e+01
-8.334490295278239103e+01
-8.820449853687685504e+01
-9.378497757894139397e+01
-9.775771740738129267e+01
-1.033606821475082000e+02
-1.097177333555036824e+02
-1.169750452996216268e+02
-1.251938701472892603e+02
-1.341406887504742258e+02
-1.423639687590428480e+02
-1.499298047169334609e+02
-1.585104477303086128e+02
-1.678679324021165655e+02
-1.769689153188558350e+02
-1.844348808234913406e+02
-1.918798181490541594e+02
-1.991207410790572112e+02
-2.055417497929014701e+02
-1.193595762334705945e+01
-1.565512786375095189e+01
-1.822706712467794432e+01
-1.875157435735398082e+01
-1.508418522791873073e+01
-8.691267127531673964e+00
-2.091086556834410359e+00
5.226495783238277681e+00
1.235396171904099560e+01
1.906439158450364602e+01
2.483479591933669184e+01
2.907191993166362920e+01
3.161552397246411061e+01
3.358047977173104215e+01
3.516799721591792860e+01
3.792805931450992318e+01
4.412072872933497081e+01
5.063746232267732950e+01
5.883038722554914557e+01
6.783076949332141226e+01
7.376440288584423399e+01
8.063919237288929764e+01
8.387324954612427064e+01
8.925402576176745129e+01
9.600984829510872487e+01
1.043469167198673233e+02
1.125758064832646994e+02
1.215242527808900093e+02
1.304855729515529958e+02
1.344535147329671361e+02
1.379584872935879218e+02
1.405578936619213835e+02
1.420468560789746562e+02
1.417576076076469178e+02
1.437797907465376568e+02
8.554042624608264589e+00
1.308097588040840975e+01
1.644334669241334979e+01
2.185516878914212668e+01
2.800919718811054793e+01
3.497645045937961328e+01
4.074836014940489548e+01
4.759896759413224032e+01
5.303717009817147243e+01
5.826524547872205062e+01
6.310721095344706555e+01
6.721841973205695808e+01
7.334826632067866115e+01
7.955515009221979028e+01
8.678724310952333099e+01
9.427523468118937444e+01
1.023447473682267059e+02
1.103133027525373393e+02
1.155044420934557365e+02
1.215719555794557891e+02
1.291660583204612749e+02
1.370448740587723933e+02
1.436533138986160054e+02
1.509243357158749177e+02
1.578917841650719822e+02
1.647985428578937217e+02
1.706350821571089682e+02
1.779152738791777892e+02
1.831221919432904599e+02
1.862841413080871860e+02
1.877431769807230921e+02
1.872948338891629589e+02
1.856710622039500436e+02
1.815734291655954564e+02
1.801293023121743602e+02
1.783485797915552098e+02
1.749709572824832549e+02
1.730682538920582942e+02
1.704633143123680270e+02
1.691638872977312928e+02
1.678498271378072104e+02
1.664674134390413087e+02
1.662733201124430593e+02
1.702817741306201640e+02
1.743626839130992892e+02
1.789198378843628348e+02
1.829537779172743228e+02
1.866902052013969353e+02
1.847589682103078701e+02
1.813188495227193187e+02
1.777881440949093417e+02
1.766686870274789953e+02
1.766362915134428135e+02
1.779330550066427463e+02
-2.091595788083912311e+01
-2.409135805897864913e+01
-2.763798709691237221e+01
-3.709288107133426848e+01
-4.651145618861442443e+01
-5.575191617357274509e+01
-6.481536428255827786e+01
-7.401456804145222179e+01
-8.371725527844796488e+01
-9.346595783315541439e+01
-9.770302763887411857e+01
-9.346595783315541439e+01
-1.020165163124299283e+02
-1.108424520055813929e+02
-1.183737761685778480e+02
-1.266459581383311956e+02
-1.324963697527956867e+02
-1.403721053163338581e+02
-1.479436138692382769e+02
-1.563926430380036834e+02
-1.645465764508688835e+02
-1.725633266759015498e+02
-1.798495946813949331e+02
-1.846789161913247881e+02
-1.901121590985706575e+02
-1.985606490158610882e+02
-1.266459581383311956e+02
-1.338225898434839394e+02
-1.424730203395419323e+02
-1.509405030487790214e+02
-1.596411399070638879e+02
-1.670993432109606829e+02
-1.763632521027856797e+02
-1.847755966499277065e+02
-1.946276068865696516e+02
-2.031410433339388817e+02
-2.127169958738902551e+02
-2.208314687275258166e+02
-2.281248090083165039e+02
-2.369051346177356550e+02
-2.454982311027103492e+02
-2.529378341605884941e+02
-2.608400412068236847e+02
-2.667204462167953807e+02
-2.733733361753110103e+02
-2.765233624849635135e+02
-2.815365080524934456e+02
-2.884883955014532830e+02
-2.959085891537986868e+02
-3.049464965854232901e+02
-3.139709086006201346e+02
-3.228278818929946397e+02
-3.320358428434046800e+02
-3.398559770425924853e+02
-3.491147609796892652e+02
-3.588944137373340482e+02
-3.680042462492328923e+02
6.423144313314094411e+00
6.423144313314094411e+00
6.423144313314094411e+00
5.013144346692695486e+00
-2.968554768775559793e-01
-1.958236825620878641e+00
-2.968554768775559793e-01
-2.240459099467515536e+00
-4.184062722057475092e+00
-6.496107564140525703e+00
-1.009685614444957835e+01
-1.267206646973230377e+01
-1.215468589476634520e+01
-6.496692122117106116e+00
-1.379355869339013552e+00
6.658588910497369895e+00
1.310101520277052956e+01
1.690235206083518449e+01
2.154967774134722802e+01
2.405962628801092507e+01
2.634314438960803884e+01
2.764988480662529469e+01
2.709426263484920128e+01
2.174860191885140281e+01
2.331976160062972880e+01
2.683559933417412680e+01
2.789524263439041007e+01
3.078734284743388372e+01
3.760715297267821455e+01
4.101861421730331614e+01
4.209317829971413971e+01
4.487162503868437824e+01
4.556184552294016044e+01
4.356593256843118667e+01
4.982288550459366405e+01
5.369290636330171651e+01
4.746351483983694663e+01
4.003168065462560321e+01
3.661591854288639070e+01
3.354115786878725203e+01
3.320885105243021940e+01
2.972788361387319256e+01
2.686254089944156220e+01
2.351467499452596144e+01
2.116951935312259536e+01
1.939519843220026729e+01
2.402244446854691518e+01
3.293883599815383434e+01
4.197684228998072342e+01
5.160572653253756670e+01
5.844076635023616006e+01
6.007299436988909491e+01
6.615229816750102998e+01
7.487103734930589383e+01
8.352841002282140437e+01
9.262199721710297240e+01
9.979363433941531980e+01
1.070863474881833781e+02
1.165856702620340144e+02
1.262541381888967180e+02
1.361058451721220308e+02
1.438764345073453796e+02
1.533758167823674512e+02
1.630508525942068445e+02
1.727461230359781439e+02
1.822610905896775364e+02
1.915969804394284779e+02
2.009034112545361097e+02
6.513144316890373098e+00
1.263496658354874569e+01
1.956049477002521897e+01
2.629314515254749196e+01
3.397071820990288415e+01
4.245414048357530135e+01
4.816768113714957877e+01
5.554909133452586900e+01
6.451565234765931223e+01
7.148270343925581471e+01
7.739204232634791936e+01
8.564219602779397178e+01
9.245724340315250345e+01
9.986628926146978813e+01
1.072206401529539477e+02
1.139131421770836283e+02
1.139131421770836283e+02
1.189984276148809244e+02
1.265573303608489653e+02
1.338355726859852268e+02
1.417858477331506890e+02
1.503731412615562704e+02
1.550419530138207449e+02
1.631046084373580811e+02
1.715555790567532881e+02
1.796864334539284300e+02
1.881625434127745393e+02
1.972174452016593875e+02
2.049455882766064008e+02
2.113374992700710493e+02
2.202811234955474617e+02
2.275499680036349730e+02
2.350635173515700274e+02
2.390004786007081350e+02
2.412944354263385378e+02
2.412813018046940385e+02
2.400711923112153272e+02
2.396120724934336295e+02
2.440972822315042094e+02
2.480121364366748651e+02
2.519350896863644209e+02
2.572244956409839460e+02
2.622090115666417773e+02
2.689052552041971467e+02
2.745991162314779217e+02
2.793533145074192134e+02
2.862839128088814391e+02
2.925769667381501336e+02
2.985357779290400231e+02
3.048710329063744098e+02
3.123006986468067794e+02
3.173677351527100541e+02
3.229893601768673648e+02
3.275093882221387389e+02
3.314631528582359579e+02
3.394690415324672017e+02
3.456900447420150613e+02
3.538876972275631374e+02
3.617149460179213065e+02
3.677405899426256042e+02
3.714749266009661710e+02
3.771430557476780336e+02
3.845974600147595766e+02
3.917297721201578042e+02
3.995641422866692665e+02
4.051157738843359084e+02
4.124846668315635156e+02
3.314631528582359579e+02
3.274443177107304450e+02
3.276356601065111818e+02
3.278123528847233388e+02
3.278384786645808049e+02
3.297339957791530196e+02
3.301087159242227358e+02
3.308933992586137833e+02
3.340929925278288124e+02
3.381612304217553060e+02
3.416405004263669980e+02
3.453065435028074717e+02
3.466033974443979560e+02
3.506433572623480472e+02
3.566396715353402556e+02
3.612387885872416859e+02
3.673044049411545302e+02
1.503731412615562704e+02
1.584304594899085430e+02
1.668821911981262645e+02
1.754819580385988900e+02
1.840472379065683128e+02
1.937164318803177707e+02
2.032940409994531308e+02
2.130221140324527767e+02
2.224993105465941881e+02
2.317461450906806135e+02
2.401745134114963776e+02
2.485060109947936837e+02
2.571416549726849894e+02
2.657567490381800894e+02
2.749033815973359083e+02
2.829306340932229205e+02
2.904436860145049195e+02
2.988983702156376125e+02
3.081503471104071537e+02
3.176320109518686650e+02
3.272403650304735834e+02
3.350126720247147887e+02
3.445260419311907185e+02
3.534871522042952279e+02
3.627719842981693432e+02
3.720197384192536560e+02
3.795541964555204686e+02
3.889500990847691355e+02
3.974670304496964945e+02
4.058560446198400768e+02
4.155342294888923220e+02
4.240974408876288635e+02
4.328817552607309267e+02
4.426039827258836681e+02
4.509586523697884672e+02
4.607387230259732291e+02
4.703221992367039661e+02
4.798556402215800745e+02
4.896496586418292054e+02
4.994440454335542086e+02
5.091744980702296743e+02
5.188153293410581455e+02
5.272550264585242985e+02
5.365553819392750938e+02
5.456177820204459294e+02
5.513964469790819294e+02
5.578675049147479967e+02
5.659473662401119327e+02
5.714815275889807253e+02
5.755257336420099818e+02
5.802436276918502926e+02
5.874736254329019403e+02
5.963776783500807142e+02
6.052789341758167438e+02
6.125845757108413636e+02
6.221002784164310242e+02
6.311288156913725516e+02
6.388736061741296908e+02
2.629314515254749196e+01
3.140464299960672179e+01
3.668397190528624208e+01
4.211517191719070041e+01
4.965638759552808779e+01
5.644314477107776895e+01
6.397517822482176086e+01
7.218314644954456583e+01
8.165975949502245612e+01
8.994682142598692565e+01
9.927494208427066269e+01
1.080943191095570484e+02
1.156789168560084704e+02
1.218889530166738240e+02
1.281480506572871434e+02
1.344601920219254794e+02
1.389324729639607199e+02
1.456148660521759552e+02
1.520470492339275665e+02
1.599372604682533279e+02
1.688318695948316872e+02
1.760996154505718891e+02
1.844426609425236734e+02
1.916741664841501063e+02
2.011565070346954940e+02
2.104063485291388815e+02
2.171953794953640795e+02
2.259241133634867538e+02
2.337085273535681438e+02
2.417431516375328329e+02
2.511562411660805765e+02
2.603331036773950586e+02
2.681987985899229443e+02
2.752794584296685798e+02
2.830019975656481961e+02
2.903996838003949392e+02
2.987071170823797956e+02
3.055831479754234579e+02
3.144918725638033834e+02
3.227798311128134401e+02
3.311350657876029118e+02
3.402262636072295550e+02
3.470343955659091648e+02
3.558475846357188175e+02
3.652672915089389107e+02
3.742770154116933554e+02
3.802765356900586085e+02
3.882622606532093528e+02
3.973751159723521482e+02
4.036279552653700762e+02
4.114747411174748208e+02
4.195155077676410542e+02
4.226292259187978289e+02
4.299144095081668979e+02
4.374714319884932934e+02
4.468072062889322069e+02
4.525084992240825272e+02
4.594167221729783250e+02
4.664377440268401074e+02
4.746153600381367141e+02
4.836036304567076627e+02
4.933462631303631269e+02
5.028917367583477471e+02
5.115431394305015829e+02
5.140013148077388223e+02
5.153629680633144972e+02
5.143319703912897012e+02
5.110855757705103315e+02
5.115431394305015829e+02
5.187610946116292325e+02
5.256932807031256516e+02
5.334038990248360506e+02
5.404408987813774274e+02
5.484620213874393357e+02
5.561737793094281415e+02
5.650746504887935089e+02
5.715806993294593212e+02
5.784582707635128145e+02
5.827488148849985237e+02
3.055831479754234579e+02
3.130270531532160589e+02
3.197055731165078782e+02
3.264948714109214620e+02
3.311313972287034062e+02
2.417431516375328329e+02
2.459681607932038503e+02
2.506367706595934806e+02
2.541577182820762459e+02
2.570657215147198826e+02
2.624297399531573092e+02
2.642400705741970341e+02
2.707064939311963485e+02
2.766706092295605686e+02
2.804963129622848896e+02
2.860891108889977090e+02
2.887498312884090410e+02
2.914591502568404167e+02
2.945599998526092236e+02
2.985263656138664032e+02
2.986390697590925356e+02
2.986991655738260079e+02
3.016889217222622506e+02
3.041710945431466371e+02
3.065108765499069250e+02
3.074737389016210614e+02
3.093110250737367437e+02
3.104160290120231025e+02
3.118825089130348829e+02
3.126209816044460581e+02
3.168570026888788220e+02
3.200363958438665577e+02
3.252934124526031496e+02
3.289009367581290917e+02
3.308644672752305951e+02
7.218314644954456583e+01
7.712297661033755958e+01
8.242863789464932722e+01
8.939846972775784195e+01
9.290458101482394682e+01
9.596013426018380699e+01
9.845174529311893252e+01
1.007239549273665205e+02
1.015784897839273526e+02
1.037186912954764750e+02
1.045872489909115615e+02
1.029220563661065881e+02
1.030907069766778790e+02
1.095931424822594096e+02
1.095931424822594096e+02
1.104163412572107887e+02
1.120540845714507725e+02
1.109516519356409958e+02
1.126980399869248686e+02
1.148181962553200890e+02
1.183714921071435953e+02
1.233084272523080074e+02
1.271644377507578270e+02
1.306786194375712853e+02
1.371597072899234888e+02
1.452484259126441657e+02
1.512796441049760574e+02
1.575045150775574996e+02
1.635887553532986658e+02
1.670882003440789845e+02
1.713641945235189326e+02
1.757728742418921968e+02
1.820718840615923284e+02
1.829494565107591768e+02
1.798769951475187554e+02
1.763356400019436876e+02
1.721190169944497939e+02
1.691100144387451394e+02
1.652131375994468954e+02
1.584959792940785519e+02
1.512422519098995224e+02
1.446953881473312151e+02
1.423158780020783922e+02
1.414631545603938321e+02
1.377031738626253627e+02
1.323709299525845609e+02
1.316947883236649375e+02
1.366118077525172509e+02
1.409931516375328329e+02
1.431318755994012974e+02
1.429832196462922127e+02
1.430340493522181475e+02
1.387657907652668712e+02
1.320000670995583789e+02
1.257543624987992246e+02
1.192782173437783371e+02
1.409931516375328329e+02
1.475975386060360677e+02
1.531183876083072448e+02
1.590254011064250221e+02
1.647858133338944242e+02
1.719229052562282618e+02
1.802914300774019978e+02
1.652131375994468954e+02
1.689660691669079711e+02
1.737911670139330340e+02
1.745324892773956549e+02
1.772712757193032758e+02
1.809031400408531454e+02
1.809031400408531454e+02
1.861239048492194001e+02
1.917997643952321596e+02
5.644314477107776895e+01
5.604454415361323782e+01
5.253901561251480246e+01
5.079873924587437983e+01
5.114095426847943315e+01
5.150014782858519169e+01
5.000461018010241077e+01
-1.847685530521617991e+01
-2.766813251500875381e+01
-3.623871704905155156e+01
-4.548413381374689379e+01
-5.428323626700323956e+01
-6.249608280241102420e+01
-7.179621859042659082e+01
-8.140079010196357956e+01
-9.102685263492809042e+01
-9.900400396710070083e+01
-1.074131992483977740e+02
-1.160164847818983134e+02
-1.233363353381836731e+02
-1.298378094096530049e+02
-1.353568544659827921e+02
-1.430463650688159021e+02
-1.500046190198101783e+02
-1.582504668788889717e+02
-1.672994861121059955e+02
-1.763994047868089297e+02
-1.854321947393777634e+02
-1.932566006467469322e+02
-2.026917948206176732e+02
-2.120877319915316264e+02
-2.205241345599505109e+02
-2.300423210668710112e+02
-2.396888519893041973e+02
-2.472338894556024798e+02
-2.557689869549280388e+02
-2.641424730484412180e+02
-2.712748893178932121e+02
-2.799431133762154786e+02
-2.881445238536570628e+02
-2.956635985899088155e+02
-3.045887430666422802e+02
-3.125843783337782611e+02
-3.199843132429610364e+02
-3.264888668728987113e+02
-3.306036517922495364e+02
-3.337556370373824848e+02
-3.387361329012343845e+02
-3.437926053792307926e+02
-3.476455277988856665e+02
-3.498082910534636767e+02
-3.521493362141984562e+02
-3.584348746599292213e+02
-3.647590002363629083e+02
-3.712762464537937035e+02
-3.786390249263957912e+02
-1.353568544659827921e+02
-1.326897083333948615e+02
-1.330908388311573844e+02
-1.372128771184721643e+02
-1.434733154027450723e+02
-1.481635862802482677e+02
-1.538874332817443360e+02
-1.589766494333957496e+02
-1.653359269362377688e+02
-1.690600496814026599e+02
-1.770749752058010245e+02
-1.859203691667477187e+02
-1.935167179054638780e+02
-2.030868500763006352e+02
-2.124891999782038283e+02
-2.206479402223487796e+02
-2.278489135781431116e+02
-2.327612818817307243e+02
-2.328915655525944715e+02
-2.357718167248576151e+02
-2.395472622607227606e+02
-2.454536120020681267e+02
-2.528304045856934863e+02
-2.607740139750331991e+02
-2.663286170877640302e+02
-2.711868410382484171e+02
-2.734799963482192311e+02
-2.761669065509653933e+02
-2.773884414392296662e+02
-2.850018366642179899e+02
-2.942609325283311250e+02
-3.035132178297190535e+02
-3.122581920634850121e+02
-3.212770573810244628e+02
-3.280786496826610232e+02
-9.102685263492809042e+01
-9.704264181175048520e+01
-1.044775636207420320e+02
-1.098888722884177724e+02
-1.154690156129906740e+02
-1.209380756119894187e+02
-1.269599102659475562e+02
-1.338545987237324084e+02
-1.408086686058652788e+02
-1.490893269649563990e+02
-1.575716376193609847e+02
-1.653736230317431364e+02
-1.728502423269613075e+02
-1.787873215541691820e+02
-1.853609006961683576e+02
-1.902237714124470642e+02
-1.952183012968257287e+02
-1.998050539406607413e+02
-2.066490311981926595e+02
-2.118995891019165470e+02
-2.180878101202088999e+02
-2.239577453703907395e+02
-2.295471933101850937e+02
-2.360635655944891198e+02
-2.429309859355139736e+02
-2.475644113604159315e+02
-2.538974685328335568e+02
-2.580390994775944478e+02
-2.631413501247909608e+02
-2.718578317351348801e+02
-2.801524130515154525e+02
-2.899105459846394410e+02
-2.996014090788682438e+02
-3.084110382907321650e+02
-3.160033716807768087e+02
-3.226827454518563627e+02
-3.303972586231839159e+02
-3.367968201242969144e+02
-3.434857575612669507e+02
-3.514764723056978255e+02
-3.601046506314908697e+02
-3.683989782604186303e+02
-3.757698309739320734e+02
-3.835422822671322365e+02
-3.906990950438369055e+02
-3.977901093427697106e+02
-4.067498650580243975e+02
-4.155704264998824442e+02
-4.250808637876324951e+02
-4.335315721853020250e+02
-4.422121062982300259e+02
-4.508709522534354619e+02
-4.606839131271447627e+02
-4.704282107380591924e+02
-2.868557248328782450e-01
3.537158151024792918e+00
2.631849293003318380e+00
3.073780188672761149e+00
4.433032043288973156e+00
3.019762045300886655e+00
3.486327489244175570e+00
9.190546582441694312e-02
-9.508228616802165689e-01
-8.268556866859055887e-01
4.071391818603104618e+00
-8.268556866859055887e-01
-2.046720500878808302e+00
-2.337849205234864947e+00
-1.578181585118481500e+00
-3.006855991861686839e+00
4.540726347794009854e+00
8.421321588206970077e+00
1.380621198319675180e+01
1.718131191783937695e+01
2.215614651129603629e+01
2.745618715450383718e+01
3.055720749022114902e+01
3.785962906647576176e+01
4.513069272633172346e+01
4.987061433157285961e+01
-3.006855991861686839e+00
-7.836514596254958498e+00
-1.013278412773221504e+01
-1.007555629708496525e+01
-1.147138488224875985e+01
-1.147875452972622412e+01
-1.371858448222970495e+01
-1.460642819291111749e+01
-1.378419440793887674e+01
-1.320795025690634006e+01
-1.449745328929729027e+01
-1.770777265621945062e+01
-2.223995453206626394e+01
-2.639392377956768243e+01
-3.024762267771170698e+01
-3.496404798852211826e+01
-3.968362417993024849e+01
-4.534395859536542162e+01
-4.893937870698662351e+01
-4.843753912502298675e+01
-5.207899475757297125e+01
-5.537792960854616808e+01
-5.958249963167173746e+01
-6.203114856906532282e+01
-6.620231747216489282e+01
-7.050134735966555866e+01
-6.964109172336921461e+01
-6.468215657610535629e+01
-6.152533328768367937e+01
-6.134254115654469786e+01
-6.497562459582955796e+01
-7.235168088959339272e+00
-7.235168088959339272e+00
-7.235168088959339272e+00
-4.115168203400257241e+00
-9.851680889593392720e-01
5.140216194466246336e+00
-9.851680889593392720e-01
1.820264132170086313e+00
4.625696353299511898e+00
5.264831911040660728e+00
5.264831911040660728e+00
8.203946199105416781e+00
1.251655812709203452e+01
1.463483275027405917e+01
1.463483275027405917e+01
1.776483191104065895e+01
1.776483191104065895e+01
2.220109583477762527e+01
2.401483191104065895e+01
2.009155120999648858e+01
1.776483191104065895e+01
1.776483191104065895e+01
1.629263581325742649e+01
1.151483191104066073e+01
1.151483191104066073e+01
1.073701756597420776e+01
8.384831796599742759e+00
8.384831796599742759e+00
8.384831796599742759e+00
8.384831796599742759e+00
1.139682148684036100e+01
1.151483191104066073e+01
1.151483191104066073e+01
1.236020990752277804e+01
1.151483191104066073e+01
1.151483191104066073e+01
8.563926645666391835e+00
8.384831796599742759e+00
8.384831796599742759e+00
8.384831796599742759e+00
8.384831796599742759e+00
6.918054071220149481e+00
5.264831911040660728e+00
5.264831911040660728e+00
7.858118886268970371e+00
8.378549423388543360e+00
8.384831796599742759e+00
8.384831796599742759e+00
8.384831796599742759e+00
8.713587039568142956e+00
1.252030847082651910e+01
1.776483191104065895e+01
1.776483191104065895e+01
1.700781777663788574e+01
1.463483275027405917e+01
1.463483275027405917e+01
1.463483275027405917e+01
1.463483275027405917e+01
1.463483275027405917e+01
1.463483275027405917e+01
1.463483275027405917e+01
1.463483275027405917e+01
1.463483275027405917e+01
1.463483275027405917e+01
1.463483275027405917e+01
1.463483275027405917e+01
1.695238179418325331e+01
1.776483191104065895e+01
1.324483145327698885e+01
1.770783784583422005e+01
2.088483275027405739e+01
2.401483191104065895e+01
2.713483084292542458e+01
2.713483084292542458e+01
3.026483191104065895e+01
3.026483191104065895e+01
3.026483191104065895e+01
3.244801162771818781e+01
3.026483191104065895e+01
3.026483191104065895e+01
3.126742273191941734e+01
3.338483084292542458e+01
3.338483084292542458e+01
3.651483191104065895e+01
3.651483191104065895e+01
3.651483191104065895e+01
3.651483191104065895e+01
3.651483191104065895e+01
3.651483191104065895e+01
3.651483191104065895e+01
3.651483191104065895e+01
3.651483191104065895e+01
3.651483191104065895e+01
3.651483191104065895e+01
3.651483191104065895e+01
3.651483191104065895e+01
3.651483191104065895e+01
3.651483191104065895e+01
3.651483191104065895e+01
3.651483191104065895e+01
3.963483084292542458e+01
3.883645309275472357e+01
3.651483191104065895e+01
3.651483191104065895e+01
3.863525174062414891e+01
4.276483191104065895e+01
4.276483191104065895e+01
3.988441989740375249e+01
3.963483084292542458e+01
3.651483191104065895e+01
3.651483191104065895e+01
3.651483191104065895e+01
3.651483191104065895e+01
3.026483191104065895e+01
3.026483191104065895e+01
3.026483191104065895e+01
3.026483191104065895e+01
3.026483191104065895e+01
3.217127714891070411e+01
3.338483084292542458e+01
3.338483084292542458e+01
3.338483084292542458e+01
3.338483084292542458e+01
3.173966781622208089e+01
3.026483191104065895e+01
3.026483191104065895e+01
3.026483191104065895e+01
3.169907284806747327e+01
3.709540357362165253e+01
3.963483084292542458e+01
3.681664628325929556e+01
3.478233671810711058e+01
3.338483084292542458e+01
3.651483191104065895e+01
3.338483084292542458e+01
3.338483084292542458e+01
3.026483191104065895e+01
3.026483191104065895e+01
3.026483191104065895e+01
2.734350964239217774e+01
2.780516448089318970e+01
2.841980049864694280e+01
3.026483191104065895e+01
3.026483191104065895e+01
3.247536804771897323e+01
3.338483084292542458e+01
3.651483191104065895e+01
3.870634041181160967e+01
3.852435841771859515e+01
3.651483191104065895e+01
3.963483084292542458e+01
3.963483084292542458e+01
3.651483191104065895e+01
3.963483084292542458e+01
4.276483191104065895e+01
4.588483084292542458e+01
4.881954295355679818e+01
4.901483191104065895e+01
4.901483191104065895e+01
4.901483191104065895e+01
4.901483191104065895e+01
4.901483191104065895e+01
4.588483084292542458e+01
4.901483191104065895e+01
4.901483191104065895e+01
4.901483191104065895e+01
4.901483191104065895e+01
5.213483084292542458e+01
4.901483191104065895e+01
4.901483191104065895e+01
4.901483191104065895e+01
4.901483191104065895e+01
4.901483191104065895e+01
4.588483084292542458e+01
4.588483084292542458e+01
4.588483084292542458e+01
4.588483084292542458e+01
4.588483084292542458e+01
4.276483191104065895e+01
4.276483191104065895e+01
3.963483084292542458e+01
3.654334296577259522e+01
3.651483191104065895e+01
3.858895543132874906e+01
3.963483084292542458e+01
3.963483084292542458e+01
3.657038861543784947e+01
3.651483191104065895e+01
3.651483191104065895e+01
3.651483191104065895e+01
3.651483191104065895e+01
3.651483191104065895e+01
3.651483191104065895e+01
3.651483191104065895e+01
3.338483084292542458e+01
3.338483084292542458e+01
3.338483084292542458e+01
3.651483191104065895e+01
3.914244509061228428e+01
3.963483084292542458e+01
3.651483191104065895e+01
3.651483191104065895e+01
3.934542053160905084e+01
3.963483084292542458e+01
3.963483084292542458e+01
3.873941136246798322e+01
3.963483084292542458e+01
3.963483084292542458e+01
3.963483084292542458e+01
3.963483084292542458e+01
2.401483191104065895e+01
2.798496509749487160e+01
3.199657701067935989e+01
3.338483084292542458e+01
3.338483084292542458e+01
3.338483084292542458e+01
3.651483191104065895e+01
3.651483191104065895e+01
3.651483191104065895e+01
3.338483084292542458e+01
3.338483084292542458e+01
3.338483084292542458e+01
3.338483084292542458e+01
3.338483084292542458e+01
3.651483191104065895e+01
3.338483084292542458e+01
3.651483191104065895e+01
3.651483191104065895e+01
3.651483191104065895e+01
3.651483191104065895e+01
3.651483191104065895e+01
3.651483191104065895e+01
3.651483191104065895e+01
3.651483191104065895e+01
3.651483191104065895e+01
3.651483191104065895e+01
3.651483191104065895e+01
3.651483191104065895e+01
3.651483191104065895e+01
3.651483191104065895e+01
3.651483191104065895e+01
3.651483191104065895e+01
3.651483191104065895e+01
3.904405374238876902e+01
4.020478050524995695e+01
4.403869069144320036e+01
4.588483084292542458e+01
4.588483084292542458e+01
4.829914305780796724e+01
4.901483191104065895e+01
4.901483191104065895e+01
4.901483191104065895e+01
4.901483191104065895e+01
4.901483191104065895e+01
4.901483191104065895e+01
4.901483191104065895e+01
4.901483191104065895e+01
4.901483191104065895e+01
4.815832749720940598e+01
4.740404767027084176e+01
4.588483084292542458e+01
4.588483084292542458e+01
4.276483191104065895e+01
4.298140800829762753e+01
4.588483084292542458e+01
4.604450215169238447e+01
4.901483191104065895e+01
5.063567650062165626e+01
5.204856862022991493e+01
5.213483084292542458e+01
5.526483191104065895e+01
5.526483191104065895e+01
5.526483191104065895e+01
5.526483191104065895e+01
5.206266982345675132e+01
4.901483191104065895e+01
4.626206329206256385e+01
4.276483191104065895e+01
5.526483191104065895e+01
4.982041118682422365e+01
5.157007216905542890e+01
4.901483191104065895e+01
4.711557464800299044e+01
4.901483191104065895e+01
4.588483084292542458e+01
4.588483084292542458e+01
4.901483191104065895e+01
4.901483191104065895e+01
4.901483191104065895e+01
4.588483084292542458e+01
4.588483084292542458e+01
4.918001282121632300e+01
5.095445648048203680e+01
5.049798762142850705e+01
3.651483191104065895e+01
3.338483084292542458e+01
3.338483084292542458e+01
3.651483191104065895e+01
3.963483084292542458e+01
3.876053804528091717e+01
3.963483084292542458e+01
4.276483191104065895e+01
4.276483191104065895e+01
4.483481687462479925e+01
4.588483084292542458e+01
4.588483084292542458e+01
4.310700168621363559e+01
4.276483191104065895e+01
4.276483191104065895e+01
4.276483191104065895e+01
4.276483191104065895e+01
4.276483191104065895e+01
4.553873515748743728e+01
4.588483084292542458e+01
4.588483084292542458e+01
4.588483084292542458e+01
4.901483191104065895e+01
5.421545641954208605e+01
5.677407422042574581e+01
6.388213697056930584e+01
7.153743036361531438e+01
7.401483191104065895e+01
7.713483465762269020e+01
7.713483465762269020e+01
3.651483191104065895e+01
3.963483084292542458e+01
3.963483084292542458e+01
4.087600796804927228e+01
4.276483191104065895e+01
4.276483191104065895e+01
4.276483191104065895e+01
4.276483191104065895e+01
4.276483191104065895e+01
4.276483191104065895e+01
4.276483191104065895e+01
3.971689288880691748e+01
3.933391981136495730e+01
3.963483084292542458e+01
3.963483084292542458e+01
3.651483191104065895e+01
3.651483191104065895e+01
3.651483191104065895e+01
3.499072331809429670e+01
3.578164840409439051e+01
3.167686152659077692e+01
3.026483191104065895e+01
3.026483191104065895e+01
3.338483084292542458e+01
3.963483084292542458e+01
4.276483191104065895e+01
4.588483084292542458e+01
4.901483191104065895e+01
4.901483191104065895e+01
4.901483191104065895e+01
4.901483191104065895e+01
4.606288031248312365e+01
4.276483191104065895e+01
3.963483084292542458e+01
3.963483084292542458e+01
3.963483084292542458e+01
4.177165173259046327e+01
4.543747940229072668e+01
4.588483084292542458e+01
4.736980673961105026e+01
4.901483191104065895e+01
4.901483191104065895e+01
5.213483084292542458e+01
5.213483084292542458e+01
5.585970282157426681e+01
5.838483465762269020e+01
5.838483465762269020e+01
5.780101844919876442e+01
5.526483191104065895e+01
5.526483191104065895e+01
5.526483191104065895e+01
5.526483191104065895e+01
5.526483191104065895e+01
5.446460332586947573e+01
5.213483084292542458e+01
5.213483084292542458e+01
5.526483191104065895e+01
5.526483191104065895e+01
5.213483084292542458e+01
4.991283399947903376e+01
4.901483191104065895e+01
5.015715833047032390e+01
5.213483084292542458e+01
4.588483084292542458e+01
4.352343744289419192e+01
4.276483191104065895e+01
4.276483191104065895e+01
4.037988545392796169e+01
3.963483084292542458e+01
3.963483084292542458e+01
3.427816843931186952e+01
3.026483191104065895e+01
3.338483084292542458e+01
3.338483084292542458e+01
3.338483084292542458e+01
3.651483191104065895e+01
3.651483191104065895e+01
3.745074400350378596e+01
4.164570107899464801e+01
8.384831796599742759e+00
1.151483191104066073e+01
1.151483191104066073e+01
1.151483191104066073e+01
1.152601485584437491e+01
1.463483275027405917e+01
1.463483275027405917e+01
1.463483275027405917e+01
1.463483275027405917e+01
1.956216005483113207e+01
2.355586557470810760e+01
2.702044110515441844e+01
3.143323390469707590e+01
3.504802242997126172e+01
3.963483084292542458e+01
4.226235996714508047e+01
4.276483191104065895e+01
4.276483191104065895e+01
4.276483191104065895e+01
3.972338323658744486e+01
3.963483084292542458e+01
3.963483084292542458e+01
3.963483084292542458e+01
3.963483084292542458e+01
3.963483084292542458e+01
3.963483084292542458e+01
3.963483084292542458e+01
3.963483084292542458e+01
3.963483084292542458e+01
4.001103362537635633e+01
4.276483191104065895e+01
4.276483191104065895e+01
4.175810348997564603e+01
3.963483084292542458e+01
3.963483084292542458e+01
3.963483084292542458e+01
3.963483084292542458e+01
3.963483084292542458e+01
3.784762776338451573e+01
3.651483191104065895e+01
3.719318220474453796e+01
3.867190763946848620e+01
3.651483191104065895e+01
3.651483191104065895e+01
3.651483191104065895e+01
3.651483191104065895e+01
3.651483191104065895e+01
3.651483191104065895e+01
3.651483191104065895e+01
3.963483084292542458e+01
4.828184065104447598e+01
5.704415904909276946e+01
6.463483465762269020e+01
6.787718551805745903e+01
7.088483465762269020e+01
7.258401145868116089e+01
7.401483191104065895e+01
7.401483191104065895e+01
7.088483465762269020e+01
7.088483465762269020e+01
7.088483465762269020e+01
6.776483191104065895e+01
6.776483191104065895e+01
6.845677804168693115e+01
7.088483465762269020e+01
7.088483465762269020e+01
7.401483191104065895e+01
7.088483465762269020e+01
7.088483465762269020e+01
6.591337889129520988e+01
6.463483465762269020e+01
6.401813835770072103e+01
6.463483465762269020e+01
6.151483191104065895e+01
6.151483191104065895e+01
5.838483465762269020e+01
5.838483465762269020e+01
5.838483465762269020e+01
6.151483191104065895e+01
6.151483191104065895e+01
6.225437284833257934e+01
6.463483465762269020e+01
6.596593767878080428e+01
7.088483465762269020e+01
1.463483275027405917e+01
2.087939840652186518e+01
2.521384821225564821e+01
3.002478695367510397e+01
3.385714919970205727e+01
3.651483191104065895e+01
3.963483084292542458e+01
3.963483084292542458e+01
4.276483191104065895e+01
4.276483191104065895e+01
4.293888961149855987e+01
4.588483084292542458e+01
4.588483084292542458e+01
4.901483191104065895e+01
4.901483191104065895e+01
4.665791657684778215e+01
4.588483084292542458e+01
4.721213635154244059e+01
4.698631500494497715e+01
4.901483191104065895e+01
4.901483191104065895e+01
4.901483191104065895e+01
5.213483084292542458e+01
5.213483084292542458e+01
5.213483084292542458e+01
5.526483191104065895e+01
5.785373354228582343e+01
6.151483191104065895e+01
6.647580766165890509e+01
6.776483191104065895e+01
7.088483465762269020e+01
7.088483465762269020e+01
7.088483465762269020e+01
7.088483465762269020e+01
6.708249054163546532e+01
6.151483191104065895e+01
5.838483465762269020e+01
5.130189463081880064e+01
4.588483084292542458e+01
4.106872571740161959e+01
4.144885116709427564e+01
4.021305863530201208e+01
4.308566046476923361e+01
4.588483084292542458e+01
4.279149461977446123e+01
3.963483084292542458e+01
3.963483084292542458e+01
3.963483084292542458e+01
3.963483084292542458e+01
3.767611650372805343e+01
3.651483191104065895e+01
3.338483084292542458e+01
3.338483084292542458e+01
3.338483084292542458e+01
1.151483191104066073e+01
1.586750396761010684e+01
2.321729602045152774e+01
2.401483191104065895e+01
2.401483191104065895e+01
2.541424403824908751e+01
2.713483084292542458e+01
2.713483084292542458e+01
2.713483084292542458e+01
2.713483084292542458e+01
2.713483084292542458e+01
2.713483084292542458e+01
2.713483084292542458e+01
2.713483084292542458e+01
2.976698122249604239e+01
3.026483191104065895e+01
3.068120493142396299e+01
3.338483084292542458e+01
3.494161223678631245e+01
3.651483191104065895e+01
3.651483191104065895e+01
3.651483191104065895e+01
3.521208283112633808e+01
3.513393576950711150e+01
3.338483084292542458e+01
3.338483084292542458e+01
3.026483191104065895e+01
2.725714607962061820e+01
2.989041391571428363e+01
2.713483084292542458e+01
3.026483191104065895e+01
3.026483191104065895e+01
3.026483191104065895e+01
3.338483084292542458e+01
3.338483084292542458e+01
3.026483191104065895e+01
3.026483191104065895e+01
2.713483084292542458e+01
3.026483191104065895e+01
3.118645274191423766e+01
3.338483084292542458e+01
3.651483191104065895e+01
3.908086226000803265e+01
4.449376784994493050e+01
5.018465837809488050e+01
5.744113400106600409e+01
6.484960537413115844e+01
7.108523523358584839e+01
7.531223838224453004e+01
7.713483465762269020e+01
7.713483465762269020e+01
7.713483465762269020e+01
7.959448400512528110e+01
8.026483191104065895e+01
8.026483191104065895e+01
8.026483191104065895e+01
8.026483191104065895e+01
