2.308600044250488281e+01
2.308600044250488281e+01
2.308600044250488281e+01
3.952300071716309304e+01
3.756391751781541899e+01
3.779747931882864265e+01
4.085834393939926201e+01
3.574303108577591104e+01
2.932086339425973520e+01
1.993580701418378354e+01
3.636441909900847591e+00
4.977871614620823948e+00
5.123991258049259478e+00
3.258478379715128437e+00
3.690720742819885380e+00
3.413498194655578466e+00
2.795069791686273675e+00
3.354084208986703342e+00
3.525571227943288477e+00
2.976898226017402393e+00
2.870091475372511969e+00
2.419703089180890831e+00
5.171858094191070343e+00
2.977241164938827733e+00
2.683422665235625004e+00
3.099733314684351093e+00
3.849167986235858319e+00
3.210294788877853467e+00
5.492709483781487378e+00
3.667959990972664119e+00
2.590612330955565312e+00
4.293824221141037789e+00
3.001255754008877119e+00
3.646647630353933245e+00
2.746945407899333169e+00
2.901730593832765326e+00
2.849447971552074410e+00
3.888942222843577490e+00
2.054004640714920171e+00
4.176609415681029169e+00
4.052144174141565358e+00
2.512669231248500612e+00
3.231233196043250100e+00
2.734823044275790149e+00
3.616065260668817949e+00
4.718065848285802666e+00
3.730086987358337769e+00
4.572471307322620859e+00
6.970693959678719409e+00
7.410666073425660194e+00
5.048551694166582671e+00
3.448981121137726369e+00
3.387110182734918595e+00
3.684874669621521992e+00
4.330427679395636886e+00
4.611281414932458134e+00
3.400063728680544184e+00
3.772578182386833401e+00
3.355992062921344221e+00
5.842414760697821841e+00
5.231064701078206092e+00
2.366892977430362421e+00
2.661145104675555206e+00
4.217147483348082204e+00
4.580173374369239880e+00
6.060920132175652064e+00
4.743404032686530769e+00
3.095149326945916268e+00
3.357562423083354286e+00
3.487117127292245655e+00
2.613451941049269145e+00
2.446618544410312790e+00
3.401706675302813121e+00
1.890002225463323748e+00
2.460879665884764922e+00
2.997708563143183458e+00
3.386734948154229929e+00
3.637915263024514179e+00
2.455733444982880265e+00
3.393691706041757516e+00
2.567306945440816612e+00
2.999999999999999556e+00
2.999999999999999556e+00
1.570617495745532777e+00
4.940203095543418854e+00
3.172614274407805635e+00
2.558591377490874397e+00
2.748280481206335946e+00
2.519721311489652837e+00
2.927789953872622863e+00
3.155595135514608351e+00
2.215743861631644052e+00
2.970247418226406477e+00
3.000000000000000444e+00
3.000000000000000444e+00
3.000000000000002665e+00
3.465257439586269861e+00
2.434848408316351964e+00
2.856137523757592334e+00
4.690564701851516638e+00
4.784076975511772467e+00
5.864916167341391429e+00
3.172921593235773052e+00
3.595456025822015178e+00
5.688289639200410086e+00
5.562398285089615868e+00
4.009100140888483210e+00
5.769230376912774183e+00
5.214180857748089259e+00
3.689476821655304217e+00
5.152058168664293447e+00
4.529889027645854327e+00
2.510562787085782066e+00
2.059347131251838103e+00
3.253046924898033154e+00
6.449645580132465028e+00
5.078587806053612042e+00
4.378642180434364484e+00
4.113926927090680863e+00
4.098481376181680957e+00
4.460646934342127778e+00
6.890934015337916385e+00
4.833248440430805815e+00
2.448755592495260203e+00
2.740949967549305200e+00
4.811954568064514604e+00
4.847095445164411487e+00
5.837463285023331672e+00
3.670472905900306504e+00
3.482318869252889915e+00
2.889661419061563929e+00
5.062771605872227632e+00
2.848765478149403396e+00
3.705494076156483185e+00
4.079350436278242675e+00
4.280875798742370009e+00
1.656524677818518088e+00
1.817007748124789934e+00
6.873369923928992264e+00
4.305894398047800387e+00
2.754927104809702154e+00
3.591050734280152312e+00
3.503485192264179648e+00
4.863056732664666981e+00
3.703976272077883714e+00
3.441789354522569955e+00
3.216967036048218986e+00
4.715555779587518259e+00
5.003501678284843379e+00
3.670635074437138545e+00
3.960777941430444482e+00
4.842294354009259116e+00
1.557769613677309595e+00
2.722942795874544242e+00
2.094569995104468951e+00
2.445413314477231648e+00
2.149302923340672411e+00
2.759883647053652300e+00
2.701393594552869093e+00
2.556234751446034625e+00
3.018060425573870553e+00
3.780439710093860928e+00
3.000076400523083553e+00
3.063750093095056304e+00
3.627929084971307727e+00
3.000000000000007105e+00
3.000000000000007105e+00
2.627503983055045733e+00
3.228542617106260781e+00
5.820042035961200177e+00
2.472268858961098381e+00
3.007834890913973158e+00
3.194851434271510637e+00
5.645063201693740318e+00
3.729135437689826915e+00
3.263297739111732376e+00
4.202185295389437414e+00
7.088654097417165900e+00
2.600442980693622452e+00
2.501745450113793456e+00
2.991916794690562931e+00
3.495891121140553892e+00
3.183155951163303854e+00
2.543153356155347655e+00
3.478429553591992907e+00
5.211208196725087838e+00
3.287136267498450337e+00
3.819772501512033624e+00
4.527326452276305702e+00
5.613645603773998793e+00
4.170857925762377683e+00
2.729288570410140835e+00
3.516736203562026652e+00
3.063444756370361066e+00
5.350978289957793343e+00
6.512330772786332211e+00
3.295741653864938225e+00
4.541954284614377890e+00
4.089640250030843305e+00
3.898799434337622660e+00
3.337853037690174496e+00
3.593239103650480715e+00
6.731618937736363328e+00
5.869914259685806712e+00
3.199402445699138564e+00
3.648410620138125005e+00
2.851487333151809356e+00
2.507550382285101964e+00
4.477173183330368289e+00
3.389311463809506098e+00
2.633420906836193343e+00
3.653328790982140806e+00
3.399200956794211859e+00
2.641686822416846603e+00
2.515020991932931160e+00
3.392966154373005860e+00
3.762028185839796368e+00
4.299778111175203144e+00
3.013477386870290431e+00
3.000000000000000000e+00
2.468276902046481425e+00
2.910620370155779568e+00
2.999999999999997780e+00
3.000000000000002220e+00
4.093836853230028439e+00
4.071346655835350603e+00
5.778620953105919611e+00
8.140881223154957880e+00
7.064225951742891141e+00
3.575440946756110350e+00
4.766654520250055427e+00
3.751156838570949059e+00
5.071583890218778201e+00
4.933954105092346332e+00
4.047608563143839433e+00
4.546412271300657615e+00
3.229309330089712216e+00
4.878331480164038503e+00
7.891313841366732973e+00
5.218224481060953934e+00
3.484213942486308113e+00
4.473609568478563503e+00
4.380178179947679773e+00
5.115448221403454454e+00
6.289076758725726357e+00
7.189539683850100893e+00
4.758816980932596863e+00
4.216908798236869593e+00
5.428700445341267056e+00
4.820000434177179827e+00
4.911312817339411829e+00
3.193567869778576096e+00
3.646062864223893474e+00
3.626536690415848252e+00
3.054507669781592050e+00
3.000000000000000888e+00
3.000000000000000888e+00
2.423025462374145622e+00
2.879623269657605622e+00
2.774972905919198762e+00
5.480916713320552525e+00
8.396638756617376131e+00
2.971743822977965799e+00
2.565907531955855525e+00
3.690364976573867750e+00
4.511901867313436121e+00
3.056454289934597668e+00
4.390145707204252012e+00
5.515003811000610767e+00
3.565291025930815927e+00
3.799008709032511089e+00
3.081619300765377378e+00
4.117867551010031768e+00
4.114183023517101745e+00
3.097860935908274715e+00
2.947136111302273598e+00
5.503633750848988093e+00
5.049887210809757221e+00
3.826440435766418791e+00
4.398083591079024579e+00
3.854014386431093619e+00
5.320570174735006930e+00
6.951536626484116077e+00
3.490425660649076445e+00
3.553141407224295723e+00
4.288586520110326816e+00
4.212647219609805482e+00
4.348806009364335701e+00
3.310475536359712923e+00
2.607562828391044807e+00
1.815897570391262095e+00
2.367459168638982980e+00
2.530495726695299208e+00
5.169783921215615585e+00
6.167094704323210053e+00
4.380712586675441500e+00
3.691418921991573399e+00
4.238624338599414898e+00
6.124497467235895165e+00
6.628612527051975789e+00
4.915133656936727213e+00
3.570571935709359490e+00
3.272913559428646035e+00
2.705781656775495758e+00
3.974591956866672326e+00
5.662116010570657387e+00
3.846671997168964907e+00
2.999999999999993783e+00
3.000000000000002665e+00
3.144475512417288066e+00
6.655499474449618091e+00
3.396311850229289497e+00
2.976220123805780382e+00
3.156036901776207326e+00
4.813147447834754900e+00
4.123720663997983316e+00
4.043230711900314134e+00
2.761944682667956119e+00
2.467644725953318741e+00
2.687161492038420807e+00
4.431806588339789243e+00
4.983109306692750096e+00
4.606639831210215696e+00
3.897159635168859992e+00
2.111875757431831868e+00
2.463077352735703496e+00
2.925366394578969409e+00
2.907625826517504564e+00
3.279579255086203737e+00
3.590010583290817792e+00
3.390410537538995683e+00
7.574001027321728863e+00
6.759532999269612930e+00
3.751248305038977549e+00
4.623286348443296667e+00
3.079338439223044954e+00
3.659010611188118656e+00
1.776416188965257215e+00
2.339810352637782476e+00
3.877672411449526013e+00
3.513751259270808003e+00
3.184788814939184753e+00
4.135929045002308513e+00
7.912534957054210061e+00
5.678176395420630129e+00
4.852748027251940321e+00
6.676448244302652490e+00
6.086829162314889352e+00
5.299833735399546164e+00
4.668039095208071920e+00
4.052838955922053010e+00
3.686974335830218497e+00
3.779133106227722916e+00
4.668145724810695896e+00
4.684775999623525422e+00
4.756207718858532552e+00
3.788649079416045229e+00
3.296653798824462633e+00
3.919994902297659234e+00
4.143202193860995308e+00
3.480695720148312411e+00
6.347475479799234321e+00
5.050198584119883982e+00
2.543845184534630821e+00
4.581188112018478975e+00
5.573985839076063264e+00
4.989469042630170215e+00
8.623727815262441254e+00
7.130895839364077560e+00
5.712585239438885409e+00
6.204069267073538896e+00
5.923582733264665556e+00
6.043133168352717632e+00
5.573959277326094863e+00
4.632660852268807972e+00
5.996047575270071484e+00
5.755082341863582585e+00
3.387387712225152114e+00
4.276034252963320625e+00
3.880833358724371962e+00
5.272238863319482327e+00
4.568561592126415327e+00
4.513741754920969740e+00
5.986399061406376454e+00
3.806243100017163261e+00
3.124717889909190305e+00
3.727946280174292859e+00
5.166960487484380415e+00
4.041795889367267414e+00
5.559969568349561797e+00
5.669322214502182433e+00
5.769118834963607334e+00
6.220325258375295263e+00
4.413236864140544391e+00
3.929644397950681878e+00
3.574460363915693772e+00
3.819268421382981948e+00
4.007059470836889403e+00
3.682079613989673206e+00
3.051015006256067696e+00
3.199626532824877412e+00
4.124721416767240356e+00
4.137144420747093321e+00
4.371875054525434123e+00
4.378578790682735367e+00
5.870925569312813508e+00
4.696208149208488614e+00
3.837533534522547196e+00
4.712187823619325755e+00
4.271886753829496008e+00
4.316328705008229960e+00
3.290101364082993918e+00
4.018054337764385586e+00
4.085934761505932045e+00
5.361966127824985051e+00
6.841178145089587659e+00
6.072232840044472724e+00
3.727173546564968465e+00
4.367005465345163984e+00
5.863047519289293241e+00
4.669099757013593255e+00
3.869058595092292663e+00
3.531564801845682666e+00
6.161153895109086065e+00
6.367974655335323142e+00
3.538064966153279922e+00
4.531987748352799272e+00
5.355766841288041036e+00
6.928107862228328528e+00
5.677236050325890737e+00
4.024214299093661573e+00
3.810319528553017587e+00
4.717955371412485555e+00
5.530350540507290802e+00
4.497576859203158861e+00
4.031705975337740888e+00
4.392891859359437490e+00
5.303784527072338051e+00
5.799293670791777267e+00
4.616153246565517954e+00
5.250830222226308130e+00
7.696319330301541584e+00
6.173131042802869395e+00
4.960411939892131805e+00
5.193809642374505486e+00
5.370909281829084669e+00
8.937478193338700194e+00
8.786821942189321888e+00
4.976632664791945437e+00
4.158549278711689112e+00
3.570361526964917598e+00
3.670858859704595023e+00
2.123243536393753406e+00
1.171789051587817099e+00
1.407101167275845111e+00
2.320202449939254397e+00
1.839356204546004570e+00
2.698719826439481384e+00
1.985959099578575415e+00
1.695614359379656433e+00
2.384476840751245774e+00
2.873012487759738942e+00
3.379405963762621035e+00
2.728612286516690855e+00
2.934430831549745822e+00
4.052221345033796496e+00
3.923472419549241419e+00
5.951173539015603531e+00
4.168181022197959607e+00
5.040105821794115926e+00
4.535374868839740614e+00
4.526374116717469143e+00
3.032848933923801393e+00
2.340727065425520781e+00
3.682856882020824507e+00
3.591466248421623764e+00
2.956206383362955048e+00
2.190402213741789339e+00
2.900040744846498431e+00
3.645974646851393608e+00
7.997299909351696989e+00
4.216167748848389962e+00
3.076669384314780764e+00
2.952796501476781188e+00
3.199913772892250652e+00
1.593181445591363099e+00
2.174299848039651817e+00
2.486724038184089380e+00
1.921929843566559493e+00
2.777521233398771550e+00
5.368394691655957729e+00
4.838058114229382589e+00
5.049976068429248066e+00
6.955912042920082250e+00
7.602942957711762872e+00
4.394556900433665092e+00
3.548333175660849825e+00
3.606989377642437322e+00
2.579139053116612956e+00
2.244406076755154800e+00
2.232445081026732669e+00
3.969368810595178321e+00
4.057782731686361721e+00
3.831548959343804572e+00
2.939715858851136510e+00
3.348863981623416031e+00
2.696166979743492398e+00
4.617428466993612091e+00
3.787687281648615123e+00
3.221523036522986327e+00
3.954597148999375200e+00
2.851217283565913974e+00
2.437425998289599161e+00
3.581736834298361760e+00
3.864861307102824384e+00
3.780203260695121692e+00
3.210588003131686463e+00
2.817672992111188268e+00
2.303796677034726681e+00
2.409813794424067179e+00
3.095938486981573590e+00
1.959684480133945472e+00
3.100610923157800958e+00
2.971003733396198943e+00
2.926597389778451408e+00
3.585163453183835003e+00
7.615824318086456657e+00
4.955400547005111456e+00
3.614313565047704735e+00
5.217942210784147328e+00
6.467806351889558769e+00
7.658416104580755501e+00
4.884914545960856280e+00
5.384530337169799452e+00
4.064080773955337733e+00
6.241153396344349957e+00
2.988875531954420239e+00
4.245916501841704438e+00
5.583839167973706274e+00
4.692604801968701445e+00
4.447557869173800249e+00
1.940906622336884269e+00
1.367977470832433928e+00
1.675954599767062625e+00
6.106759567193596361e+00
9.366192465594863847e+00
4.041840724095539628e+00
3.426602256479518438e+00
3.286819742428904956e+00
3.360079997163648358e+00
3.916808871272945858e+00
4.128900369949449534e+00
2.771580941877228366e+00
5.476236242626635331e+00
4.984150322103069186e+00
4.637395849448609830e+00
4.171943235229454316e+00
4.921448600266036699e+00
4.149242133493117102e+00
5.089012853563280814e+00
7.636475547887040527e+00
5.762725677423010673e+00
8.520980725375245868e+00
1.144972184266302229e+01
8.047780786951262755e+00
6.963456844216485919e+00
5.223084803692588096e+00
2.962480128390133416e+00
2.485694959285126515e+00
3.031061844091859747e+00
3.667174930261857924e+00
2.768134406744726217e+00
3.316488052368264938e+00
4.559761321446564430e+00
3.576825299279159598e+00
4.126389638441546381e+00
3.311231889338523970e+00
4.691203871547785731e+00
5.556561344270349423e+00
3.075984445934738520e+00
3.117511867159020067e+00
4.058860764724721015e+00
4.101753402152128025e+00
4.151394874331341356e+00
5.007706821220915927e+00
2.376216599877696734e+00
2.619269036095396963e+00
3.427719670469247415e+00
4.522440133900875736e+00
4.203403164582471874e+00
4.452554101618702909e+00
4.372489215427646236e+00
4.168648929177053652e+00
4.984571088196175559e+00
3.864006882309511060e+00
2.484538015520546317e+00
4.740010079886261884e+00
4.138699292621397241e+00
