2.900000000000000000e+01
9.460000000000000000e+02
9.520000000000000000e+02
8.400000000000000000e+01
6.890000000000000000e+02
9.410000000000000000e+02
2.780000000000000000e+02
8.630000000000000000e+02
2.770000000000000000e+02
3.990000000000000000e+02
7.050000000000000000e+02
2.810000000000000000e+02
4.930000000000000000e+02
9.900000000000000000e+01
1.390000000000000000e+02
4.980000000000000000e+02
4.490000000000000000e+02
4.800000000000000000e+02
1.100000000000000000e+02
3.240000000000000000e+02
1.050000000000000000e+02
1.300000000000000000e+02
2.520000000000000000e+02
4.660000000000000000e+02
8.200000000000000000e+01
8.180000000000000000e+02
5.900000000000000000e+01
6.640000000000000000e+02
2.240000000000000000e+02
7.780000000000000000e+02
6.090000000000000000e+02
5.830000000000000000e+02
5.300000000000000000e+01
9.790000000000000000e+02
9.100000000000000000e+01
3.500000000000000000e+02
1.570000000000000000e+02
3.730000000000000000e+02
9.640000000000000000e+02
2.400000000000000000e+02
9.980000000000000000e+02
1.600000000000000000e+01
5.840000000000000000e+02
7.010000000000000000e+02
5.700000000000000000e+01
9.610000000000000000e+02
7.500000000000000000e+01
3.230000000000000000e+02
5.650000000000000000e+02
9.370000000000000000e+02
2.800000000000000000e+01
9.760000000000000000e+02
7.110000000000000000e+02
1.080000000000000000e+02
6.020000000000000000e+02
6.720000000000000000e+02
3.810000000000000000e+02
1.860000000000000000e+02
1.410000000000000000e+02
2.830000000000000000e+02
4.030000000000000000e+02
2.470000000000000000e+02
5.560000000000000000e+02
6.250000000000000000e+02
1.960000000000000000e+02
3.400000000000000000e+01
1.770000000000000000e+02
8.100000000000000000e+01
8.120000000000000000e+02
7.520000000000000000e+02
8.530000000000000000e+02
4.830000000000000000e+02
7.200000000000000000e+01
9.170000000000000000e+02
8.670000000000000000e+02
7.240000000000000000e+02
9.990000000000000000e+02
1.550000000000000000e+02
9.240000000000000000e+02
8.690000000000000000e+02
5.490000000000000000e+02
7.430000000000000000e+02
1.200000000000000000e+02
1.680000000000000000e+02
3.760000000000000000e+02
6.330000000000000000e+02
7.100000000000000000e+01
7.470000000000000000e+02
4.770000000000000000e+02
8.840000000000000000e+02
3.220000000000000000e+02
5.900000000000000000e+02
5.710000000000000000e+02
5.040000000000000000e+02
2.100000000000000000e+02
6.990000000000000000e+02
8.680000000000000000e+02
7.770000000000000000e+02
7.690000000000000000e+02
7.570000000000000000e+02
