-1.479150009155273438e+01
-4.930500030517578125e+00
-9.861000061035156250e+00
-9.861000061035156250e+00
-9.861000061035156250e+00
-9.861000061035156250e+00
-9.861000061035156250e+00
-9.861000061035156250e+00
-9.861000061035156250e+00
-9.861000061035156250e+00
-9.861000061035156250e+00
-9.861000061035156250e+00
-9.861000061035156250e+00
-9.861000061035156250e+00
-9.861000061035156250e+00
-9.861000061035156250e+00
-9.861000061035156250e+00
-9.861000061035156250e+00
-9.861000061035156250e+00
-9.861000061035156250e+00
-9.861000061035156250e+00
-9.861000061035156250e+00
-8.298500061035156250e+00
-5.173500061035156250e+00
-2.048500061035156250e+00
1.076499938964843750e+00
4.201499938964843750e+00
7.326499938964843750e+00
1.045149993896484375e+01
1.357649993896484375e+01
1.670149993896484375e+01
1.982649993896484375e+01
2.295149993896484375e+01
2.607649993896484375e+01
2.920149993896484375e+01
3.232649993896484375e+01
3.545149993896484375e+01
3.857649993896484375e+01
4.170149993896484375e+01
4.482649993896484375e+01
4.795149993896484375e+01
5.107649993896484375e+01
5.420149993896484375e+01
5.732649993896484375e+01
6.045149993896484375e+01
6.357649993896484375e+01
6.670149993896484375e+01
6.982649993896484375e+01
7.295149993896484375e+01
7.607649993896484375e+01
7.920149993896484375e+01
8.232649993896484375e+01
8.545149993896484375e+01
8.857649993896484375e+01
-1.142350006103515625e+01
-1.454850006103515625e+01
-1.767350006103515625e+01
-2.079850006103515625e+01
-2.392350006103515625e+01
-2.704850006103515625e+01
-3.017350006103515625e+01
-3.329850006103515625e+01
-3.642350006103515625e+01
-3.954850006103515625e+01
-4.267350006103515625e+01
-4.579850006103515625e+01
-4.892350006103515625e+01
-5.204850006103515625e+01
-5.517350006103515625e+01
-5.829850006103515625e+01
-6.142350006103515625e+01
-6.454850006103515625e+01
-6.767350006103515625e+01
-7.079850006103515625e+01
-7.392350006103515625e+01
-7.704850006103515625e+01
-8.017350006103515625e+01
-8.329850006103515625e+01
-8.642350006103515625e+01
-8.954850006103515625e+01
-9.267350006103515625e+01
-9.579850006103515625e+01
-9.892350006103515625e+01
-1.020485000610351562e+02
-1.051735000610351562e+02
-1.082985000610351562e+02
0.000000000000000000e+00
0.000000000000000000e+00
0.000000000000000000e+00
0.000000000000000000e+00
0.000000000000000000e+00
0.000000000000000000e+00
0.000000000000000000e+00
0.000000000000000000e+00
0.000000000000000000e+00
0.000000000000000000e+00
0.000000000000000000e+00
0.000000000000000000e+00
0.000000000000000000e+00
0.000000000000000000e+00
0.000000000000000000e+00
0.000000000000000000e+00
0.000000000000000000e+00
0.000000000000000000e+00
0.000000000000000000e+00
0.000000000000000000e+00
0.000000000000000000e+00
0.000000000000000000e+00
0.000000000000000000e+00
0.000000000000000000e+00
0.000000000000000000e+00
0.000000000000000000e+00
0.000000000000000000e+00
0.000000000000000000e+00
0.000000000000000000e+00
0.000000000000000000e+00
0.000000000000000000e+00
0.000000000000000000e+00
0.000000000000000000e+00
0.000000000000000000e+00
0.000000000000000000e+00
0.000000000000000000e+00
0.000000000000000000e+00
0.000000000000000000e+00
0.000000000000000000e+00
0.000000000000000000e+00
0.000000000000000000e+00
0.000000000000000000e+00
0.000000000000000000e+00
0.000000000000000000e+00
0.000000000000000000e+00
0.000000000000000000e+00
0.000000000000000000e+00
0.000000000000000000e+00
0.000000000000000000e+00
0.000000000000000000e+00
0.000000000000000000e+00
0.000000000000000000e+00
0.000000000000000000e+00
0.000000000000000000e+00
0.000000000000000000e+00
0.000000000000000000e+00
0.000000000000000000e+00
0.000000000000000000e+00
0.000000000000000000e+00
0.000000000000000000e+00
0.000000000000000000e+00
0.000000000000000000e+00
0.000000000000000000e+00
0.000000000000000000e+00
0.000000000000000000e+00
0.000000000000000000e+00
0.000000000000000000e+00
0.000000000000000000e+00
0.000000000000000000e+00
0.000000000000000000e+00
0.000000000000000000e+00
0.000000000000000000e+00
0.000000000000000000e+00
0.000000000000000000e+00
0.000000000000000000e+00
0.000000000000000000e+00
0.000000000000000000e+00
0.000000000000000000e+00
0.000000000000000000e+00
0.000000000000000000e+00
0.000000000000000000e+00
0.000000000000000000e+00
0.000000000000000000e+00
0.000000000000000000e+00
0.000000000000000000e+00
0.000000000000000000e+00
-6.010000228881835938e+00
-6.010000228881835938e+00
-1.106000375747679954e+00
8.701999330520632014e+00
1.850999903678894043e+01
2.831799874305724884e+01
3.812599844932555726e+01
4.793399815559386923e+01
5.774199786186217409e+01
6.754999756813049316e+01
7.735799727439879803e+01
8.716599698066710289e+01
9.697399668693540775e+01
1.067819963932037126e+02
1.165899960994720459e+02
1.263979958057403650e+02
1.362059955120086840e+02
1.460139952182769889e+02
1.558219949245453222e+02
1.656299946308136555e+02
1.754379943370819603e+02
1.852459940433502652e+02
1.948374938964843750e+02
2.042124938964843750e+02
2.135874938964843750e+02
2.229624938964843750e+02
2.323374938964843750e+02
2.417124938964843750e+02
2.510874938964843750e+02
2.604624938964843750e+02
2.698374938964843750e+02
2.792124938964843750e+02
2.885874938964843750e+02
2.979624938964843750e+02
3.073374938964843750e+02
3.167124938964843750e+02
3.260874938964843750e+02
3.354624938964843750e+02
3.448374938964843750e+02
3.542124938964843750e+02
3.635874938964843750e+02
3.729624938964843750e+02
3.823374938964843750e+02
3.917124938964843750e+02
4.010874938964843750e+02
4.104624938964843750e+02
4.198374938964843750e+02
4.292124938964843750e+02
4.385874938964843750e+02
4.479624938964843750e+02
4.573374938964843750e+02
4.667124938964843750e+02
4.760874938964843750e+02
4.854624938964843750e+02
1.948374938964843750e+02
2.042124938964843750e+02
2.135874938964843750e+02
2.229624938964843750e+02
2.323374938964843750e+02
2.417124938964843750e+02
2.510874938964843750e+02
2.604624938964843750e+02
2.698374938964843750e+02
2.792124938964843750e+02
2.885874938964843750e+02
2.979624938964843750e+02
3.073374938964843750e+02
3.167124938964843750e+02
3.260874938964843750e+02
3.354624938964843750e+02
3.448374938964843750e+02
3.542124938964843750e+02
3.635874938964843750e+02
3.729624938964843750e+02
3.823374938964843750e+02
3.917124938964843750e+02
4.010874938964843750e+02
4.104624938964843750e+02
4.198374938964843750e+02
4.292124938964843750e+02
4.385874938964843750e+02
4.479624938964843750e+02
4.573374938964843750e+02
4.667124938964843750e+02
4.760874938964843750e+02
4.854624938964843750e+02
