-9.861000061035156250e+00
0.000000000000000000e+00
-9.861000061035156250e+00
-9.861000061035156250e+00
-9.861000061035156250e+00
-9.861000061035156250e+00
-9.861000061035156250e+00
-9.861000061035156250e+00
-9.861000061035156250e+00
-9.861000061035156250e+00
-9.861000061035156250e+00
-9.861000061035156250e+00
-9.861000061035156250e+00
-9.861000061035156250e+00
-9.861000061035156250e+00
-9.861000061035156250e+00
-9.861000061035156250e+00
-9.861000061035156250e+00
-9.861000061035156250e+00
-9.861000061035156250e+00
-9.861000061035156250e+00
-9.861000061035156250e+00
-6.736000061035156250e+00
-3.611000061035156250e+00
-4.860000610351562500e-01
2.638999938964843750e+00
5.763999938964843750e+00
8.888999938964843750e+00
1.201399993896484375e+01
1.513899993896484375e+01
1.826399993896484375e+01
2.138899993896484375e+01
2.451399993896484375e+01
2.763899993896484375e+01
3.076399993896484375e+01
3.388899993896484375e+01
3.701399993896484375e+01
4.013899993896484375e+01
4.326399993896484375e+01
4.638899993896484375e+01
4.951399993896484375e+01
5.263899993896484375e+01
5.576399993896484375e+01
5.888899993896484375e+01
6.201399993896484375e+01
6.513899993896484375e+01
6.826399993896484375e+01
7.138899993896484375e+01
7.451399993896484375e+01
7.763899993896484375e+01
8.076399993896484375e+01
8.388899993896484375e+01
8.701399993896484375e+01
9.013899993896484375e+01
-1.298600006103515625e+01
-1.611100006103515625e+01
-1.923600006103515625e+01
-2.236100006103515625e+01
-2.548600006103515625e+01
-2.861100006103515625e+01
-3.173600006103515625e+01
-3.486100006103515625e+01
-3.798600006103515625e+01
-4.111100006103515625e+01
-4.423600006103515625e+01
-4.736100006103515625e+01
-5.048600006103515625e+01
-5.361100006103515625e+01
-5.673600006103515625e+01
-5.986100006103515625e+01
-6.298600006103515625e+01
-6.611100006103515625e+01
-6.923600006103515625e+01
-7.236100006103515625e+01
-7.548600006103515625e+01
-7.861100006103515625e+01
-8.173600006103515625e+01
-8.486100006103515625e+01
-8.798600006103515625e+01
-9.111100006103515625e+01
-9.423600006103515625e+01
-9.736100006103515625e+01
-1.004860000610351562e+02
-1.036110000610351562e+02
-1.067360000610351562e+02
-1.098610000610351562e+02
0.000000000000000000e+00
0.000000000000000000e+00
0.000000000000000000e+00
0.000000000000000000e+00
0.000000000000000000e+00
0.000000000000000000e+00
0.000000000000000000e+00
0.000000000000000000e+00
0.000000000000000000e+00
0.000000000000000000e+00
0.000000000000000000e+00
0.000000000000000000e+00
0.000000000000000000e+00
0.000000000000000000e+00
0.000000000000000000e+00
0.000000000000000000e+00
0.000000000000000000e+00
0.000000000000000000e+00
0.000000000000000000e+00
0.000000000000000000e+00
0.000000000000000000e+00
0.000000000000000000e+00
0.000000000000000000e+00
0.000000000000000000e+00
0.000000000000000000e+00
0.000000000000000000e+00
0.000000000000000000e+00
0.000000000000000000e+00
0.000000000000000000e+00
0.000000000000000000e+00
0.000000000000000000e+00
0.000000000000000000e+00
0.000000000000000000e+00
0.000000000000000000e+00
0.000000000000000000e+00
0.000000000000000000e+00
0.000000000000000000e+00
0.000000000000000000e+00
0.000000000000000000e+00
0.000000000000000000e+00
0.000000000000000000e+00
0.000000000000000000e+00
0.000000000000000000e+00
0.000000000000000000e+00
0.000000000000000000e+00
0.000000000000000000e+00
0.000000000000000000e+00
0.000000000000000000e+00
0.000000000000000000e+00
0.000000000000000000e+00
0.000000000000000000e+00
0.000000000000000000e+00
0.000000000000000000e+00
0.000000000000000000e+00
0.000000000000000000e+00
0.000000000000000000e+00
0.000000000000000000e+00
0.000000000000000000e+00
0.000000000000000000e+00
0.000000000000000000e+00
0.000000000000000000e+00
0.000000000000000000e+00
0.000000000000000000e+00
0.000000000000000000e+00
0.000000000000000000e+00
0.000000000000000000e+00
0.000000000000000000e+00
0.000000000000000000e+00
0.000000000000000000e+00
0.000000000000000000e+00
0.000000000000000000e+00
0.000000000000000000e+00
0.000000000000000000e+00
0.000000000000000000e+00
0.000000000000000000e+00
0.000000000000000000e+00
0.000000000000000000e+00
0.000000000000000000e+00
0.000000000000000000e+00
0.000000000000000000e+00
0.000000000000000000e+00
0.000000000000000000e+00
0.000000000000000000e+00
0.000000000000000000e+00
0.000000000000000000e+00
0.000000000000000000e+00
-6.010000228881835938e+00
-6.010000228881835938e+00
3.797999477386476030e+00
1.360599918365478800e+01
2.341399888992309286e+01
3.322199859619140483e+01
4.302999830245970969e+01
5.283799800872802166e+01
6.264599771499632652e+01
7.245399742126464560e+01
8.226199712753295046e+01
9.206999683380125532e+01
1.018779965400695602e+02
1.116859962463378793e+02
1.214939959526062125e+02
1.313019956588745174e+02
1.411099953651428507e+02
1.509179950714111555e+02
1.607259947776794888e+02
1.705339944839477937e+02
1.803419941902161270e+02
1.901499938964843750e+02
1.995249938964843750e+02
2.088999938964843750e+02
2.182749938964843750e+02
2.276499938964843750e+02
2.370249938964843750e+02
2.463999938964843750e+02
2.557749938964843750e+02
2.651499938964843750e+02
2.745249938964843750e+02
2.838999938964843750e+02
2.932749938964843750e+02
3.026499938964843750e+02
3.120249938964843750e+02
3.213999938964843750e+02
3.307749938964843750e+02
3.401499938964843750e+02
3.495249938964843750e+02
3.588999938964843750e+02
3.682749938964843750e+02
3.776499938964843750e+02
3.870249938964843750e+02
3.963999938964843750e+02
4.057749938964843750e+02
4.151499938964843750e+02
4.245249938964843750e+02
4.338999938964843750e+02
4.432749938964843750e+02
4.526499938964843750e+02
4.620249938964843750e+02
4.713999938964843750e+02
4.807749938964843750e+02
4.901499938964843750e+02
1.995249938964843750e+02
2.088999938964843750e+02
2.182749938964843750e+02
2.276499938964843750e+02
2.370249938964843750e+02
2.463999938964843750e+02
2.557749938964843750e+02
2.651499938964843750e+02
2.745249938964843750e+02
2.838999938964843750e+02
2.932749938964843750e+02
3.026499938964843750e+02
3.120249938964843750e+02
3.213999938964843750e+02
3.307749938964843750e+02
3.401499938964843750e+02
3.495249938964843750e+02
3.588999938964843750e+02
3.682749938964843750e+02
3.776499938964843750e+02
3.870249938964843750e+02
3.963999938964843750e+02
4.057749938964843750e+02
4.151499938964843750e+02
4.245249938964843750e+02
4.338999938964843750e+02
4.432749938964843750e+02
4.526499938964843750e+02
4.620249938964843750e+02
4.713999938964843750e+02
4.807749938964843750e+02
4.901499938964843750e+02
