9.861000061035156250e+00
9.861000061035156250e+00
9.808000183105468395e+00
9.808000183105468395e+00
9.808000183105468395e+00
9.808000183105468395e+00
9.808000183105468395e+00
9.808000183105468395e+00
9.808000183105468395e+00
9.808000183105468395e+00
9.808000183105468395e+00
9.808000183105468395e+00
9.808000183105468395e+00
9.808000183105468395e+00
9.808000183105468395e+00
9.808000183105468395e+00
9.808000183105468395e+00
9.808000183105468395e+00
9.808000183105468395e+00
9.808000183105468395e+00
9.808000183105468395e+00
9.808000183105468395e+00
9.882117688026186286e+00
9.882117688026186286e+00
9.882117688026186286e+00
9.882117688026186286e+00
9.882117688026186286e+00
9.882117688026186286e+00
9.882117688026186286e+00
9.882117688026186286e+00
9.882117688026186286e+00
9.882117688026186286e+00
9.882117688026186286e+00
9.882117688026186286e+00
9.882117688026186286e+00
9.882117688026186286e+00
9.882117688026186286e+00
9.882117688026186286e+00
9.882117688026186286e+00
9.882117688026186286e+00
9.882117688026186286e+00
9.882117688026186286e+00
9.882117688026186286e+00
9.882117688026186286e+00
9.882117688026186286e+00
9.882117688026186286e+00
9.882117688026186286e+00
9.882117688026186286e+00
9.882117688026186286e+00
9.882117688026186286e+00
9.882117688026186286e+00
9.882117688026186286e+00
9.882117688026186286e+00
9.882117688026186286e+00
9.882117688026186286e+00
9.882117688026186286e+00
9.882117688026186286e+00
9.882117688026186286e+00
9.882117688026186286e+00
9.882117688026186286e+00
9.882117688026186286e+00
9.882117688026186286e+00
9.882117688026186286e+00
9.882117688026186286e+00
9.882117688026186286e+00
9.882117688026186286e+00
9.882117688026186286e+00
9.882117688026186286e+00
9.882117688026186286e+00
9.882117688026186286e+00
9.882117688026186286e+00
9.882117688026186286e+00
9.882117688026186286e+00
9.882117688026186286e+00
9.882117688026186286e+00
9.882117688026186286e+00
9.882117688026186286e+00
9.882117688026186286e+00
9.882117688026186286e+00
9.882117688026186286e+00
9.882117688026186286e+00
9.882117688026186286e+00
9.882117688026186286e+00
9.882117688026186286e+00
9.882117688026186286e+00
9.882117688026186286e+00
