-6.500000000000000000e+01
-6.499832556306230913e+01
-6.499716733472111230e+01
-6.499626792470471059e+01
-6.499553002930177570e+01
-6.499490282577636435e+01
-6.499435518856198257e+01
-6.499386639062824145e+01
-6.499342196854256315e+01
-6.499301154828533811e+01
-6.499262756327082968e+01
-6.499226443627505034e+01
-6.499191802830948461e+01
-6.499158525351420224e+01
-6.499126380347142629e+01
-6.499095194670071862e+01
-6.499064838131714339e+01
-6.499035212601832256e+01
-6.499006243906489999e+01
-6.498977875788264669e+01
-6.498950065394464559e+01
-6.498922779901978686e+01
-6.498895993990001330e+01
-6.498869687946411489e+01
-6.498843846248375655e+01
-6.498818456498190699e+01
-6.498793508625462323e+01
-6.498768994289008560e+01
-6.498744906428653678e+01
-6.498721238929493893e+01
-6.498697986370599722e+01
-6.498675143837104429e+01
-6.498652706779868993e+01
-6.498630670910873164e+01
-6.498609032125420981e+01
-6.498587786444466019e+01
-6.498566929972034245e+01
-6.498546458863971509e+01
-6.498526369305180594e+01
-6.498506657493221894e+01
-6.498487319626657666e+01
-6.401092061211934947e+01
-6.214527559520828959e+01
-5.978965812541321156e+01
-5.724008320336936606e+01
-5.463615135309090221e+01
-5.199306886738374089e+01
-4.922170225382038922e+01
-4.611530600575084549e+01
-4.229883781593799341e+01
-3.710197983800717481e+01
-2.935070102749921261e+01
-1.735891395558746808e+01
-6.486618201516405335e-01
1.588746537172529294e+01
2.555228043344931521e+01
2.831289507782303261e+01
2.699191148745548219e+01
2.349500364115625928e+01
1.882597976940152051e+01
1.355217307069029786e+01
8.025246347805719438e+00
2.469671349546541883e+00
-2.974980546821050176e+00
-8.226397773329367169e+00
-1.324136808362863249e+01
-1.800091603644044369e+01
-2.250245549553168090e+01
-2.675816339242462405e+01
-3.079094765642312836e+01
-3.463551157542778469e+01
-3.833206007224342926e+01
-4.191408960130664951e+01
-4.539179183768532511e+01
-4.873221208243761282e+01
-5.184916879759150987e+01
-5.461741205918476538e+01
-5.692030542213915112e+01
-5.870865451850205829e+01
-6.001886531693414639e+01
-6.094591226225233527e+01
-6.159665960571150123e+01
-6.206125805052551669e+01
-6.240505947763051608e+01
-6.267123993873548216e+01
-6.288736976041628424e+01
-6.307067737743950175e+01
-6.323186514398113900e+01
-6.337763370942990093e+01
-6.351226584728634350e+01
-6.363853476716703028e+01
-6.375826784578502071e+01
-6.387269354554622680e+01
-6.398265581347311581e+01
-6.408874782373290202e+01
-6.419136435683466857e+01
-6.429081110660047216e+01
-6.438732774963848726e+01
-6.448110278190752354e+01
-6.457228604648848602e+01
-6.466099824383088901e+01
-6.474733795910360357e+01
-6.483138683255450019e+01
-6.491321338393781559e+01
-6.499287587109431286e+01
-6.507042444536074299e+01
-6.514587713460035445e+01
-6.521926698168192615e+01
-6.529063087381081232e+01
-6.536000467014636683e+01
-6.542742175567981633e+01
-6.549291285824554620e+01
-6.555650633409354100e+01
-6.561822859662474627e+01
-6.567810455335252584e+01
-6.573615799898023226e+01
-6.579241194900171763e+01
-6.584688891380926634e+01
-6.589961111927645732e+01
-6.595060068144692877e+01
-6.599987974278489844e+01
-6.604747000775016375e+01
-6.609337704203773001e+01
-6.613762078611567574e+01
-6.618022617390606399e+01
-6.622121978304245715e+01
-6.626062855607672475e+01
-6.629847934988276847e+01
-6.633479882603360522e+01
-6.636961347288406898e+01
-6.640294966781213759e+01
-6.643483374102527250e+01
-6.646529202651015567e+01
-6.649435089651593955e+01
-6.652203678048797997e+01
-6.654837617097290092e+01
-6.657339561931050298e+01
-6.659712172368756455e+01
-6.661958111171279029e+01
-6.664080041924121645e+01
-6.666080626679385546e+01
-6.667962523460187185e+01
-6.669728383705262331e+01
-6.671380849711856342e+01
-6.672922552119973716e+01
-6.674356107469503741e+01
-6.675684115852997991e+01
-6.676909158680149403e+01
-6.678033796564947977e+01
-6.679060567342544630e+01
-6.679991984219827827e+01
-6.680830534061415449e+01
-6.681578675810926882e+01
-6.682238839046020473e+01
-6.682813422664601433e+01
-6.683304793698773949e+01
-6.683715286252451904e+01
-6.684047200558136126e+01
-6.684302802147924183e+01
-6.684484321133685114e+01
-6.684593951591091354e+01
-6.684633851042158881e+01
-6.684606140030928145e+01
-6.684512901786898453e+01
-6.684356181970936461e+01
-6.684137988498444827e+01
-6.683860291434687895e+01
-6.683525022957346096e+01
-6.683134077381488680e+01
-6.682689311242333474e+01
-6.682192543431349918e+01
-6.681645555381427926e+01
-6.681050091297043991e+01
-6.680407858425510881e+01
-6.679720527365644500e+01
-6.678989732410278179e+01
-6.678217071919371506e+01
-6.677404108720506315e+01
-6.676552370533849512e+01
-6.675663350418776076e+01
-6.674738507239554508e+01
-6.673779266147614919e+01
-6.672787019078150195e+01
-6.671763125258866012e+01
-6.670708911728922885e+01
-6.669625673866200088e+01
-6.668514675921169044e+01
-6.667377151555790249e+01
-6.666214304385948708e+01
-6.665027308526109096e+01
-6.663817309134907418e+01
-6.662585422960563619e+01
-6.661332738885069205e+01
-6.660060318466193507e+01
-6.658769196476448826e+01
-6.657460381438228580e+01
-6.656134856154424995e+01
-6.654793578233871187e+01
-6.653437480611057708e+01
-6.652067472059624720e+01
-6.650684437699156604e+01
-6.592031616328229404e+01
-6.483425152364210931e+01
-6.348609685628447608e+01
-6.204434520056262414e+01
-6.059736840027938598e+01
-5.918271870407273383e+01
-5.780983882492976988e+01
-5.647113515928862171e+01
-5.514719408282165602e+01
-5.380908772534932183e+01
-5.241616675330391928e+01
-5.091223308112430601e+01
-4.921830949016948864e+01
-4.721366247912011715e+01
-4.470726867479935152e+01
-4.137964177098432828e+01
-3.668259966743212885e+01
-2.970796485016169086e+01
-1.925989709771139502e+01
-5.048598139376981209e+00
9.642981496647600181e+00
1.943877355359266090e+01
2.303454152962782331e+01
2.233055747207315633e+01
1.916399352004865975e+01
1.466158177151942077e+01
9.486066826784195882e+00
4.040125251361709857e+00
-1.429651429636350723e+00
-6.776979606157913949e+00
-1.191980408957603821e+01
-1.681736908426278276e+01
-2.145570718536534827e+01
-2.583937470806240810e+01
-2.998795762159608458e+01
-3.393538722719421230e+01
-3.772470711904267660e+01
-4.139597096746027916e+01
-4.496845546895693957e+01
-4.842053910937035255e+01
-5.167251230999106326e+01
-5.459672940393995333e+01
-5.706209648561721792e+01
-5.899941695394754504e+01
-6.043234834747473627e+01
-6.145359702211284514e+01
-6.217607712908795747e+01
-6.269713883165807999e+01
-6.308747771030237317e+01
-6.339407358160398331e+01
-6.364657666741236852e+01
-6.386344745231969000e+01
-6.405609550499053739e+01
-6.423158478697057205e+01
-6.439432574432709089e+01
-6.454714983981574505e+01
-6.469189999957259829e+01
-6.482979900859923816e+01
-6.496167752880970170e+01
-6.508811580549252085e+01
-6.520950831460520192e+01
-6.532615681911997285e+01
-6.543830673143602894e+01
-6.554616030834539231e+01
-6.564988829493435674e+01
-6.574963864591882157e+01
-6.584554276706003861e+01
-6.593771990800478022e+01
-6.602628023707153204e+01
-6.611131951108954752e+01
-6.619291999321961839e+01
-6.627117431870975395e+01
-6.634617592491649418e+01
-6.641801607322319967e+01
-6.648678301497906773e+01
-6.655256193771943174e+01
-6.661543517940501147e+01
-6.667548250698607148e+01
-6.673278138100553747e+01
-6.678740718078729799e+01
-6.683943338655596733e+01
-6.688893172302341839e+01
-6.693597227127361293e+01
-6.698062355566784731e+01
-6.702295261153916783e+01
-6.706301841017484833e+01
-6.710087958070565151e+01
-6.713659929131432591e+01
-6.717024111514562890e+01
-6.720186758402206806e+01
-6.723153969265652563e+01
-6.725931677757047567e+01
-6.728525654130122291e+01
-6.730941512531632043e+01
-6.733184719152052367e+01
-6.735260599708892926e+01
-6.737174345819953203e+01
-6.738931020271486716e+01
-6.740535561346391091e+01
-6.741992786412164662e+01
-6.743307394952704215e+01
-6.744483971196208927e+01
-6.745526986457984719e+01
-6.746440801287610611e+01
-6.747229667486102755e+01
-6.747897730040216402e+01
-6.748449029007073818e+01
-6.748887501371912379e+01
-6.749216982894202488e+01
-6.749441209951879728e+01
-6.749563821389425300e+01
-6.749588360372780471e+01
-6.749518276252035776e+01
-6.749356926431478598e+01
-6.749107578245606476e+01
-6.748773410839122278e+01
-6.748357517048501109e+01
-6.747862905282511292e+01
-6.747292501398959530e+01
-6.746649150574916121e+01
-6.745935619167723019e+01
-6.745154596564189831e+01
-6.744308697015486587e+01
-6.743400461455408390e+01
-6.742432359299826317e+01
-6.741406790225333623e+01
-6.740326085925217114e+01
-6.739192511841112321e+01
-6.738008268868820494e+01
-6.736775495036960137e+01
-6.735496267157257932e+01
-6.734172602445462985e+01
-6.732806460111990532e+01
-6.731399742921540508e+01
-6.729954298721104067e+01
-6.728471921935806677e+01
-6.726954355032256672e+01
-6.725403289949095154e+01
-6.723820369494566762e+01
-6.722207188711035997e+01
-6.720565296206432038e+01
-6.718896195452700226e+01
-6.717201346051398048e+01
-6.715482164966653045e+01
-6.713740027725728510e+01
-6.711976269587520960e+01
-6.710192186679357462e+01
-6.708389037102497809e+01
-6.706568042006767882e+01
-6.704730386634810202e+01
-6.702877221336471791e+01
-6.701009662553816781e+01
-6.699128793777353508e+01
-6.697235213428406553e+01
-6.695329296163875199e+01
-6.693411899987282254e+01
-6.691484035225485627e+01
-6.689546741084022585e+01
-6.687601036485141037e+01
-6.685647901879131894e+01
-6.639271028923823792e+01
-6.547863463547325580e+01
-6.428406456406845848e+01
-6.295692066431782763e+01
-6.158860286300738807e+01
-6.022723486632919077e+01
-5.889381128731838544e+01
-5.759179479452044603e+01
-5.631203764025865155e+01
-5.503595956181994353e+01
-5.373591182466608984e+01
-5.237194756875836532e+01
-5.088906004300973507e+01
-4.920850559102376565e+01
-4.720908721948547537e+01
-4.469742908884822441e+01
-4.134841039684432928e+01
-3.660198195102852026e+01
-2.952789718773428973e+01
-1.890716585377100500e+01
-4.490085362901516497e+00
1.026496890741840495e+01
1.993723890200654481e+01
2.338444278701775403e+01
2.258457624071833791e+01
1.936783930243431584e+01
1.484152337459456206e+01
9.655176231298664646e+00
4.204024981852072074e+00
-1.269217443437855142e+00
-6.619924790559815975e+00
-1.176708629574767606e+01
-1.667015713905485086e+01
-2.131497563882943069e+01
-2.570564523308298632e+01
-2.986193813240625872e+01
-3.381728659902905321e+01
-3.761446781037828657e+01
-4.129381431465699137e+01
-4.487564799254735703e+01
-4.833960891590584907e+01
-5.160732376686322453e+01
-5.455077834276954718e+01
-5.703692243910005288e+01
-5.899352743056530812e+01
-6.044187963652743178e+01
-6.147422415897695203e+01
-6.220424486593937274e+01
-6.273037075441803978e+01
-6.312420802321693003e+01
-6.343331318327067692e+01
-6.368771133062135448e+01
-6.390607349865322107e+01
-6.409992917998809503e+01
-6.427639980937505015e+01
-6.443995020850668709e+01
-6.459344265794341311e+01
-6.473873990148584312e+01
-6.487707882117281599e+01
-6.500930098274149316e+01
-6.513599187005939939e+01
-6.525754860072790109e+01
-6.537428804402971139e+01
-6.548646430937345997e+01
-6.559428588865114307e+01
-6.569792862828424518e+01
-6.579754497724053408e+01
-6.589327044942696432e+01
-6.598522811073685546e+01
-6.607353169465025644e+01
-6.615826840785362606e+01
-6.623953390527201179e+01
-6.631742692188784360e+01
-6.639204437762006705e+01
-6.646347994982188823e+01
-6.653182384640021496e+01
-6.659716299934055428e+01
-6.665958137645323234e+01
-6.671916029414897764e+01
-6.677597869060849689e+01
-6.683011335041044276e+01
-6.688163908397565649e+01
-6.693062886907041786e+01
-6.697715396200599969e+01
-6.702128398527283082e+01
-6.706308091600651267e+01
-6.710260501214003170e+01
-6.713992151471235559e+01
-6.717509615034263959e+01
-6.720819356986859816e+01
-6.723927681474094697e+01
-6.726840718676197639e+01
-6.729564427394157633e+01
-6.732104602871943655e+01
-6.734466885551626092e+01
-6.736656769122670596e+01
-6.738679607387577164e+01
-6.740540619945461742e+01
-6.742244896867038051e+01
-6.743797402572204192e+01
-6.745202979105387442e+01
-6.746466348970409399e+01
-6.747592117651363708e+01
-6.748584775915141165e+01
-6.749448701965971509e+01
-6.750188163502875227e+01
-6.750807319716092536e+01
-6.751310223247595843e+01
-6.751700822132691826e+01
-6.751982961733851596e+01
-6.752160386673686787e+01
-6.752236742770870137e+01
-6.752215578980718647e+01
-6.752100349340528851e+01
-6.751894414918768916e+01
-6.751601045766460629e+01
-6.751223422868642388e+01
-6.750764640093488822e+01
-6.750227706136533357e+01
-6.749615546457360438e+01
-6.650016064183706987e+01
-6.461237143306715325e+01
-6.225598532128952911e+01
-5.974785128886406937e+01
-5.725541099198822081e+01
-5.483997167730836253e+01
-5.249080661584237362e+01
-5.013984434742305041e+01
-4.766321119431641762e+01
-4.486446096578345077e+01
-4.143739662835999127e+01
-3.688859521847938083e+01
-3.043817929825408086e+01
-2.105931772045346762e+01
-8.311816772440305812e+00
5.538758696122014769e+00
1.576629547650087915e+01
2.021105069976195523e+01
2.011499608967613995e+01
1.726671092819526265e+01
1.290511219049047043e+01
7.787126692106811632e+00
2.371287027930352398e+00
-3.067314979252709684e+00
-8.369340452170144218e+00
-1.344894321310058061e+01
-1.826487958015010449e+01
-2.280421958043299924e+01
-2.707392491238649868e+01
-3.109680615250097091e+01
-3.490825769640006371e+01
-3.854862025006789139e+01
-4.205163825593889726e+01
-4.542783326215451467e+01
-4.864861278194568683e+01
-5.163930319486720322e+01
-5.429331966300764378e+01
-5.651347719044937179e+01
-5.825840593292867453e+01
-5.955984029839783034e+01
-6.049958687017841186e+01
-6.117286989654692775e+01
-6.166250010539091164e+01
-6.203002341202819281e+01
-6.231759800457772513e+01
-6.255257055343708572e+01
-6.275249089871655883e+01
-6.292850936282837182e+01
-6.308773054205578035e+01
-6.323468995602975440e+01
-6.337234678346752048e+01
-6.350268411149225045e+01
-6.362705043827060081e+01
-6.374637999407859468e+01
-6.386133363784773564e+01
-6.397238936213392435e+01
-6.407990095677601516e+01
-6.418410641139659845e+01
-6.428520081711724288e+01
-6.438335046593317657e+01
-6.447869448685945315e+01
-6.457134935547617260e+01
-6.466141332793081631e+01
-6.474897018009922078e+01
-6.483409220498064940e+01
-6.491684257120496682e+01
-6.499727717026576101e+01
-6.507544542706848745e+01
-6.515136565988780148e+01
-6.522507444799290965e+01
-6.529661311433115145e+01
-6.536602274121295864e+01
-6.543334254610303446e+01
-6.549860954258797108e+01
-6.556185869860252069e+01
-6.562312326161328713e+01
-6.568243511034538074e+01
-6.573982507672386078e+01
-6.579532321946597051e+01
-6.584895904725469507e+01
