"V1" "V2" "V3" "V4" "V5" "V6" "V7" "V8" "V9" "V10" "V11" "V12" "V13" "V14" "V15" "V16"
"1" 0.392178904418175 0.55239604704698 0.301381617828942 0.182855103948535 0.506261470836412 1.20185700987979 0.344819885252691 0.191282950837942 0.492797866814479 1.04941536761016 0.340526876544005 0.190546270642544 0.374216948851611 0.505754470292671 0.293039109280459 0.180948222483474
"2" 0.434295429552976 0.615794612550097 0.336966762479873 0.204123487042479 0.55912509884767 1.35001781629593 0.386206449845857 0.213601775009912 0.544457278887378 1.17616488566615 0.381334505198376 0.212779542472287 0.414583781786631 0.563692121638517 0.327558981393085 0.201985861367073
"3" 0.474641149166802 0.677868505142748 0.372177724356799 0.225061632603269 0.609300621448178 1.49801488462039 0.427381613176076 0.235596394651563 0.593541057812244 1.30206464980101 0.421916367547155 0.234688579878179 0.453309871853267 0.620390917966128 0.361686089771658 0.222693390302139
"4" 0.512251466574091 0.737283208488255 0.406321171068625 0.245246007437097 0.655498036109854 1.64290276802859 0.467592020021517 0.256828600036046 0.638816523931019 1.42454672320391 0.461519772910188 0.255835984649668 0.489477995667538 0.674627562133059 0.394751619664864 0.242651697243726
"5" 0.546249503767791 0.792805382485281 0.438768426552128 0.264285375704321 0.696629213004932 1.7817799192157 0.50612373138899 0.276909312415734 0.679208001878655 1.5411330025274 0.499437940705936 0.27581385166617 0.522253294933205 0.72528277119775 0.426131297591262 0.261471980826262
"6" 0.575913429473315 0.843349490811751 0.468946369895678 0.281834318582502 0.73176634707274 1.91190267301746 0.542340805854971 0.295442079797128 0.713837929299457 1.64951510171942 0.535038355323715 0.294262585240314 0.550949009721595 0.771363087711839 0.455270830209736 0.278812172991889
"7" 0.600645182014627 0.888023560991005 0.496377053398482 0.297606171950139 0.760313412112321 2.0307365847205 0.575714371580793 0.312141421690665 0.742067240850565 1.74763099891273 0.567782910571345 0.31088281135442 0.57503949745689 0.812059808936015 0.48170390921655 0.29438831931395
"8" 0.620272431496169 0.92612461232254 0.520680726420489 0.311378918549657 0.781853475080008 2.13606189768751 0.605776780657098 0.326765508643157 0.763503251780697 1.8337207526307 0.597239245590346 0.325441833178586 0.594173592043926 0.846726623817131 0.505062164503874 0.307980722068883
"9" 0.634426177062124 0.957159889930271 0.541575242764883 0.322996537076795 0.79624292034446 2.22596164516071 0.632214511282107 0.339173586834596 0.778020373234122 1.90635582764721 0.623084157964685 0.337775077602684 0.608173421706379 0.874939672313997 0.525077750118604 0.319435258545846
"10" 0.643189719272732 0.980866182696461 0.558890322413919 0.332366529994541 0.803578177435134 2.29898821112997 0.654807500123523 0.349241609339551 0.785627785359702 1.96445038683189 0.645101040589191 0.347783616395997 0.617022481523802 0.896458114062924 0.541580211460827 0.328660902239948
"11" 0.646677898413502 0.997151925433925 0.572536899171158 0.339455023532421 0.804143624000171 2.35391647432715 0.673438309264004 0.356939151627087 0.786654340411306 2.00726517659523 0.66317385747907 0.355429211521651 0.620845009525506 0.911205425738128 0.554489820794394 0.33562482885432
"12" 0.645170195225977 1.00609917187285 0.582513515022637 0.344280881852131 0.798384978086289 2.39007163110281 0.688062997259306 0.362282522892519 0.781501340430532 2.03441986122841 0.677280172567206 0.360728380939709 0.619884130030664 0.91927043664628 0.563809617034099 0.340346539594771
"13" 0.63902109996729 1.0079246523349 0.588895766431929 0.346910037190734 0.78686754309668 2.40711064611294 0.698782465123335 0.365337271595496 0.77070768599465 2.04582804486386 0.687485213018587 0.363746726474843 0.614485410416457 0.920875887428818 0.569617975430023 0.34289252460617
"14" 0.628693879736043 1.00302819935218 0.591830034467923 0.347449550211237 0.770240467982914 2.40517464020957 0.705727019185286 0.366213531478678 0.754895753778389 2.04177906508008 0.693938031203201 0.364594286962792 0.605033636187915 0.916364041529111 0.572062785008905 0.343370184231585
"15" 0.614659826923155 0.991868556865508 0.591530355004395 0.346049189996817 0.749206609989626 2.3847492803402 0.709128257114635 0.365062575259257 0.734742540243028 2.02289661640067 0.6968697482339 0.363422097379445 0.592015409924655 0.906184550986343 0.571357411477479 0.341926453775329
"16" 0.597457308242008 0.975035183199215 0.588274216809469 0.342890681921197 0.724498663940561 2.34681980794753 0.709297089159446 0.362074199951014 0.710956740136296 1.99007246252777 0.696594218478158 0.360419582066381 0.57592641403591 0.89089845056426 0.567777777778465 0.338743553294233
"17" 0.577643756088685 0.953205247985655 0.582401308601784 0.33819061974231 0.696860831567008 2.29277069355465 0.706633704091538 0.357474163554161 0.684260506729454 1.94453042518696 0.693501731597615 0.355812007445151 0.557291731769342 0.871086547519277 0.561660683272956 0.334036784687046
"18" 0.555788132694554 0.927143035764694 0.574307313096453 0.332197669429293 0.667034399250188 2.22437361789998 0.701605500833657 0.351518041105851 0.65537759567146 1.88780795381922 0.688062012186839 0.349854410705642 0.536659320778405 0.847498586032582 0.553391886852469 0.328048679145725
"19" 0.532465509162601 0.897670035190393 0.564434587061491 0.325178590255458 0.635745276048469 2.14516471114976 0.694749869897191 0.344497414345247 0.625017470012148 1.82168050443563 0.680808179088179 0.342837655646051 0.514578897784571 0.820873561798478 0.543413351404597 0.321054630446267
"20" 0.508241916508373 0.865651375756685 0.553260908460885 0.317425629251893 0.603691428331902 2.05323817255622 0.686657995314898 0.336714288219238 0.59386555891473 1.74803023976615 0.672338881764138 0.335063244901347 0.491595823613306 0.792008935385236 0.532196855981364 0.313339228092063
"21" 0.483662722040269 0.831963424448444 0.541282747686767 0.309231240758891 0.571531443266131 1.95539707498835 0.677946077629713 0.328483885256841 0.562566872006067 1.66891301222823 0.663277544298275 0.326845862115036 0.468727104392578 0.761710098416079 0.520234952900086 0.305198619166323
"22" 0.459238089324655 0.797466435331292 0.52899403208687 0.300900290556885 0.539869196479796 1.85280759803091 0.669247509057339 0.320117968359182 0.532012082888778 1.58638719796639 0.654286423459955 0.318497052370788 0.445000021145609 0.730774864894604 0.508017180790863 0.296925414567707
"23" 0.435426039554535 0.762969234790126 0.516866400960726 0.292710384526225 0.50923633768146 1.748014846094 0.661165557306634 0.311915805138173 0.501861015613597 1.50245708760805 0.645908109870727 0.310316176998132 0.42233293201664 0.699978086383814 0.496018754046822 0.288800279875727
"24" 0.412630142522569 0.729197940732189 0.505324911630214 0.28490816601852 0.480086892688659 1.64334541532518 0.654255355859152 0.304148117276 0.473427851396296 1.41896906953076 0.638813883581487 0.30257448934091 0.400623380681909 0.669896123551146 0.484675832524417 0.281078442156449
"25" 0.391169500706143 0.696768669433684 0.494730302828505 0.277713350954018 0.452777560259787 1.54089517968351 0.649000988257552 0.297046653025101 0.446783743256029 1.33755000689974 0.633496198630552 0.29550512839183 0.380190951482012 0.641202806227442 0.474361578890085 0.273979846087583
"26" 0.37128556805049 0.66616650159827 0.485366514922449 0.271299762620722 0.427577403684136 1.44239743962774 0.645787888221816 0.290801739698914 0.422189165162383 1.25954864211319 0.630405049300908 0.289297476047026 0.361275025385205 0.614307746477279 0.465387191490167 0.267669138536438
"27" 0.353134801823347 0.637729947130097 0.477424696615495 0.265781817814237 0.404636631519419 1.34920298170088 0.644894470826334 0.285533175340508 0.39980664184197 1.18600068971955 0.629891395171757 0.284079935580022 0.344033113044604 0.589551745926446 0.45797928021072 0.262281715613492
"28" 0.336793562758398 0.611677054254561 0.471012354306184 0.261233551828102 0.384023596305826 1.26225804369433 0.646486617511073 0.281330242490832 0.379705882127688 1.11762672036471 0.6321958811039 0.279939240871021 0.328543628441727 0.567127997940912 0.45224918241377 0.25788579423729
"29" 0.322277048610559 0.588073719952427 0.46614724183029 0.257678541485624 0.365707032303146 1.18212156999335 0.65062002618745 0.278220088387035 0.361858733280864 1.05478658253621 0.637503043485364 0.276908803312712 0.314808499394317 0.547107547180716 0.44829434718819 0.25451850609809
"30" 0.309451588287312 0.56686088686607 0.462774362716828 0.255096710320115 0.349591967776433 1.10898611219011 0.657254747028849 0.276186650562187 0.346176617477247 0.997699836072495 0.645904688474384 0.274974173917907 0.302769144278909 0.529458817760244 0.446101038838025 0.252166006191693
"31" 0.298272102945729 0.547913697593272 0.460774434660805 0.253431669883881 0.33551888566377 1.04276333712328 0.666252980694442 0.275175733639473 0.332508742085529 0.946166815674137 0.657416858549834 0.274086990260274 0.292318404627469 0.514063504230511 0.445584715621961 0.250781131549559
"32" 0.288563025526487 0.531022991137584 0.459984494202089 0.252625842766189 0.323298446755274 0.983131730431024 0.677416744851486 0.275109079065165 0.320666137815634 0.89992671823435 0.672023243078091 0.274173937131221 0.283311328729241 0.500744318100828 0.446656577044608 0.250294856829514
"33" 0.280143777034372 0.515945150659652 0.460210672318458 0.252518156573894 0.312705866375738 0.929606345863683 0.690502546941079 0.275887572869249 0.310430914831039 0.858557639080479 0.689666021478131 0.275140921596748 0.275578368451856 0.489270102108551 0.449166005193656 0.25061848925647
"34" 0.272839400263237 0.50241476559553 0.461247727609227 0.253067391329308 0.303521310305111 0.881601389822381 0.705229894307489 0.277405317194462 0.301586150311347 0.821567586373377 0.710280120121547 0.27688012763431 0.268948753940105 0.479379646359042 0.452963677161489 0.251657000283709
"35" 0.266469537978539 0.490171429725377 0.462891257187641 0.254147719196712 0.295518119172673 0.838497333100004 0.721305036192286 0.279555890312216 0.293913888922859 0.788414930209592 0.73380333886748 0.279311402823142 0.263248319323437 0.470825411111085 0.457868560120431 0.253297782560905
"36" 0.260868533224392 0.478972858508809 0.464948500355027 0.255660006657303 0.288494804476214 0.799677503845174 0.738431297893806 0.282238077145458 0.287212845070487 0.758598357934937 0.760163949288207 0.282317838123839 0.258315154505042 0.463367078295021 0.463737076115551 0.255500584437847
"37" 0.255888487221685 0.468605159148561 0.46724591797683 0.257514704269306 0.28226913897629 0.764562125688618 0.756317053397597 0.28536174103035 0.28128970579328 0.731622261015532 0.789334876857797 0.28582052252356 0.254003386067254 0.456782971218165 0.470421559496473 0.258132821652035
"38" 0.251402259894443 0.458888313397008 0.469633950893595 0.259634183027336 0.276684112165496 0.732629730685911 0.774682575079349 0.288848066774907 0.276027482740727 0.707046401456562 0.821259473124799 0.289743599299237 0.250186249194841 0.450877526148817 0.477783044869285 0.261140499095954
"39" 0.24730424861673 0.449677375881664 0.47198751917623 0.261953601684322 0.271608684634672 0.703426624931791 0.793261627976037 0.292631912045591 0.271256390795781 0.68448717747845 0.855923873325483 0.294031301678876 0.246757057323568 0.445485121021353 0.485713634257944 0.264464824171885
"40" 0.243509481698157 0.440861728948443 0.474207681264846 0.264421158425688 0.266936616647006 0.676568733108266 0.811802120326434 0.296661233399989 0.266874615462045 0.663619641782277 0.893291300609772 0.298630275649393 0.243628572583795 0.440461422505264 0.494108399500048 0.268058911624969
"41" 0.239951583523702 0.432359901574431 0.476217624934771 0.266994716918167 0.262584017470539 0.651737488493854 0.830065411143599 0.30089858148951 0.262822076122334 0.644174524278782 0.933313734925601 0.303516718882497 0.240731297311444 0.435704381108053 0.502879974561666 0.271886883897609
"42" 0.236580120251513 0.424116177664014 0.47796124650529 0.269643976613365 0.258486201823382 0.628673188187777 0.847827017757898 0.305306591270601 0.259008265860627 0.625935125054489 0.975913434906199 0.308654982437753 0.238011159534425 0.431123759516572 0.511952933164367 0.275920929577263
"43" 0.233357730751436 0.416092903342304 0.479399102972566 0.272346044783623 0.254594315218075 0.607165247988449 0.864867617047017 0.309872030468471 0.255391246720622 0.608725168861262 1.0209673939566 0.314033506860202 0.235426969319086 0.426653070630848 0.521261182359289 0.280146488425861
"44" 0.230258723165643 0.408268892809994 0.480506967083446 0.275084422052879 0.250872105335704 0.587041556248046 0.880982349201638 0.314578166583543 0.25193349801294 0.592407091149561 1.06829200206568 0.319644382303037 0.232947561377379 0.42224302497212 0.530745514507454 0.284550226082843
"45" 0.227260897051767 0.400632606272094 0.481265497413698 0.277847420285588 0.247293008376152 0.568163166291844 0.895974740942159 0.319416042728255 0.248607302084695 0.57687342497885 1.1176191587263 0.325485621455126 0.230551197220632 0.417858115764639 0.540348798824128 0.289126003630214
"46" 0.224352475428407 0.393179121453035 0.481669598681336 0.280626809139611 0.243837696919579 0.550413750005009 0.909659008675602 0.324380481402988 0.245392368899214 0.562039203396244 1.16859971680254 0.331559891114718 0.228220922840139 0.413473780863804 0.550025256069653 0.29387178597364
"47" 0.221524070702449 0.385907310637037 0.481717533922956 0.283417250840074 0.240492104969694 0.533697671458071 0.921861849102806 0.329468622301445 0.242273906601767 0.547837780051292 1.22080874191814 0.337872389563739 0.225944987372893 0.409072840748623 0.559715092955209 0.298787239224185
"48" 0.218770629155133 0.378817800933049 0.481411724070224 0.286212779207981 0.23724668819116 0.517930106732705 0.932424955153655 0.334680530913101 0.23924111093974 0.534216657002031 1.27365818062975 0.344435603242331 0.223715051073782 0.404648572051422 0.569386028949254 0.303880257449251
"49" 0.216082779936077 0.371912841188386 0.480757560561328 0.289011517213321 0.234091338183508 0.503037496061803 0.941207923964803 0.34001547677497 0.236286022881239 0.521133380810564 1.32649819659827 0.351257691068443 0.221525236238745 0.400190590806291 0.578969373645402 0.309151894581639
"50" 0.213461596156137 0.365190135681687 0.479762580121311 0.291809891390027 0.231022456888103 0.488954184996485 0.948091803851714 0.345474462417565 0.233402687619499 0.508555191115252 1.37857024447635 0.35835316696986 0.219371420046206 0.395710936432738 0.588419192325512 0.314610499768149
"51" 0.210902724275796 0.358651129075123 0.478435931503255 0.2946050068809 0.228034488809697 0.475622403771252 0.952981015280421 0.351058329392533 0.230586550171751 0.496452974905371 1.42903196108395 0.365737046980288 0.217250717801049 0.391198879192855 0.597682189078735 0.320264136705614
"52" 0.2084038058036 0.352294470741004 0.476787996924709 0.29739392851675 0.225123479172887 0.462984348179265 0.955809020600377 0.356767844284355 0.227834029208706 0.484802802664765 1.47697808078797 0.37342610258683 0.215161111105833 0.386662631871315 0.606703709475607 0.326122033004301
"53" 0.205962755907747 0.346117841375523 0.474830233821552 0.300173385518542 0.222286026807018 0.45099260757471 0.956536212837342 0.362603239737209 0.225142233344341 0.473583780052257 1.52147149037809 0.381438272929529 0.213101183432432 0.382107442433585 0.615427947155652 0.332194150025848
"54" 0.203577798294841 0.34011801116452 0.472574488899034 0.302940466871685 0.219519262624983 0.439601535724591 0.955154224915911 0.368565014069739 0.222508804126793 0.4627772579998 1.56157182484614 0.389793580770258 0.211070005427091 0.377539420404268 0.62379802502664 0.338491996961522
"55" 0.201246782921296 0.334291359945204 0.470035610296975 0.305691555634967 0.216820104959933 0.428769146239925 0.951685435357497 0.374652611426874 0.219931443428846 0.452366101266643 1.59637898745432 0.398513867179505 0.209066704657628 0.372965265353857 0.631757083226302 0.345026774925566
"56" 0.198968240770247 0.328632735140541 0.467225825358221 0.308422583505772 0.214186279773375 0.418457236396531 0.946182408954935 0.380864125370302 0.217408456270667 0.442334527307693 1.62507018086904 0.407618786265941 0.207090859466046 0.368391202710173 0.639248370122838 0.351810208061339
"57" 0.196740490198312 0.323138029684466 0.464161061065168 0.311129660946207 0.211615398503445 0.408628970053703 0.938726357420449 0.387198134305216 0.214938132162438 0.43266728750444 1.64693928307823 0.417135066291068 0.205142038297113 0.363824559569542 0.646216315738714 0.358856829393361
"58" 0.194562185574431 0.31780265810062 0.460856208463109 0.313808581847504 0.209105568833684 0.399253795809467 0.929424738466272 0.393651577678062 0.212519275578087 0.423350694648424 1.66143201881736 0.427086893088382 0.203220245431048 0.359272071370642 0.652607376319771 0.366179724568744
"59" 0.19243160548127 0.312621205423289 0.457327628938662 0.316454834658757 0.206654457049881 0.390300924457343 0.918407870123819 0.400220427857494 0.210150183582252 0.414370357978247 1.66817452431484 0.437506406733102 0.201324969263521 0.354739622115099 0.658371102571154 0.373792809703178
"60" 0.190347547691124 0.307589094064192 0.453592040266116 0.319063820009064 0.204260401779149 0.381743642466233 0.905826457342312 0.406899474247829 0.207829828455818 0.405713612244674 1.6669939125494 0.448406069182079 0.199456273001588 0.35023368332129 0.663460936420743 0.381712820992272
"61" 0.188308863084483 0.302701888317282 0.449667108573881 0.321630624778581 0.201921821250027 0.373557359318663 0.891845814894265 0.413684012047596 0.205557222450518 0.397367972188204 1.65792815847429 0.45982357948307 0.197614207682482 0.345760133884388 0.667835847439251 0.389948860830481
"62" 0.186314615016457 0.297955501366569 0.445570864793432 0.324150409070891 0.199637397333749 0.365720181326005 0.876642822809264 0.42055909675852 0.203331608267387 0.389322119281542 1.64121707402711 0.471780207349124 0.195798986504053 0.341325005172413 0.671457773904029 0.398514812390025
"63" 0.184364143424877 0.293346441009408 0.441322284115823 0.326617247986019 0.197406142381226 0.358212605415469 0.860396221878274 0.427523017018599 0.201152526221514 0.381565685197828 1.61732014355947 0.484297293318175 0.194011045979045 0.336934321605981 0.674304978942683 0.407420421378101
"64" 0.182455855493496 0.288869343866747 0.43693784861752 0.329026353691713 0.195226045496363 0.351017676663628 0.843304358193366 0.434556248698484 0.199018446015278 0.374086774045992 1.58685664453488 0.497390777955786 0.192249812965018 0.332591250031056 0.676357345633409 0.416671726025302
"65" 0.180593789175119 0.284527033816422 0.432443188531097 0.33137183951065 0.193101398735361 0.344116604940729 0.825553078917207 0.44164422693588 0.196934176031058 0.36688238996701 1.55060072638133 0.511068394162737 0.190520388295965 0.328308096490977 0.677607421116201 0.426269320432743
"66" 0.178774816362421 0.280317127149965 0.42786145446751 0.333647819386053 0.191028506725888 0.337506096366347 0.807331272609457 0.448766961558052 0.194896414957559 0.359945170254657 1.50944231395552 0.525326222330267 0.188820517339997 0.324090341558792 0.678059208238854 0.436206234520069
"67" 0.176999405552859 0.276239842548861 0.423214715530918 0.335848167869079 0.189007702791477 0.331173106173131 0.788825333813703 0.455900167610482 0.192905903717861 0.353272142541305 1.46435088758462 0.540144654680403 0.187151550656604 0.319945982233246 0.677731356624283 0.446465460743234
"68" 0.175272997454194 0.272298500203504 0.418530895567502 0.337966501213715 0.187044882947876 0.325113476858777 0.770218381255002 0.463014606433048 0.190968979901624 0.346863297255107 1.41633943178564 0.555483906464171 0.185519850780057 0.315886116529224 0.676654734204501 0.457017213835469
"69" 0.173598421126517 0.268498226553615 0.413840288501008 0.339996160046604 0.185143040038796 0.319326178989076 0.751690240369497 0.470075449879908 0.18908901481192 0.340722083918761 1.36643094172744 0.571279322684616 0.183929060694102 0.311923466501026 0.674877196625208 0.467816077852421
"70" 0.171979750775066 0.264846643370657 0.40917660746899 0.341930197967097 0.183306566241174 0.313814348495822 0.733417893842523 0.477041733839758 0.187270770686115 0.334855877098341 1.31562935601113 0.587436849425285 0.182384046426615 0.30807319729666 0.672462533344391 0.478798268469931
"71" 0.170422864915092 0.261354155446181 0.404577458259976 0.343761381542169 0.181541879036486 0.30858556128258 0.715576244747577 0.48386598341274 0.185521031988955 0.329276359266076 1.26489611803057 0.603829152491225 0.180891460058822 0.304353289393681 0.669491191408516 0.489879307830743
"72" 0.168935037880358 0.258034109964717 0.400084563825943 0.345482207913984 0.179856964461429 0.303651986545793 0.698338911547244 0.490494103037032 0.183848145324789 0.323999758985596 1.21513284926131 0.620292951805598 0.179459326635076 0.300784749916419 0.666060036987157 0.500952461308916
"73" 0.16752494580609 0.254902812929588 0.395743737574962 0.347084946378811 0.178261383710787 0.299030358037578 0.681878762658686 0.496865626877502 0.182262026984864 0.319046879588297 1.16716993987352 0.636628174470014 0.1780970509649 0.297391651176203 0.66228136323166 0.511888306016908
"74" 0.166202582233076 0.251979361397493 0.391604530110207 0.34856170959682 0.176766178935541 0.294741706942968 0.666367906776153 0.502914414618394 0.180774068341741 0.314442858234643 1.12176030592975 0.652600428363957 0.176815331987913 0.294200946914793 0.658281004939817 0.522535776494175
"75" 0.164979067930076 0.249285260083123 0.387719491977179 0.349904558407878 0.175383661025287 0.29081081326009 0.651976900205714 0.508569853342387 0.179396921699112 0.310216609533732 1.07957638906886 0.667941780761924 0.175625969034081 0.291242028605203 0.654195467066901 0.532724954742572
"76" 0.163866347671875 0.246843807447745 0.384143025059343 0.351105641549624 0.174127071251143 0.287265354812229 0.638873013944795 0.513758587273905 0.178144158401756 0.306399932023942 1.04121375566528 0.682363277524895 0.174541552622423 0.288546004062949 0.650168047090082 0.5422717377938
"77" 0.16287677767705 0.244679258719564 0.380929835760813 0.352157368064973 0.173010120887659 0.284134763000952 0.627217515420071 0.518406746161252 0.177029803396284 0.303026288403044 1.00718871108856 0.695562059640787 0.173575043628159 0.286144707395694 0.646344026402212 0.550984333983786
"78" 0.162022620124292 0.242815799208265 0.37813305004531 0.353052606193522 0.172046427126153 0.281448829188725 0.617162051142725 0.522442584969055 0.176067764791625 0.300129308231172 0.977943540783977 0.707235064150438 0.172739257612284 0.28406948034376 0.642865114059956 0.558672321521101
"79" 0.161315474026534 0.241276387501461 0.375802097851589 0.353784898566735 0.171248877948868 0.279236140802348 0.608844350565979 0.525799389613057 0.175271191489802 0.297741100138444 0.953847928343921 0.717093732219055 0.172046284215777 0.282349796433235 0.639863433798668 0.565151913802794
"80" 0.160765682833103 0.24008155075873 0.373980515320739 0.354348680160239 0.170628971015761 0.277522456642026 0.602383588812573 0.528418454266478 0.174651804480532 0.295890493637094 0.93520088607666 0.724878638996458 0.17150688282175 0.281011826410703 0.637455436174168 0.570261229754252
"81" 0.160381766540535 0.239248229448271 0.372703840613256 0.354739483279587 0.170196179889929 0.276329151239224 0.59787582760395 0.530251903777544 0.17421925575971 0.294601352758837 0.922229072981786 0.730377479336781 0.171129903235648 0.280077061495945 0.635736176039023 0.573865831295395
"82" 0.160205509485461 0.238788773351774 0.371997787187042 0.354954113331783 0.169957403371194 0.275671864208017 0.595389984370383 0.531265126733411 0.173980571299859 0.293891110301613 0.915090106213479 0.733433398342349 0.170957997239494 0.279561116316462 0.634774408517763 0.575867654072746
"83" 0.160169357685903 0.238783119510759 0.372007473696166 0.354990780508238 0.16995638861127 0.275657450592141 0.595312045560248 0.531288437533993 0.173980008037313 0.293876571897716 0.914583814671686 0.732964482458538 0.170922475425708 0.279559730834554 0.634901946789133 0.575599269004661
"84" 0.160308665024253 0.239013668886881 0.372343577219192 0.354849175735586 0.170074293872912 0.275993537356549 0.596606103019831 0.53076896643633 0.174097420407503 0.294238714343074 0.918583285899285 0.731935406856237 0.171059332855041 0.279813711338888 0.635246399422113 0.574886518383298
"85" 0.160587449472613 0.239694576903793 0.373388289051394 0.354530483998559 0.17042803871854 0.276968125347667 0.60028978196525 0.529269176217225 0.174450996911006 0.295291692848017 0.929173335755913 0.727425141905019 0.171331902029634 0.280577907904845 0.636661095795721 0.571930421926181
"86" 0.161069993680733 0.240742680046979 0.374989753539511 0.3540373338082 0.170972072888571 0.278470279158949 0.605958277398764 0.526967824154755 0.174994643993133 0.29691415084449 0.945511895619281 0.720556226780157 0.171805509927456 0.281752495964053 0.638796204495132 0.567425040043131
"87" 0.161713644583828 0.242142814605591 0.377116270229031 0.353373687423702 0.171697920705752 0.280480833408311 0.613526817298958 0.523907600004085 0.17571972791147 0.299084706942728 0.967401075877845 0.711520334090411 0.172436588166539 0.2833182683359 0.641566944998324 0.561490296649089
"88" 0.16250874236242 0.243875793670433 0.379727346291654 0.352544681653184 0.172594842969812 0.282975651093066 0.62288397183485 0.520143084028786 0.176615303738225 0.301776377022161 0.994571014005679 0.700559316963524 0.173215095061412 0.285250817920915 0.644865001961806 0.554278571943556
"89" 0.163444132465499 0.245919512404102 0.382775708666915 0.351556432980635 0.173650443243348 0.285927111238458 0.633899697356786 0.515738056664879 0.177668728643598 0.304958187712038 1.02668141611392 0.687951422788808 0.174129414684328 0.287521855170152 0.648563965252519 0.545964441409834
"90" 0.164507753975079 0.248250144734019 0.38620948560531 0.350415822937258 0.174851324469117 0.289305721623403 0.646427517657489 0.510762556395312 0.178866326067643 0.308596923027826 1.06332004478498 0.673995815993781 0.175166957081779 0.290100633616151 0.652525322846413 0.536736921429005
"91" 0.165687223701394 0.250843330855618 0.389974375938026 0.349130279888382 0.176183740806818 0.293081722315409 0.660309635713667 0.505289918779165 0.180194045015416 0.312658857152397 1.10400160903156 0.658996344307435 0.176314754148069 0.292955363031955 0.656604555020038 0.526788097670509
"92" 0.166970372045811 0.253675265998517 0.394015644399832 0.347707571873206 0.177634195625469 0.297226560656938 0.675380863962264 0.499394006778975 0.181638064824438 0.317111342527027 1.14816244711907 0.643250019124504 0.177560006292483 0.296054502987764 0.660656919223594 0.516307435452236
"93" 0.168345696463685 0.25672362089873 0.398279817482818 0.346155622197623 0.179189947522705 0.301714145194237 0.691471730370282 0.493146799437369 0.18318530681206 0.321924151619043 1.19516284831268 0.627033125638365 0.178890545015034 0.299367853458612 0.664542594399542 0.505470640312721
"94" 0.169802710728078 0.259968249650085 0.402715999961698 0.344482355687243 0.180839400049198 0.306521819883792 0.708410618313981 0.486616450543285 0.184823828174527 0.327070507562709 1.24428255517835 0.610595870915187 0.180295189110317 0.302867389301409 0.668130956272094 0.494436967520937
"95" 0.171332181179824 0.263391667083425 0.407276780206732 0.342695579460719 0.182572365308955 0.311631035390106 0.726024933025093 0.47986586992284 0.186543088168555 0.332527777474779 1.29472251493619 0.594152330221936 0.181763985454516 0.306527817094276 0.671303864894472 0.483344953964639
"96" 0.172926252983812 0.266979301939932 0.411918736195771 0.340802898335048 0.184380204812207 0.317027726560094 0.744141409269502 0.472951825341246 0.188334089965195 0.338277837342366 1.34560931252043 0.577880923509737 0.183288337397025 0.310326861710831 0.673957947649056 0.472310681769527
"97" 0.174578478779542 0.270719551182262 0.416602588924172 0.338811661947725 0.186255861407057 0.322702430605867 0.762585770291529 0.465924518726235 0.190189412137692 0.34430714502476 1.39600434175848 0.561923523482647 0.184861033333882 0.314245312881016 0.676005943810948 0.461427641680119
"98" 0.17628376828578 0.274603673336173 0.421293073030505 0.336728938625254 0.188193802992074 0.328650197116315 0.781182008817976 0.45882755997675 0.192103150703561 0.350606575897025 1.44491864479962 0.546387447182732 0.186476194340262 0.318266877090617 0.677377234435196 0.450767876191748
"99" 0.178038280254346 0.278625564493012 0.42595860544375 0.334561510015782 0.190189901856116 0.334870348307378 0.799751584827544 0.451698245842007 0.194070795826184 0.357171083535801 1.49133386256561 0.531348911105574 0.188129162640539 0.32237788715889 0.678017712376737 0.440384036704598
"100" 0.179838527083492 0.28278146024457 0.430570833083889 0.332315880458473 0.192240434727282 0.341366146775321 0.818112824616694 0.444568048880423 0.196088219295147 0.363999246593983 1.53422910311911 0.516857360083478 0.189815588267918 0.326566921569864 0.677889154481332 0.430311992536781
"101" 0.181690851268632 0.28706960173674 0.435104132709249 0.329998295806316 0.194352664592349 0.348144420141321 0.836080767763054 0.437463229474667 0.19816237128272 0.371092754561107 1.57261282295454 0.502940147906232 0.191536146930367 0.330824379773008 0.676968246920937 0.420573670608048
"102" 0.183575035927122 0.291489895863833 0.439535123043542 0.327614767730404 0.196504205183913 0.355215179403041 0.853467651163074 0.430405498736787 0.200270194079469 0.378455871782625 1.60555811827846 0.489607152920605 0.193284123705685 0.335142050209913 0.675245392018335 0.411179868783532
"103" 0.185507439076614 0.296042962790262 0.443841361809653 0.325171101194598 0.198713519241168 0.362590613015784 0.870084277884968 0.423412678367587 0.202429897028316 0.386094965915034 1.63223923456492 0.476855032251838 0.195060420521196 0.339512163622296 0.67272339727424 0.4021328594989
"104" 0.18748327409716 0.300733584951617 0.448004781412072 0.322672924620476 0.200975463179845 0.370286908054632 0.88574166306705 0.4165000110345 0.204635735018555 0.394017214873818 1.65196718749304 0.464670935425833 0.196864031275043 0.343930464616175 0.669416334778995 0.39342867207694
"105" 0.189502941654787 0.305561482319603 0.452005254854842 0.320125770225108 0.203290686768321 0.37832250244565 0.900254113451972 0.409676574960155 0.206887988156268 0.402233557118971 1.66421926706995 0.453035721764761 0.198694324844658 0.348387155124335 0.665346695700669 0.38505911896712
"106" 0.191567069700491 0.310531011178372 0.455825480125792 0.31753496521359 0.205660088199798 0.386713800428899 0.913442858046528 0.402955869787744 0.209186838882179 0.410750412005802 1.66866548077164 0.441926032370675 0.200550699572185 0.352877308136517 0.6605484631102 0.377012955319541
"107" 0.193676045961026 0.315647001863065 0.459447810375959 0.314905881935867 0.208084309283851 0.395482676593831 0.925141581573332 0.396343963779318 0.211532484579189 0.419578158966301 1.66518234899976 0.431316734004391 0.202432562920345 0.357394311993956 0.655060471413253 0.369278205116426
"108" 0.195831082720994 0.32091273174105 0.462857469820474 0.312243896166983 0.210564816474339 0.404650309358179 0.935198580703729 0.389847473887358 0.213925597092624 0.428724428073581 1.65386197140201 0.421182651780203 0.204339490160406 0.36193119628101 0.64892576016444 0.361840020530196
"109" 0.198032512771664 0.326331608013397 0.466040701883941 0.309554513154235 0.213102104100307 0.414237877993003 0.943480383191448 0.383472057496866 0.216366056737046 0.438196183620163 1.63500007259587 0.411497009513764 0.206270595316001 0.366478773119106 0.642195798661022 0.354685408659193
"110" 0.200280562640964 0.331906352289744 0.468985566046953 0.306843502693275 0.215696454654664 0.424265521111402 0.949882520495542 0.377222799062247 0.218853426398079 0.447996437008559 1.60908848669443 0.40223672214719 0.208224677713245 0.371027862749698 0.634924583925437 0.347803101695309
"111" 0.202574942190894 0.337639463421961 0.471683299645314 0.304117077231341 0.218347462523074 0.434745089054514 0.954329703405333 0.371104612173994 0.221386544642294 0.458124131481388 1.57679004268172 0.393379221700534 0.210199963912197 0.375566696203156 0.627169266300173 0.341180201748023
"112" 0.204914601917073 0.34352941693661 0.474126512996384 0.301381265877869 0.221053718254254 0.445698930752257 0.956781907358366 0.365122673221096 0.223963217568206 0.468572112760645 1.53889261052174 0.384905429308612 0.212193880577996 0.380083177562358 0.618989462882756 0.3348061862429
"113" 0.207297439801531 0.349574375220966 0.476313395645964 0.298645230176284 0.223812427071532 0.457129713121508 0.957238799079748 0.359282897681807 0.226581579279105 0.479325060188058 1.49629419544541 0.376797656590048 0.214203992310741 0.384561297259884 0.610445138310848 0.328672129103522
"114" 0.209719957060015 0.355768710493668 0.47824662627249 0.29591748320724 0.226618961870172 0.469051978933752 0.955743720725503 0.353590095041667 0.229233461064593 0.490357106983702 1.44995201390185 0.369041948809024 0.216223368807959 0.388982535807286 0.601601971106771 0.322771013567497
"115" 0.212176869402601 0.362102628888041 0.47993491301137 0.293208775912995 0.229466360589359 0.481421791510466 0.952387115631616 0.348060367470751 0.231912366977305 0.501629227581912 1.40082984103454 0.361627898077144 0.218246135721333 0.393324818773319 0.592523285891441 0.317098046856259
"116" 0.214660689666047 0.36856126432912 0.481394115809947 0.290531923835763 0.232344790002641 0.494219750448154 0.947309269969731 0.3426980177215 0.234607790932413 0.51309113682263 1.34993109520931 0.354549050366517 0.22026238906464 0.397562133764038 0.583274784727304 0.31165097369227
"117" 0.217161308288108 0.375123498814251 0.482648351727757 0.28790367232099 0.235241011804256 0.507393930471853 0.940702222462947 0.337519792848248 0.237305916695307 0.524661750568059 1.29817707247186 0.347803291549225 0.222262820630248 0.401663933246404 0.573923420815064 0.306425778856876
"118" 0.219672217507058 0.381761003230766 0.483730986755605 0.285339646800525 0.238137900871941 0.520861429274276 0.932805084319026 0.332543558355679 0.239987082929354 0.536250583601891 1.24644636543195 0.341393175546736 0.224232680260023 0.405594887490888 0.564537409733255 0.301433941701548
"119" 0.222165571832136 0.388437354399731 0.484700862553623 0.282862198199308 0.241014077604961 0.534532345094277 0.923924538145963 0.327791060729666 0.242625791651082 0.547738251641013 1.19552484359205 0.33531624263848 0.226155143078409 0.409314773242276 0.555186180442667 0.296678905569592
"120" 0.224626551013274 0.395107433618946 0.485584372262695 0.280501988927994 0.24385714990857 0.548269922578174 0.914403869955853 0.323288142031885 0.245207691593151 0.558992819405331 1.14612310073134 0.329602227305998 0.228010415790031 0.412763538603598 0.545940176631655 0.292170888332085
"121" 0.22703177095056 0.401717224695927 0.486457887962428 0.278275838745875 0.24661305464136 0.56191375150144 0.904637817727101 0.319064709596995 0.247697030883296 0.569851393938994 1.09885376255525 0.324260528416468 0.229775867532938 0.41591943205991 0.536870418663043 0.28792329138272
"122" 0.229354629339688 0.408226542301334 0.487395038816219 0.276219291377475 0.249258313204403 0.575275612244264 0.895062511872883 0.315140985841674 0.250060296682014 0.580136312990588 1.05423466607016 0.319312650804386 0.231426388472619 0.418723321771452 0.528047748621614 0.283952363364039
"123" 0.231565835145237 0.414524332336663 0.488477672711785 0.274365380469876 0.251755400340728 0.588143142437855 0.886251538996822 0.311578161017011 0.252277401680774 0.589656012318957 1.01269084542361 0.314783658724871 0.232924583435134 0.421105989546463 0.519541707149026 0.280276630035983
"124" 0.233634221198329 0.420555055562539 0.489793782373573 0.27274873178725 0.25406460951373 0.600285886789973 0.878396583616624 0.308403909537052 0.254321336045697 0.598211892602346 0.974550368105133 0.310701074075849 0.234261674406798 0.423029893497981 0.511393937094874 0.276916080509871
"125" 0.235524884027853 0.426234309496736 0.491434777888697 0.271404515541581 0.256145495388309 0.611463624939433 0.872313454844114 0.305657830648391 0.256043990723459 0.605606532573712 0.940078843547308 0.307093484830457 0.235400996092301 0.424439207535626 0.503713419747937 0.273893782940455
"126" 0.237211943465138 0.431482856865055 0.493437778940497 0.270367205812295 0.257958586891866 0.621436609797313 0.868414057347151 0.303378688913128 0.257531724163365 0.611520508043676 0.909439663088624 0.303988915337756 0.236331161363305 0.425288401166202 0.496531602594395 0.271224377787846
"127" 0.238663276944678 0.436221836569605 0.49599615223472 0.269669227364992 0.25946726190562 0.629977081519685 0.867201153749868 0.301602686448027 0.2587094827334 0.616185049903095 0.882725789709799 0.301413068230493 0.236999399644041 0.425539527645779 0.489899450253094 0.268927796420994
"128" 0.239852779661811 0.440378183240658 0.499140947230079 0.269321642418219 0.260639642349042 0.63688120128743 0.869153047454801 0.300361722556008 0.259548383338578 0.619066105553872 0.859956008553768 0.299387564907643 0.237399413081128 0.425164565513288 0.483850340020542 0.267018265986789
"129" 0.240759127176646 0.4438880383948 0.502942414866164 0.269383966397116 0.26145035057196 0.641995394980883 0.874710884523113 0.299681790438995 0.260026214080017 0.620198309710936 0.841077749434219 0.297928329946171 0.237516430457654 0.424147378533526 0.478406767143798 0.265505476622081
"130" 0.241366941490269 0.446699817895779 0.507456817587186 0.269857988198098 0.261881968552199 0.645166394132145 0.884266081911046 0.299581659282168 0.260128775651705 0.619528737653498 0.8259701601235 0.297044262647948 0.23734177609066 0.422485100291968 0.473576873079005 0.264393614784267
"131" 0.241667637787758 0.448776666965772 0.512768748727925 0.270755944430798 0.261926061429458 0.64633745150049 0.898150503749876 0.30007197007937 0.25985078011839 0.617053345962799 0.814447976599818 0.296736319554656 0.236873468528648 0.420188794121866 0.469353695981813 0.263680704466826
"132" 0.241659871334218 0.45009808745308 0.518765553557042 0.272079387220632 0.261583665551843 0.645493700304699 0.916626453176782 0.301154836833894 0.259196216906713 0.612817835150916 0.806266673904228 0.296997095298057 0.236098296516661 0.417283305164842 0.465715188621916 0.263358321130972
"133" 0.241349542502939 0.45066059924132 0.525584430518651 0.273835105751636 0.260865193165833 0.642677078235641 0.939879491977935 0.302823995493319 0.258178147702755 0.606915362936055 0.801131980578064 0.297810941055954 0.235064853089356 0.413806299548596 0.462633781698888 0.263411707442231
"134" 0.240749362200008 0.450477392981383 0.533217118325711 0.276011677827552 0.259789764569919 0.637983157688836 0.968012003924756 0.30506548804349 0.256817949371153 0.59948130843658 0.798694487044792 0.299154606015679 0.233772207127695 0.409806566131681 0.460040840490321 0.263820279833007
"135" 0.239878023634759 0.449568705823013 0.541522815344065 0.278599460618059 0.258384035539242 0.631554708913745 1.00103710173043 0.307858816046667 0.25514407883855 0.590685581764275 0.798587238530826 0.300998335201801 0.232243022393967 0.405341727514856 0.457883552701475 0.264558476112815
"136" 0.238759063637449 0.447993971420511 0.550509438910885 0.281575035332979 0.256680635458025 0.623572659842909 1.03887349919555 0.311172385414539 0.253190478596899 0.580723201841629 0.80040922769382 0.303307314167486 0.23051731104876 0.400475559521241 0.456107889591556 0.265596862365316
"137" 0.23741952248585 0.445796335514562 0.560116070311944 0.284922159238088 0.254716363469618 0.614245339221469 1.08133960873088 0.315012755554856 0.250994770327193 0.569803998457534 0.803750780023591 0.306043322766126 0.22859553062571 0.395275145635334 0.454634109846708 0.266904652201034
"138" 0.235887451042302 0.443036067769754 0.570271217347376 0.288619733594395 0.252530302723879 0.603796994513438 1.12814640683841 0.3192753371829 0.248601157939978 0.558142310708547 0.808202461069738 0.309166449721989 0.226522898900517 0.389808092577162 0.453384929417049 0.268445880867487
"139" 0.234194920476607 0.439776705241126 0.580895321051258 0.292646568347162 0.250162006076933 0.592456557202621 1.17889145246716 0.323997510685963 0.246038845857247 0.545947537338644 0.813367085735484 0.312636727054182 0.224329478179351 0.384140007361688 0.452291638654604 0.270188506891221
"140" 0.232370030548719 0.436084667456365 0.59190305687521 0.296979668143328 0.247649883063717 0.580447499301578 1.23305356040459 0.329128500620751 0.243351402454969 0.53341573498816 0.818864722624243 0.316415566186459 0.222044029439394 0.378332390514799 0.451285911683693 0.272100194194707
"141" 0.230440457018077 0.432024819272518 0.603205291702556 0.301607428309572 0.245029882552557 0.567978911546526 1.28998523380833 0.334643084125244 0.240574093234598 0.520724780508288 0.824356912016992 0.320467766963999 0.219695475428384 0.37244104268436 0.450305146099465 0.27415054303756
"142" 0.228431511256812 0.427658909848951 0.614700552026961 0.306511148507785 0.242333928495851 0.555238023515396 1.34889891086556 0.340520044362239 0.237738538703552 0.508028205666998 0.829510348546131 0.324758775066643 0.217302334699276 0.366522469127916 0.449293885033826 0.276316579712939
"143" 0.226365632030022 0.423044047601342 0.626318757224135 0.311677872514169 0.239591796459643 0.542393115456665 1.40888752264995 0.346742343930981 0.234872178610083 0.495454542133003 0.834061329927812 0.329260729556805 0.214888074635033 0.36060182945301 0.448204691368395 0.278558902247847
"144" 0.224262134006494 0.418222872660743 0.63795409313484 0.317101884660087 0.236826963084396 0.529586714287206 1.46894922593683 0.353299260464669 0.231998532514035 0.483103565764561 0.837776959449698 0.33394877568931 0.212470872583003 0.354723151422858 0.446998461312596 0.280870312336238
"145" 0.222137178991362 0.413267375588569 0.649511027037359 0.322777098743513 0.234059321751219 0.516927110016372 1.52796367429592 0.360183426142108 0.229135279682116 0.471060696912362 0.840466683977437 0.33880196131466 0.210062516531651 0.348913956940297 0.445648215244422 0.283227285797299
"146" 0.220003923167401 0.40818681321579 0.660902788367945 0.328702425733352 0.231304731179078 0.504501918944787 1.5847140056478 0.367392802573039 0.226297776724759 0.459378116961678 0.841981690444312 0.343802927683829 0.20767524150626 0.343197141248977 0.444121925431693 0.285614009346503
"147" 0.217872788706343 0.403031434470318 0.672031519212834 0.334880081122513 0.22857541753394 0.492376191598127 1.63796233231103 0.374929760163055 0.223497151136879 0.448096145228653 0.842213228988755 0.348937457408572 0.205317321964251 0.337584357323537 0.442408627686248 0.288017224569735
"148" 0.215751809829523 0.397824678378979 0.682810626884768 0.341315301183301 0.225880465494728 0.480595415507313 1.68646294550397 0.382800660713023 0.220741453288579 0.437228270712485 0.841090143671119 0.354193940997848 0.202994746377461 0.332090373960976 0.440498284306201 0.290425862208878
"149" 0.213647009933363 0.392590003105963 0.693146543052464 0.348016029707387 0.223226341339854 0.469188766844393 1.72901543195957 0.391015399268566 0.218036191019492 0.426788828994371 0.838575857999877 0.35956281407885 0.200711620209516 0.326718707520601 0.438386095919529 0.292830658853675
"150" 0.211562776098813 0.387346470590453 0.702950199976704 0.354992598359097 0.220617404402835 0.458172322772179 1.76451547366724 0.399586935623636 0.21538484551118 0.416772918369992 0.834665017838363 0.365036004894439 0.198470552001586 0.321473788404627 0.436071611456633 0.29522378696198
"151" 0.209502206722869 0.382111154279378 0.712134731702208 0.362257409976174 0.218056376234061 0.447552032103285 1.79200551188069 0.408530828093696 0.212789339640121 0.407174187850002 0.829379948930273 0.370606418498817 0.196273002033006 0.316362365030243 0.433557906930698 0.297598519545601
"152" 0.207467419936638 0.376896250497221 0.72061643028346 0.369824618648836 0.215544752024142 0.437326323770675 1.81072145295869 0.417864762604283 0.210250445206784 0.39797933642906 0.822767047992723 0.376267470625805 0.194119584707454 0.31137929187861 0.430850863473636 0.299948941012589
"153" 0.205459816511303 0.371713123902996 0.728315921424083 0.377709787028429 0.213083147339595 0.427488302399557 1.82013163434892 0.427608053263499 0.207768123393824 0.389172104066896 0.81489319716801 0.382012675011199 0.192010321250143 0.306525037909563 0.427958562664082 0.302269709424241
"154" 0.20348029940078 0.366571033576695 0.735159530206103 0.385931679986115 0.210671583721755 0.418027533794736 1.81996474206631 0.437783556387277 0.205341803115752 0.380734679958235 0.80584227688703 0.387835277907668 0.189944846785034 0.301797602189215 0.424890803494962 0.304555868338125
"155" 0.201529456048681 0.361477897313107 0.741080801821246 0.394504279204806 0.20830972129204 0.408931459707672 1.81022423059191 0.448408502419735 0.202970606074257 0.372648766236907 0.795711842448647 0.393729716674433 0.187922579434609 0.297194551309382 0.421658740533351 0.306802703426151
"156" 0.199607711951857 0.356440658678568 0.746022136264067 0.403446030876858 0.205997050417924 0.400186502391954 1.79118795817747 0.459504828258722 0.200653530971235 0.364896367148273 0.784610030385267 0.39968237279093 0.185942860675328 0.292713299865482 0.418274639217691 0.30900563720371
"157" 0.197715465839859 0.351465625709799 0.749936496978927 0.412773013624645 0.203733055217778 0.391778928419108 1.76339307141737 0.471091286417034 0.198389609812346 0.357460376018265 0.772652761330203 0.405689147979007 0.184005077612585 0.288351355452186 0.414751743824468 0.311160153909248
"158" 0.195853216383275 0.346558800565346 0.752789155193055 0.42249908110182 0.201517362045694 0.383695540321767 1.72760749427192 0.48318343379231 0.196178049441076 0.350325026362084 0.759961306507963 0.411737272908901 0.182108777086433 0.284106547907449 0.411104253892045 0.313261747366534
"159" 0.194021689449808 0.341726218580555 0.75455943479146 0.43263427712353 0.19934988429948 0.375924258227773 1.68477344298 0.495791646425302 0.194018369552426 0.343476264899751 0.746660279957459 0.417813910389872 0.180253780436454 0.279977260598426 0.407347405916975 0.315305885252004
"160" 0.192221973009221 0.336974311062494 0.755242422124545 0.443182818874282 0.197230972629408 0.368454642214284 1.63604602101851 0.508918629570855 0.191910546141807 0.336902091480142 0.732876107213919 0.423903999280591 0.178440305786528 0.275962677064247 0.403497656097186 0.317287984453083
"161" 0.190455664085406 0.33231030047307 0.754850600371808 0.454140625183122 0.195161576352322 0.361278392412292 1.58257172430824 0.522556402490628 0.189855166097602 0.330592897524212 0.718736000342059 0.42998985205592 0.176669102066581 0.272063051227213 0.39957295703815 0.319203393529381
"162" 0.188725028679429 0.327742628728836 0.753415356461033 0.465442315153722 0.193143417823435 0.354389848201599 1.52560917469948 0.536626068811244 0.187853594664677 0.324541819987401 0.704367439593544 0.436050724978258 0.174941595666489 0.268280002800204 0.395593115516065 0.321048567871887
"163" 0.187033171414354 0.323281409580294 0.750988289526919 0.477218084564388 0.191179176756008 0.347786490961469 1.46633380126808 0.551268518818981 0.185908152851158 0.31874511266859 0.689898123948081 0.442062378699353 0.173260046670823 0.264616831748516 0.391580209616803 0.322815118829596
"164" 0.185384206967269 0.318910056124253 0.747598192202702 0.489254426209857 0.189272676208934 0.341469437435627 1.40604255561951 0.56622809016296 0.184022296712208 0.313202521342148 0.675420448465415 0.447996659676022 0.171627707214771 0.26107883698376 0.387559032309641 0.324501689215928
"165" 0.183783420514601 0.314715721186683 0.743415128798649 0.50153315804755 0.187429056567377 0.335427260834151 1.34582019919409 0.581489680213574 0.18220078519091 0.307902968317207 0.661125245637158 0.453837726113714 0.170048969958395 0.257662909927914 0.383539718095298 0.326102069045094
"166" 0.182230155093255 0.310654222113197 0.738517025782416 0.513972251611535 0.185647018653957 0.329670843894672 1.28668867310918 0.596929421160673 0.180442129324885 0.302879690400107 0.647113818377212 0.45951979932918 0.168522689735625 0.2543978224233 0.379584657322976 0.327611140978687
"167" 0.180745185791742 0.306764313754037 0.733047830627835 0.526445289356744 0.183948673628559 0.324284847257326 1.22956089553135 0.612402496724327 0.178767643182706 0.298133348132022 0.633524802180652 0.465014228746274 0.167067878419299 0.25128813507415 0.375715186763528 0.329023705929522
"168" 0.179332170564313 0.303070158562567 0.72716569397824 0.538811648019759 0.182337506365085 0.319205265070068 1.17525131484446 0.627725453648755 0.177180530118299 0.293680334458896 0.620490112125333 0.470275066443996 0.165687517901772 0.248349490661482 0.371970210320301 0.330334509431262
"169" 0.178001857897172 0.299599014732288 0.721042891948872 0.550897413774638 0.18082477305028 0.314483538340372 1.12445537148616 0.64268575747382 0.175691574103757 0.289541155033696 0.608149751554546 0.475252445939152 0.164391283339556 0.245600157514077 0.368392087853122 0.33153828351073
"170" 0.176766149687 0.296380804504359 0.71486686915042 0.562508037414816 0.179423027441856 0.310144202033776 1.0777574798584 0.657043695077376 0.174312838608753 0.285739932109505 0.596648672886448 0.479893434025778 0.163189969854723 0.243060687782174 0.365023946023267 0.332629806247417
"171" 0.175637796985704 0.293445417057041 0.708833020451154 0.573431260152567 0.178145789876679 0.306225308885946 1.03565943929072 0.670538778255229 0.173057344196231 0.282301560476293 0.586124364541336 0.484145443404889 0.162095207146305 0.240753357626602 0.361916572330379 0.333603979872847
"172" 0.174629980828806 0.290829225775389 0.703142081991856 0.583444514674998 0.177007091251212 0.302754309538398 0.998576575234577 0.682898762258395 0.171938624581863 0.279258469845343 0.576714051305039 0.487949320609907 0.161119066518635 0.238699608114334 0.359115809507284 0.334458928796979
"173" 0.173755793994432 0.288563058218018 0.697974842299966 0.592324237325321 0.176020909183509 0.29976562345929 0.966851116476258 0.693850914421701 0.170970177880163 0.276638067389925 0.568548367857634 0.491255332353186 0.160273575138275 0.2369259041073 0.356668108525732 0.335184350001307
"174" 0.173027652974968 0.286677648320116 0.693525306461468 0.59985655357133 0.1752005281981 0.297291190685241 0.940760596866465 0.703134885451344 0.170164843997034 0.274468414215877 0.561747134122938 0.49401188057851 0.159570164929833 0.235452874969722 0.354616945932217 0.335778842394637
"175" 0.172456681236265 0.285200477854225 0.689938740208037 0.605859841432468 0.174556139360534 0.295359288189158 0.920524246930646 0.710528817613238 0.169532468628415 0.272774927133283 0.556415584363575 0.496173462561511 0.159019094581809 0.234300408894228 0.353000197708763 0.336238865935892
"176" 0.172051668505799 0.284154314779473 0.687340183581567 0.610150085153182 0.174102353052317 0.293995959369038 0.906287642644023 0.715811730614189 0.16908721521674 0.271578858058169 0.552636772105167 0.497707296506159 0.158628473528896 0.233487612265135 0.351848061865188 0.336561570173788
"177" 0.171820326784243 0.283560129611615 0.685843349742492 0.61261972745533 0.173842277211521 0.293218162250523 0.898211824756644 0.718851983757281 0.168832069357664 0.27090033051898 0.550479742990286 0.49858209400641 0.158405441831891 0.233022167754593 0.351189729730345 0.336744894874496
"178" 0.171764099530843 0.283415188887351 0.685497160616119 0.613198887014513 0.173779150248125 0.293034339544514 0.896329359563245 0.719565017178452 0.16877016049197 0.270735562972263 0.549979930596678 0.498787077061274 0.158351298016728 0.232909414354753 0.351037174515596 0.336787646607865
"179" 0.171888967732452 0.283735865156312 0.686300299206076 0.611870229941049 0.173919479271185 0.293451430101693 0.900658118973421 0.71792964179198 0.168907816635923 0.271101331341295 0.551134336749473 0.498317036267867 0.158471643450141 0.233159132584411 0.351390668364063 0.336689544578892
"180" 0.172190416696936 0.284513037049802 0.68823781080857 0.608672190800647 0.174258375759161 0.294459575697219 0.911164739744738 0.713992532510303 0.169240291860743 0.271988668770189 0.553935381635906 0.497181997314163 0.158762270265703 0.233764562044225 0.352242158788774 0.336451231569438
"181" 0.172660200869116 0.285727592740588 0.691233609747765 0.603694955239839 0.174786932372852 0.296048762400631 0.927765791358057 0.707862977843932 0.169758945960026 0.273378957516616 0.558332243309702 0.495398472118507 0.159215511566872 0.234712537244601 0.353577876161782 0.336074248990357
"182" 0.173295401978214 0.287371172137709 0.695178706740622 0.597075254940676 0.175502100062769 0.298196687791341 0.950325778795017 0.699706814492354 0.170460857476721 0.275265461068909 0.564250525589578 0.492995106601634 0.159828744019751 0.235994462355862 0.355369128690587 0.335561389321155
"183" 0.174082408543467 0.289409686150502 0.699928726973085 0.588987878951554 0.176389216850251 0.300880358398087 0.978666096333055 0.689736269447293 0.171331819198763 0.277615459368928 0.571601453893939 0.490018456087668 0.160589606367994 0.23758815652776 0.357584736942887 0.334914912425151
"184" 0.175010937250835 0.291817253957972 0.705323194289085 0.579635358297661 0.177437296778946 0.304062586019312 1.01253439685322 0.678197614147071 0.172361218353593 0.280405480976824 0.580271394961697 0.486511388992572 0.161487870442794 0.239474086183279 0.3601766303959 0.334139061736069
"185" 0.176067722140675 0.294562257214395 0.711174437477184 0.569236743325968 0.178632146614353 0.307714191491027 1.05163369293737 0.66535770836542 0.173535337059167 0.283606835423143 0.590135680232562 0.482525370294481 0.162512096798679 0.241629544322025 0.363103640587204 0.333238144621786
"186" 0.177239843322217 0.297611711871691 0.717287745550011 0.558020674895305 0.179959994330447 0.311801951444013 1.09558702695538 0.651495388982131 0.174840883696446 0.287190303818187 0.601060620349507 0.47811565101123 0.163650177808456 0.244030968873746 0.366318367345343 0.332216870355877
"187" 0.178514231616964 0.30093302072269 0.72346587077734 0.546197827361156 0.181406947540493 0.316295039915112 1.14396414276708 0.636869471567225 0.176264465734213 0.291129155806358 0.612907395605223 0.473335307550304 0.164890162168788 0.246657143592079 0.369773295883641 0.331080232181642
"188" 0.179878425603175 0.30449741644556 0.729515851725503 0.533978802248471 0.182959817826348 0.321158994135945 1.19622424145596 0.62173835448689 0.177793392056494 0.295393031389237 0.625535276194289 0.46823781604015 0.166220706819609 0.249483249904376 0.373422870810194 0.329833401192276
"189" 0.181320946839319 0.308271634661623 0.735254828417325 0.521544845439596 0.184606528944235 0.326374507243129 1.25172853376362 0.606331711980431 0.179416070419252 0.299965336096544 0.638807211897716 0.46287937747827 0.167631428759339 0.252491190664818 0.377223770153877 0.328480975722309
"190" 0.182831557641818 0.312231724867982 0.740516550430654 0.509072104936936 0.186336397272395 0.331914113198377 1.30974648206694 0.590850189269741 0.181122280718591 0.304822295971404 0.65257815051641 0.45730591290296 0.169113146915012 0.255663700255387 0.381131342550948 0.327029727799911
"191" 0.184401403396454 0.316354800537589 0.745147006175337 0.496671511747717 0.188140286703669 0.337762461879017 1.36942711893415 0.575462679817198 0.182903326231119 0.309950936955198 0.666716194518894 0.451561675402654 0.170658015960872 0.258986216520121 0.385110225357654 0.3254840253781
"192" 0.186023051466853 0.320621232324422 0.749018883634208 0.484479371134606 0.190010651161237 0.343907038110629 1.42979846446878 0.560298538704481 0.184752075661855 0.315340926576685 0.681088610439809 0.445686394080928 0.172259563424872 0.262446948744376 0.389126734792872 0.323849042502983
"193" 0.18769044559558 0.325014505484591 0.752025218694119 0.472564404668783 0.191941485345906 0.350339998455542 1.48981099794985 0.545480772879031 0.186662916058907 0.320986223164017 0.69556609856762 0.439715192648935 0.173912500759928 0.266036789149048 0.393150862270715 0.322129861679002
"194" 0.189398692997946 0.32952092299694 0.754079030459689 0.46098597420096 0.193928093406944 0.357057877799825 1.54829851596534 0.531075046317235 0.188631528692532 0.326884852101537 0.710017331185484 0.433678731314421 0.17561326000402 0.269749109152787 0.397155991448875 0.320331463271946
"195" 0.191144373693751 0.334129209967433 0.755115161716301 0.449785685131499 0.195967427449719 0.364061185418931 1.60405019097863 0.517136219940584 0.190655219699518 0.33303859066937 0.72431604007225 0.427603504834899 0.177358815121709 0.2735793543085 0.401118496781339 0.318457581190674
"196" 0.192929907425961 0.338842948864142 0.755091683294536 0.438987106312036 0.198062850240438 0.371369099556643 1.65591730469152 0.503696860740153 0.192737556563182 0.339465972883878 0.738334730929388 0.421512359724561 0.179152252855005 0.277535124406873 0.405033519462992 0.316516411194434
"197" 0.194737679914477 0.343615667481096 0.753985033712858 0.428600192274133 0.200195926107492 0.378943165607795 1.70237878101589 0.490772484492363 0.194860915481988 0.346135073538125 0.751975274218878 0.415424377912509 0.180977754300822 0.281585752548952 0.408833264338837 0.31450920052547
"198" 0.196581849571418 0.348479719108662 0.751789940697886 0.418626505688173 0.202382908954244 0.386839023265998 1.74255935362832 0.478367670894481 0.197041458638534 0.353097362654973 0.765042614578958 0.409356224456701 0.182849368685414 0.285761241544125 0.412549561901299 0.312441664601264
"199" 0.198456577049668 0.353415607697789 0.748517727416698 0.409058429821706 0.204618297568695 0.395052682820556 1.7753088294447 0.466475401026323 0.199274201607145 0.360352159016654 0.77745179505398 0.403321714665314 0.184762423146314 0.29005260000976 0.41614925102508 0.310318281725976
"200" 0.200362447748042 0.358420736148308 0.744195039604771 0.399884090242682 0.206903651828305 0.403601540098325 1.79973780143458 0.455082829755993 0.201561066869008 0.367918250421231 0.789069373156006 0.397333070196884 0.186718338752927 0.294464133605102 0.419620984895363 0.308143435326403
"201" 0.202296822142502 0.3634835767628 0.738861495585063 0.391088471690962 0.209237045967153 0.412494035913455 1.81516271066033 0.444172740478506 0.20390058003648 0.375807145355802 0.799793713794347 0.391400056029045 0.188715490567369 0.298993731394138 0.422942765386005 0.305921408216188
"202" 0.204261259457473 0.368601611960766 0.732567779318524 0.382654543510123 0.21162121787458 0.42175097607283 1.82114427321095 0.433724998417154 0.206295879153088 0.384041299561771 0.809496148805039 0.385531157705857 0.190756333892322 0.3036466376698 0.426104420779788 0.303656312042021
"203" 0.206255655898871 0.373771285464677 0.725374768510958 0.3745646553967 0.214057124282017 0.431393359199608 1.81750787495865 0.423718276176942 0.20874836099584 0.392646192043966 0.818068192645066 0.379732783723722 0.192841732522426 0.308428157714149 0.429095584660252 0.301352395573155
"204" 0.208280823043069 0.37898452573472 0.717350847041294 0.36679823872591 0.216546836701809 0.441438570387577 1.80435365557243 0.414127520711423 0.21126062044341 0.4016431519907 0.825410846138569 0.374013157804719 0.194973628434418 0.313339993942359 0.431902033343221 0.2990134374366
"205" 0.210337016333353 0.384235943149608 0.708571000888751 0.359344919873617 0.219091737125122 0.451909891399581 1.78204942471816 0.404939156887059 0.213834394291661 0.411058828314864 0.831436790976494 0.36837511720426 0.197153028276972 0.318385789452979 0.434511040360103 0.296643424037087
"206" 0.212424597959743 0.389518922380089 0.699112270935767 0.352183526951288 0.221693490743654 0.462830464010247 1.75121005863505 0.396126911217564 0.216471870216911 0.420922002821443 0.836072470305081 0.362823528928821 0.199381381562765 0.32356905944323 0.43691109272945 0.294245954699788
"207" 0.214544589365219 0.394826771887803 0.68905795500492 0.345298546484677 0.224354496362957 0.474230534286443 1.71266393060663 0.387670959520066 0.219175890833095 0.431263586443118 0.839260176113027 0.357361876326778 0.201660605232954 0.328892902792683 0.43909115904598 0.291824717012053
"208" 0.216698237417235 0.400157929933923 0.678490642238378 0.338675568104872 0.227077443968653 0.486125140548159 1.66740625592474 0.379552593824725 0.221949554039385 0.442117910610553 0.840958596319082 0.351993022119369 0.203992737823563 0.334360691772544 0.441040580037512 0.289383315312146
"209" 0.21888845456169 0.40549423393512 0.667493261018364 0.332301386776902 0.229866286068228 0.498561198931678 1.61655361978662 0.37175439658526 0.224796252887239 0.453522459928893 0.841145664535248 0.346719603933334 0.206380214749841 0.339975575355168 0.442749894798522 0.286925370393168
"210" 0.221114661445354 0.410844803875014 0.656148752551717 0.326164185868949 0.23272360078441 0.511572307292164 1.56128569031266 0.36426045225263 0.227721490733141 0.465506124585979 0.839818361927732 0.341543928234596 0.208826085761413 0.345740802330604 0.444210585896046 0.284454687204789
"211" 0.223384130529701 0.416204026590008 0.644538826665871 0.320253782134173 0.235656997831848 0.525202099183097 1.50279598225551 0.357056613941985 0.230730264636038 0.47815311085697 0.83699310549003 0.336467575169423 0.211334353884332 0.351648230543477 0.445415629459577 0.281973724618334
"212" 0.225701691997103 0.421572406548518 0.632743764883454 0.314561974474961 0.23867388325135 0.53951059791972 1.44225405005989 0.350130873458133 0.233830755912216 0.491479826903955 0.832706377817983 0.331496638765379 0.213910482123737 0.357721532215615 0.446360088552639 0.279492682048816
"213" 0.228076036934934 0.426961338837508 0.620842972984452 0.309083038645666 0.241785382364714 0.554566654943511 1.38071781539342 0.343473883106022 0.237033705908918 0.5055611757952 0.827014645396357 0.326632562386557 0.216562122848134 0.363958949291278 0.447041979541753 0.277012519423326
"214" 0.230519760118759 0.432384945769078 0.608914597238 0.303814408579554 0.24500704294366 0.570460168695305 1.31920035204091 0.337079676007876 0.240353954638556 0.520472082873421 0.81999451007772 0.321882709133853 0.219300127490718 0.37040087989104 0.447437867345648 0.274543141367719
"215" 0.233050827468739 0.437870333014938 0.597041102429258 0.298757576708962 0.248360523328401 0.587306828041632 1.25855574220197 0.330946622593655 0.243812065509074 0.536304111149525 0.811701781115349 0.317256525306736 0.222139892054087 0.377010722313587 0.447635960093691 0.272095590960232
"216" 0.235694398031351 0.443455773473569 0.585304893479183 0.293919232920072 0.25187571172416 0.605255922413282 1.19951085377083 0.325078646944615 0.24743638392824 0.553171036172391 0.802384775982089 0.312767827931901 0.225103068387866 0.383835062680671 0.447568087845651 0.269676504699832
"217" 0.238498187605668 0.449199784529332 0.573795407384611 0.289312626189054 0.255593280397419 0.624499461306019 1.1426662353452 0.319486690339256 0.251265537724796 0.571215638071079 0.792046536400796 0.30843636909681 0.228219134309645 0.390908883131257 0.447291132641458 0.267331982868787
"218" 0.241467708134784 0.455182023997994 0.562606856606071 0.284959117233241 0.259567582404036 0.645282216632465 1.08849799181015 0.314190374692397 0.255351292620965 0.590617538846918 0.780896893549034 0.30428960734647 0.231529751335081 0.398282533580492 0.446844120470926 0.265064384999977
"219" 0.244705861292162 0.461508412536072 0.551849835305095 0.280890484536948 0.26386814869011 0.667911990040208 1.03737357314414 0.309219765979953 0.259761638793966 0.611601563915596 0.769123153824579 0.300364586714004 0.235088614672392 0.40602561805328 0.44628374387145 0.262920544731842
"220" 0.248276053395214 0.468446214154813 0.541642534930619 0.277147802418638 0.268589039882701 0.69276898667526 0.98956979202116 0.304617013909111 0.264583823726411 0.634445770362339 0.756938697866579 0.296709699335808 0.238965713628845 0.414233174521939 0.445686545441642 0.260944694550871
"221" 0.252275101668202 0.475771360520738 0.532121990646356 0.273786381078985 0.273842191735639 0.720312734922485 0.945292398271595 0.300437661977691 0.269926953126769 0.659487875605985 0.744583876857155 0.293388195597433 0.243249099196625 0.423026565356509 0.445151542693427 0.259197618844748
"222" 0.256820063907192 0.484080944062549 0.523440774599336 0.270873931113058 0.279765013238884 0.751084937222427 0.904694927807701 0.296751264340823 0.275923659498321 0.687129710514958 0.732325654748094 0.290470736120103 0.248046246973363 0.432557788146243 0.444801757153308 0.257751353932278
"223" 0.262048074259369 0.493480504909811 0.515767057146518 0.268490685107447 0.28651900717176 0.785704264665724 0.86789486221304 0.293640953627127 0.282728245309332 0.717830487667168 0.720455258276009 0.288047201789448 0.253484112877258 0.443009176173252 0.444784033573797 0.256690433764911
"224" 0.268114294833198 0.504234740362751 0.509281526909387 0.266727629631114 0.294287697800909 0.824854617258577 0.834985459560077 0.291201589084623 0.290522682987189 0.752104427460517 0.709283059639194 0.286217040683631 0.2597073666645 0.45459045906784 0.445266508990786 0.256110335377645
"225" 0.27518778316978 0.51662720317503 0.504171540787473 0.265683127005062 0.303273379268384 0.86926039552056 0.806042073621566 0.28953617782586 0.299500255456343 0.790501133405842 0.699130046653846 0.285087744298787 0.26687434964768 0.467531912829439 0.446433194834279 0.256114299863142
"226" 0.283445586213033 0.530945511492532 0.500622247091258 0.265457764905683 0.313683837877691 0.919648692900444 0.781122366877036 0.288750394445113 0.309867447223365 0.833564259446913 0.690319746406286 0.284769465646325 0.275152481085996 0.482073085104739 0.448475356120814 0.256808355329411
"227" 0.293056872924301 0.54747131669794 0.498809043749983 0.266147460600002 0.325730274371666 0.976698797422343 0.760262475706337 0.28894698406032 0.32182590748187 0.88182536990272 0.683143478220601 0.285369173913815 0.284701479482018 0.498450182251934 0.451582963245797 0.258294286845031
"228" 0.3041833213983 0.566437993759069 0.498865397097415 0.267837132692169 0.33960841049431 1.04102058281209 0.743459887957864 0.290210307443542 0.335568493979373 0.935738272640412 0.677875439763457 0.28697687759264 0.295673887396474 0.516866435337553 0.455917302358946 0.26066450886555
"229" 0.316952229447362 0.588027698492506 0.500899717448384 0.270585130631844 0.355479818211415 1.11299280716377 0.7306711719396 0.292606745888318 0.351250687708358 0.995589012553911 0.674722353425586 0.289662933841862 0.308194286682658 0.537484897710614 0.461617438876106 0.263984825111803
"230" 0.331448077893921 0.612333044432141 0.504948865646365 0.274423044742699 0.373458780488851 1.1928023695374 0.721768545292083 0.296167839241862 0.368984687896077 1.06150676971395 0.673813097017027 0.293463416852327 0.322342081349542 0.560381689063134 0.468762751258215 0.2682950676989
"231" 0.347705449088283 0.639330055337458 0.510974849415279 0.27933742152339 0.393605561915092 1.28031949119696 0.716567711738896 0.300879506173863 0.388826567092663 1.13337735709863 0.675179462738013 0.298370805227161 0.338146779932376 0.585568022183043 0.477366325596791 0.273591958920567
"232" 0.365684724082511 0.668886255237274 0.518859819154678 0.285271049215303 0.415894972956501 1.37505122755836 0.714766674860037 0.306680733043467 0.410750599618896 1.21085864077397 0.678734526934363 0.304328580602027 0.355563519179321 0.612911828151349 0.487356194076531 0.279824828916391
"233" 0.385271749089133 0.700711484566861 0.528397006631678 0.292110735748501 0.440217276370256 1.47610858881212 0.715986817181593 0.313449601694016 0.434646863870027 1.29305448903962 0.684292620890413 0.311222271046205 0.374494085096545 0.642171672260381 0.498590392819921 0.286900720500957
"234" 0.406271394995434 0.734372168725221 0.539282074569171 0.299702293310649 0.466369184775448 1.58218729511285 0.719732580300665 0.321023467541335 0.460313236584747 1.37913508597155 0.691532570393016 0.31888841784567 0.394744762724157 0.672995046998729 0.510824923369973 0.29466404836603
"235" 0.428410419273811 0.769303635140382 0.551131297342466 0.307833031556154 0.494055913529644 1.69158631085031 0.72542408624949 0.329175891898081 0.487457497459327 1.46757155309348 0.700039240715865 0.327105188487856 0.416050274131333 0.704832168794025 0.523746602928889 0.302919210086987
"236" 0.451339852597693 0.804809137295843 0.563489378889485 0.31625140280442 0.522893043325915 1.80223709442903 0.732402933999609 0.337633053939962 0.515699118615753 1.55683420017523 0.709258849581813 0.335620375033023 0.43807229381864 0.737123939982121 0.536924429755959 0.311416010007623
"237" 0.474647273868328 0.840965453003291 0.575847875816968 0.324673122390775 0.55241677935287 1.9117780227193 0.739969603197366 0.346113189363509 0.544582507301071 1.64501982754588 0.718635132063904 0.344139656034571 0.460414734616561 0.769157891069495 0.549943419942133 0.319904233378885
"238" 0.497870907317238 0.874318978641241 0.587668519587001 0.332793881833733 0.582099809402372 2.01762800854621 0.747391082987584 0.354275124670699 0.573578411501401 1.73008351516559 0.727531665630292 0.352330825673126 0.482628893845411 0.800173399406868 0.562303637566995 0.328066291756281
"239" 0.520500796653448 0.906565341053129 0.598409152380117 0.340303387083081 0.611349633847704 2.11711094665252 0.753949957818479 0.361795365388215 0.602111957829761 1.80990888488229 0.735312378122604 0.359874656165043 0.504224424342081 0.831049115627862 0.573510384457531 0.335605937616068
"240" 0.542011024233089 0.935937708117795 0.607531648566746 0.346892832259391 0.639543431802102 2.20752792164358 0.758949064965123 0.368348844406992 0.62956718841136 1.88237006260859 0.741349509591084 0.366449435725009 0.524694362216268 0.855926242144541 0.583076373438257 0.342223433904256
"241" 0.561860275884897 0.96155732015646 0.61454066879024 0.352273363832353 0.666026886205847 2.28627989977282 0.761758010328085 0.374340067605522 0.655301653319455 1.94541345578504 0.745068114967858 0.371753791246521 0.543518730872264 0.87907164500998 0.590530086232995 0.347636026819151
"242" 0.579506028936994 0.982593893189633 0.618986453894414 0.356168654042906 0.690128462304417 2.35095794656651 0.761817240323275 0.377353258283464 0.678657604305169 1.99712926140796 0.745952217332853 0.375500322496169 0.560177755374086 0.898053229323663 0.595453137820769 0.351572972061779
"243" 0.594405739525467 0.998285532196467 0.620478175191194 0.358342015163125 0.711169752358726 2.39942510635737 0.758652063317824 0.379267159852448 0.698972421760802 2.03580469669547 0.743561006507295 0.377443581435966 0.574161545499408 0.912182976393374 0.597475959532125 0.353801695426728
"244" 0.606058529109622 1.00798281857099 0.618690139050621 0.35858765513503 0.728476485382954 2.42988708669903 0.751872615669184 0.379159419729919 0.715589597377662 2.05998426305043 0.737536502896655 0.377371223873634 0.584979376019399 0.920847038522461 0.596288652049758 0.354119593679987
"245" 0.61397004470737 1.01105419429666 0.613357254081754 0.356736784057355 0.741392077652765 2.44094394178229 0.741206392901501 0.376856099139954 0.727872080469343 2.06850266241971 0.727597142693344 0.375110250267979 0.592169876973176 0.923516725372884 0.591644384099523 0.352360121176804
"246" 0.617694462314562 1.00705647499402 0.604313834909317 0.352660303336909 0.74928063220725 2.43163666418601 0.726451397212844 0.372225629413775 0.735219819506121 2.06052145676013 0.713578042858273 0.370529667489144 0.595313531467349 0.919764577742816 0.58336478325056 0.34839558147438
"247" 0.616844404264303 0.995649458316162 0.591443248129844 0.346271983885683 0.751609328685541 2.40148180880817 0.707507599820314 0.365181879832932 0.737092802532324 2.03556002849922 0.695377071361169 0.363543604321486 0.594048536555807 0.909277109108072 0.571331956167174 0.342140401345494
"248" 0.61111168044522 0.976640104318494 0.574717508664274 0.337532673915333 0.747892783637546 2.3504996545521 0.684371120711546 0.355688272952618 0.73303984760586 1.99352446127102 0.672993122067088 0.354115466063853 0.588090332078925 0.891873187633685 0.555535754216687 0.33355541523622
"249" 0.600291209532991 0.950003458945614 0.554195291905253 0.326455590939266 0.737782794637474 2.27923504983094 0.657138242417972 0.343763029373416 0.722731969394107 1.93473387519361 0.646522552340873 0.342254940415524 0.577254058596059 0.867524222813491 0.536020097451803 0.322653208467059
"250" 0.584306134493713 0.915904660790966 0.530029484374072 0.313112184262216 0.721091644794082 2.18876855933963 0.626011014950277 0.329485026806445 0.705997609643991 1.8599414403991 0.616165451744752 0.328056840267314 0.561478066554671 0.836374914269338 0.512930142800092 0.309504006460089
"251" 0.563231103024535 0.874684607446005 0.502474224924025 0.297637531830418 0.697826579620577 2.08071344445439 0.591302815408628 0.312999207603053 0.682855688307803 1.77034523486474 0.582231685986058 0.311665694966785 0.540845608951539 0.798761407606962 0.486510064258068 0.294241081819315
"252" 0.537310048067266 0.827011517320812 0.471863445194603 0.280233885246526 0.66822924006195 1.95719224802267 0.553441466156302 0.294520097624807 0.653541627361716 1.66758290607046 0.545144362474953 0.293278256428893 0.515601250128732 0.755222889186244 0.457107584167921 0.277064306017123
"253" 0.506945650737099 0.773663839913911 0.438718836815868 0.261170896113738 0.632738759220469 1.82079649874385 0.512967261564888 0.274331909103462 0.618521467675733 1.5537041878096 0.505438118775282 0.273185966162011 0.486158498551281 0.706502572894394 0.425173461549981 0.258240392948963
"254" 0.472781756625677 0.715681014949895 0.403571726059528 0.240781294320736 0.592073032789389 1.67454141659488 0.470503143521719 0.252783938976967 0.578490058661634 1.43111689586652 0.463749977281129 0.251736790847923 0.453095804849817 0.653534794838022 0.391253997185414 0.238098610972497
"255" 0.435544657207957 0.654241176794516 0.367064060668722 0.219444766395239 0.547150577042136 1.52165373955755 0.426826543064755 0.230280536939402 0.534351026826357 1.30250493822377 0.420809324754059 0.229333564415256 0.417139319668555 0.597416472575509 0.355980550824599 0.217021257816246
"256" 0.396093705995546 0.59068196532496 0.329899048366095 0.197602247921781 0.499083595628675 1.36546255400083 0.382697725918489 0.207261602920279 0.48717886130304 1.17072067706443 0.377376644679118 0.206415281755633 0.379132556199726 0.539363278926192 0.320022836152245 0.195428917366638
