"V1" "V2" "V3" "V4" "V5" "V6" "V7" "V8" "V9" "V10" "V11" "V12" "V13" "V14" "V15" "V16"
"1" 0.72642554936169 1.11113770815317 0.657182784547554 0.387698041002365 0.906432544911289 2.50912061048499 0.787659350540682 0.408574983227378 0.886093753814251 2.16676644141599 0.774989719357022 0.40682204549881 0.697175974198149 1.01762216541972 0.635894771686722 0.383259750654052
"2" 0.763695604747763 1.17370638852909 0.698253035722292 0.411240189938807 0.950921683048717 2.65168692182824 0.839763370793545 0.43359032738715 0.929832324981184 2.28952753391257 0.826163216693361 0.431728837035127 0.733218262223147 1.07507292484515 0.675484558271363 0.406491455669635
"3" 0.800107732546098 1.23565351492777 0.739653481879355 0.434828839428372 0.994057156302438 2.79237508052421 0.892769332581576 0.4587421517489 0.972304618428306 2.41077677450383 0.878251578032455 0.456765392386068 0.768478214983258 1.13201259930597 0.715376986687028 0.429821836051108
"4" 0.835420949673422 1.2966140724821 0.781192545143356 0.458405887835862 1.03559046123288 2.93019254510854 0.946556195046925 0.48392143697198 1.01321636747583 2.52969233444661 0.931085798158914 0.481821993324396 0.802720569977086 1.18808010263748 0.755402794866721 0.453123488335787
"5" 0.869404695122025 1.35619572911786 0.822694753637997 0.481878677702023 1.07521063790893 3.06414919930042 1.00087329263335 0.509001139070008 1.05228803612333 2.64545604709093 0.984520032809214 0.506787254305799 0.835725458747912 1.24295373660999 0.79539108682067 0.476296475094973
"6" 0.901837608422893 1.41404697945765 0.864006501977692 0.505097066454939 1.11265467184576 3.19326997647683 1.05563160066702 0.533878199476558 1.08926046137723 2.757265396599 1.03839349261457 0.531552278754186 0.867283360701694 1.29631076737476 0.835173035329985 0.499236269631516
"7" 0.932515583896774 1.46982919388178 0.904908433998683 0.527972603855404 1.1476725884048 3.31660993300158 1.11058950553582 0.558445677225839 1.12389505678737 2.86434284717225 1.09254989686011 0.556010884008542 0.897199540811677 1.34784074073312 0.874583573465779 0.521841127285321
"8" 0.961254662247152 1.52320753034144 0.945242348000298 0.550404738733493 1.18005592298703 3.43327052522938 1.16559174998571 0.582599861791698 1.15598202253219 2.9659480729178 1.14683815438477 0.580060880318586 0.925296350278847 1.39724983688427 0.913462542723362 0.544013352896431
"9" 0.98792764424999 1.57387086685465 0.984838850689441 0.572297690219366 1.20961632126024 3.54237401534499 1.22048180783313 0.606242101550278 1.18533025500123 3.06138619261492 1.20112473230969 0.603605061611101 0.951418178424718 1.44426403060187 0.951656416632741 0.565660260296595
"10" 1.01233824939438 1.62153732185484 1.02353017685765 0.593561249792323 1.2361963419017 3.64318657670856 1.27507120033458 0.629279423241707 1.21179021470092 3.15001627755711 1.25526436697031 0.626552048240469 0.975423157772161 1.48863187912777 0.989019584276788 0.586694987335393
"11" 1.03439078905277 1.66593440277621 1.06116781085824 0.614111147833824 1.25967295432118 3.73497268260014 1.32920982130516 0.651625207146247 1.2352379648053 3.23126026616156 1.30914429333136 0.648816974246956 0.997198564997763 1.53012681871095 1.02541540466294 0.607037158646283
"12" 1.05399100966045 1.70687817472553 1.09760529086846 0.633870689899062 1.27995484219828 3.81723600777851 1.38273714297435 0.673199705179661 1.25558092568676 3.30460859432676 1.36264641868804 0.670322018330221 1.01665163817131 1.56854316520686 1.06071702979317 0.626613394731341
"13" 1.07106915661099 1.74411936418257 1.13270541106966 0.652769378583092 1.29698350903103 3.88915991244555 1.43550270876845 0.693930407609627 1.27275891556251 3.36962563620985 1.41566777376787 0.690996784158642 1.03371356863129 1.6037253703312 1.09480800379074 0.645357672075522
"14" 1.0855794752375 1.77758080145604 1.16633125888946 0.670744279886533 1.31073205854429 3.95052443845095 1.48735980926922 0.713752269932459 1.28674254718401 3.42595361578726 1.46811632283346 0.710776475278018 1.04833821979129 1.63551438066137 1.12758265408467 0.663209367274719
"15" 1.09749971825648 1.80702658086047 1.19836734067687 0.687739817505477 1.32120403893657 4.00095941520294 1.53816660792239 0.732607816416478 1.29753224138408 3.47331515945436 1.51991100924467 0.729610267448734 1.06049921834805 1.66380053286146 1.15894629800567 0.68012205374969
"16" 1.10682933591361 1.83240078158738 1.22870381113881 0.70370775505634 1.32843210928115 4.0402319211068 1.58778629639137 0.750447140680548 1.30515647960037 3.51150327330719 1.57098170113376 0.747448980441893 1.07019630975255 1.68849786561435 1.18881083419302 0.696050481122774
"17" 1.11358869809593 1.85362961145195 1.25724050525442 0.718602962842585 1.33247510051222 4.06818773007157 1.63608988679291 0.767227826259706 1.30966937200584 3.54043620197102 1.62126895543414 0.764255240274762 1.07744587491442 1.70954843882928 1.21711696936488 0.71096127869595
"18" 1.11781902872228 1.87067736442196 1.28388932972252 0.732400049425294 1.33341592007223 4.08488662481513 1.68294409122113 0.782914811310181 1.31114889609649 3.56004992985588 1.67072366495546 0.779993131553552 1.08228259935868 1.72692139351731 1.24378946208356 0.724822000049589
"19" 1.1195762438816 1.8835352663513 1.30857888918523 0.745068006830163 1.33135905999761 4.09032167032426 1.72821079212261 0.79748022139341 1.30969384019896 3.57039842440262 1.71931073113723 0.794640394670882 1.08475848519246 1.74061174323723 1.26878150618158 0.737613969917253
"20" 1.11893564185688 1.89222259362421 1.33121330840848 0.756588597533532 1.32642721488718 4.08467037261351 1.77182771878421 0.810903192699127 1.30542092399117 3.57160100517964 1.76699174398642 0.808180009388313 1.08494089592299 1.75063896174646 1.29205219745318 0.749323369706522
"21" 1.11598297256849 1.89678508273377 1.3517464048656 0.766942296174009 1.31875875565777 4.06824143950991 1.81361538103895 0.823168966783371 1.29846304193517 3.5638476630674 1.81375028660425 0.820602111754552 1.08290998519457 1.7570454296116 1.31357076439036 0.759942590782398
"22" 1.11081677162658 1.8972947459096 1.37012043476092 0.776124699245133 1.30850575710922 4.04135753068045 1.85348594622262 0.834271743033651 1.28896517487107 3.54739420459316 1.85957388327592 0.831903870476998 1.07875735945569 1.75988466554848 1.3333163673108 0.76947198342181
"23" 1.10354539401231 1.89384188704552 1.38629561472575 0.784134397541058 1.29582734841236 4.00446113771237 1.89133397981424 0.844210026526427 1.27708193375207 3.52255682510821 1.90445789349885 0.842087425608235 1.07258407100896 1.75926025171889 1.35127849693577 0.77791848221833
"24" 1.0942852228302 1.88654293561139 1.40024013266107 0.790974948010282 1.2808931039343 3.95795735934676 1.92705283345169 0.85299026702753 1.26297602603677 3.48968157799229 1.94840383767181 0.851167599671253 1.06449933747159 1.75527120942243 1.36745460566895 0.785293809587202
"25" 1.08315900881339 1.87552868310928 1.41193252682521 0.796659189200623 1.26387667136918 3.90252377288175 1.9605598644713 0.860623479891979 1.24681530868205 3.44923644159675 1.99142332503815 0.859162255749062 1.0546183055153 1.74801903445841 1.38184471271763 0.791616823638191
"26" 1.07029436236072 1.86096384792534 1.42136107860122 0.801202501100721 1.24495468329859 3.8387098726563 1.99175545216905 0.867128133638241 1.22877079033806 3.40166303713111 2.03351785656506 0.866093555351695 1.043061076967 1.73764404217875 1.3944698797552 0.796912870469597
"27" 1.05582240985592 1.84300118339657 1.42852650820658 0.804627354053999 1.22430491375869 3.76720033667452 2.02056276631805 0.872531917015518 1.20901467324044 3.34746729826018 2.07473313746949 0.871992443475771 1.02995136525086 1.72427127414199 1.40538013012122 0.801211386676764
"28" 1.03987661660017 1.82184222838063 1.43343895416705 0.806962922291334 1.20210470062293 3.6885795487499 2.04691028200344 0.876865725355812 1.18771968362566 3.28714300964125 2.11508237888254 0.876901042080651 1.01541188968903 1.70808889648999 1.41458993817213 0.804553287113344
"29" 1.02259177029974 1.79765477982 1.43612529589087 0.808241959641339 1.17852962609416 3.60367151936275 2.07074215285619 0.880169087181924 1.16507032234138 3.22121477425966 2.15459318362054 0.880863954717559 0.999577487209169 1.68926263945241 1.42215284406176 0.806980793548936
"30" 1.0041042543627 1.77066446350771 1.43661414647958 0.808505609953935 1.15375243774873 3.51315335021003 2.09200414373467 0.882485831316543 1.14118472923676 3.15033201147617 2.19324923192212 0.883935168014508 0.982572582823878 1.66796646502393 1.42812368815717 0.808545348720485
"31" 0.984546262170666 1.74108447391566 1.43496455301373 0.807800062642549 1.1279421848241 3.41775395455115 2.1106544481894 0.883866721349466 1.11628737365885 3.07502281548666 2.23124179186925 0.886174484307008 0.964525570954493 1.6443788406332 1.43256861121686 0.809300563939605
"32" 0.964053830111312 1.70916026243145 1.43123327055491 0.806177295039276 1.1012635389712 3.31822518982777 2.12661243022057 0.884377398795601 1.09051605940599 2.99588274942004 2.26840478421286 0.887649820821809 0.945563547087988 1.61869580863387 1.43556224092056 0.809310035052995
"33" 0.942759563973215 1.67508589078822 1.4254944296367 0.803694895443691 1.07388084846582 3.21530329185719 2.14006401051824 0.88407598925155 1.06402720970733 2.91348630884841 2.30487760016639 0.888435819208713 0.925813095764992 1.59111006576985 1.43718871888603 0.808641895266767
"34" 0.920793160906424 1.6391236782781 1.41783445335562 0.800415306303126 1.04593803958286 3.10970149059854 2.15083055080542 0.883036129152279 1.0369741212328 2.82839959546136 2.34069166805069 0.888613117816934 0.905399166811466 1.56183243894614 1.43753300613688 0.807369848740162
"35" 0.898283289887531 1.60150526362627 1.40835200366139 0.796407492665389 1.01759075536861 3.00213464272952 2.15898943483805 0.881334800111545 1.00949906019671 2.74120701470185 2.37581961826179 0.888270685537934 0.884443256346344 1.53106343549295 1.43671123097307 0.805572227411775
"36" 0.875355272261858 1.56247963505624 1.3970918095193 0.791743306948387 0.988981004814405 2.89329425130393 2.16457695575996 0.879054163983598 0.981744856323363 2.65245179039226 2.41029698578184 0.887501288395402 0.86306703406656 1.49901041151168 1.43482237123929 0.803332669092208
"37" 0.852131129099988 1.52229211600739 1.38437545358773 0.786499090632298 0.960245360620694 2.78378232444786 2.16764404091691 0.876278519520729 0.95384540607138 2.56267163240158 2.44412730924128 0.886404036937534 0.84138073747004 1.46588488107474 1.43196183304008 0.800740191021389
"38" 0.82872926282338 1.48118797020709 1.37012566993956 0.780754416440182 0.931514888479906 2.67422678395683 2.16823953835448 0.872612338866505 0.925929124492633 2.4723719970901 2.47739096763999 0.885080884832843 0.81950725641074 1.431884623169 1.42825669968534 0.797885055016206
"39" 0.805263289023883 1.43940694250863 1.3545505857478 0.774591301002641 0.902909629901026 2.56524271303886 2.16648895385021 0.869618701972015 0.898118704274805 2.38202770048052 2.50987243810886 0.883638034367003 0.797551910139885 1.3972245266846 1.42382539752148 0.794860545724993
"40" 0.781842808823922 1.39718366670817 1.33779395080288 0.768093386728897 0.874551257598601 2.45734880341347 2.16243506742904 0.865920239189293 0.870528952462611 2.29213147300665 2.54164118149709 0.882186688866609 0.775619779177277 1.36209555742783 1.41883399428575 0.791761862429299
"41" 0.758571951692162 1.35474717259993 1.32000413956405 0.761341818262509 0.846546768306705 2.3510402239161 2.15619477981905 0.862103426781792 0.84326811339173 2.20309340239672 2.57320788761487 0.880856394352221 0.753810981973522 1.32670371549867 1.41327343972673 0.788682592355251
"42" 0.735549079687274 1.31226784621845 1.30133289613246 0.754426399526789 0.818997918013608 2.24676746369296 2.14786332071114 0.858262927282137 0.816436991902472 2.1153072847291 2.60280046035535 0.879689348707268 0.7322202093525 1.29122332664799 1.4073681049749 0.785726066385264
"43" 0.712866323091832 1.27007419887748 1.28193139489017 0.747426196158787 0.791998572388914 2.14493469115007 2.13757574306745 0.85449142944254 0.790128685101129 2.029134231146 2.63198270504063 0.878864897824904 0.710934655264986 1.25586220224511 1.40121799315775 0.782974950475448
"44" 0.690609435900303 1.22831400034198 1.26195101704719 0.740422180462456 0.765634395429983 2.04589895209599 2.1254524300418 0.85088176638952 0.764428258833575 1.94489965573542 2.66018425791613 0.878417416343413 0.690039893247115 1.22075683338702 1.39492168514777 0.780526262018094
"45" 0.668856222865113 1.18712113660434 1.24152950812579 0.7334899017838 0.739982559536682 1.94996992430159 2.11163082179499 0.847516641559721 0.739412446967101 1.8628924122803 2.6871868988135 0.878567575935167 0.669609753264876 1.18607864781688 1.3883003173507 0.778472358602679
"46" 0.647677056527299 1.14669879032402 1.22081377749967 0.726699619092889 0.715111493813871 1.85740830390053 2.09619769959998 0.844486603626109 0.715148481905992 1.78336465518168 2.71299296624008 0.87930775582836 0.649712440413797 1.15197494501275 1.38230108486025 0.776858686965288
"47" 0.627134880633907 1.10719230967789 1.19996959075543 0.72012017908013 0.69108068758171 1.76843434839945 2.07929283141608 0.84185469622848 0.691703109147316 1.70653074878495 2.73700174623061 0.880754994396624 0.630406673919283 1.11858526809318 1.37610053796955 0.775888353336436
"48" 0.607285604603697 1.06874659036263 1.17910368933726 0.713813124478347 0.667941101973353 1.68322076066444 2.06106158592519 0.839692401722912 0.669113753593209 1.63256661233708 2.75954887733826 0.882991075675075 0.611749155874362 1.08600804687777 1.37014866084738 0.775378113612866
"49" 0.588171844565543 1.03149886467409 1.15833798965242 0.707831413725578 0.645734641876063 1.60188837361535 2.04161890434482 0.838058458542695 0.647423698229976 1.56186250435924 2.78022292294248 0.886087760618876 0.59378383627866 1.05437245435059 1.36444716352143 0.775614140046318
"50" 0.569833500659478 0.99553779519355 1.13778277422604 0.702221826974885 0.624487753200339 1.52452865923006 2.02106756751494 0.837003108397566 0.626676092561565 1.49381890134757 2.79888190066251 0.890107875314955 0.576554079135512 1.02372188199122 1.35909838452171 0.776575579553613
"51" 0.552301214465207 0.96094857070311 1.11753743370817 0.697030237922639 0.604231956655451 1.45118979527626 1.99951440721014 0.836559475705402 0.606888507633961 1.42921035038688 2.81532177068114 0.895128242725866 0.560063213385719 0.994251863599418 1.35411899324356 0.778301257087813
"52" 0.535595092241577 0.927798914767651 1.09768637924705 0.69227969218497 0.584978560763561 1.38187744273409 1.97719102788005 0.836778745298318 0.58814743510746 1.36783355414125 2.82932947199113 0.901121375884787 0.544356907000287 0.965886239551929 1.3494992429263 0.780815908921031
"53" 0.519728471170659 0.896144930431087 1.07831436503004 0.687974555112187 0.566734044327443 1.31657951398096 1.95405319240982 0.837656966380072 0.570250786247961 1.30971437792877 2.84072265235329 0.90813381255407 0.529440600330673 0.938721233407193 1.34527802486583 0.784173168320905
"54" 0.504712941335369 0.86600985647728 1.05948352142661 0.684169892783285 0.549497144018844 1.25524388224081 1.93026030224635 0.839218565278077 0.553399263917106 1.25484133801178 2.84935131973407 0.916214889699026 0.515348803110023 0.91279695042186 1.34146245931132 0.788337534254049
"55" 0.490534773532469 0.837418595638911 1.04124131344957 0.680851418264505 0.533259309675231 1.19775499656355 1.90591089906643 0.841458736658506 0.537525300277847 1.2031788808492 2.85504173440251 0.925342749013786 0.502011164391687 0.888128711036974 1.33805031634103 0.793329785201531
"56" 0.477194394812762 0.810376861187088 1.02363410785243 0.67802228656719 0.518008935737379 1.14416300060442 1.88112673716521 0.844369980817379 0.52263060484226 1.15466729900832 2.85775283829541 0.935500849554389 0.48946394878168 0.864725725787972 1.33502330444 0.799136502701093
"57" 0.46467818313011 0.784875524176637 1.00669147984774 0.675676652507642 0.503740575502979 1.09415873773375 1.85594051280415 0.84792653933558 0.50864556050957 1.10924505022864 2.85732414955279 0.946661435140228 0.477701999223449 0.842582348649498 1.33236786771887 0.805738653942875
"58" 0.452962867705713 0.760895689775653 0.990442972166478 0.673801973343912 0.490381217118616 1.04769221165897 1.83049418418369 0.852103480711019 0.495584804165442 1.06680495914541 2.85372625051161 0.958783082917911 0.466700198065199 0.82168218872875 1.3300519591139 0.813100729376571
"59" 0.442035596757844 0.738406141472442 0.974899962703931 0.672378618911678 0.477930617411682 1.00461527804173 1.80486313592098 0.856862423934331 0.483401003405645 1.02724992037568 2.84694381878031 0.971805224549076 0.456438385184928 0.802016943723119 1.32804717092658 0.821176319361947
"60" 0.431866122843899 0.717373985078438 0.960070240503362 0.671383923904238 0.46635477100052 0.964765247079765 1.77913938988164 0.862159013163704 0.472079394180266 0.990466203003333 2.8369979743003 0.985657205403495 0.446888813644566 0.783548906835022 1.32631054940147 0.829919303617882
"61" 0.42242285506985 0.697751770611077 0.945956495180507 0.670790674711897 0.455620365638174 0.927997611169201 1.75341521360779 0.86794139305387 0.461574166786259 0.956336839309901 2.82397961491066 1.00026168406103 0.438024736061119 0.766246565879598 1.32480769514903 0.83926360411516
"62" 0.413675108480162 0.679490981703378 0.932553356426868 0.670566067180802 0.445681558771928 0.894138048237347 1.72778430613554 0.874151647573519 0.451850714766404 0.924736097777311 2.80800045962319 1.01552550306231 0.429814655445811 0.750072110311292 1.32350268607335 0.84913872420617
"63" 0.40559104474637 0.662534840514114 0.919855111582362 0.670676474410438 0.436503398610378 0.863021493733282 1.70234258105693 0.880726681932147 0.442869223363067 0.895537350184962 2.78922440769701 1.03134467316322 0.422228189021 0.734985519682894 1.32235610442625 0.859466493787277
"64" 0.39813736636296 0.646828931967721 0.907852003728657 0.671085418272953 0.428046023998305 0.834495501524904 1.67719948818186 0.887599126394664 0.434591053499129 0.868613368810456 2.76787998380722 1.04760532450964 0.41523477550912 0.720942093451995 1.32133733254293 0.870161902779542
"65" 0.39128064869907 0.632315785403806 0.896532510255735 0.671754961351435 0.420269841465193 0.808377430806074 1.65243574833615 0.894698247545305 0.426977769404676 0.84383933040898 2.74420608909231 1.06418477612562 0.408802155835555 0.707899395129752 1.32041223641577 0.881133998791772
"66" 0.384987875982012 0.618937835109686 0.885892978460078 0.672646354094717 0.413136074765645 0.784526407820352 1.62816696463861 0.901950854303459 0.419991692490396 0.82109338763168 2.71852407336923 1.08095271211408 0.402899005878952 0.695813949979927 1.31955270792093 0.892287291394368
"67" 0.379227013354469 0.606638403427779 0.875903840232367 0.673720630532518 0.406607236829597 0.762788339694997 1.60450042446637 0.909275116453882 0.413596375942758 0.800258381149567 2.6911686175003 1.09777244571349 0.3974948636032 0.684643226443866 1.31873643019606 0.903520816044492
"68" 0.373966891970927 0.595362531509232 0.86656153154664 0.674939145584358 0.400647520110387 0.743035637207569 1.58154609932072 0.916608460992752 0.407756996456567 0.781223072306228 2.66251436855074 1.11456556052722 0.392560499122056 0.67434630964901 1.31794460010741 0.914732201135333
"69" 0.369178399036376 0.58505765493108 0.857854984489777 0.676264049446578 0.3952231039907 0.725142017381589 1.55941598578492 0.923869431417183 0.402440662119774 0.763883062573436 2.63296401160346 1.13107423002222 0.388068208840809 0.664887912255183 1.31716405347766 0.925816542400939
"70" 0.364833751654187 0.575674125989441 0.849774483265948 0.677658696833883 0.390302380383324 0.70896951647903 1.53822352144732 0.9309835035381 0.397616637875008 0.748140430634051 2.60294187548591 1.1472048988917 0.383992034663975 0.656227097533183 1.31638674960418 0.936727208575346
"71" 0.360907967901702 0.567174580358125 0.842311101318821 0.679087990915479 0.385856100870913 0.694415198319037 1.51808340895145 0.937877891390322 0.393256492129253 0.733905363658209 2.57288692828563 1.16281151400242 0.380308034282182 0.648332146877895 1.31560964313142 0.947256294247783
"72" 0.357377218768116 0.559500815010192 0.835459972589571 0.680518663571234 0.38185745061151 0.681369250919014 1.49910597637039 0.944481542223054 0.389334169913216 0.721096009531191 2.5432460690061 1.17774971061873 0.376993852494604 0.641173567194755 1.31483455898508 0.957348653426086
"73" 0.354220083081724 0.552622700090711 0.829217314833687 0.681919382599757 0.37828205575903 0.669754504257065 1.48129172048579 0.950726577408469 0.385835768925781 0.709638965532355 2.51446318287237 1.19187854492999 0.374029529112165 0.634726241193118 1.31406853699904 0.966904603680879
"74" 0.351417192355914 0.54651204291953 0.823588118035601 0.683261431029073 0.375107932293409 0.659487710647694 1.4649280381287 0.956547638400976 0.382710644354369 0.699471732071485 2.48697622434425 1.20506222515813 0.371396920609588 0.628978675554192 1.31332692023856 0.975828499995517
"75" 0.348951155839683 0.541079387814438 0.818484213034627 0.684517876329938 0.372315384923779 0.650443757955531 1.45003139410612 0.961879349763685 0.379968976359654 0.690483622251423 2.46120584981609 1.21717181396553 0.369079758822462 0.623818802816194 1.3125017216875 0.984029843235259
"76" 0.346792127000236 0.536375470640805 0.814024864248568 0.685664494397369 0.369886865134492 0.642631237031568 1.43669260782716 0.966744390906993 0.377583987998511 0.682695955045451 2.43754865204684 1.22808687299472 0.367049302263574 0.619347719154146 1.3117859175209 0.991424337542394
"77" 0.344969407884236 0.532325347277753 0.810158108992021 0.686679408825331 0.36780679751479 0.635961955527244 1.42499380319994 0.970973799936519 0.375540566182689 0.676030263924024 2.41636903443083 1.23769701921799 0.365327460763318 0.615480258816387 1.31111296635041 0.997934879404043
"78" 0.343427467867872 0.528947507393138 0.806881843931133 0.687543271529086 0.366061383284194 0.630370469404265 1.41500696598843 0.974573879997878 0.373820291701825 0.67042876316072 2.39799556628573 1.24590336250303 0.363878345845929 0.612247641370575 1.31049277691582 1.00349246098506
"79" 0.342169918171263 0.526194840120966 0.804193523187508 0.688238732935445 0.364633902412333 0.62584662310434 1.40679250403132 0.977505975476597 0.37242227952044 0.665891372700396 2.38270989300474 1.25261979451741 0.362694384416894 0.609605746329094 1.30993444592783 1.00803697072184
"80" 0.341187057831424 0.524051561124952 0.802089750168719 0.688751165480117 0.363523357664685 0.62233014360745 1.40039838879122 0.979737402882526 0.371329431701471 0.662363604298808 2.3707454270319 1.25777410085865 0.361767149568943 0.607543510514912 1.30944377232439 1.01151787518371
"81" 0.340467555169512 0.522502746169349 0.800556242961623 0.689068037620957 0.362714225388673 0.619789997222729 1.39585833594033 0.981241618464337 0.370532904870171 0.659817665905655 2.36227873011542 1.26130887111745 0.361088580596632 0.606049365964583 1.30902503534837 1.01389476784474
"82" 0.340009173606564 0.521531842648487 0.799607898711729 0.689178918144993 0.362197943476741 0.618196568186494 1.39319185575063 0.981998338155489 0.370023679501328 0.658228396392421 2.35743051931576 1.26318229139806 0.360651226939643 0.605111810965628 1.30867698107234 1.01513777265302
"83" 0.339801333687949 0.521127615920124 0.79922472622074 0.689075603288918 0.36196638636724 0.617524511919532 1.39240268479865 0.981993510318157 0.369793802528951 0.657572837903391 2.35625994211239 1.26336819477203 0.360448075322329 0.604719147587988 1.30839522848818 1.01522796431702
"84" 0.339837608911607 0.521277031756596 0.79939654577256 0.688752231194277 0.362012007165329 0.617751499503443 1.39347885845589 0.981219344965158 0.369835769062397 0.657830085968865 2.35876377315292 1.26185681561305 0.360472441465462 0.604859515582811 1.30816848772363 1.01415680967347
"85" 0.340111385547825 0.521968139633755 0.800114887045364 0.688203150086612 0.362327611027449 0.618857704170702 1.39639201133882 0.979674187827885 0.370142368300328 0.658983681899934 2.3648759339178 1.25865437406704 0.360717835245829 0.605520593908339 1.30798249629267 1.01192701880468
"86" 0.340617603678205 0.523191247443859 0.801355439078742 0.687425592008367 0.362893831512057 0.620827658710759 1.40109790715332 0.977362359261496 0.370694030134127 0.661008135454364 2.37446811944422 1.25378284327894 0.361166579379031 0.606691414427897 1.3078172402225 1.00855171655114
"87" 0.341347476518979 0.524930995566293 0.80310566215087 0.686419553866445 0.363729378669084 0.623639965042685 1.40753628076675 0.974293931256208 0.371509607888682 0.663889335720321 2.38735152421121 1.24727938474232 0.361835512771596 0.608353125533963 1.30764770946562 1.00405419376351
"88" 0.342296189311915 0.527178243729413 0.805345288200988 0.685184876069074 0.364814043681079 0.627282472617883 1.41563143427158 0.970484449354495 0.372580522628282 0.6676094740825 2.4032781858635 1.23919555026748 0.362710074876835 0.610493323974873 1.30744414696812 0.99846736849245
"89" 0.343457429799067 0.529921458033985 0.808051580318528 0.683723322377736 0.366140789765661 0.631740694628494 1.42529297353912 0.965954605098652 0.373874700087788 0.672150647150845 2.42195027292217 1.22959627070787 0.363781035615609 0.613095756218766 1.30717244521562 0.991833113272429
"90" 0.344824729876113 0.533131175328183 0.811199477043125 0.682038363944388 0.367712631825481 0.637001980232283 1.43641678874016 0.960729865587345 0.375397542925767 0.677494559022335 2.44301713126833 1.21856421002896 0.365033163411448 0.616142934829824 1.30679467727837 0.984201464672288
"91" 0.346391417870902 0.536831999819256 0.814762028172582 0.680134177367673 0.369500881443298 0.643074249208331 1.44888627052532 0.954839808651024 0.377141247421333 0.683622261617846 2.46608584389957 1.20617026156989 0.366465706650741 0.61961609267114 1.30626974596924 0.975629734044436
"92" 0.348150583013363 0.54099208936071 0.81870979190661 0.678016544461659 0.371508821200109 0.649885324647063 1.46257375040308 0.948318665213125 0.379097677828674 0.690513918535407 2.49072651661588 1.19252903735302 0.368070995895163 0.623483892950477 1.30555413194915 0.966181540555217
"93" 0.350095049863945 0.545598315825365 0.823012381717959 0.675692261430306 0.373728370581243 0.657470428203479 1.47734215085696 0.941203481321156 0.38125833556446 0.698148585540012 2.51647939768619 1.17773972141862 0.369841014609899 0.627749209638927 1.30460271951409 0.955925789043339
"94" 0.352218765012921 0.550652522028001 0.827638041452709 0.673169191344709 0.376152676836104 0.665796912036532 1.49304682787976 0.933534533370395 0.383615929925811 0.706504000987326 2.54286254120716 1.16191351195225 0.37176882433252 0.632383897891708 1.30336967740319 0.944935615985219
"95" 0.354511092546931 0.556108790188957 0.832554225553157 0.670456212118045 0.378769713405407 0.674862170659656 1.50953758584671 0.925354654719316 0.386157907899846 0.715556380039647 2.56937987623788 1.14516612370004 0.373842745251256 0.637347424339058 1.30180937127824 0.933287326831692
"96" 0.356965450030531 0.561968465848444 0.83772802051675 0.667563172572025 0.381570540258558 0.684646811739904 1.52666084197391 0.916708778264703 0.388876240795962 0.725280207447456 2.59552953440954 1.12761617454874 0.376055186934276 0.642618973603999 1.29987728452158 0.92105934723835
"97" 0.359573467607572 0.568215968240149 0.843126586265607 0.664500856433071 0.384549810479631 0.695124807499368 1.54426191499432 0.907643493621199 0.391760802973566 0.735648508731248 2.62081004632451 1.1093836273479 0.378396694381614 0.648183375337177 1.2975309246359 0.908331209290689
"98" 0.362326453839553 0.574834976348029 0.848717609320567 0.661280921593769 0.387693287273202 0.70628158146337 1.56218741011693 0.898206625991177 0.394801030647332 0.746630658626801 2.64473724831905 1.09058831734368 0.380857456521387 0.654010599133226 1.29473069374802 0.895182591800747
"99" 0.36521538524555 0.581808385381551 0.854469759767998 0.657915689176157 0.390991942095587 0.718095867052599 1.58028766981634 0.888445988484475 0.397986057431807 0.758195162189697 2.66684021416836 1.07134859154892 0.383427308585149 0.660064751724857 1.29143504246623 0.881692431222163
"100" 0.368230893187305 0.589118242079376 0.860353577980771 0.654419227531886 0.394434873463786 0.730544199310394 1.59841925754193 0.878412440213961 0.401304127143809 0.77030737483225 2.68667686761639 1.05177951103173 0.386095730402687 0.666320933767927 1.28762288336994 0.867938116809699
"101" 0.371363247638099 0.5967456701915 0.866340134651254 0.650779774631992 0.398011156979327 0.743599714993759 1.61644743906919 0.868154425589736 0.404743398931869 0.782929780237762 2.7038391035019 1.0319939622389 0.388851855251677 0.672748987012285 1.28326306695997 0.853994780462542
"102" 0.374602337822857 0.604670786521261 0.872404195017435 0.647066096574157 0.401708053735312 0.757234225386214 1.63424862398678 0.857721124897416 0.408291397856942 0.796021748799124 2.71796046472116 1.01209858938439 0.391684452507737 0.679317892748073 1.27833490709539 0.839934688367302
"103" 0.378011071834369 0.613015181499172 0.878522740452763 0.643266279109839 0.405590771961237 0.771414437457558 1.65171272778647 0.847161347991262 0.4120131791389 0.809539302937223 2.72872042544944 0.992195068301475 0.394652173672059 0.685995822043688 1.27282381607988 0.825826738224143
"104" 0.381425161357135 0.621458268068078 0.884675812842729 0.639397179494912 0.409484565651856 0.786273817926421 1.66936119373338 0.836523330559176 0.415731830379128 0.82363212810293 2.73584628874236 0.972379039668808 0.397596030463005 0.692927704335261 1.26672232547996 0.811736062618283
"105" 0.384852728963269 0.630016359457592 0.890846839617472 0.635476513618526 0.413397638384234 0.801262065497304 1.68527090714876 0.825854569449175 0.419454930798328 0.837657226320177 2.73913482013395 0.952739693691022 0.400523139633648 0.699547690392968 1.26002742991559 0.797723736097331
"106" 0.388409237720526 0.638911041418114 0.897022913962198 0.631522855235734 0.417449921770797 0.816843758714316 1.70123083565563 0.815201694655981 0.423302173858756 0.852151062027571 2.73842163280162 0.933359510966134 0.403542020438548 0.7063543906841 1.25274507303662 0.78384658082493
"107" 0.392015408970816 0.647984328779756 0.903195024645928 0.62755563189599 0.421548333376051 0.832792353072669 1.71659052758564 0.804610374604286 0.427187520225796 0.866857147100977 2.73361940810278 0.914314147706572 0.406575699736068 0.713135761505801 1.24488708993091 0.770157063376533
"108" 0.395656945190996 0.657209516404407 0.909358230335638 0.623595115743582 0.425689527206097 0.849066329753399 1.73133712962164 0.794125250578848 0.431056720424942 0.881712141697376 2.72468950662459 0.895672826449248 0.409578239097112 0.719819950599612 1.23647182488077 0.75670327337703
"109" 0.399323565687632 0.666557042068271 0.915511773743821 0.619662407385392 0.429850526703311 0.865599004045194 1.74548142348485 0.783789895562759 0.435007266395415 0.896648643745031 2.71165838013316 0.877496744644525 0.412633260816846 0.726488384174571 1.22752386263089 0.743528973284535
"110" 0.403000491825683 0.675995667815847 0.921659131510646 0.615779411102748 0.434015097412684 0.88232216980501 1.75905844115741 0.773646792367592 0.438908201877118 0.911595200208823 2.69461173712474 0.859842429037702 0.415629161760607 0.732983667216694 1.21807365614381 0.730673707711572
"111" 0.406671400810047 0.685492290787441 0.927807996364735 0.611968799831363 0.438165686878209 0.899173505578103 1.77212766797002 0.7637373257784 0.442779678030785 0.926476906760689 2.67368771614714 0.842759187419943 0.41858394936642 0.739312029459495 1.20815706023643 0.718172960236257
"112" 0.410322463098667 0.695012673297333 0.933975125107835 0.608253968547804 0.442284052286133 0.916066604595484 1.78477280151914 0.754101783489695 0.446603441065897 0.941214981795262 2.64907971890646 0.826290746670291 0.421482880424306 0.745437663835251 1.19781478181835 0.706058345667005
"113" 0.41393832632826 0.704520411241506 0.940168273675072 0.60465897498093 0.446351371151708 0.932923850662234 1.79710103997214 0.744779360864986 0.4503607822349 0.955727771614757 2.6210260063454 0.81047541093136 0.424310996281149 0.751324927922554 1.18709175851137 0.694357826144644
"114" 0.417503247067286 0.713977769770136 0.946410662033036 0.601208466907346 0.450348358826461 0.949659663262518 1.80941425575563 0.735808491987068 0.454032622569497 0.969931157541081 2.58981036008661 0.795346471023339 0.427053377570935 0.756938531744992 1.17603647823079 0.68309594024412
"115" 0.421001318879245 0.723345634676305 0.952725319696236 0.59792759568299 0.454255256138167 0.966183991153352 1.82149358918563 0.727225519468609 0.457599617530239 0.983738601050226 2.55586000237231 0.780932618126727 0.429694453726513 0.762243743517031 1.16470025286607 0.672293716765503
"116" 0.424415909217528 0.732583697443076 0.95913829843947 0.594841916096982 0.458052111299961 0.98231203830666 1.83358222199677 0.719066825565655 0.461041777333135 0.997063014420462 2.51930803797293 0.767258348070427 0.432219301333285 0.767206613036353 1.15313645952729 0.66197022549182
"117" 0.427730777937972 0.741650685536158 0.965678210408493 0.591977273094426 0.461718572231329 0.998137696219886 1.84613211953703 0.711367125491758 0.464340248601699 1.00981692877819 2.48062623115034 0.754344066719084 0.43461292063583 0.771794213451218 1.14139976293934 0.65214072596795
"118" 0.430929493930078 0.750504636783962 0.972347467171295 0.589359676384784 0.465234529351112 1.01363738538738 1.85919366498248 0.70416005905464 0.467476187485879 1.02191196357434 2.44019890080664 0.742207611982459 0.436860573319688 0.775974902986016 1.1295453324819 0.642818300979523
"119" 0.433995752468057 0.759103215263043 0.979237664562662 0.587015164412655 0.468580023621873 1.02838723397782 1.87297309527812 0.697478090369949 0.47042974794282 1.03326268987353 2.39841697097621 0.730862732973779 0.438947913964974 0.779656898826699 1.11762855029512 0.634013657217776
"120" 0.436913521462908 0.767408087600073 0.986334481333823 0.584969659597854 0.471735297930494 1.04245204089882 1.88768034651009 0.691352444327084 0.473180203187996 1.04378565053342 2.35567757176802 0.720320652226031 0.440861129566595 0.782929068572861 1.10570224225329 0.625735277364333
"121" 0.439667197307531 0.775338197001038 0.993693483862428 0.583248889163232 0.474690299330229 1.05571950932343 1.90352614179235 0.685813038911099 0.475720139796415 1.05340092286624 2.31236709491829 0.710589785290016 0.442589132231615 0.785699965449849 1.09381911311841 0.61798954763967
"122" 0.442241767317204 0.782913087854577 1.00134094751141 0.581877967376085 0.477415406661919 1.06811164142651 1.92071681135758 0.680888647876711 0.47802229268337 1.06203318915418 2.2688607744029 0.701676726379008 0.444117827064768 0.787960645243814 1.08202886512924 0.610780861348249
"123" 0.444649061633121 0.790104592829563 1.00930858846969 0.580881603639217 0.479893848929828 1.07953350012245 1.93943831479775 0.676605757053509 0.480070281257407 1.06961279403244 2.22552035913185 0.693585136034619 0.445432511309369 0.789686076274898 1.07037815396772 0.604111700118652
"124" 0.446823783648197 0.796804457481312 1.01762624205685 0.580283830566788 0.48211343752784 1.0899005100193 1.95991113426742 0.67299113989978 0.481853301464137 1.07607685602022 2.18253971969087 0.686316636390089 0.446526185142243 0.790858995171737 1.05891003002745 0.597982695502829
"125" 0.448779580393336 0.803013585302018 1.02632098457091 0.580107095195823 0.484059858006988 1.09913451752798 1.98225944186911 0.670063375459901 0.483358509483321 1.08136983592594 2.14049600315802 0.679870602689057 0.447389853274468 0.791465460280687 1.0476634518556 0.592370930886839
"126" 0.450505412263611 0.808687517852249 1.03541721312209 0.580374200628109 0.485720429956961 1.10717008455643 2.00663771115938 0.667854034684539 0.48457475678559 1.08544501357993 2.09953480798924 0.674272702585737 0.448015893081226 0.791495051763911 1.03667287857357 0.587318961453627
"127" 0.451991619715714 0.813801384707668 1.04494000572004 0.581105692841226 0.487084280060016 1.11393404652238 2.03315682923791 0.666403266026947 0.485492747479077 1.08826481616053 2.05989740078697 0.6694637072169 0.448398163166586 0.790941032473553 1.0259672954528 0.582793361221617
"128" 0.453230049155672 0.81832760970105 1.05488703921623 0.582321156890541 0.488142493634095 1.11938046571795 2.0618939615018 0.665680773453231 0.486105173182548 1.08980155566842 2.02178825262093 0.665463832874416 0.448532094351482 0.789803376781496 1.01557270503961 0.578795202209011
"129" 0.454214160171926 0.822242265195397 1.06528463588811 0.584056659227724 0.48886027428972 1.12346750834096 2.09288953214572 0.665694580141966 0.486406821775254 1.09004065489483 1.98537375427275 0.662265280136979 0.44841476051771 0.788076588594419 1.00550770795627 0.575314521600458
"130" 0.454939111372613 0.825525370728097 1.07613256389694 0.586275344281829 0.489288588630043 1.12616446627727 2.12614292482583 0.666523436111374 0.486394657020593 1.08896933109574 1.95078121554693 0.659857408556261 0.448044927242613 0.78576911034771 0.995786420163228 0.57234129111302
"131" 0.455401822640449 0.828161139657512 1.08742885093961 0.589045982981137 0.489397499362472 1.12745207145907 2.16161546604621 0.668148294095 0.486067866819417 1.08659522569279 1.9180996631679 0.658227952969173 0.4474230767398 0.782889476624712 0.986417747398607 0.569864014707258
"132" 0.455601012251386 0.830138318636182 1.09916504807479 0.592364286450008 0.489186881351276 1.12732360489859 2.19920453130561 0.670577652472156 0.485427878691128 1.0829334476545 1.88738024082089 0.657337625532711 0.446551408259886 0.77945028334496 0.977405485535191 0.567869642714126
"133" 0.455537251111152 0.831449731067931 1.11132600393608 0.596242169796324 0.488658969577476 1.12578318662789 2.23878055053321 0.673822806721316 0.484478319889177 1.07800886556046 1.85863998147423 0.657225685087111 0.445433813778452 0.775467850429478 0.968784823915266 0.566343600180269
"134" 0.45521280627717 0.8320930296804 1.1238933558397 0.600689852117652 0.487817987217754 1.12284805889203 2.28015768472282 0.677891197003554 0.483225159837099 1.07185772863418 1.83198350183591 0.657829723998042 0.444075905436268 0.77096051809751 0.960443542371498 0.565269852620595
"135" 0.454631664186784 0.832070788050188 1.13683074854198 0.605715827089046 0.486698903294298 1.118546784658 2.32310595313726 0.682785420396978 0.481675975075 1.0645255193565 1.80710222639196 0.659152665513442 0.442484489629254 0.765952076003868 0.952507624352186 0.564621486448102
"136" 0.453799758992865 0.831389623440517 1.1501069211486 0.611326838102363 0.485253359512704 1.11291792628082 2.36734837396589 0.688508239731197 0.479840978021931 1.05606572014472 1.78405132140709 0.661164335178252 0.440668424355511 0.760468114164943 0.944861173925298 0.564393349139803
"137" 0.45272429099402 0.830060691800857 1.16362479091417 0.617527853827074 0.483520723135987 1.10601167089953 2.41256650185743 0.695059267161992 0.477710332021608 1.04654096511693 1.76261957742711 0.663841454549095 0.438637686146008 0.754536189902433 0.93752335894489 0.564564569857731
"138" 0.451414297759149 0.828099358275901 1.17745962086257 0.624322550872642 0.48151326445836 1.09788744751649 2.45840262135286 0.702437192040766 0.475340307619785 1.03602072434036 1.74290906016938 0.667156526872216 0.436403400581761 0.748187105417459 0.930474238209519 0.565110554334449
"139" 0.449879927429818 0.825524965534525 1.19148461138812 0.631711350016197 0.479245015709826 1.08861334653836 2.50446522775802 0.710638898167632 0.472724343999596 1.02458060872458 1.7246642061174 0.671089027862669 0.433977863835107 0.7414532989911 0.923691535178089 0.566009463777316
"140" 0.448132642453981 0.822360560157103 1.20566371321798 0.639694108192812 0.476731446450811 1.07826506029033 2.55033434802634 0.719657042479294 0.469899258171056 1.01230128677732 1.70773260711848 0.675606908334353 0.431363589133986 0.734368780918436 0.917151185287392 0.567209496102557
"141" 0.446185028968533 0.818632582629934 1.2198890507432 0.648268277575235 0.473989366056323 1.06692474387783 2.59557401983115 0.729483889644695 0.466841419430207 0.999267367250162 1.69195305847352 0.680682901800968 0.428595602095907 0.726968767214622 0.910827897613697 0.568774602539742
"142" 0.444050497162528 0.814390894917376 1.2341070829921 0.657429292918767 0.471036331656274 1.05467982507361 2.639837143118 0.740108907029021 0.46358919378596 0.98556627380233 1.67715935917103 0.686282436497868 0.425690651719119 0.719289318051455 0.9046957255229 0.570594418531988
"143" 0.441743329344616 0.80960659656134 1.24827801913745 0.667170406542474 0.467890987183985 1.04162179208073 2.68228373616218 0.751518782847854 0.460161657832897 0.971287136941426 1.66318398389196 0.692380765636349 0.422639862674209 0.71134245116817 0.898728645111679 0.572673905447048
"144" 0.439278395484576 0.804375310861914 1.26231436624984 0.677482555633787 0.464572511370587 1.02784498725918 2.72285365282312 0.763699877291222 0.456578182097447 0.956519762783253 1.64986163294538 0.698941299950003 0.419470460609996 0.703237498944433 0.892901260447311 0.574988359245901
"145" 0.436671032567853 0.798713180322839 1.27614445213754 0.688354187806168 0.461100502677045 1.01344545863688 2.76095035207835 0.77663002020172 0.452858428262247 0.941353476147312 1.63703278074901 0.705936190208465 0.41619812620024 0.694931086905276 0.887189123787634 0.577513971776114
"146" 0.433936907890015 0.792673947047094 1.28971037984335 0.699771057805207 0.457494800615611 0.998519735096153 2.79613748063046 0.79028901811043 0.449023270946439 0.925876438230095 1.62454871190059 0.713322435340027 0.4128386022962 0.686503454270535 0.881571326388555 0.580226748484033
"147" 0.43109560024446 0.786263672486642 1.3029146868979 0.71171599727211 0.453777633243406 0.983163957970262 2.82800918576864 0.804651678242742 0.445089126874904 0.910174645884979 1.6122857508148 0.721069197474974 0.40940754331447 0.677976494946581 0.876035036494151 0.583102965754059
"148" 0.428154661618222 0.779541153489195 1.31570362926545 0.724168661215254 0.449964261782923 0.967472813917283 2.8561926340929 0.819689064562471 0.44108023998708 0.894331244574579 1.60000675912783 0.729135749721568 0.40592045872535 0.669385252937357 0.870472427252773 0.586119808170913
"149" 0.425132864325301 0.772546389085024 1.3280128098023 0.737105256655159 0.446073778438188 0.951538731595567 2.88035751946049 0.835368157367498 0.437011942051429 0.878425972883331 1.58776277607626 0.737500785110774 0.402392587784615 0.66076363121996 0.865029105765749 0.589253349758561
"150" 0.422050510946419 0.765320572669482 1.33978228373217 0.750498260031973 0.442130588694455 0.935451157802544 2.90022319137988 0.851651497443831 0.432904334583333 0.862534593831714 1.57537145703867 0.74611236266155 0.398838834815225 0.652144252145004 0.859592642409928 0.592481921021576
"151" 0.418920323626558 0.757904981618271 1.35095752747181 0.764316136804355 0.438150962401986 0.919295987887149 2.9156147779264 0.868496820965135 0.428775653147014 0.846728585821105 1.56276592353554 0.754937814381451 0.395273710994748 0.643558412743603 0.854157793224772 0.595783770348388
"152" 0.415756640623638 0.750347337219176 1.3614904933535 0.778523062405346 0.434153165881392 0.903154315090744 2.92628703594483 0.885856743681973 0.424641579266313 0.831074875731006 1.54988659103845 0.763938951969656 0.391711291652195 0.635036042700484 0.848723314583316 0.599139168765815
"153" 0.412577140828813 0.74266098081667 1.3713396824203 0.793078672720498 0.430154894984363 0.887104977470812 2.93218140474948 0.903678391349387 0.420525043377132 0.815635698732629 1.53669057575008 0.773077485552845 0.388165188150924 0.626605701874889 0.843287813700753 0.602526472331405
"154" 0.409393644063951 0.734921861110042 1.38047184657713 0.807937844493295 0.426173238480822 0.871220172597021 2.93327115207408 0.921903158532501 0.416436504620893 0.800467678537972 1.5231573692159 0.782313143691105 0.384648533057696 0.618296033603444 0.837850963879813 0.605927129087156
"155" 0.406221249215566 0.727150046646319 1.38886251815279 0.823050620049811 0.422224658006791 0.855568014785364 2.92960040853454 0.940467214778071 0.412393631376781 0.78562529908199 1.50928292004215 0.791606629741283 0.381173977000898 0.610130563193563 0.832415871085712 0.609322776942599
"156" 0.403073306971826 0.719393192070103 1.39649514498753 0.838361707287619 0.418328167357995 0.840211869699958 2.92128463616924 0.959298346143705 0.408410999183852 0.771156070065082 1.49508421170477 0.80091765650734 0.377753695411746 0.602134780885861 0.826989047823872 0.61269593110713
"157" 0.399964021467774 0.711685204139125 1.40336288686162 0.853811054102641 0.414491481436384 0.825210423851147 2.90850975522115 0.978320580532622 0.404503868902996 0.757103941278317 1.48058384663127 0.810205512565809 0.374399403225849 0.594330972790491 0.821580286865612 0.616029995250012
"158" 0.396905988739101 0.704063265763637 1.40946799654144 0.869333489228684 0.410734926364754 0.810617828798339 2.89152994385429 0.997451043405115 0.40068559460577 0.74350877849558 1.46583361874479 0.819422006772044 0.37112237560034 0.586743346316716 0.816202858492609 0.619308033871991
"159" 0.393909084655658 0.696563626792379 1.41482193583287 0.884858988950961 0.407068163139147 0.796483906661876 2.87066415569861 1.01660097981232 0.396966174466161 0.730406659958895 1.450894740205 0.828539329760815 0.367930443820376 0.579392071353584 0.810871909015008 0.622517612597902
"160" 0.3909908026737 0.689228627947622 1.41944517366819 0.900312552973795 0.403510187576903 0.782854429957652 2.8462922084937 1.03567608560467 0.3933643371709 0.7178302014367 1.43584148425612 0.837509335174424 0.364839824618264 0.572292953082152 0.805606391708177 0.625643661280244
"161" 0.388160297611266 0.682079129121982 1.42336681944282 0.915616230065953 0.400071287550026 0.769771298411207 2.81884575217237 1.05457665686549 0.389889236697537 0.705808898494233 1.42075958157757 0.846291122142121 0.361857908441088 0.565473356210828 0.800427321053858 0.628673149846469
"162" 0.385429200768818 0.675154763513583 1.42662407440776 0.930687083087529 0.396764079643348 0.757273032784582 2.78880593112236 1.07319958788308 0.386552759063444 0.694369476021855 1.40574451389678 0.854843106116914 0.358994727506781 0.558948084344478 0.795357856738843 0.631593933660946
"163" 0.38280867834302 0.668487751045956 1.42926073153207 0.945439593616353 0.39360013216271 0.745391589214741 2.75669514521364 1.09143702422389 0.383365520079498 0.683536236749974 1.39089973603756 0.863124396555916 0.356259227371461 0.552741281711589 0.79042298579318 0.634394753860062
"164" 0.380309575966055 0.66210925990542 1.43132897915103 0.959785963005402 0.390591209582085 0.734166782525022 2.72306388195464 1.1091787813447 0.380338608115476 0.673331402356274 1.37633485652136 0.871094730335646 0.353660900306452 0.546858759642763 0.785649187814389 0.63706524194704
"165" 0.377942432807428 0.656049393611955 1.43288633540215 0.973636990239583 0.387748460469506 0.723624679902567 2.68848760098824 1.12631303824577 0.377482433929452 0.663775442758558 1.36216379047857 0.878714741233784 0.351208691955505 0.541321728631844 0.781064089553526 0.639595930085185
"166" 0.375717495620795 0.650337180271006 1.43399320045677 0.98690305664722 0.385082669280637 0.713793178817415 2.65355466979638 1.1427275489624 0.374807075090486 0.654887391200924 1.34850300711539 0.885946258074835 0.348911315842842 0.5361458140569 0.776696115442007 0.641978268365349
"167" 0.373644733518126 0.645000565167191 1.43471427077848 0.999495203652776 0.382604287244607 0.704698345105474 2.6188575522545 1.15831096776818 0.372322309954367 0.646685144701461 1.33546949243389 0.892752628718409 0.346777275874372 0.531347292401371 0.772574140887525 0.644204650145355
"168" 0.371733854631696 0.640066408687333 1.43511638550978 1.01132628612169 0.380329117072473 0.696364727931173 2.5849834215951 1.17295426633625 0.370037652284529 0.639185751259476 1.32317977522175 0.899099066139476 0.344814889730556 0.526941315365263 0.768727155340862 0.646268446367212
"169" 0.369994326150448 0.635560492293192 1.43526727022708 1.02231218057269 0.378255996228631 0.688815670031771 2.55250493517654 1.18655221710109 0.367968142366667 0.632405686848972 1.31174727417378 0.904953012000662 0.343032314649063 0.522942682140944 0.765183942206847 0.648164049551832
"170" 0.368441041253694 0.631507535859128 1.43523427881498 1.03237302475702 0.376399954275792 0.682073794001881 2.52197132973895 1.19900491368366 0.366111604417433 0.626361126589436 1.30128131577819 0.910284512372511 0.341437577338318 0.519365899736071 0.761972782613463 0.64988692794849
"171" 0.367071983376093 0.627931230105338 1.43508316482592 1.04143446295209 0.374770462091446 0.676160568013679 2.49389998477633 1.21021929663785 0.364482496305978 0.621068280414081 1.29188593958144 0.915066599638388 0.340038609917029 0.516225251287249 0.759121189834121 0.651433690073581
"172" 0.365901496693387 0.624854288056456 1.43487691381946 1.04942886989113 0.373376863561017 0.671097809674339 2.46876858856397 1.220110651072 0.363089690119853 0.616543777639425 1.28365834400962 0.919275674140645 0.338843293824811 0.513534876157052 0.756655680751164 0.652802159605482
"173" 0.364938413577989 0.622298519407663 1.43467466735723 1.05629652562668 0.372228441074044 0.666907186008601 2.44700802676441 1.22860404198635 0.361942039801873 0.612803789606846 1.27668789428194 0.922891878791063 0.337865301600538 0.511308865507971 0.754601590129337 0.653991460303628
"174" 0.36419154096508 0.620284931363143 1.43453076753031 1.06198671384603 0.371334493882402 0.663610793730271 2.42899609786133 1.23563565349818 0.361048459530843 0.609866552782468 1.27105520863413 0.925899459682655 0.33710112358463 0.509561376707628 0.752982932616855 0.655002110284378
"175" 0.363669739038594 0.61883385891088 1.43449394811493 1.06645871722993 0.370704430939233 0.661231543280005 2.41505214334398 1.2411539995095 0.36041801612439 0.607751006624497 1.26683142348922 0.928287105695944 0.336564505435423 0.50830676933116 0.751822316297336 0.655836124608561
"176" 0.363382014820841 0.617965126610013 1.43460669472391 1.06968268534356 0.37034787935078 0.659793574353301 2.40543266391249 1.24512097577345 0.360060036588759 0.606477623880977 1.26407764319277 0.930048260179711 0.336263783938419 0.5075597646881 0.75114091027594 0.656497124711701
"177" 0.363337630993761 0.617697663914452 1.43490479171745 1.07164035320693 0.370274808939277 0.659323000811797 2.4001069782037 1.24751272665513 0.359984231310877 0.606068802291364 1.26284457649131 0.931181397988044 0.336207641057804 0.507335629720489 0.750958467206565 0.656990452736384
"178" 0.363546229561725 0.618052864033117 1.43541655164513 1.07232559201474 0.37049567264399 0.659847301625392 2.39968399981004 1.24832030404261 0.360200832623477 0.606549289609617 1.26317235824692 0.931690261453147 0.336405223873894 0.507650384814363 0.751293986018629 0.657323288308497
"179" 0.364017969140279 0.619048163428806 1.4361646893506 1.07174477733817 0.371021561596777 0.661397383906101 2.40408075939898 1.24755010069141 0.360720747591743 0.60794664115203 1.26509055099244 0.931584049246339 0.33686627709691 0.508520787825186 0.752163655903809 0.657504764740966
"180" 0.364763673744307 0.620704360640835 1.4371637754364 1.06991696439849 0.371864372722106 0.664007170618823 2.41297315231625 1.24522404560007 0.361555722893242 0.610291328240064 1.26861968029487 0.930877552507798 0.337595328466425 0.509965497096715 0.753583792056063 0.657546081060712
"181" 0.365794989980917 0.623042238752971 1.43842229064553 1.06687386449321 0.373036985660035 0.667712652646535 2.42645097662842 1.24137955461876 0.362718518622151 0.613618660064139 1.27376595537311 0.929591233091372 0.338615765880948 0.512004045215162 0.755570276898676 0.657460605652907
"182" 0.367118436403952 0.626083643125268 1.43994276488019 1.06265962121544 0.374553444731342 0.672559082046419 2.44436163357969 1.23606923518268 0.364223086780383 0.617967317806507 1.2805308389738 0.927751239260881 0.339933985178708 0.514657914918761 0.758137628204089 0.657263966723055
"183" 0.36876017250824 0.629851796459346 1.44172296539079 1.05733038957375 0.376429140599775 0.678592249648408 2.46648914328857 1.22936034963457 0.366084749164506 0.623381134739019 1.28890413173565 0.925389354681539 0.341563604232353 0.517950611088773 0.761300031282887 0.656974124219637
"184" 0.370729026371687 0.634371603938719 1.44375493108396 1.05095372534193 0.378680985285047 0.68586497077707 2.49255809499771 1.22133404686913 0.36832036836538 0.629909314189858 1.29886845783919 0.922542877074336 0.343519583953068 0.521907910433366 0.765072317868838 0.65661186204153
"185" 0.373041509369859 0.639669935006511 1.44602890202868 1.04360779581538 0.381327573293057 0.694436254480732 2.52223884937371 1.21208437683134 0.370942603507835 0.637606915471246 1.3103981507277 0.919254423450136 0.345818360019149 0.526558085164173 0.769468872438275 0.656199124044559
"186" 0.375715691766455 0.645775867013397 1.44853118483657 1.03538042651746 0.384383505620448 0.704371734972838 2.55515316889921 1.20171710659584 0.373983891430704 0.646535291127984 1.32346095046999 0.915572080061936 0.348477953583366 0.531932087296864 0.774504714322194 0.655761384780202
"187" 0.378771293640604 0.652720875048342 1.45124777191235 1.02636800121029 0.387883026087037 0.715744476375711 2.59088074293307 1.19034836024951 0.377460437933163 0.656762454046011 1.3380185708099 0.911547449843784 0.351518053291571 0.538063679347068 0.780195482987381 0.65532606891914
"188" 0.382229972832324 0.660538951844485 1.45416401801113 1.01667423477758 0.391844415870222 0.728634822596337 2.62896271751226 1.17810310753501 0.381396573514409 0.668363351603318 1.35402739369362 0.907237520944346 0.354960060754923 0.544989496777529 0.786557565484474 0.654922355166952
"189" 0.386114411475119 0.669266641812746 1.45726596596741 1.00640884015343 0.396294042608546 0.743130969040685 2.66892343515917 1.16511352817411 0.385818650296075 0.681420023353125 1.37143976411313 0.902702696108561 0.358827091713222 0.552749027656641 0.793608263844519 0.654582668699125
"190" 0.390449623863953 0.678942974061078 1.46054125478744 0.995686111492462 0.401260175156379 0.759328984354317 2.71025599787774 1.15151700986644 0.39075955620241 0.696026116548926 1.39020287339807 0.898006558088021 0.363147950966331 0.561384495675134 0.801365314636368 0.654340099187425
"191" 0.395261976599094 0.689609280751727 1.46397989779039 0.98462344626172 0.4067731266896 0.777332746144156 2.75244832790181 1.13745531025829 0.396240113956917 0.712263698137253 1.41026144303697 0.893215207873957 0.367940660122681 0.570946168563211 0.809847365861842 0.654229589008145
"192" 0.400579234194706 0.701308889351058 1.46757497492956 0.973339867895536 0.412868909921125 0.797253689193697 2.79498013527162 1.1230714066926 0.402297106814372 0.730240811585556 1.43155663440688 0.888395667090144 0.373233721242705 0.581463898802265 0.819073317458087 0.654287216181972
"193" 0.406430322550163 0.714086680225461 1.47132277116935 0.961954281121336 0.419572531929776 0.819210346695526 2.83733905503483 1.10850844853217 0.408960284735535 0.750080326718073 1.45402701112008 0.883618292975634 0.379061777648254 0.59300501045033 0.829051482789129 0.654549567363891
"194" 0.41284502113775 0.727980694382675 1.47522336301428 0.950584314042597 0.426922976563785 0.843326008151105 2.87902333570988 1.09390773586743 0.41627183229248 0.77188616524496 1.47760788045268 0.878951371883061 0.385453269631865 0.605611944409408 0.839821946876708 0.655054013155787
"195" 0.419853583699143 0.743032435485179 1.47928035589985 0.939344547820777 0.434955625089507 0.869733822655984 2.91955016910765 1.07940692519178 0.424263124986139 0.795783799931344 1.50223157031284 0.874471383756613 0.392437167044134 0.619334661183137 0.8513905417976 0.655836993878595
"196" 0.427486289583052 0.759316604179555 1.48350067246869 0.928345133079689 0.44370615789463 0.898562564063081 2.95846223292322 1.06513830000598 0.43296974978878 0.82188292176959 1.52780585467852 0.870227388129675 0.40004024556146 0.634222575531154 0.863772454858038 0.656934148145315
"197" 0.435772960020271 0.776859382629634 1.4878703071445 0.91769039994906 0.453207389521644 0.929961884692026 2.99533451139524 1.05123013083155 0.442423217921603 0.850311674788894 1.55430899382846 0.866292004197029 0.408297425917604 0.650323369498047 0.876979806666904 0.658379454612068
"198" 0.444742320790239 0.795701960149342 1.49245110738968 0.907477550720112 0.46349968742041 0.964063150320193 3.02977565027979 1.03779425410885 0.452674070232379 0.881194009273661 1.58160804533601 0.862725029951547 0.417234284389848 0.667682579902085 0.891021373528692 0.660204518533081
"199" 0.45441207630567 0.815881377365691 1.49723020465138 0.897795451753788 0.474605217201317 1.00100547134813 3.06143728237471 1.02493969748931 0.463714112755907 0.914651505463636 1.60965244329787 0.859580736449539 0.426881970994549 0.686340508548636 0.905900704531272 0.662437299667745
"200" 0.464815316470996 0.837429505974801 1.50222188136712 0.888723540207576 0.486555469780531 1.04092463522824 3.09001389451301 1.01276212432962 0.475629245496459 0.950802921297656 1.6383378126562 0.856912221698187 0.437264894290627 0.706335684303744 0.921615542741927 0.665103542192477
"201" 0.475979719505549 0.860370110940861 1.5074454088384 0.880330860034679 0.499394006082736 1.08394688961059 3.11524576757014 1.00134490967551 0.48841400838929 0.989760980135751 1.66756643394052 0.854762268863515 0.44839666889643 0.727693385055493 0.938156678948668 0.668223260408841
"202" 0.487916867514283 0.884722340360285 1.51290546468746 0.872705593056545 0.513134528264531 1.13020348281145 3.13691884315118 0.990785284296102 0.502064588744042 1.03161843758456 1.6972336196299 0.853160992212147 0.460296676133817 0.750444514764438 0.955487349794018 0.671811688750295
"203" 0.500640037990106 0.910494051903879 1.51856396845873 0.865829432101822 0.527796184057465 1.17980441191013 3.15490918321568 0.981079182470365 0.516655611915823 1.07647821654847 1.72722503576337 0.852138174371373 0.472980085408987 0.774592125649811 0.973635062547444 0.675877166239979
"204" 0.514157384433924 0.937686053286669 1.5244776247805 0.859770092401211 0.543389098106981 1.23285053258724 3.16893157904787 0.972301217582447 0.532176777598437 1.12441566049214 1.75742032190331 0.851711789287508 0.486467502532823 0.800141264514811 0.992520714043092 0.680422040989101
"205" 0.528466529600226 0.966282165823799 1.53062722972145 0.854548406208873 0.559929551758138 1.2894275669294 3.1791586605287 0.964478155219033 0.548638298983401 1.17549288515467 1.78768451796143 0.851889806859632 0.500686234483146 0.82708541695415 1.01209802010248 0.685438328446092
"206" 0.543571976948902 0.996251488558488 1.53699535327691 0.8501436242464 0.577415437945966 1.34960319965302 3.18539612367842 0.95759643583816 0.566039738010134 1.22975446173284 1.81787018524662 0.852667901091278 0.515728751266388 0.85540092727377 1.03231593597214 0.690923723619224
"207" 0.559459326109664 1.02755685169142 1.54367142939845 0.846589548949814 0.595841344303669 1.41342674048763 3.18769359084573 0.951688313285966 0.584375191649094 1.28717055170255 1.84781606062411 0.854045698833813 0.531556282194832 0.885052802817948 1.05310416487931 0.69684501171772
"208" 0.5761107676563 1.06014380841973 1.55028120927657 0.843866601609307 0.615196249848573 1.4809138779031 3.1860902333649 0.946729479929385 0.60363334126333 1.34790279090091 1.87739354101999 0.855974581509365 0.548137639148432 0.915991236232609 1.0743804340372 0.703150843409561
"209" 0.593502564087583 1.09394167902487 1.55712809320916 0.841932808446978 0.635455067586937 1.55206647219562 3.18080347109369 0.942681804802888 0.623788398192181 1.41174668071706 1.90640011892351 0.858406675161129 0.565451478014458 0.948158766165981 1.09605096869326 0.709855577634703
"210" 0.611598463766568 1.12886499045131 1.5640429662995 0.840747553585337 0.65659094607231 1.62688416154158 3.17149207215836 0.939499557822794 0.644813029121782 1.47871057967371 1.93466622756457 0.861361499678529 0.58346386054628 0.981408022693929 1.11800914258535 0.716959370910633
"211" 0.630359557065189 1.16480555669328 1.57096259499041 0.840257835059073 0.678568567396509 1.7052208943857 3.15870220227663 0.937124446947539 0.666669772679609 1.548741115958 1.96200547321352 0.864754364900267 0.602131943661918 1.01580027274355 1.14013861297947 0.724211286001907
"212" 0.649737393188212 1.20167862799877 1.57781354400426 0.840400531316757 0.701338258171139 1.78704600744357 3.14247009863617 0.935486686691407 0.689310015632135 1.62168660836409 1.98822615115339 0.868523757934764 0.621407472215351 1.05108689389315 1.16230938773255 0.731755881526539
"213" 0.669678157857655 1.2393187302152 1.58451548205694 0.841103438503211 0.724847352010623 1.87220128697353 3.12292851411504 0.934506253072324 0.712679720451977 1.69739591611206 2.01313310288558 0.872606170291471 0.641233807195956 1.08718175804612 1.18458990343778 0.739450810620144
"214" 0.690115175851314 1.27759277308067 1.59097106423478 0.842286497768659 0.749034033825455 1.96055581755645 3.10021228576887 0.93409459479168 0.736715452941342 1.77572433947065 2.03644984494719 0.87690335173487 0.661546051662022 1.12393946373697 1.20624045409977 0.747234840047147
"215" 0.710978342566242 1.31634284717968 1.59708312264501 0.84386411655864 0.773825952362877 2.05187795438879 3.0745280150762 0.934139216296307 0.761345651849765 1.85642943846037 2.05821143172206 0.881363585741512 0.682273364075697 1.16121491283464 1.22770067863507 0.755029538398069
"216" 0.732191091934518 1.3553982560292 1.60274844613189 0.845737944442993 0.799145771085791 2.14594501004704 3.04603363390458 0.934580870326671 0.786490394682724 1.93927014329487 2.07801901721024 0.885876070705933 0.703336633382904 1.19884455334705 1.24862065044617 0.762755212352592
"217" 0.753670153331034 1.39455564551778 1.60785046102027 0.847817558911268 0.824906387232104 2.2423917953842 3.01490395205074 0.935269013776329 0.812063633480193 2.02396417842944 2.09572630683153 0.890347929814649 0.724651626948784 1.23664553956623 1.26884313303064 0.770329126398051
"218" 0.775323930655269 1.43366656179881 1.61227618087451 0.850006896787956 0.851014900201162 2.34096618718951 2.98131200387387 0.936109121144817 0.837970767282233 2.11019180230709 2.11191696707511 0.894696395961106 0.746127858278501 1.27443031037808 1.28816952507398 0.777666540798429
"219" 0.79705849777073 1.47250542185964 1.61590908093959 0.852187202973752 0.877371038535063 2.44133438808389 2.94539081003138 0.936991451335124 0.86411078514299 2.19760283113301 2.12418612874963 0.898821999957608 0.767669481482103 1.31200174069292 1.30655586179273 0.784682099576688
"220" 0.818773803465199 1.51086375497446 1.61863286607089 0.854271174068368 0.903867963763752 2.54304328226264 2.90731242150867 0.93717242418224 0.890376190755954 2.28581317325286 2.13463393009529 0.902627603089047 0.789175804394529 1.34915657233912 1.32372788794243 0.791289505459159
"221" 0.840365298750404 1.54853206940933 1.62033468524038 0.856171419845639 0.930392586918776 2.64561244598142 2.8672232811022 0.938423599981752 0.916653350512277 2.37440714222603 2.1423370557803 0.906018438333019 0.81054179934106 1.38568494484595 1.33959977178299 0.797404636354182
"222" 0.861724387988644 1.58528141981799 1.62089653593811 0.85776400723268 0.956825863256777 2.74857960958767 2.82526096475161 0.938757941699325 0.942822822693295 2.46293809988725 2.14721316584057 0.908902006256872 0.83165860138185 1.42137267955755 1.35400413321108 0.802945017070656
"223" 0.882738858049548 1.62089480974855 1.62021332184971 0.858967245290861 0.98304178038142 2.8514170898813 2.78155376828263 0.938695264134969 0.968759665122442 2.5509339217229 2.14910266406279 0.911189090345241 0.852413987598273 1.45600279506128 1.36680748839728 0.807831048119838
"224" 0.903293284716785 1.65514800938509 1.61818281383507 0.859684320888296 1.00891274351163 2.95356074344015 2.73622059066953 0.938136545924894 0.994333724126608 2.63789418000043 2.14798576293388 0.912794655290087 0.872692835322859 1.48935699993138 1.37788567353818 0.811986768651698
"225" 0.923269420541281 1.68781637194805 1.61471544490661 0.8598363427981 1.03430197084263 3.05441245473193 2.68930293690204 0.936994550151317 1.01940991354349 2.72329611212329 2.14377333099244 0.913638616569037 0.892377561923925 1.5212171513319 1.3871221254021 0.815339724567053
"226" 0.942546573370347 1.71867616101007 1.6097120533216 0.859338283028936 1.05906927019968 3.15334324583809 2.64103944395134 0.935176321841025 1.04384849841584 2.80659692815916 2.13644889015192 0.913646475494869 0.911348553556841 1.55136667455263 1.39441149037015 0.817824656091302
"227" 0.960999980732976 1.74750585405645 1.60309975038216 0.858114997292954 1.08307161578861 3.24969770982602 2.59144887092289 0.932602900823258 1.06750540356061 2.88723734388467 2.12590628346577 0.912749819854739 0.929484594881779 1.57959194507216 1.39966033393092 0.819379268543502
"228" 0.978509076615379 1.77408743614945 1.59480883202972 0.85609754143383 1.10615598683795 3.34279537377962 2.54061823136748 0.929199986592509 1.09023257200352 2.96464556759437 2.11223144419485 0.910886695971465 0.946663315808839 1.60568364080642 1.4027876383499 0.819947650742843
"229" 0.994946394901236 1.79820770254723 1.58477913982692 0.85322342516123 1.12817087383297 3.43194118730217 2.48862565538986 0.924901542074033 1.111876297111 3.0382417561534 2.09541088116412 0.908001863218297 0.962761674559546 1.62943807736981 1.40372404422056 0.819479750267622
"230" 1.01018563837886 1.81966036719785 1.57296029446139 0.849436771598486 1.1489585740857 3.51642764151744 2.43555978857762 0.919649951411617 1.13228597678664 3.10744294872811 2.07548028951727 0.904046946434605 0.977654677536138 1.65065854304326 1.40241607465811 0.817931529927024
"231" 1.02410043316079 1.8382442923463 1.55931180145834 0.844688401477271 1.16836162053765 3.59554252291488 2.38144590250668 0.913391812341463 1.15130280414647 3.17166847656036 2.05249255910378 0.89897937481776 0.99122309507776 1.66915382267246 1.39882015153925 0.815265058113558
"232" 1.03656505427273 1.85376971817874 1.5438030601855 0.838935862510603 1.18621777152421 3.66857837943739 2.3263644677496 0.906085004627686 1.16876841827642 3.23034583405173 2.02651638005206 0.892766781583622 1.00334382229089 1.68475055746791 1.39290631272269 0.811447431388727
"233" 1.04745528677381 1.86605662163826 1.52641249096886 0.832141708335388 1.20236489637985 3.73483264217012 2.27037089331396 0.897695676693142 1.18452405952327 3.28291698048447 1.99763286350704 0.885380568830509 1.01389744587046 1.69727876213274 1.38465705272908 0.806455142834688
"234" 1.05664943854337 1.87493706543525 1.50713065218188 0.824280219828547 1.21664133004618 3.7936282182605 2.21351717782284 0.888194273030093 1.198411840903 3.32884502332102 1.96594138874317 0.876800004511026 1.02276758454997 1.70658362338815 1.37406839076627 0.800267733511608
"235" 1.06403170508928 1.8802540969581 1.48595545850322 0.815327473416429 1.22888740459636 3.84431485828899 2.15585171615393 0.877559897610093 1.2102769700092 3.36762121379388 1.93154736474405 0.867011162900527 1.02984201140318 1.71252460062106 1.36114423555189 0.792871918107496
"236" 1.06948486743048 1.88188425294744 1.46289518365154 0.805267836752164 1.23894722591522 3.88628280996788 2.09742442670219 0.865778952628016 1.21996657990648 3.3987721642121 1.89456781484278 0.856006891805546 1.03501392341115 1.71497709538238 1.34590418370204 0.784260611534123
"237" 1.07290456625789 1.87969156657619 1.43796770045019 0.794092414025941 1.24667068746216 3.91896424518714 2.03828154176692 0.852845102721259 1.22733640403762 3.42186900780791 1.85512841309802 0.843786810512012 1.0381833526908 1.71383418979977 1.32837779752464 0.774432987101541
"238" 1.07419254954758 1.87357907005337 1.41120052880111 0.781799121895793 1.25191570055828 3.94185523083439 1.97847068827344 0.838759279376675 1.23224965075154 3.43652748740429 1.81336238840977 0.830357346470552 1.03925870490688 1.70900843509231 1.30860555759277 0.763394570682905
"239" 1.07326049618093 1.86347259495932 1.38263094785754 0.76839280464595 1.25455060765017 3.95451739853443 1.91804096251274 0.823529728608138 1.23457292948505 3.44242573098848 1.76941115983914 0.815731813356317 1.03815840115327 1.70043366089611 1.28663988673014 0.751158500134606
"240" 1.07003185493475 1.84931830155804 1.35230616815371 0.753885384619011 1.25445673212788 3.9565889943655 1.85704394685952 0.807172099203029 1.2342071603735 3.43930406888124 1.72341754429458 0.799931814064784 1.03481427897579 1.68806676590267 1.26254328033206 0.737741233869823
"241" 1.06444372122816 1.83108919471674 1.32028355078906 0.738296038743363 1.25153100617295 3.94779333894508 1.79553503600252 0.789709563159977 1.23104626182683 3.42697302365892 1.67553423720747 0.782982288774996 1.02916658303611 1.67188944095787 1.23638949571324 0.72316932456205
"242" 1.05644544340184 1.8087876903867 1.28663085273319 0.721651387181071 1.24568844588352 3.92794636836513 1.73357437210267 0.771172954697505 1.2250070731148 3.40531888968511 1.62591754270411 0.764919240153295 1.0211757905249 1.65190976785369 1.20826323508881 0.707475297546915
"243" 1.04601284741553 1.78244321421279 1.25142647040471 0.70398567603642 1.23686537221513 3.89696301727028 1.67122795783823 0.751600909710137 1.21603348499987 3.37430479087251 1.5747286390955 0.745784917302223 1.01081755142177 1.62816649309075 1.17826015050568 0.690698903181238
"244" 1.03313716206164 1.75211971160557 1.2147596483121 0.685340932937063 1.22502073541721 3.85486221931198 1.60856863565077 0.731039984054367 1.20408908318502 3.3339886056995 1.52213348083668 0.725629180874635 0.998085870844017 1.60071870489479 1.14648682570347 0.672887279472194
"245" 1.01781813360023 1.71791271614905 1.17673061607389 0.665766358607033 1.21013936807038 3.80177032317009 1.54567694335293 0.709544726777842 1.189162279479 3.2845046412108 1.46830275837317 0.704509594493568 0.982994430923942 1.56966391923553 1.11306070191427 0.654095064058844
"246" 1.00009023550848 1.67995097617373 1.1374506158007 0.645321266418604 1.19223157206876 3.73792275402746 1.48264180410853 0.68717768351033 1.17126855402752 3.22607784895791 1.41341186515109 0.682490092484128 0.965577660238983 1.53512703959667 1.07810991292123 0.634384432381492
"247" 0.980008570572284 1.63839660379877 1.09704178274989 0.624070579593772 1.17134320206432 3.66366379011078 1.41956101000647 0.664009305785355 1.15044945652383 3.15902065502492 1.35764081993606 0.659646358304746 0.945891482850226 1.49726324061219 1.04177299515022 0.613825484172147
"248" 0.957648758292308 1.59344857507955 1.05563571399305 0.602087639571435 1.14753814339331 3.57945965207217 1.35654146207186 0.640117744036266 1.12678212825929 3.08373090419724 1.30117409444409 0.636057403047322 0.924013737899536 1.45625749283193 1.00419840173787 0.592493094369115
"249" 0.933109670688838 1.54532219804345 1.0133775033319 0.579453135164513 1.12091949188296 3.48582575419653 1.29369913551657 0.615588505263614 1.10036673181985 3.00068841317162 1.2442003010378 0.611810747349838 0.900043571287901 1.41232356133855 0.965544032276834 0.570474091091604
"250" 0.906511043957044 1.49428655121661 0.970419251799448 0.556254597718418 1.09161680327749 3.38343409486776 1.23115874710915 0.590513960479754 1.07132590522275 2.91044997071827 1.18691170261007 0.587000564718474 0.874104775902365 1.36570245666651 0.925976156864695 0.547857754260824
"251" 0.878005310277625 1.44062317659414 0.92691929593505 0.532586956385311 1.05978970383635 3.27303088993805 1.16905311138764 0.564992690421549 1.03982774613439 2.81364283832143 1.12950351635189 0.561727047330233 0.846335158072385 1.31666017261993 0.88566852880578 0.524740511858211
"252" 0.847745009839243 1.38464275363995 0.883046209713984 0.508547867396073 1.02562774369806 3.15542464821044 1.10752116635347 0.539129142829352 1.00603630017491 2.71095685004228 1.0721729943563 0.536095611909449 0.816900432865903 1.26548568189323 0.844801074322343 0.501223959089637
"253" 0.815920342021451 1.32667486970698 0.838964025284727 0.484241946714032 0.989339237046337 3.03149876111482 1.04670930739282 0.513031080121298 0.970211376857624 2.60313525403971 1.01511827633807 0.510217397044623 0.785975755037997 1.21248684336844 0.803558410749412 0.477415143605417
"254" 0.782728837767367 1.26707748780126 0.794875746968173 0.459776637053535 0.951162673259959 2.90219094294869 0.986772070946533 0.486810608442562 0.932550550128829 2.49096447853587 0.958535693966304 0.484202200063585 0.753754879078915 1.15798737919155 0.762128169111861 0.453420505008807
"255" 0.748385304324135 1.2062093829026 0.750942178231388 0.435261644992138 0.911357521310526 2.7684794811668 0.927856127955667 0.460581696980353 0.893305284182685 2.37526268886721 0.902623660341731 0.458165631057987 0.720441469761811 1.10232290266499 0.720699754241766 0.429352514879904
"256" 0.713109160836626 1.14445105189653 0.707342003899524 0.410805714095652 0.870184743768034 2.63136876113906 0.870113602303658 0.434459225577985 0.852745620196713 2.25686948516654 0.84757277069026 0.432225244343055 0.686271328058447 1.04583945094418 0.67945978217433 0.405323004211419
