"V1" "V2" "V3" "V4" "V5" "V6" "V7" "V8" "V9" "V10" "V11" "V12" "V13" "V14" "V15" "V16"
"1" 0.0513181459915092 0.0677298744859784 0.0361048024586983 0.0222120957499095 0.0680011050431269 0.135368741993453 0.0407016140420329 0.0231661596542726 0.065879463416472 0.120609817473066 0.0402327871391284 0.0230786862931243 0.0486690834650764 0.0619557846304709 0.035146005863628 0.0219830537429222
"2" 0.08717602831393 0.114712952400771 0.0614586310040731 0.0378559514761585 0.115732784766279 0.228972240070419 0.0693680334527182 0.0395017990398182 0.112654008712626 0.207586834169433 0.0686875677353104 0.0393748714954528 0.0833337086224851 0.106353856308614 0.0600664387806668 0.0375236123166124
"3" 0.0861725387609799 0.113428551305707 0.0607621342962492 0.0374318621896265 0.11438500131716 0.226548435677955 0.068634227569261 0.0390628387559097 0.111386892016535 0.205602312337162 0.067968980789978 0.038940364438364 0.0824259799311458 0.105265805321927 0.0594356508481788 0.0371112369320589
"4" 0.0652183825875278 0.0865170855349595 0.0461539305972949 0.0283750508929312 0.086219522190552 0.17401417895309 0.0520644710188296 0.0295887008017185 0.0835581480143545 0.15473223103992 0.0514597185628237 0.0294806802632782 0.0618657189986307 0.0790963392542728 0.0449205382448135 0.0280757906835039
"5" 0.0528739473379889 0.071269256423054 0.0380775374456292 0.0233345641171364 0.069396003961594 0.146142357720994 0.0430471494262367 0.0243506155945779 0.0672297005744889 0.128826003679184 0.0425234609514188 0.0242541059959788 0.0501057794396131 0.0649135233928267 0.0370112724760936 0.0230823788686654
"6" 0.0500914590266698 0.0689916138086763 0.0371180360968427 0.0226678987758547 0.0651421811995334 0.145523261651613 0.0421465879939517 0.0236798508936446 0.0633555861139108 0.128444265733693 0.0416538687754884 0.0235913872290859 0.0477339224712695 0.0632074026989059 0.0361309917399551 0.0224373382836956
"7" 0.0491664134082958 0.069390795546721 0.0375698641392762 0.0228408041852422 0.0632715762606411 0.151043781629959 0.0428493850169128 0.0238838420826936 0.0616708560294524 0.132487056655062 0.0423425863317681 0.0237950326215011 0.0469821982112522 0.0636275390845937 0.0365683942422858 0.0226100259950365
"8" 0.0483637779065872 0.0699500487467093 0.0381238672541281 0.0230677647908143 0.0615923742958258 0.157131535477254 0.0436784981762139 0.0241439658588777 0.0601167235967948 0.136570773400516 0.0431430999201539 0.0240524236428161 0.0462852107079868 0.064068935536236 0.0370806987373778 0.022830600115525
"9" 0.0475792211660207 0.0704600116824955 0.0386940198362862 0.0233001932913074 0.0599955204330069 0.163140829893218 0.0445421934734161 0.0244108646064332 0.0586293862244421 0.140468551715461 0.0439748272702697 0.0243162692240601 0.045596251580252 0.0644605130666889 0.0376047254251236 0.0230558751589796
"10" 0.0468102685284392 0.0709071755364602 0.0392779476673033 0.0235370893592043 0.0584749767147206 0.168884764974685 0.0454397040344042 0.0246836920929962 0.0572080311588997 0.144093470771522 0.0448377925833994 0.0245859016072382 0.0449181627219046 0.0648024971746268 0.0381400292979763 0.0232853229159051
"11" 0.0460570313386415 0.071287440167398 0.0398758999127686 0.0237785565589028 0.0570257456858931 0.174172541213469 0.0463729354696682 0.0249626319507651 0.0558488922932713 0.147345323378391 0.0457336746880725 0.0248615016038136 0.0442513607408858 0.0650924847309405 0.0386867778384735 0.0235190462465883
"12" 0.0453195872469674 0.0715973855301996 0.0404881645725044 0.0240247184327772 0.0556432084173251 0.178793586962475 0.0473442708937112 0.0252478898712275 0.0545483387519598 0.150121332735852 0.0466645695874858 0.0251432667037753 0.0435960990489266 0.0653282816512111 0.0392451173001654 0.0237571545630153
"13" 0.0445979464000445 0.0718341524857889 0.0411150172035901 0.0242757026699052 0.0543231083656383 0.182533234884562 0.0483550995653292 0.0255396808846992 0.0533029797171329 0.152323588621313 0.0476315591049774 0.0254314031323552 0.0429525649917712 0.0655080642738518 0.039815174974123 0.0239997605328561
"14" 0.0438920602157473 0.071995512248878 0.0417567170892336 0.0245316411113961 0.0530615201676818 0.185195148074415 0.0494087152846497 0.0258382297696376 0.0521096504453594 0.153867358931237 0.0486375693173669 0.0257261262514549 0.0423208876373037 0.0656304184665249 0.0403970559594428 0.0242469801341253
"15" 0.0432018295847248 0.0720799234477716 0.0424135032854831 0.0247926699391449 0.051854820927587 0.186626493918556 0.0505074482499444 0.02614377165923 0.0509653976157951 0.154689356134958 0.0496845322733806 0.0260276611162746 0.0417011443181904 0.0656943699917089 0.0409908395100254 0.0244989327912573
"16" 0.042527112225177 0.0720865724560466 0.0430855901244848 0.0250589297672876 0.0506996639966981 0.18674040988868 0.051654124779404 0.0264565525795718 0.0498674651523467 0.15475453379828 0.0507748216143294 0.0263362429592978 0.041093366642523 0.0656994058034788 0.041596574975488 0.0247557414114923
"17" 0.0418677292581755 0.072015394971347 0.0437731621272385 0.0253305658126031 0.0495929550884313 0.185529839188092 0.0528517983196256 0.0267768301092016 0.0488132806655857 0.154060072292306 0.0519109796869773 0.0266521177901092 0.0404975459991982 0.0656454853904235 0.0422142773164404 0.0250175324955993
"18" 0.0412234710633692 0.0718670777316829 0.0444763682677972 0.0256077280457636 0.0485318305513135 0.183068687926929 0.0541037708256136 0.0271048740599062 0.047800442594218 0.1526357062522 0.053095730281267 0.0269755430108856 0.0399136385792355 0.0655330416772379 0.042843922166351 0.0252844362258061
"19" 0.0405941024677381 0.0716430402655365 0.0451953155183434 0.0258905713219338 0.0475136376168446 0.179499952660435 0.0554136162566445 0.0274409671809927 0.0468267080802352 0.150540322204934 0.0543319920652421 0.0273067880491669 0.039341569931072 0.0653629714324418 0.0434854404040195 0.0255565865292396
"20" 0.0399793673479759 0.0713453976571082 0.0459300616429117 0.0261792555549607 0.0465359164774174 0.175014329621506 0.0567852063996426 0.0277854059596162 0.0458899816168471 0.147855555585289 0.0556228926786321 0.0276461350794562 0.0387812390989121 0.0651366156327016 0.0441387122412741 0.0258341211799962
"21" 0.0393789926606495 0.0709769061366079 0.04668060712902 0.0264739458519697 0.0455963839845791 0.169825077356113 0.0582227391271863 0.0281385014337305 0.0449883044159316 0.144677671311308 0.0569717832996718 0.0279938797498843 0.0382325223321479 0.0648557305463255 0.0448035607591003 0.0261171818574778
"22" 0.0387926920138065 0.0705408942938347 0.0474468862749771 0.0267748126801837 0.0446929188908864 0.164144810428529 0.0597307693356932 0.0285005800991649 0.0441198445492349 0.141109168901577 0.0583822535834927 0.0283503319941897 0.0376952764538581 0.0645224508404629 0.0454797449526931 0.0264059142315777
"23" 3.07442472965291e-05 5.49127916188936e-05 3.58104122324479e-05 2.03607330413825e-05 3.5743046992217e-05 0.158168004829097 4.458210243485e-05 2.16296882513606e-05 3.52508564283425e-05 0.137251329786458 4.36285425399553e-05 2.15194726890555e-05 2.98298912273822e-05 5.01699016268985e-05 3.43854104477168e-05 2.00886279949121e-05
"24" 0.0376611187147572 0.0694819979920913 0.0490259914453937 0.0273957854702786 0.0429864360041872 0.152060532439091 0.0629785315136628 0.0292530760489335 0.0424758288842908 0.133198472017647 0.0614035733088935 0.0290906755013105 0.0366545451614197 0.0637088722859025 0.0468647902047768 0.0270009970471154
"25" 0.0371152325044792 0.0688678780252539 0.0498382612009489 0.0277162604946673 0.0421798703657664 0.145955574275688 0.0647294752167924 0.0296442325561713 0.0416971641200389 0.129034183215555 0.0630229264039949 0.0294752660050784 0.0361507016750565 0.0632343205977514 0.0475727784989677 0.0273076593004684
"26" 0.0365821976095021 0.0682035832974177 0.0506651273071786 0.028043650468943 0.0414022552813343 0.139954235079233 0.0665734209899987 0.0300458529959958 0.0409454835830749 0.124829407769985 0.0647208919888054 0.0298699645920916 0.0356576174551813 0.0627187642136718 0.0482903393795373 0.0276206169655472
"27" 0.0360617001362402 0.0674940061955963 0.0515060249264173 0.0283781548853325 0.0406521005229208 0.134128994486192 0.068517268559283 0.0304583570158454 0.0402194646696208 0.120642029737296 0.0665024588121571 0.0302751666828475 0.0351750912485517 0.062165505878968 0.049016788547781 0.0279400364732518
"28" 0.0355534253829986 0.0667440858852375 0.05236024728508 0.0287199786756115 0.0399280124522456 0.128528438040558 0.0705685137470752 0.0308821858105291 0.0395178647807094 0.116517507196343 0.0683729211143506 0.0306912872625459 0.0347029152339758 0.0615779253253433 0.0497513239808942 0.02826608772783
"29" 0.0350570635268376 0.0659587405035416 0.053226936838062 0.0290693360981161 0.0392286913255268 0.123182219608266 0.0727353042531642 0.0313178076722611 0.0388395204349565 0.112490161195074 0.0703378865155499 0.0311187662135444 0.0342408807963279 0.0609594390437811 0.0504930225627888 0.0285989478069794
"30" 0.0345723020827627 0.0651427836609796 0.0541050550493105 0.0294264434591488 0.038552914772926 0.118105575328508 0.0750264656667052 0.0317657116313533 0.0381833324878364 0.108584726458717 0.072403247883826 0.0315580618158249 0.0337887714341881 0.060313441436283 0.051240817397391 0.028938793718865
"31" 3.95974271648698e-06 7.41353765442739e-06 5.80016077603212e-06 3.18582934388693e-06 4.45283868231803e-06 1.44452665468429e-05 7.84238932841486e-06 3.42646421096221e-06 4.40705181372461e-06 1.30562389092812e-05 7.60040875677386e-06 3.40571444503208e-06 3.86536978884644e-06 6.84471349797887e-06 5.51750345471935e-06 3.13652002076554e-06
"32" 6.150064371266e-05 0.0634365829737918 0.0558895906180954 6.02640628315489e-05 0.0372674719544305 0.108771384536727 0.0800199036355911 0.0327003925848272 0.0369334719966702 0.101202019106759 0.0768609128469532 0.0324741089283715 6.04853663480564e-05 0.0589531361380354 0.0527504308574412 5.93078860401474e-05
"33" 0.0331827155270572 0.0625427705309559 0.0567808272321216 0.0305441906400754 0.0366553657450078 0.104489294995081 0.0827295054891987 0.0331872071123188 0.0363394547626403 0.097762411686781 0.0792783177652997 0.0329524008220967 0.0324926844454116 0.0582583572729773 0.0535198436138988 0.0300038533820369
"34" 0.0327319292283437 0.0615755654825504 0.0576147282735945 0.0309218785757685 0.0360612788522571 0.100400418723435 0.0855302587138281 0.0336828406853477 0.0357707963852232 0.0945756069989893 0.0818799257551539 0.0334468689607669 0.0320919696612408 0.0576085934028267 0.0543389183501214 0.030382663023499
"35" 0.0322781287952142 0.0604968971658944 0.0583270640845566 0.0312859906165462 0.0354844955453026 0.0964617480582221 0.0883403269514755 0.0341804318414566 0.0352344422903815 0.0917164972270755 0.0847318774462583 0.0339590430803311 0.0317227672213167 0.057059331426105 0.0552547531315652 0.0307836628798244
"36" 0.0318244958731954 0.0593226067419276 0.0588905100809918 0.0316314792001854 0.0349275248240798 0.0926995091523863 0.0910969483997459 0.034675372032886 0.0347314204102397 0.0891679332030349 0.0878620722951109 0.0344867764045513 0.0313856887165457 0.0566153017634788 0.0562791137771958 0.0312065728039424
"37" 0.0313768591913207 0.0581098153763163 0.059339333526254 0.0319644324353235 0.0343900464244126 0.089154435124856 0.0938204149980309 0.0351710999238906 0.0342540075452918 0.0868210784776025 0.0912667747686869 0.0350294876063928 0.0310703481183347 0.0562263613131175 0.0573849010195006 0.031647609336594
"38" 0.0309398452958762 0.0569131845174321 0.0597299370862669 0.0322962122065188 0.033869341401674 0.0858439475928131 0.0965764316718955 0.0356757303165137 0.0337913420117199 0.0845621391320005 0.0949374738482061 0.0355887312969027 0.0307630651846303 0.0558314041304128 0.0585336005469511 0.032102783275219
"39" 2.84149101870447e-05 5.31904963101039e-05 5.19496120676212e-05 2.7844542643636e-05 3.12048511005717e-05 0.0827571922229991 0.0993802908806176 3.04540695454834e-05 3.09946835347197e-05 0.0823576371018642 0.0988892300541157 3.02586214666917e-05 2.79458747223784e-05 5.02914982056828e-05 4.92388336109707e-05 2.74027661175062e-05
"40" 3.90332641943558e-07 7.02302098521714e-07 7.98197673664198e-07 4.42888145257937e-07 4.25747301687653e-07 1.01956239027592e-06 1.40963365928824e-06 4.97931920193286e-07 4.26568734999008e-07 1.02250391422864e-06 1.5014772431153e-06 5.00774139486962e-07 3.92422697771478e-07 7.13453700038543e-07 8.33269518069055e-07 4.48647377699105e-07
"41" 4.61584890350108e-05 0.0535248772831045 0.0606599181189582 5.61344523754817e-05 5.01651623251947e-05 0.0771773802383521 0.105073601593283 6.38391765378715e-05 5.04932601344073e-05 0.078120720778324 0.107750036302777 6.45195001830291e-05 4.6937081046684e-05 0.0544986800950849 0.0621474630845302 5.75521314569582e-05
"42" 0.0293049685445569 0.0524627395792544 0.0608854429726396 0.0336524190005158 0.0319327005032602 0.0746492660855824 0.107917677198607 0.0378205665229555 0.0320446963899109 0.0760951493394254 0.112726086515812 0.0380121209153741 0.0295672312702011 0.0540094450254291 0.0634027874408766 0.0340602642896061
"43" 0.0289225677647319 0.05143300230344 0.0610660316339885 0.0339985117190856 0.031482020992533 0.072275441533233 0.110721627042648 0.0383905090730987 0.0316322519824922 0.0741341369571803 0.118115877836737 0.0386692713075147 0.0292763526737374 0.0535012025814577 0.0646808280541102 0.0345866584623339
"44" 0.028549901737673 0.0504348175413576 0.0612004548062278 0.0343470510172192 0.0310436584433392 0.0700427560709161 0.113450406750597 0.0389746621133941 0.0312289787351323 0.0722384523822976 0.123960452667692 0.039349012580154 0.0289888103057999 0.0529760219405067 0.0659793685558341 0.0351291925691225
"45" 0.02818660780481 0.0494673000765558 0.0612877848266251 0.0346978165535112 0.0306171240269561 0.067939444991028 0.116064246259005 0.0395733822985264 0.0308346287721306 0.0704081198445984 0.130302785607136 0.0400524998065405 0.0287046422073856 0.0524359252262839 0.0672956895536074 0.0356886009605813
"46" 0.0278323408898836 0.048529540477941 0.0613274132298736 0.0350505666322911 0.0302019539484044 0.0659549617719693 0.118519348057098 0.0401870223997167 0.03044895978774 0.0686425730872897 0.137186171910297 0.0407809658182302 0.0284238787493703 0.0518828732893955 0.0686265129258003 0.0362656618818012
"47" 0.0274867724390603 0.0476206158990444 0.0613190623714016 0.0354050371403284 0.0297977078759425 0.0640798322697918 0.120769082473032 0.0408159287534801 0.0300717351576935 0.0669407854854429 0.144651426998508 0.0415357275881316 0.0281465431808082 0.0513187537495707 0.0699679467552672 0.0368612006517763
"48" 3.35058970658735e-05 5.90025923891729e-05 0.0612627847729492 4.07473623501881e-05 3.64142919357819e-05 0.0623055280426903 0.122765710524047 4.63401405955375e-05 3.66524561294006e-05 0.0653013787773712 0.152732299925377 4.68339827775778e-05 3.40710721350718e-05 6.22643058513833e-05 0.0713154331669949 4.17764456568665e-05
"49" 1.82123935800841e-07 3.19436504899593e-07 3.95919079084248e-07 2.25074211219638e-07 1.9781183151208e-07 4.38791738390046e-07 7.49046499017754e-07 2.57244482083395e-07 1.99221186134457e-07 4.54488034137938e-07 8.62816201990173e-07 2.60744917912929e-07 1.85492126425721e-07 3.38551977912349e-07 4.37304901126229e-07 2.32134618783136e-07
"50" 4.28472014926518e-06 7.11659309073573e-06 1.01603135778868e-05 6.4155977535221e-06 4.61605030557158e-06 9.05131067872132e-06 2.15760305940041e-05 7.72513800446438e-06 4.68504659318076e-06 9.60739280755088e-06 3.58991455334895e-05 8.06228567842795e-06 4.45641665634314e-06 7.99907975265262e-06 1.33983976417048e-05 7.03962676735591e-06
"51" 0.0261854387485678 0.044254798117217 0.0608120124972385 0.036834001939236 0.0282819011993109 0.0575142508063735 0.126791664601302 0.0434907418743432 0.0286427512698134 0.0607401653621177 0.180723545705738 0.0448474306999677 0.0270717255778784 0.0489863088216921 0.0753377351545642 0.0394464922307151
"52" 0.0258789490475761 0.0434762769432578 0.060571195248173 0.0371922608850344 0.027926396915722 0.056073304823661 0.127359633419406 0.0442007180385359 0.0283044029052463 0.0593322922990745 0.19113069945431 0.0457569037619713 0.0268116657246091 0.0483920446861418 0.0766491356393819 0.0401487092157042
"53" 0.0255794839932834 0.0427211705253644 0.0602875351529489 0.0375501322961809 0.0275795939588155 0.0547013289246463 0.127504062462885 0.0449277046564804 0.0279732015344824 0.0579772647683328 0.201823832802494 0.0467027873360769 0.0265550522917717 0.0477961034025039 0.0779326026912553 0.0408755621214704
"54" 0.0252868070915779 0.0419886359355634 0.0599628725910216 0.037907170364531 0.0272411812964689 0.0533935900178156 0.127220664876795 0.0456718914720042 0.0276489511838353 0.0566729955205169 0.21250105891999 0.0476872279664926 0.0263018723366835 0.0471996995306781 0.079179088867318 0.0416283220509943
"55" 0.0250006922430347 0.0412778540658125 0.0595992576461174 0.0382629008871383 0.0269108623234351 0.0521457688563846 0.126517828722925 0.0464334221615529 0.0273314615012404 0.0554174102788085 0.222733008385219 0.0487125362895357 0.0260521093600086 0.0466039482025904 0.0803789103407005 0.0424083451062182
"56" 0.0247209231849598 0.0405880307441093 0.0591989163175618 0.0386168210968843 0.0265883540491546 0.0509539168743985 0.125415944662465 0.0472123859411256 0.0270205476642649 0.0542084659636888 0.231967054655184 0.0497812020269628 0.0258057436375993 0.0460098677914227 0.0815218625753919 0.0432170791907625
"57" 0.0244472929673752 0.0399183974466557 0.0587642156100136 0.0389683996984615 0.0262733863375071 0.0498144181613658 0.123945818742183 0.0480088081557318 0.0267160302770659 0.0530441644407547 0.239568393684441 0.0508959104966838 0.0255627525290136 0.0454183832801803 0.082597375273036 0.0440560714184756
"58" 2.2488668239992e-06 3.73517598940427e-06 5.33274598078529e-06 3.36733773100384e-06 2.42276598692019e-06 4.75058804415405e-06 1.13244302677907e-05 4.05469987092928e-06 2.45898080187416e-06 5.04245749891679e-06 1.88425441778747e-05 4.23167965550695e-06 2.33898728340676e-06 4.19837294654744e-06 7.0324101999845e-06 3.69490321094703e-06
"59" 8.58819960325643e-08 1.35982022662245e-07 2.07882649972913e-07 1.53595875029739e-07 9.18965202871927e-08 1.64691155933945e-07 4.0916819560004e-07 1.99392999417159e-07 9.37091458774113e-08 1.75825302529838e-07 8.35638949800692e-07 2.20784410376556e-07 9.05498499063102e-08 1.57155190124081e-07 3.25288011886537e-07 1.87171823809012e-07
"60" 1.7977035843628e-05 2.83649596993812e-05 4.35774867626881e-05 3.2523195184794e-05 1.92266859338547e-05 3.42245646852858e-05 0.11774036655286 4.24005173441835e-05 1.96125039067452e-05 3.65550128229957e-05 0.247009936739028 4.70960212812502e-05 1.89723747108792e-05 3.28488398442842e-05 0.0853124500538053 3.98649610467551e-05
"61" 0.0234104288616178 0.0374274788622206 0.0567321579772684 0.0403398817777802 0.0250840455768428 0.0457177173147655 0.1152285433176 0.0513667315147613 0.0255586388994518 0.0487957117410368 0.243560897794148 0.0558767945650491 0.0246241086100788 0.0430940638518401 0.0860126999768018 0.0477495088570668
"62" 0.0231645737305015 0.0368480057655843 0.0561637089875927 0.0406706327112392 0.0248030154634175 0.0447950331119941 0.112572652869141 0.0522477886518897 0.0252834767090467 0.0478265605767226 0.237474971134082 0.0572702221754104 0.0243974542654 0.042526258979795 0.0865951550192448 0.0487670776879136
"63" 0.0229238917428594 0.0362848246817149 0.0555761871033859 0.0409954753622978 0.0245282517635349 0.0439085655090822 0.10981525488109 0.053144442440065 0.0250138576605708 0.0468916201944121 0.22930961759746 0.058731067598618 0.0241741036743992 0.0419650746929149 0.0870521298388083 0.0498267763755246
"64" 0.022688127306644 0.035737183250961 0.0549720687486195 0.0413135168295105 0.0242594478929646 0.0430560760826206 0.106994635345184 0.0540559088275039 0.0247495260349168 0.0459891514757957 0.219708431769176 0.0602640088216908 0.0239539138191978 0.0414107195754417 0.0873774212310656 0.050931117161417
"65" 0.0224571261744517 0.0352045041795038 0.0543537144079361 0.0416240320293319 0.0239964075104321 0.0422356598877852 0.10414422274485 0.0549812213458029 0.0244903344900065 0.045117682440136 0.209288333974608 0.0618741253616451 0.023736840856111 0.0408635205477593 0.0875665074884481 0.0520827996320819
"66" 0.0222307484853581 0.0346862471778056 0.0537234054665626 0.0419262810461101 0.0237389513525956 0.0414455659519717 0.1012924292156 0.0559192111702579 0.0242361493596785 0.0442758289499313 0.198566950602624 0.0635669355966138 0.0235228489041134 0.0403237685082384 0.0876167192569482 0.0532847264148242
"67" 5.94632040292933e-05 0.0341819211114883 0.0530833535880656 0.0422195480245601 6.35967106357825e-05 0.0406841999226761 0.0984628781184461 0.0568685329086331 6.48728928886773e-05 0.0434623082331379 0.187934340070021 0.0653484886199527 6.2755517749309e-05 0.039791738082652 0.0875274177974443 0.0545400638362287
"68" 3.74073526390612e-07 5.90176905760955e-07 9.06730440354786e-07 6.76999417163658e-07 4.00071689413273e-07 7.12045209615257e-07 1.77436301519414e-06 8.82829190702099e-07 4.08102354465735e-07 7.60529298914715e-07 3.67300790278266e-06 9.80942660069167e-07 3.9479252704708e-07 6.83485757240387e-07 1.4345932037568e-06 8.30214754940128e-07
"69" 4.397023499163e-07 6.64475641435327e-07 1.03935211699824e-06 9.30625952223388e-07 4.67454512497513e-07 7.74072380419953e-07 1.74142243796947e-06 1.33786803717895e-06 4.78227082297057e-07 8.26170922648661e-07 2.81878436657586e-06 1.67893328382886e-06 4.68255815675716e-07 7.77718695192763e-07 1.78416012764725e-06 1.35715684279435e-06
"70" 6.57417227933937e-05 0.0327473195943788 0.0511240707949316 0.0430374955755846 0.0227615910968817 0.0385574354289695 0.090276715788343 0.0597663134387509 0.0232668967721336 0.0411790795155038 0.158738079177541 0.0712931397352538 0.0226969034083862 0.0382433816212334 0.086443921293305 0.0586610071690594
"71" 0.0211636154645533 0.0322937610016422 0.0504639677539698 0.0432870509294326 0.0225295810512736 0.0378966175803893 0.0876872398583496 0.060741612152282 0.0230358457716298 0.0404667232250139 0.150215481390101 0.0735004683489216 0.0224977209528207 0.037743636341721 0.0858275424894994 0.0601660400908915
"72" 0.0209622892060465 0.0318517980027183 0.0498030018697289 0.0435238024740318 0.0223022101361887 0.0372578598837354 0.0851790930213681 0.0617171640091266 0.0228090687113715 0.0397769660104202 0.142324160648247 0.0758351861101144 0.0223013781267329 0.0372521934504351 0.0850957201364698 0.0617440159912258
"73" 0.0207647337705901 0.0314210251062552 0.0491425679599464 0.043747020434518 0.0220793418610286 0.0366400860021698 0.082755869822223 0.0626898194397183 0.0225864563113709 0.0391088342342818 0.135039339495683 0.078307081529959 0.0221078335875024 0.0367690845902441 0.084257586344223 0.0633997896345462
"74" 0.0205708448497284 0.0310010535686156 0.0484839350741746 0.0439559964960388 0.0218608449877094 0.0360422878445433 0.0804194600453909 0.0636560843295815 0.0223679026426749 0.0384614033139749 0.128324504917868 0.0809267095580685 0.0219170459118437 0.0362943178867176 0.083323092240104 0.0651385799174976
"75" 0.0203805219240376 0.0305915106860399 0.0478282509375819 0.0441500493974144 0.0216465932834127 0.0354635202943787 0.0781703978428665 0.0646121165313136 0.022153305019144 0.0378337952419915 0.122137700741903 0.083705404439904 0.0217289736680187 0.0358278805194649 0.0823027150380763 0.0669659906057631
"76" 0.0201936680908146 0.0301920391024572 0.0471765471952278 0.0443285305499873 0.0214364652834259 0.0349028964088506 0.0760081581976906 0.065553729437391 0.021942563888377 0.0372251761788401 0.116435497539298 0.0866552678910912 0.0215435754778244 0.0353697410816877 0.0812071783677038 0.0688880287556121
"77" 1.28821000176305e-05 1.94661178156606e-05 3.04491100738854e-05 2.72705498992208e-05 1.36950452291991e-05 2.26755851768028e-05 5.10044472330539e-05 3.92086466757635e-05 1.40107090108633e-05 2.42017257930934e-05 0.111175378411182 4.92105137195354e-05 1.37188176087759e-05 2.27839861301793e-05 5.22752395290532e-05 3.97772004120055e-05
"78" 7.70704455092839e-08 1.15260687311967e-07 1.79771464428742e-07 1.68949084497361e-07 8.18155402598489e-08 1.33336656243192e-07 2.9102702060058e-07 2.50498437099405e-07 8.37406844265323e-08 1.42191447648328e-07 4.52596308650422e-07 3.41203840552133e-07 8.22055268559961e-08 1.3494157109585e-07 3.07361251067368e-07 2.69055058963211e-07
"79" 6.42253389119642e-06 9.37085224866328e-06 1.45130449505136e-05 1.52099805560521e-05 6.79482605175254e-06 1.06575834137817e-05 2.14972079758014e-05 2.39816115803821e-05 6.96239684814748e-06 1.13416827055328e-05 2.96976557491997e-05 3.7562927474973e-05 6.87566691674305e-06 1.0977929512641e-05 2.45620137840507e-05 2.84849756487569e-05
"80" 0.0194792025479731 0.028688380838104 0.0446267329851277 0.0448751930224052 0.0206350041727376 0.0328261176485635 0.068193319483976 0.0690808309115631 0.0211363665254719 0.0349655691215314 0.0976613601324601 0.100428628592359 0.020827981215822 0.0336191929576289 0.076283883215232 0.0776559637539181
"81" 0.0193109713566762 0.0283397436368114 0.0440163411537422 0.044966794034829 0.0204467448490294 0.0323518408050801 0.0664607657876744 0.0698653157647 0.0209464693808534 0.0344486142183475 0.0938495818300878 0.104358598654804 0.020657999669206 0.033207932968653 0.074987615953894 0.0801085848482565
"82" 0.0191748088393651 0.0280588464061462 0.0435205778722709 0.0450311989020011 0.0202944801877268 0.0319713569506081 0.0650843233079823 0.0704835206615346 0.0207927600656286 0.0340337149811503 0.0908923563938972 0.107738571664149 0.0205200778617936 0.0328754179029294 0.0739126579231891 0.0822068868802154
"83" 0.0191452983306305 0.0279980881167887 0.043412982802115 0.0450437176746784 0.020261490043991 0.0318892109743277 0.0647850328208804 0.0706155022900494 0.0207594457254389 0.0339441229453533 0.0902549141147259 0.108500348206372 0.0204901540265728 0.0328033876017727 0.0736745370441197 0.0826787594516819
"84" 0.0192478530724786 0.0282076916378319 0.0437836129788941 0.0449974855989796 0.0203761518428834 0.0321728324907418 0.0658201917999077 0.0701541109007478 0.0208752182319002 0.034253429109576 0.0924643637415483 0.105911422944157 0.0205940991216313 0.0330517134560789 0.0744848201317678 0.0810735785378842
"85" 0.0194088779429062 0.0285425739454629 0.0443722161360645 0.0449152827613321 0.0205562873520858 0.032627456455555 0.0674651011966129 0.0694117219373019 0.0210569872067706 0.0347490658317755 0.0960454478721935 0.102036440604609 0.020756988522562 0.0334474169916973 0.0757476765097034 0.0786613845470565
"86" 0.0195811893358497 0.0289007191920204 0.0449952805916094 0.0448122584840253 0.020749215572215 0.0331162622053086 0.0692634581536381 0.0685932083561813 0.0212514782544159 0.0352816743404598 0.100074503319432 0.0981829722537811 0.0209307638914129 0.0338687461064961 0.0770481699326326 0.0762463085324574
"87" 7.72000504983702e-07 1.12726774786814e-06 1.74625182383425e-06 1.82404944123966e-06 8.16837065297377e-07 1.28275250047981e-06 2.59426878395643e-06 2.87101551817963e-06 8.36952904431058e-07 1.36518376545561e-06 3.59940391262899e-06 4.48073997296711e-06 8.26374284207292e-07 1.32056720886701e-06 2.95640956983375e-06 3.40112437963316e-06
"88" 5.13936503943773e-06 7.75829623220092e-06 1.21354749239691e-05 1.09177133820656e-05 5.46293385645481e-06 9.03078737280432e-06 2.02521302515671e-05 1.57380019365796e-05 5.58915679542055e-06 9.63800956222158e-06 3.25863075253248e-05 1.9838785343929e-05 5.47413884159602e-06 9.08166808085357e-06 2.08461764962423e-05 1.60126398821655e-05
"89" 0.0201178755034788 0.0300307394247883 0.046910141075924 0.0443972093265519 0.0213512938302842 0.0346776053048685 0.0751445947476731 0.0659354069139119 0.0218570678529487 0.0369804193505202 0.114223017689147 0.0879199140128253 0.021468162813881 0.0351838910640133 0.080737750007065 0.0697066845258731
"90" 0.0203033312004429 0.0304261729581535 0.0475599361710831 0.0442253057161181 0.0215597615843972 0.0352310185649716 0.077271508568106 0.0650010103314328 0.0220662525377221 0.037581467899879 0.119738534127229 0.0848960412374325 0.0216524742325326 0.0356386339670842 0.0818610544881193 0.067743926817971
"91" 0.0204922171864869 0.0308315352529168 0.0482141032575448 0.0440375746383593 0.0217723044667623 0.0358022268891117 0.0794847814754266 0.0640503768732905 0.0222792536969146 0.0382011751068128 0.12572097616321 0.0820485221804508 0.0218394427348061 0.0361016570231757 0.0829136167576218 0.0658783852517372
"92" 0.0206846289301502 0.031247177560723 0.0488716567294257 0.0438346496422892 0.0219890420529847 0.0363920946152649 0.0817852993111411 0.0630878317236926 0.0224961696306756 0.0388403573481155 0.132213617416967 0.0793649513702146 0.0220291096646642 0.0365729986453107 0.0838846875285162 0.0641038826050656
"93" 0.0208806650460095 0.0316734655852646 0.0495314962763489 0.0436171984455559 0.0222100981642828 0.0370015416809341 0.084172994419275 0.0621173583458716 0.0227171012906046 0.0394998734272426 0.139259392299688 0.0768336746877646 0.0222215160158693 0.0370526788511 0.0847636540654316 0.0624146503709204
"94" 0.0210804294101036 0.0321107831530098 0.0501924060371213 0.043385921223847 0.0224356031734105 0.0376315517656886 0.0866465781038327 0.0611425969780142 0.0229421545076922 0.0401806307087411 0.146897669191254 0.074443821113136 0.0224167044399356 0.0375407004756738 0.0855403187278005 0.0608053170169766
"95" 0.0212840275213953 0.0325595270610492 0.0508530406436315 0.0431415373486875 0.0226656901838372 0.0382831704541897 0.0892031972156776 0.060166834824705 0.0231714359471587 0.0408835801901774 0.15515898636576 0.0721852862691922 0.0226147151277298 0.0380370398426202 0.086205172579861 0.05927087772748
"96" 1.55556049306891e-06 2.37919075810937e-06 3.70522206472572e-06 3.15983125515021e-06 1.65647467851957e-06 2.79912782800328e-06 6.50295949794693e-06 4.43453498469525e-06 1.6933192044715e-06 2.98839574565423e-06 1.14563875268649e-05 5.41039399347345e-06 1.65255875822418e-06 2.77696109107473e-06 6.229313422693e-06 4.41858906417825e-06
"97" 0.0217031731676497 0.0334929763048998 0.0521674742155192 0.0426164240654587 0.0231401758905972 0.0396557902938651 0.0945440401698241 0.0582237857854506 0.0236431334516542 0.0423601259416859 0.173576489767016 0.0680254938752986 0.0230193692942259 0.0390544586178832 0.0871666781525261 0.0564084117373034
"98" 0.021918955132278 0.0339785675351601 0.052817939181766 0.042337207644332 0.0233848713220524 0.0403792698998959 0.0973111058762663 0.0572614323018725 0.0238857828370886 0.0431358916600265 0.183656710102045 0.0661076438697272 0.0232260945748822 0.0395753571806005 0.087450385921149 0.0550720497041913
"99" 0.0221390396678262 0.0344773577170084 0.0534614593515412 0.0420478996617772 0.0236347423257887 0.0411293284597613 0.100125895529561 0.0563079777239308 0.024133126817505 0.0439381928172088 0.19416956242026 0.0642878401741095 0.0234358050460546 0.0401042044799251 0.0875968588465064 0.0537938666103854
"100" 0.0223635583133094 0.0349898425908595 0.0540960482079709 0.0417492659643546 0.0238899557394837 0.0419074443457755 0.10297117139929 0.0553651710563545 0.0243852942038113 0.0447682661875575 0.204894343029279 0.0625593446731589 0.0236485431526062 0.0406408262371222 0.0876040324699377 0.0525704049900278
"101" 0.0225926428464575 0.0355165312227211 0.0547195839043586 0.0414420569456999 0.0241506800700099 0.0427151962895493 0.105825306596021 0.0544344958547432 0.0246424124344083 0.0456274022375667 0.215493827650375 0.0609159443530593 0.0238643454876387 0.0411849972621891 0.0874717949199196 0.0513984410652142
"102" 0.0228264337963807 0.0360579595989937 0.0553298369178402 0.0411270192694109 0.0244170946698848 0.0435542888953803 0.108661928001279 0.0535172122118098 0.0249046166973307 0.04651696385398 0.22550163944338 0.0593519314916566 0.0240832514011399 0.0417364523449309 0.0872020237739356 0.0502749860048895
"103" 0.0230650765509711 0.0366146848891226 0.0559244705633998 0.0408048844661434 0.0246893856760013 0.0444265562330033 0.11144966804166 0.052614367232549 0.0251720455130608 0.0474383802079325 0.234335523715203 0.0578620508712449 0.024305298447878 0.0422948744260211 0.0867984966128323 0.0491972587168388
"104" 1.34297922510668e-05 2.13150524823263e-05 3.24508559491661e-05 2.38410993149074e-05 1.43750503439909e-05 2.58848173319546e-05 6.41258754148496e-05 3.09065190462324e-05 1.46549666832039e-05 2.76253851578458e-05 0.241351120797454 3.42439419602997e-05 1.41497753109798e-05 2.45943709022561e-05 5.02931341714129e-05 2.90318835069464e-05
"105" 0.0235575293625548 0.0377763718592576 0.0570570933334474 0.0401421637611242 0.0252523824448507 0.0462786840100736 0.116728588490336 0.0508552489917402 0.0257231529734148 0.049382844334425 0.245940219125722 0.0550857129352562 0.0247589607824712 0.0434310730229818 0.085613876032319 0.0471688167452256
"106" 0.0238116614750305 0.038382566842242 0.0575900237228578 0.0398029472727093 0.0255435028127608 0.0472629891358951 0.119134168888286 0.0500001946788819 0.0260071311268682 0.0504091044905449 0.247655236546906 0.0537906886729167 0.0249906452881673 0.0440079230766051 0.0848482679437641 0.0462134499159904
"107" 0.0240712901786796 0.0390065265477925 0.0580972612449886 0.0394593681936878 0.0258413297607578 0.0482893917660439 0.121321825020667 0.0491620526132057 0.0262969331044749 0.0514736449331937 0.24631834603099 0.052552599856163 0.025225608988155 0.0445898776256516 0.083979342060346 0.0452944800704845
"108" 0.0243365941746378 0.0396489306555566 0.0585762155282594 0.0391120514892786 0.0261460946563438 0.0493606031799437 0.123243875964796 0.0483411014784023 0.0265927206586607 0.0525782507631837 0.242068668995887 0.0513679458266516 0.0254638824240874 0.0451762986138711 0.0830172425361542 0.0444099565242632
"109" 0.0246077599241051 0.040310484794627 0.0590243221724451 0.0387615956303037 0.0264580394812613 0.050479567870373 0.124854392964606 0.0475375153714818 0.0268946605708293 0.0537247756644756 0.235325173037745 0.0502334913924752 0.0257054941248048 0.0457664693707764 0.0819725514015081 0.0435580584064073
"110" 0.0248849820618125 0.0409919207088173 0.0594390746976164 0.0384085716400084 0.026777417428784 0.0516494885523704 0.126111832741257 0.0467513771871072 0.0272029247654893 0.0549151378332169 0.22668295797876 0.0491462439227849 0.0259504703562889 0.0463595899147152 0.0808560154615717 0.0427370847321385
"111" 0.0251684638794378 0.0416939962657781 0.0598180583609358 0.0380535225078528 0.0271044935878711 0.0528738544250453 0.12698173882475 0.0459826908471597 0.0275176904667336 0.0561513138344282 0.216788060075842 0.0481034326070855 0.0261988348977139 0.0469547725386574 0.0796783011500894 0.0419454453630854
"112" 0.0254584173513909 0.0424174945862776 0.0601589849588961 0.0376969626533387 0.0274395451466153 0.0541564722965454 0.127439203658472 0.0452313920765811 0.0278391398165086 0.0574353289352948 0.206234382546212 0.0471024893375032 0.0264506082920021 0.0475510370359824 0.0784497842996264 0.0411816524700814
"113" 0.025755065549215 0.0431632263562858 0.0604597279530473 0.0373393780877241 0.0277828641848261 0.0555015063799323 0.127470770056225 0.0444973586009761 0.0281674620636761 0.0587692488489134 0.195504220949074 0.04614103189163 0.0267058095231375 0.048147310318982 0.0771803788967552 0.0404443131754908
"114" 0.0260586395989605 0.0439320231943058 0.0607183568587033 0.0369812262496692 0.0281347545973958 0.056913511981795 0.127075500280875 0.0437804186466097 0.028502849738226 0.0601551557387166 0.18495062803178 0.0452168480201088 0.0269644519704048 0.048742417062891 0.0758794054757829 0.0397321222335794
"115" 0.0263693826936995 0.0447247418460921 0.0609331697304121 0.0366229363093325 0.0284955366411366 0.0583974891972286 0.126265051248595 0.0430803588006871 0.0288455024909846 0.061595134475279 0.17480767806594 0.0443278813110145 0.0272265466269071 0.0493350837899839 0.0745554973440858 0.0390438555876699
"116" 0.026687549142834 0.0455422596564873 0.0611027234470114 0.0362649098147876 0.0288655461474467 0.0599589326032521 0.125062745848021 0.0423969311917156 0.0291956254480414 0.0630912416184795 0.165213618983103 0.0434722185741109 0.0274921000999933 0.0499239347678449 0.0732165422210099 0.0383783646476133
"117" 0.0270134052159111 0.0463854722905758 0.0612258595323578 0.0359075210421405 0.0292451356907864 0.0616038921226956 0.123501778306845 0.0417298593329363 0.0295534294668497 0.0646454708344662 0.156236345752003 0.0426480778570194 0.0277611144053761 0.0505074923316577 0.0718696531625917 0.0377345705719921
"118" 0.0273472299487443 0.0472552905193888 0.0613017259352538 0.0355511178433696 0.0296346757274996 0.0633390423221631 0.121622815360833 0.0410788436662369 0.0299191312715567 0.0662597090408971 0.147895733486711 0.041853797981371 0.0280335866481864 0.0510841784031191 0.0705211654858866 0.0371114594029099
"119" 0.0276893158675788 0.0481526358952932 0.0613297931504318 0.0351960224027819 0.0300345556932918 0.0651717614762636 0.119471309800218 0.0404435662457763 0.0302929534461666 0.0679356814461365 0.14018099785611 0.0410878288391714 0.0283095085403903 0.0516523173763981 0.0691766534968885 0.0365080773989886
"120" 0.028039969820276 0.0490784353646764 0.0613098644041171 0.0348425321443377 0.030445185208368 0.0671102222695323 0.117094839906879 0.0398236948619717 0.0306751244261791 0.0696748837347076 0.133063193184153 0.0403487225992092 0.0285888659449043 0.0522101408128916 0.0678409625885775 0.0359235268127186
"121" 0.0283995138452761 0.0500336145825316 0.0612420794613257 0.0344909206745841 0.0308669953745513 0.0691634959150321 0.114540729260647 0.0392188866314405 0.0310658784611344 0.0714784990477109 0.126503725557582 0.0396351257011613 0.0288716383698384 0.052755794086399 0.0665182522568471 0.0353569619780983
"122" 0.0287682861098909 0.0510190896903424 0.0611269119211951 0.0341414387776359 0.0313004401668087 0.0713416718130891 0.111854113729876 0.038628791101596 0.0314654555375489 0.0733472972751841 0.120459893719388 0.0389457715523383 0.0291577984393211 0.053287345127022 0.0652120462698015 0.0348075857124984
"123" 0.0291466419190136 0.0520357573033025 0.0609651600956529 0.0337943154442016 0.0317459979343566 0.0736559951584503 0.109076529680676 0.0380530529343096 0.0318741012632742 0.0752815140387837 0.114888339847529 0.0382794738707471 0.0294473113361326 0.0538027953992463 0.0639252868457937 0.0342746460029842
"124" 0.0295349546086256 0.0530844820499309 0.0607579314570627 0.0334497587244885 0.0322041728092051 0.0761190246916476 0.106245018065349 0.0374913139967183 0.0322920664959904 0.0772807062521903 0.109747089005965 0.0376351203934735 0.0297401340258319 0.0543000928454789 0.0626603899868005 0.0337574327568205
"125" 0.0299335969975173 0.0541660457355916 0.0605065839598666 0.0331079362808129 0.0326754748662826 0.0787447599327127 0.10339162463965 0.0369431927044271 0.0327195855925487 0.079343528973924 0.104996607062496 0.0370116447597036 0.0300361950442185 0.0547771119257612 0.0614192636447508 0.033255254619967
"126" 0.0303437709318582 0.0552826853092053 0.0602142043121491 0.0327697801703812 0.0331613318505365 0.0815491312455783 0.100543643468656 0.0364091629236342 0.0331577791848873 0.0814678158119151 0.100600640330951 0.0364088921310311 0.0303362069376419 0.0552331329638918 0.0602047743242185 0.0327682253811521
"127" 0.0307636529996381 0.0564308476976601 0.0598787332433101 0.0324333129137701 0.0336598444182155 0.0845496496307095 0.0977233930712151 0.0358865481859285 0.0336044343332577 0.0836495741199905 0.0965258636269885 0.0358236322249627 0.0306378707899616 0.0556620193769584 0.0590143035140788 0.032293642964144
"128" 0.0311949636334177 0.0576146412481007 0.0595108756552077 0.0321022759749829 0.0341725250337892 0.0877576784475364 0.094962071649213 0.0353789744333187 0.0340604414215344 0.0858701474284473 0.0927480121867398 0.0352586568041939 0.0309417584804621 0.0560614876558654 0.0578528678047864 0.0318338367133074
"129" 0.0316194868294001 0.058813796516589 0.0591870278293971 0.0318010596675646 0.0346716485247123 0.0910388578120925 0.0924666855739377 0.0349142530811654 0.0344938846423774 0.0879272931901899 0.08935054724096 0.0347371371911778 0.031221438313651 0.0563634258553181 0.0567350544814188 0.0314033587061985
"130" 0.0319328587433224 0.0598296551951163 0.0592558545097798 0.0316568841219094 0.0350014183206236 0.0934117990813435 0.0912666258004292 0.0346475354515079 0.0347446701766285 0.0888492580641519 0.087027368336018 0.0343996580766832 0.0313476686741565 0.0562831758897437 0.0558188701538537 0.0311000470564903
"131" 0.0319327661524108 0.0602449050142067 0.060030898056835 0.0318292142545329 0.0349269027510682 0.0934225789711736 0.092586689396751 0.0347894708817675 0.0345906424273384 0.087567772045985 0.0868088465293986 0.0344512127051955 0.0311841481755814 0.0556129565644402 0.055432326456283 0.0310904486283
"132" 0.031684106932027 0.0599932093858633 0.0612592452086595 0.0322319098080361 0.03453740267566 0.0912936787275241 0.0959172874853659 0.0352473736414208 0.0341508046630635 0.0848223965225918 0.0883523189403959 0.0348328970810704 0.0308103086544736 0.0546263464788183 0.0555340857558494 0.0313064381998519
"133" 0.0313619756117869 0.059504343202801 0.0626141495262608 0.0327014160561284 0.0340663777089442 0.0886245439034793 0.0999766758906179 0.0358001809052478 0.0336421303870433 0.0818909231180331 0.0904414547313548 0.0353047212564485 0.0303960297385117 0.0536025898745121 0.0557986129273964 0.0316035405948808
"134" 0.0310353042121818 0.058961147366556 0.0640150389412678 0.033190150195985 0.0335971705484579 0.0859837265076527 0.104416461516735 0.0363786959758092 0.0331403796894232 0.0791099884766647 0.092586346727506 0.0357966010145662 0.0299877093657557 0.0526007193513092 0.0560514104701357 0.0319106181932992
"135" 0.0307123080380009 0.0583901664276024 0.0654558862938562 0.0336936736762174 0.0331389273641952 0.083441987976958 0.109234093546241 0.0369759411472702 0.0326529152612561 0.0764998302528489 0.0947159144650666 0.0362999869455509 0.0295898615277262 0.0516242194086539 0.0562713002818711 0.0322201301279466
"136" 0.0303933303992364 0.0577951722049613 0.0669359166098181 0.0342124777838701 0.03269164414774 0.0810018055160376 0.114471887737555 0.0375925182979359 0.032179393395127 0.0740471846487465 0.0968097325503169 0.0368148128045874 0.0292022433004913 0.050672981579332 0.0564562889203635 0.0325316443880524
"137" 0.0300784110165228 0.0571789945804361 0.068454032673478 0.0347472561373265 0.0322549941033863 0.0786620111256774 0.120178894295418 0.0382293465056445 0.0317192340041962 0.0717390811572329 0.0988468507293907 0.0373413158154525 0.0288244733555178 0.0497467471354402 0.0566053029230657 0.0328449785924696
"138" 0.0297675780594044 0.0565443855978237 0.070008605472781 0.0352987454343075 0.0318286574563237 0.0764205205719356 0.126409839508218 0.038887403647519 0.0312718866485968 0.0695638206866814 0.100804075394287 0.0378797290427517 0.02845618777143 0.0488451756933226 0.0567174683737811 0.033159935997671
"139" 0.0294608510218936 0.0558940037781283 0.0715973826741158 0.0358677275242298 0.0314123237660068 0.0742745978196007 0.133225033544567 0.0395677288212753 0.0308368302993544 0.0675108466157694 0.10265629239515 0.038430277217098 0.0280970399985026 0.0479678603119596 0.0567921193694143 0.0334763028627421
"140" 0.0291582414449213 0.0552303958775971 0.0732173895539332 0.0364550328391503 0.0310056918858853 0.0722210526664924 0.14068966343588 0.0402714269257465 0.0304135714353106 0.0655706221191426 0.104377001285645 0.0389931744433479 0.0277466998572027 0.047114340631787 0.0568288088339161 0.0337938477266819
"141" 0.0288597535909976 0.054555982479881 0.0748648232485099 0.037061544139151 0.0306084698724709 0.0702563968102177 0.148871985317423 0.0409996736337437 0.0300016422757009 0.063734520368771 0.105939048591035 0.0395686216142479 0.0274048526016974 0.046284114234904 0.0568273158926108 0.0341123207229541
"142" 0.0285653850810825 0.0538730472420743 0.076534942690678 0.0376882006070673 0.0302203748660545 0.0683769656674424 0.157839668929862 0.0417537207899873 0.0296005991487492 0.0619947267041355 0.107315548892955 0.0401568034951418 0.0270711980487293 0.0454766464232633 0.056787649548723 0.0344314529379397
"143" 0.0282751274803444 0.0531837294938256 0.0782219577622955 0.0383360023058932 0.0298411329336517 0.0665790122536291 0.167653153065715 0.0425349022439872 0.0292100209701837 0.0603441517031515 0.108480957435259 0.0407578854222258 0.0267454497535423 0.044691378588367 0.0567100485296604 0.0347509558041035
"144" 0.0279889668666183 0.0524900198620106 0.0799189226726947 0.0390060150833074 0.0294704789131603 0.0648587785245942 0.178354358693758 0.0433446402042244 0.028829507854675 0.0587763540844636 0.109412230921337 0.0413720096262254 0.0264273342590617 0.0439277353474769 0.0565949773215566 0.035070520580066
"145" 0.0277068843370623 0.051793758554732 0.0816176401923909 0.0396993759074548 0.029108156214393 0.0632125486902839 0.189948568369517 0.044184452085556 0.0284586798033226 0.0572854723926428 0.110089988778643 0.0419992910798504 0.0261165903708344 0.0431851305957267 0.0564431185118003 0.0353898178747001
"146" 0.027428856495259 0.0510966359244207 0.0833085851590835 0.0404172987356852 0.0287539166236945 0.0616366882252547 0.202377033044816 0.0450559579474843 0.0280971755009069 0.0558661644838709 0.110499571206074 0.0426398128865238 0.0258129684926304 0.042462972605394 0.0562553616863617 0.0357084972770091
"147" 0.0271548559013583 0.0504001949573712 0.0849808574312067 0.0411610809491092 0.0284075200950326 0.0601276716380636 0.215478671748014 0.0459608885393569 0.0277446511953784 0.0545135539296039 0.110631887748452 0.0432936211473529 0.0255162300012476 0.0417606683065017 0.0560327892351437 0.0360261870847325
"148" 0.0268848514883995 0.0497058353291 0.0866221759489043 0.0419321104142449 0.0280687345318981 0.0586821014557468 0.228942498333852 0.0469010939925468 0.027400779654249 0.0532231825188737 0.110483964037515 0.0439607192674253 0.0252261466589081 0.041077626846573 0.0557766594925914 0.0363424941480512
"149" 0.0266188089460988 0.0490148186921655 0.0882189265185944 0.0427318732530563 0.0277373355619852 0.0572967203966415 0.242259950057972 0.0478785532125169 0.027065249191248 0.0519909681269752 0.110059124060078 0.0446410616775698 0.0249425000601107 0.0404132625280766 0.0554883877201168 0.0366570038430657
"150" 0.026356691089805 0.0483282749470352 0.0897562759008301 0.0435619623868795 0.0274131063232125 0.0559684183694173 0.25469860491398 0.0488953839942095 0.0267377627736545 0.0508131673577138 0.109366786574116 0.0453345469247831 0.0246650811253051 0.0397669972327481 0.0551695254662966 0.0369692802147712
"151" 0.0260984581796937 0.0476472091493001 0.0912183633883832 0.0444240869497011 0.0270958372247485 0.0546942354563249 0.265331127265243 0.0499538539013734 0.0264180371680083 0.0496863423023094 0.108421899536699 0.0460410101123112 0.0243936896048179 0.0391382623527021 0.0548217388605798 0.0372788662552058
"152" 0.0258440682351304 0.0469725089143411 0.0925885779159785 0.0453200826694269 0.0267853257295954 0.0534713619792764 0.273152087410241 0.0510563919342663 0.0261058021634688 0.0486073310117951 0.107244077208306 0.046760214669188 0.0241281336314276 0.0385265003598415 0.0544467863988125 0.0375852843924373
"153" 4.55551363034889e-05 0.046304952059833 0.0938499235258409 0.0462519233183548 4.74026193143543e-05 0.052297136352746 0.27728373756292 0.0522056009868732 4.62394987946483e-05 0.0475732211759934 0.105856533492037 0.0474918434298465 4.26447584278452e-05 0.0379311660210952 0.0540464967283496 6.36139079765943e-05
"154" 0.0253466397706742 0.0456452143550689 0.0949854688612331 0.0472217333648476 0.0261837993066521 0.0511690413728711 0.277211925042399 0.053404271095404 0.0255027838624547 0.0465813266610515 0.104284918062604 0.0482354890374002 0.023613800212192 0.0373517273365161 0.0536227469284398 0.0381866081079991
"155" 0.0251035085030717 0.0449938772287925 0.0959788675025278 0.048231801957578 0.0258924125503239 0.0500846993988133 0.272945893892677 0.0546553934366146 0.0252115188884177 0.0456291665532961 0.102556158381798 0.048990643684894 0.0233646772077408 0.0367876662322734 0.0531774416943855 0.0384804628895533
"156" 0.0248640351637551 0.0443514353328883 0.0968149263570068 0.0492845983965525 0.0256070393048448 0.0490418667990317 0.265015279071157 0.0559621750042284 0.0249267799221926 0.0447144464210852 0.100697394120784 0.0497566882393638 0.0231206978979085 0.0362384790507399 0.0527124937832292 0.0387690506595786
"157" 0.0246281703722367 0.0437183038767342 0.0974801902103268 0.050382789261323 0.0253275089835063 0.0480384279413538 0.254306012872538 0.0573280538390202 0.0246483517856991 0.043835041535436 0.0987350658862806 0.0505328808190562 0.0228817063912613 0.0357036768694922 0.0522298060000951 0.0390518056749752
"158" 0.0243958635964824 0.0430948251466702 0.0979635020777875 0.0515292566724248 0.0250536564495715 0.0470723883806991 0.241823828301542 0.0587567137983254 0.0243760282891944 0.0429889813112619 0.0966941917986466 0.0513183442365909 0.0226475526866965 0.0351827852513616 0.0517312542955613 0.0393281486642846
"159" 0.0241670647323219 0.0424812776460499 0.0982565054048995 0.0527271226283674 0.0247853232570026 0.0461418711351424 0.228490886602618 0.060252104010646 0.024109613142158 0.0421744381882721 0.0945978495463422 0.0521120570438033 0.0224180936816391 0.0346753462908396 0.0512186763530364 0.0395974913642371
"160" 0.0239417215111094 0.0418778776530779 0.0983540223002456 0.0539797657701159 0.0245223546471852 0.0452451052718006 0.215032168449681 0.0618184466571537 0.0238489167635027 0.0413897107958127 0.0924668317307289 0.0529128349095579 0.0221931903479893 0.0341809146763029 0.0506938533165112 0.0398592342352033
"161" 6.98505203968947e-06 1.23815451151652e-05 2.77692090757399e-05 1.44273910624575e-05 7.18037009243092e-06 1.35801613231901e-05 0.201949001039921 1.64266811393788e-05 6.98731350584983e-06 1.23948862446164e-05 2.79170368951169e-05 1.44386366359487e-05 6.48811150738139e-06 1.01104199239264e-05 1.4813958709762e-05 1.11305588903421e-05
"162" 1.71614060314807e-05 2.91958808620565e-05 0.097959158860013 4.69281346772719e-05 1.74635204348321e-05 3.07630376911779e-05 0.189546540821323 5.44214210251759e-05 1.69687442061568e-05 2.8276574892488e-05 6.08238347690541e-05 4.33678187745729e-05 1.58561655242934e-05 2.38693392245736e-05 3.59258811247218e-05 3.1065575964816e-05
"163" 0.023285907542742 0.0401299731756333 0.0974737692874862 0.0581046368312471 0.0237641749615845 0.0427411931040317 0.177981712880783 0.0669898865907845 0.0230993700923994 0.0391991934994142 0.0860368898425035 0.0553430982182942 0.021544511343428 0.0327714448489621 0.0490627426148223 0.0405928151992114
"164" 0.0230738666332301 0.039568352109285 0.0968065385209551 0.0596163681931677 0.0235212262664755 0.0419636473985228 0.16731056605208 0.0688882880454013 0.0228598133904119 0.0385188916644564 0.0839262926088436 0.0561567143167405 0.0213365509420478 0.0323248936901907 0.0485053796479615 0.0408181061051518
"165" 0.0228650221988781 0.0390172726115317 0.0959686508116301 0.0612046974560922 0.0232829480080523 0.0412124965520002 0.157526206670686 0.0708833426551736 0.0226251439065447 0.0378615504957966 0.0818490184844945 0.0569686961283532 0.0211325313139925 0.0318893482463051 0.0479435912260655 0.0410327836069689
"166" 0.0226593200561456 0.0384767033221906 0.0949735839262386 0.0628752108972189 0.0230492124855487 0.0404864387011574 0.148585846057168 0.0729811216834965 0.0223952126018361 0.0372259883793203 0.0798123328318437 0.057776673327633 0.0209323407018602 0.0314644462858621 0.0473786807325283 0.0412362588520483
"167" 0.0224567089770055 0.0379465914717966 0.0938365469902598 0.0646340115530645 0.0228198989187315 0.0397843083340447 0.140428652009904 0.0751879889919596 0.0221698789390138 0.0366111551471424 0.077821866889412 0.0585780617697734 0.0207358738843462 0.0310498423339604 0.0468118671847702 0.0414279628492107
"168" 0.0222571373448525 0.0374268604590566 0.0925738960181881 0.0664877602790076 0.0225948898329761 0.0391050049574544 0.132986848368684 0.0775105486826554 0.021949007237295 0.0360160652604056 0.0758818377766889 0.0593700549908596 0.0205430288482578 0.0306452025940501 0.0462442784412617 0.0416073440493308
"169" 5.0720511168525e-05 0.036917413982831 0.0912025658294253 0.0684437327402249 5.16126478468842e-05 0.03844749008786 0.126192235476773 0.0799555825674037 5.01502497275518e-05 0.0354397938911565 0.0739952562630041 0.0601496306594134 4.68625133097102e-05 0.0302502054697635 0.0456769538822353 0.0417738735929477
"170" 3.69724951167612e-07 6.24909925581905e-07 1.53577027093896e-06 1.07678919000396e-06 3.75762676606985e-07 6.55818505019563e-07 2.34957941496634e-06 1.25275949241844e-06 3.65075918481325e-07 6.03456201691515e-07 1.28313710038927e-06 9.64345718520654e-07 3.41440301171533e-07 5.11448360079281e-07 7.70071917780641e-07 6.81301206503639e-07
"171" 1.32622946807877e-05 2.16084899795249e-05 5.18927901698814e-05 5.16755338343857e-05 1.33860062223408e-05 2.21563413429098e-05 6.12280832909785e-05 6.0871531973245e-05 1.29973435153805e-05 2.05160254416083e-05 4.06387080546871e-05 4.05339483690474e-05 1.22153947918599e-05 1.77949976618309e-05 2.68449757796063e-05 2.68147183111231e-05
"172" 0.0214882260862594 0.0354495788691789 0.0866041282814613 0.0750082367670626 0.0217356802372186 0.0365961416964482 0.109066343554622 0.0880936803794147 0.0211076050341462 0.0338154607806215 0.0686720845125656 0.0623806310598301 0.0198059508773611 0.0291200286755468 0.0439856800095061 0.0421914873782335
"173" 0.0213030912983042 0.0349800037472614 0.0849623927630861 0.0774602932083244 0.0215305610019845 0.0360165048177379 0.10426197276913 0.091095632690453 0.0209071832563902 0.0333062786894478 0.0670115477421222 0.0630764504298442 0.0196298070641205 0.0287606164107644 0.0434281217152656 0.0423019134981928
"174" 0.0211206956163285 0.0345200237641276 0.0832898513586736 0.0800623338637293 0.0213291177133865 0.0354542670762507 0.0998327218039789 0.0942514893266191 0.0207105117705877 0.032812056821725 0.0654074177217932 0.0637420406857275 0.0194567447585668 0.028409408802795 0.0428747908437184 0.0423973202880836
"175" 0.0209410405246426 0.0340695952620334 0.081599259356968 0.0828256046705908 0.0211313112199064 0.0349088321075858 0.0957409902802358 0.0975639213916161 0.020517539640803 0.0323322786685883 0.0638591927393309 0.0643733525377294 0.0192867311173568 0.0280662418154084 0.0423264112545765 0.0424773866234615
"176" 0.0207660154648857 0.0336333073319949 0.079920897645435 0.0857243121744429 0.0209391634979042 0.034385199953243 0.0919896477378362 0.100990645955794 0.0203302228800907 0.0318713635332969 0.0623815212198714 0.0649608890603187 0.0191215077150479 0.0277344749391078 0.0417894818008289 0.0425415317257709
"177" 0.0206183440444451 0.0332669457626387 0.0784882085621748 0.0883253287665726 0.0207774189989369 0.0339483024219144 0.0889731590496038 0.104021358404822 0.0201726338357724 0.0314865757056135 0.0611555046050438 0.0654352952795721 0.018982376353002 0.027456268220203 0.0413348989260307 0.0425858358902993
"178" 6.16587771931837e-05 0.0331555660028688 0.0780501196972071 0.0891346782313477 6.22339141962669e-05 0.0338162050339389 0.0880755448259555 0.104963867943096 6.04269506903864e-05 0.0313699581381354 0.0607856687875013 0.0655765535094052 5.67915456104546e-05 0.0273717412963903 0.0411964768869133 0.0425978881033537
"179" 4.09216380016574e-07 6.66812269222854e-07 1.60157952648535e-06 1.59312084618299e-06 4.13040965324117e-07 6.83757315916895e-07 1.89078354372119e-06 1.87658473523718e-06 4.01048798288478e-07 6.33125026835734e-07 1.25437704837554e-06 1.25018282221858e-06 3.76915832905492e-07 5.49120947265099e-07 8.28395251125866e-07 8.27187625905979e-07
"180" 1.2523929567412e-06 2.07117531364789e-06 5.0753083914388e-06 4.27640939560138e-06 1.26736738037285e-06 2.14109770936587e-06 6.47600607350611e-06 5.01853590533098e-06 1.23078355164103e-06 1.97759401846931e-06 4.03548006251164e-06 3.59751857783186e-06 1.15451565964782e-06 1.70055121125226e-06 2.56912935526441e-06 2.44436354780348e-06
"181" 0.021011333820831 0.0342455177672506 0.0822652017354934 0.0817194763701651 0.0212086353443306 0.0351212701239269 0.0973114022162673 0.0962431391651234 0.0205929567164451 0.0325191839071086 0.0644611647951367 0.0641295322473953 0.0193531999218484 0.0282001883177163 0.0425413382667924 0.0424477584367244
"182" 0.0211920824110483 0.0346997347457103 0.0839502861859653 0.0790206657847213 0.0214078844220892 0.0356732883869421 0.101531938836126 0.0929920965872871 0.0207873942140218 0.0330046217733552 0.0660314173703643 0.063484212705265 0.0195244232566057 0.0285465270022903 0.0430917954854888 0.0423616229455448
"183" 0.0213755493981887 0.0351634681771475 0.0856122566243441 0.0764789978298724 0.0216107618422133 0.0362422767368849 0.106103814851793 0.0898972883902548 0.0209855277755748 0.033504647046667 0.0676576358133364 0.0628062737407346 0.0196986876233788 0.0289009295487513 0.0436468607146495 0.0422602712554859
"184" 0.0215617742828143 0.0356368593067595 0.0872382254393 0.0740827675622407 0.0218173523858172 0.0368289656335531 0.111067284827636 0.0869544887774684 0.0211874531149631 0.0340198950600522 0.0693405211176608 0.0620996266748304 0.0198760652063723 0.0292636396954013 0.0442059095667343 0.042144035739141
"185" 0.0217508060749616 0.0361200637653813 0.0888140948474991 0.0718210615715004 0.0220277536830194 0.0374341544679583 0.116467910561993 0.0841581354231861 0.0213932794369163 0.0345510637063638 0.0710804583344744 0.0613680737512882 0.0200566394236341 0.0296349278097958 0.0447682747172604 0.0420132907244115
"186" 0.0219426943828943 0.0366132280821045 0.0903246119503059 0.0696838729590583 0.0222420666471533 0.0380586887357427 0.122356775994767 0.0815019481523031 0.0216031202042696 0.035098893799287 0.07287734282896 0.0606152949489348 0.0202404967172532 0.0300150747363599 0.0453332144245756 0.0418684506868955
"187" 0.022137489332787 0.0371164877265892 0.0917535918621247 0.0676620368201276 0.0224603955489187 0.0387034629905122 0.128790650068452 0.0789792459113206 0.0218170932941655 0.0356641722495778 0.0747304598036429 0.0598448162471915 0.0204277266444869 0.0304043721022023 0.045899908623838 0.0417099667528976
"188" 5.48627377072405e-06 9.07313786980474e-06 2.22335075815945e-05 1.87318317377944e-05 5.55187976477936e-06 9.37948965803443e-06 2.83708249578617e-05 2.1982491174348e-05 5.39161975919784e-06 8.663217712881e-06 1.76784687225632e-05 1.57588138670565e-05 5.0575118404272e-06 7.44954268722275e-06 1.12545000456851e-05 1.0707632077995e-05
"189" 4.17646623265395e-08 7.09601300857502e-08 1.71945471401096e-07 1.18434506387876e-07 4.25009529160583e-08 7.48747947987096e-08 2.86396339946257e-07 1.37639034110433e-07 4.13001839432454e-08 6.88299440346521e-08 1.47392375407732e-07 1.06622528232012e-07 3.85957739753292e-08 5.80686955359243e-08 8.71131710698131e-08 7.58388314998183e-08
"190" 6.90756214647075e-06 1.19762023902709e-05 2.87801018170441e-05 1.65211082292505e-05 7.05940443157425e-06 1.28245348566173e-05 5.63065930494833e-05 1.89940128847078e-05 6.86324615894996e-06 1.17495949916007e-05 2.60040783007142e-05 1.59409523572854e-05 6.39552223604335e-06 9.77656591204878e-06 1.45903268567129e-05 1.1822981982216e-05
"191" 0.022946844600952 0.0392328352514156 0.0963179977922248 0.060570976705965 0.0233761733734969 0.0415049245617375 0.161269412472833 0.0700873216318111 0.022716923382718 0.0381174843353806 0.0826615738951486 0.0566500176478975 0.0212123649380929 0.0320594255276735 0.0481650981672287 0.0409498448501574
"192" 0.0231568489059679 0.0397879016109012 0.0970899010578786 0.0590131747139636 0.0236161801987999 0.0422661115112114 0.171398820806439 0.0681307120709853 0.0229534066073905 0.0387835407290277 0.0847525804622777 0.0558369061518992 0.0214178367600108 0.0324991270703235 0.0487251167501696 0.0407307652075302
"193" 0.0233701596063137 0.0403536663918201 0.0976868289422559 0.0575301260651408 0.0238609991938205 0.0430543027099597 0.182423277566706 0.0662687087355139 0.0231949251244336 0.0394731140265598 0.0868738907170546 0.0550232442072932 0.0216273763651024 0.0329501048580407 0.049280359509243 0.0405014619705522
"194" 0.023586738231335 0.0409299589314498 0.0980982582921816 0.0561166422292273 0.024110669418945 0.0438706758643131 0.194328740430675 0.0644954008290615 0.0234415445437466 0.0401872837913093 0.0890152576655715 0.0542108769880802 0.0218410155611854 0.0334126094930638 0.0498292035331881 0.0402623751369896
"195" 0.0238066370825567 0.0415167293488122 0.0983170070561216 0.0547681678927764 0.0243653270313336 0.044716656946658 0.207024634939911 0.06280546063054 0.0236934269972491 0.0409273684289437 0.0911646154130522 0.053401658159204 0.0220588745806161 0.0338870329115815 0.0503701309540223 0.0400141096195941
"196" 0.024029908381251 0.0421138879024049 0.0983391919406386 0.053480515023514 0.0246251128857206 0.0455937596493115 0.22030174546577 0.0611938780640404 0.0239507415119053 0.041694780567541 0.0933075702907618 0.0525972411464501 0.0222810783542603 0.034373781203681 0.0509015417846644 0.0397572725827608
"197" 0.024256644910558 0.0427213710150633 0.0981645857028775 0.0522499241122148 0.024890214396041 0.0465036672320635 0.233783341804467 0.0596560624494331 0.024213704909504 0.0424911052341753 0.0954274371202721 0.0517991817369371 0.0225077944886381 0.0348733327770215 0.0514218457972163 0.0394925390745177
"198" 1.19803095326987e-06 2.07714338252966e-06 4.99141735200932e-06 2.86522995425321e-06 1.22436947787044e-06 2.22430593530794e-06 9.76627401870795e-06 3.29409225770485e-06 1.19034874534569e-06 2.03786333660192e-06 4.51017697685313e-06 2.7646430466048e-06 1.10922577699102e-06 1.69564165815719e-06 2.53051028169703e-06 2.05048918768649e-06
"199" 1.72028522993162e-07 3.12331325156623e-07 6.19354969968241e-07 3.04013536478784e-07 1.78224752070017e-07 3.54900911516493e-07 1.82621299284927e-06 3.42675778942948e-07 1.73689793170158e-07 3.22668629439136e-07 7.13268737017023e-07 3.13195482274714e-07 1.60566414474915e-07 2.56099717161289e-07 3.62594094111278e-07 2.51247682851792e-07
"200" 3.30672316414237e-05 6.00783845511851e-05 0.0965058964528963 5.81149567480278e-05 3.42655129834121e-05 0.0494470525406636 0.268519067767681 6.54778077633785e-05 3.33948565079538e-05 6.21133674180272e-05 0.101441979261703 5.99508098032984e-05 3.08678617316401e-05 4.92652207023654e-05 0.0528975136996967 4.81650828683088e-05
"201" 0.0251986588040643 0.0452489210330086 0.0956062636463619 0.0478297277705781 0.0260062470095806 0.0505059456133164 0.275099893856342 0.054157045704371 0.0253252417365263 0.0459989278783535 0.10325284206267 0.0486924114672666 0.023461999832013 0.0370076302913647 0.0533549668294508 0.0383655285389181
"202" 0.0254432415259513 0.0459036245760316 0.0945550893632114 0.0468357714343314 0.0263000460499355 0.051607214554981 0.277753482166565 0.0529269157378588 0.0256191335290825 0.0469664262996825 0.104923066936741 0.0479417142662422 0.0237131892292112 0.0375776763473946 0.0537920254891292 0.0380697547224096
"203" 0.0256915492019571 0.0465665108700558 0.0933680897787149 0.0458811530452533 0.0266001062437818 0.0527531549880339 0.276142868520703 0.0517480370762427 0.0259198675840013 0.0479746112854174 0.106425479327067 0.0472027384192641 0.0239697503861249 0.038163301972856 0.0542067778525218 0.037769476873409
"204" 0.0259436283898801 0.0472369623082657 0.0920619070481777 0.0449636499603439 0.0269066127978238 0.0539461987954763 0.270474353743379 0.0506174993389391 0.0262276834956431 0.0490260420818497 0.107733520247111 0.0464759509763447 0.0242318552726163 0.0387650307860384 0.0545973276727386 0.037465222449535
"205" 0.026199524094437 0.0479142639228171 0.0906535564760051 0.0440811985482083 0.0272197573898292 0.0551889194216667 0.261430859981117 0.0495325876939833 0.0265428320687457 0.050123491112698 0.108822357050592 0.0457617226451447 0.0244996831766029 0.039383400083567 0.0549618143681064 0.0371575005615188
"206" 0.02645927951639 0.0485975956508153 0.0891599318564235 0.0432318807511523 0.0275397383853499 0.0564840363091847 0.249968872695022 0.0484907691539485 0.0268655759713271 0.051269965887588 0.109670055210776 0.0450603377984007 0.0247734210881987 0.0400189600594232 0.0552984342446862 0.0368468009470945
"207" 4.15016052882117e-05 0.0492860246062172 0.0875973879597551 0.0424139119174978 4.30055293353295e-05 0.0578344180551532 0.23708333362321 0.0474896796316614 4.19127967876272e-05 0.0524687335429065 0.110258716803042 0.0443720038024202 3.87412478635728e-05 6.18311745280406e-05 0.0556054624611547 6.04504244056722e-05
"208" 2.36226908365689e-07 4.29811996375883e-07 8.40339187199274e-07 4.1125845474951e-07 2.44975559080163e-07 4.90944068206289e-07 2.4708573986445e-06 4.63138002447753e-07 2.38795380373115e-07 4.46247960087116e-07 9.7764187713152e-07 4.2466052510292e-07 2.20637391063492e-07 3.52833610248124e-07 4.96877287444045e-07 3.41862177359635e-07
"209" 3.40604727069831e-06 6.41404308757703e-06 9.30593687238521e-06 4.56825641993437e-06 3.59784465025721e-06 8.06822118140701e-06 1.96042586006767e-05 5.065462593242e-06 3.52255817999126e-06 7.31284843727175e-06 1.29753204575546e-05 4.8615621205484e-06 3.22394877647408e-06 5.39793961571471e-06 6.81044793129987e-06 4.15474676672429e-06
"210" 0.0275376837577634 0.0513707172336263 0.0826453668572306 0.0401320295283867 0.02889224054769 0.0622480861440289 0.197398637966686 0.0447094282549402 0.0282382144415336 0.0564159620217592 0.110371244012723 0.0423864023430768 0.025931506200775 0.0427444946445868 0.0563333973799226 0.0355833024250047
"211" 0.027817302679668 0.0520676933822143 0.0809501425298103 0.0394239134817995 0.0292496290058086 0.0638511858846027 0.1852856020302 0.0438505833299397 0.0286033425085126 0.0578628034409643 0.109854817160151 0.0417510937770362 0.0262378991045771 0.043474620712719 0.0565071593486129 0.0352643369354924
"212" 0.0281009859948078 0.052763161385484 0.0792510527603673 0.0387398725782246 0.0296151971738789 0.0655260722545376 0.174039757229012 0.043022782698817 0.0289779342239504 0.0593832605760747 0.109075355307018 0.0411289970087196 0.0265515108071831 0.0442254265656575 0.0566446497016474 0.0349448938482195
"213" 0.0283887553876935 0.0534553721745543 0.077557093135808 0.0380787238650033 0.0299891965336681 0.067276415607001 0.163690727436299 0.0422244475837711 0.0293623581097298 0.0609828729879497 0.108049489391073 0.0405200158231799 0.0268725953872261 0.0449975022758892 0.0567450587080116 0.0346253152724917
"214" 0.0286806278612418 0.0541424263455707 0.0758759584607185 0.0374393590023624 0.0303718870209454 0.0691059537078678 0.154216123699878 0.0414540988519395 0.0297570018329529 0.0626677224584616 0.106798174350402 0.0399240240042072 0.0272014187769264 0.0457914303855867 0.0568077883816932 0.0343059224278809
"215" 0.0289766152479126 0.0548222744705093 0.0742141279776512 0.0368207386233385 0.03076353722885 0.0710184475294155 0.145565015722532 0.0407103498284457 0.0301622734569625 0.0644444964859709 0.105345577662066 0.0393408697744561 0.0275382594554313 0.0466077804669178 0.056832462289801 0.0339870160696806
"216" 0.0292767236661987 0.0554927197907713 0.0725769662748921 0.0362218871545627 0.0311644245768027 0.0730176213042553 0.137673075880228 0.0399918996271097 0.0305786027693911 0.0663205599046208 0.103717906478973 0.0387703797362499 0.0278834091714187 0.0474471026407776 0.0568189317557772 0.0336688769662343
"217" 3.34914056429414e-06 6.30701552572364e-06 9.14525862569294e-06 4.48980022034611e-06 3.53793518132193e-06 7.93650679983924e-06 1.92577107031437e-05 4.97835750374813e-06 3.4639631847275e-06 7.19375751713614e-06 1.27523056371427e-05 4.77819792009552e-06 3.17023572624682e-06 5.3086005112329e-06 6.69518713318342e-06 4.08384260635479e-06
"218" 2.7315842939563e-06 5.18794318971602e-06 5.55918586019785e-06 2.89102538812075e-06 2.96095809866529e-06 7.62706669988054e-06 8.98380191240111e-06 3.16716480324039e-06 2.92196869190107e-06 7.02675652158651e-06 8.037391572696e-06 3.1194272576702e-06 2.64245125941417e-06 4.64506208244388e-06 4.90445637320908e-06 2.78570182063553e-06
"219" 0.0302017384440986 0.0574235999869754 0.0678527187923039 0.0345350512359763 0.0324254193995046 0.0795700642577133 0.117875787379846 0.0379764944783263 0.0318985918439478 0.0726300655037773 0.0980541369396496 0.0371329081018484 0.0289718460232281 0.0501079424082822 0.0565510684916517 0.0327215833672151
"220" 0.0305182572355123 0.0580317819472689 0.0663494135961675 0.0340066387963337 0.0328662113144152 0.0819491222763287 0.112359467989294 0.0373477415698481 0.0323639374613448 0.0749935338329621 0.0959920795272468 0.0366110242668374 0.029353443504558 0.0510439707310648 0.0563877953692082 0.0324089421362959
"221" 0.0308388206870701 0.0586176777506242 0.0648846841006721 0.0334939226248299 0.0333177647112446 0.0844291574012654 0.107292404566544 0.0367388710692002 0.0328428704825995 0.0775064861038897 0.0938818337634532 0.0361007240895367 0.0297450373354068 0.0520051147619228 0.0561889451134042 0.0320981936786328
"222" 0.0311633887814668 0.0591784536142841 0.0634594455135398 0.0329962241388027 0.0337804134606078 0.0870109384311871 0.102627701855762 0.0361489831113201 0.0333359859699081 0.0801824360286227 0.0917433671073031 0.0356017650963517 0.030147016901306 0.05299158964052 0.0559556489882519 0.0317895108767423
"223" 0.0314920186160314 0.0597117873622985 0.0620745390130227 0.0325129328566052 0.0342545766536478 0.0896947642705103 0.0983238737582987 0.0355772094911908 0.0338439226720958 0.083036000129221 0.0895934530128803 0.03511382377303 0.0305597509791025 0.054003145363043 0.0556887677947436 0.0314829512590913
"224" 0.0318264218024761 0.0602239517769846 0.0607356879444204 0.0320439363103677 0.0347418611469553 0.0924931840005275 0.094346664885944 0.035022436205892 0.0343674978829281 0.0860771731034084 0.0874353381964943 0.0346354143489844 0.0309830016623919 0.0550337171348329 0.0553824728128413 0.0311770440425288
"225" 0.0321754050989541 0.0607595157433965 0.0594696882815405 0.031591134492519 0.0352488835171955 0.0954811817452004 0.0906762060599485 0.0344824998542622 0.034908045673398 0.0892882746107291 0.0852244237028073 0.03416040073542 0.0314137163170526 0.056052005449605 0.0550029510939675 0.030864132306231
"226" 4.73947381633224e-06 8.99786996561509e-06 9.51187416346849e-06 4.95758025460006e-06 5.14600026221979e-06 1.34022953063498e-05 1.52567238723395e-05 5.42725607490359e-06 5.07941930879103e-06 1.23467933846022e-05 1.37099138809559e-05 5.34808188273984e-06 4.58776833256733e-06 8.07299400275784e-06 8.4245227008538e-06 4.78251214332567e-06
"227" 4.77529633413788e-05 0.0621487584886316 0.0572925815084217 4.06911051874879e-05 5.32384775879724e-05 0.102493324054233 0.0842260225946004 4.39274219072095e-05 5.27293102838814e-05 0.0959847991558244 0.0804835933200404 4.36400392261552e-05 4.66724341785898e-05 0.0578403386153253 0.0538574103358937 4.00162203612686e-05
"228" 0.0334059748890244 0.0629962735229548 0.0563536535488076 0.0303585113832884 0.036954174567444 0.106575599729301 0.081390528144489 0.0329471084572894 0.0366276837478846 0.0994130469208096 0.0780627386519384 0.0327150283989927 0.0326961272765081 0.0585895098644518 0.053131452564454 0.029822642045632
"229" 0.0338621762034148 0.0638641535955929 0.0554490343381308 0.0299804607277546 0.0375753326190892 0.11096437729869 0.0787404370657015 0.0324659468382286 0.0372328969240776 0.102957856673568 0.0757231431307332 0.032244330389977 0.033124883279547 0.0592938705523496 0.0523778038116533 0.0294651761071997
"230" 0.0343299796147068 0.0647173290185777 0.0545559037142351 0.0296112106557181 0.0382177054434187 0.115627579140148 0.0762431464639052 0.0319985151180277 0.0378575940226931 0.106649853465072 0.0734947494872573 0.0317862951918521 0.0335624497691167 0.0599752296544649 0.0516233003258127 0.0291144697954168
"231" 0.0348089550909333 0.0655470563253508 0.0536724244715973 0.0292500730092178 0.0388819436249405 0.120564704471228 0.0738850709468231 0.0315441634894025 0.0385029068815606 0.110486364342406 0.0713759488305258 0.0313408017294418 0.0340095913712745 0.060633939135013 0.0508728596043819 0.0287709990032133
"232" 0.0352993757671932 0.0663485732929643 0.0527997790525906 0.0288967999663474 0.0395691367684442 0.125774908289252 0.0716561418223304 0.0311023551441211 0.0391698442733047 0.114454230868308 0.0693606513058269 0.0309073691466364 0.0344665488197441 0.0612668480336465 0.0501279177204424 0.0284346070835041
"233" 0.0358015495641438 0.0671171296611384 0.0519390944533634 0.0285511694808427 0.0402804644157079 0.131248741362384 0.0695471594197731 0.0306725850591335 0.0398594690086281 0.11853295132754 0.0674428187147293 0.0304855247848107 0.0349335375511656 0.0618705819429572 0.0493896130553169 0.0281051131839839
"234" 3.84505617426409e-05 0.0678478525607011 5.94294124187245e-05 3.23761671639827e-05 4.29546126707331e-05 0.136964414486265 0.0675496363745588 3.4925752361028e-05 4.25351149413656e-05 0.122693288422147 0.0656166963592604 3.46996235475839e-05 3.75673489474134e-05 6.69186261548738e-05 5.63157180559028e-05 3.18440896958476e-05
"235" 0.0368424035411877 0.0685358062012416 0.050257232789589 0.0278819812842321 0.0417806476737548 0.142883581434395 0.0656557527969205 0.0298472696708359 0.0413113733762384 0.126895639104358 0.0638768317181215 0.0296748267768826 0.0358984564166168 0.0629768908552338 0.0479367642738622 0.027466115444731
"236" 0.0373817109895707 0.0691760635222565 0.0494374730168455 0.0275580120296354 0.0425722887913593 0.148946544195065 0.0638583104257069 0.0294508395363269 0.042076136270179 0.13108856975845 0.0622180799114853 0.0292851408143108 0.0363968001527047 0.0634727142812805 0.0472238261600291 0.0271562702093814
"237" 0.0379340235197443 0.0697637862438813 0.0486325401353659 0.0272408619938681 0.0433936506267831 0.155067307176429 0.062150686500336 0.0290646750156199 0.0428685645194287 0.135207806556744 0.060635601746214 0.0289053758398984 0.0369059994325954 0.06392595510752 0.0465207570911865 0.0268526402034443
"238" 0.0384996523415554 0.0702943115154337 0.0478428168545077 0.0269303407319413 0.0442463847268904 0.161129308484113 0.0605267887184289 0.0286883873379218 0.0436901132739701 0.139176060575653 0.0591248565828197 0.0285351646599664 0.0374262439122969 0.0643335229376769 0.0458280858666327 0.0265550653080484
"239" 0.0390789045516405 0.0707632427721546 0.0470685806353533 0.0266262636784763 0.0451322625839655 0.166983141120143 0.0589810121526472 0.0283216068695918 0.044542335170455 0.142904126392629 0.0576815917120538 0.0281741576286105 0.0379577130087574 0.0646925355425544 0.0451462485506568 0.0262633895850802
"240" 0.0396720809519518 0.0711665418819514 0.0463100160906197 0.0263284520046107 0.0460531861978663 0.172448009926258 0.0575081986410745 0.0279639819706281 0.0454268879160614 0.146293671405787 0.0563018295015448 0.0278220216381013 0.038500573650475 0.0650003712934637 0.0444755972684458 0.025977461235255
"241" 0.0402794735333137 0.0715006192032897 0.0455672263651032 0.0260367324726695 0.0470111996969214 0.177318782574584 0.0561035989036915 0.0276151779324831 0.046345542484654 0.149241980077976 0.0549818532313801 0.0274784391779557 0.0390549777507754 0.0652547193608782 0.043816408516827 0.0256971325479193
"242" 0.0409013582641375 0.0717624177757584 0.0448402434225735 0.0257509372346374 0.0480084972958475 0.181379911166828 0.0547628373569926 0.0272748759324578 0.04730018717652 0.15164860123481 0.0537181921784474 0.0271431073995283 0.0396210592899207 0.065453625775076 0.0431688908666581 0.0254222597896238
"243" 0.0415380130879767 0.0719494885703925 0.0441290376364758 0.025470903784125 0.0490474612078219 0.184426132524239 0.0534818800387018 0.0269427722194446 0.0482928607491076 0.153423390380644 0.0525076068620341 0.0268157374010303 0.040198931313016 0.0655955341632644 0.0425331923892448 0.0251527032388889
"244" 0.0421896716741635 0.0720600523007058 0.0434335261051567 0.0251964746995386 0.0501306296784729 0.186287072677634 0.0522570047917382 0.0266185771419293 0.0493257156435412 0.154494942850734 0.05134707405074 0.0264960533467047 0.040788682232837 0.0656793186289719 0.0419094071994261 0.0248883270096341
"245" 0.0428565614816169 0.0720930458296381 0.0427535803720929 0.0249274975416916 0.0512607614213476 0.186851482908498 0.051084774321927 0.0263020143964716 0.0504010758732034 0.154818050525469 0.0502337725065453 0.0261837917975235 0.0413903719904441 0.0657043083687382 0.04129758172638 0.024628999022343
"246" 0.0435388777307916 0.0720481502313809 0.0420890332543521 0.0246638247005808 0.0524408307858163 0.186084505225096 0.0499620115379199 0.0259928202746453 0.051521425349316 0.1543787654695 0.0491650692011411 0.0258787010332194 0.0420040277150015 0.0656703024280972 0.0406977203841002 0.0243745909204971
"247" 0.0442367820916072 0.071925799289502 0.0414396849046116 0.0244053132290995 0.0536740531456244 0.184033380938214 0.0488857770781749 0.0256907429438324 0.0526894250130428 0.153196014731392 0.0481385061790644 0.0255805404015831 0.0426296389119768 0.065577574163686 0.0401097907244466 0.0241249779698413
"248" 0.0449503965152518 0.0717271679521276 0.0408053082545067 0.0241518247161006 0.0549639077035178 0.180819766180605 0.0478533489525368 0.0253955418129515 0.0539079260841045 0.151319415069972 0.0471517882235101 0.0252890797465218 0.0432671522393068 0.0654268651825407 0.0395337281815568 0.0238800389925373
"249" 0.0456797964731148 0.0714541416272359 0.0401856539412434 0.0239032252225805 0.056314162749321 0.176620980194343 0.0468622041690513 0.0251069870034889 0.0551799841774234 0.148823761799225 0.0462027713903799 0.0250040989358 0.0439164659370432 0.0652193692831816 0.0389694404770684 0.0236396563601237
"250" 0.0464251111801535 0.0711094168426779 0.0395805351060824 0.0236594343143134 0.0577290431763051 0.171645764765567 0.0459100934915893 0.0248249101589677 0.0565090101559276 0.145801608150233 0.0452895426745569 0.0247254385351427 0.0445775266491077 0.0649568438370597 0.0384168899557628 0.0234037645918604
"251" 0.0472013412279845 0.0707169644617292 0.0390008929588731 0.0234271751064164 0.059232495121703 0.166153275482549 0.045007599066315 0.0245562572968873 0.0579175152768566 0.142393317738158 0.0444228387165049 0.0244600269691998 0.0452644764516422 0.0646604209601944 0.0378868710618389 0.023179033409779
"252" 0.0485242239071124 0.0709943577444156 0.0388311226953908 0.0234410790462898 0.0614987035790247 0.161860658360894 0.0445899113930532 0.0245461288484131 0.0600610496199439 0.140040039102625 0.0440331082727015 0.0244520772698242 0.0464694566098925 0.0649878612225748 0.0377539060908651 0.023197775691954
"253" 0.055138438723128 0.0784836322325922 0.0425893641543437 0.0258498854106456 0.070702536149396 0.172735217020756 0.0486508500281708 0.0270392602717163 0.0689485298647245 0.15104081802921 0.0480686462671631 0.026938118859114 0.0527193463756396 0.0719423530460763 0.0414445986444969 0.0255873391746415
"254" 0.0745587739621165 0.103373999748587 0.0557260950871809 0.033991032334983 0.0966855994312338 0.219942932357342 0.0633570678602469 0.0355191712558828 0.0941231425598392 0.194021217422379 0.0626215789897766 0.035388033903591 0.0711437499879884 0.0948159821401508 0.0542584447963443 0.0336495392266779
"255" 0.0898521118322899 0.122314459461877 0.065577068156339 0.0401254843672643 0.117431891024602 0.254075521576025 0.0742913221511358 0.0418943419857617 0.114021750687183 0.224431464136513 0.0734114212314697 0.041734479411522 0.0854237226725842 0.111829127444637 0.0638026469914544 0.0397082402018161
"256" 0.0710413736226512 0.0956016826788979 0.0509683474911349 0.0312360238088188 0.0932869030705072 0.195446200888056 0.0575730908965136 0.0325874816927992 0.0902333629794056 0.171503409261582 0.0568389928250932 0.0324524304470737 0.0671437987094071 0.086718871138074 0.0494776348673798 0.0308802488213495
