"V1" "V2" "V3" "V4" "V5" "V6" "V7" "V8" "V9" "V10" "V11" "V12" "V13" "V14" "V15" "V16"
"1" 0.202992417212542 0.272022219204861 0.145681533310105 0.0893836035863649 0.267278464736817 0.555191116808234 0.164732139937636 0.0932798759179962 0.259502569435745 0.494028841000816 0.162864772811395 0.0929467401305591 0.193090574830775 0.249511610945823 0.141896031114061 0.0884847399587479
"2" 0.247353374637894 0.333230778770269 0.178670888535675 0.10951139717772 0.324970979459343 0.684946361524478 0.20222353386635 0.114317846345867 0.315584417749453 0.608175425635725 0.199909329027957 0.113894873246041 0.23534224380936 0.305535894236631 0.173992233912363 0.108407132913365
"3" 0.286908713222807 0.389122449102454 0.208964408581757 0.1279115192201 0.375881228025879 0.807012334577163 0.236796754900341 0.133558491275231 0.365142245762268 0.714653006893739 0.234056769467089 0.133061535974204 0.273068151442999 0.356628271309463 0.203446757314847 0.126614196238773
"4" 0.318327158364554 0.435318551803108 0.234254949288196 0.143159712037102 0.415602924315613 0.912774623987271 0.265862550493623 0.149527193314916 0.403903909608488 0.805758712593388 0.262746737124983 0.148966974037518 0.303112391661679 0.398795768093701 0.228012058423158 0.141698867005376
"5" 0.33950958062715 0.468905213326523 0.252998694063396 0.154311581947803 0.441423885439442 0.996098919501069 0.287677906828332 0.161238074301824 0.429238221394228 0.876102718487132 0.284257549941793 0.160629610350212 0.323483409999306 0.42939397286379 0.246187725818023 0.152726816834869
"6" 0.349725958423631 0.488609097602314 0.264507107875741 0.160958821811116 0.452521857684704 1.05360432802144 0.30144596667627 0.168262962561946 0.440331186647606 0.922863968818822 0.297803798188908 0.167623193328985 0.333481877835807 0.447280499703381 0.257307789771996 0.159295558612873
"7" 0.349441151336346 0.494611102182276 0.268844198991906 0.163165968928875 0.449700276927094 1.08436609113685 0.307203428647614 0.170662929506624 0.437935109427692 0.945505528823233 0.303423981256826 0.170008769792534 0.333527683851728 0.452625375937599 0.261438086624126 0.161467851696123
"8" 0.339993837683963 0.488201964499242 0.266661695614985 0.161358749621152 0.434926145498288 1.08951114878366 0.305644178654856 0.168878299153045 0.423924134451579 0.945353574975713 0.301805420995767 0.168224936324237 0.324853629208544 0.446618902162647 0.259215266913405 0.159666537786591
"9" 0.323304093913844 0.471520631035702 0.259070341021307 0.156241975868435 0.410898801197947 1.07198197596362 0.297985596121443 0.163638436060647 0.400887578690559 0.925328620757533 0.294152691834226 0.162998529011551 0.309264401367562 0.431221694698622 0.251720024874857 0.154588422043537
"10" 0.301654257370343 0.447362531002259 0.247545439599548 0.148735709085132 0.380721314914829 1.03641779279985 0.28587923565573 0.155900946275093 0.371816508103895 0.889804838097815 0.282097312490039 0.155283297560128 0.288906127612278 0.408986717623401 0.240390185621014 0.14714384888469
"11" 0.277487796766277 0.418950029913626 0.23382041946266 0.139902555960444 0.347620666032667 0.988854564363429 0.271287518216335 0.14677591227952 0.339838275111809 0.84431840601659 0.267578477289884 0.146185061231384 0.266096153663004 0.38286128612647 0.226911070119684 0.138384320274887
"12" 0.253160929745437 0.389573098159421 0.219690822385307 0.130836904190847 0.314634808215183 0.935970628716126 0.256268505778302 0.137404662600415 0.307912547852388 0.794888525914273 0.252626763145207 0.136840744715158 0.243084484644601 0.355865309327308 0.213028742360747 0.129392892679387
"13" 0.23065722253627 0.36212738163409 0.206786031511629 0.122518255088364 0.284266960994128 0.883960648282085 0.242706112852369 0.128817285611708 0.278488708161937 0.74704045782464 0.239106254527778 0.128277054210484 0.221772900967252 0.330655636558289 0.200331347703337 0.121140070440827
"14" 0.211331020223196 0.338695022597763 0.196185250396856 0.115592684925703 0.258191833258878 0.837428758072749 0.231824345404426 0.121690491848953 0.253211738229309 0.704865261314533 0.228251017804871 0.121166989686022 0.203467040345603 0.309159232718763 0.18982728483556 0.114262729502905
"15" 0.195808721748875 0.320250530779639 0.188529813902545 0.110435739496003 0.237137121066382 0.798728723855444 0.224493607862334 0.116420195289977 0.232803658599114 0.670441426301427 0.220816975474998 0.115905668420808 0.188777617314144 0.292242171041859 0.18223550618858 0.10913435142475
"16" 0.18400004490975 0.30681421833137 0.183824541303015 0.107049436042486 0.220950702718258 0.767935625273701 0.220636257589085 0.113010423510082 0.217126533527547 0.643892373654764 0.216831172200896 0.112497066850975 0.177626582883415 0.27994824728553 0.17747092137416 0.105756911773605
"17" 0.175371741699724 0.297649427849907 0.181685957351549 0.105196461612097 0.208916051361582 0.743599592081589 0.21986672090756 0.11121387604543 0.205484998642457 0.623857606661027 0.21587403531692 0.110694610261102 0.169505986392566 0.271610588107912 0.175187355276765 0.103895046029448
"18" 0.169161313870817 0.291672292614355 0.181517328875872 0.10451538047705 0.200048916833625 0.723436273841576 0.221517257372268 0.110653122283079 0.196923463307799 0.608342562279113 0.21728448762409 0.110122430086332 0.163690760030427 0.266229544887173 0.174805608627667 0.103191429601313
"19" 0.164609396114057 0.287783303587451 0.182717833797864 0.104643671938144 0.193371846105107 0.705248693054243 0.224912691171742 0.110949057759115 0.190489753339096 0.595321785941891 0.220392846997231 0.110402784505699 0.159455046898949 0.262800576556565 0.175740426434419 0.10328712385453
"20" 0.161098248661925 0.285080571104335 0.184788594907224 0.105281340981772 0.188096044740473 0.687354614304589 0.229495143676079 0.111787959835369 0.185414720006955 0.583193090239299 0.224645223868231 0.111223109205709 0.156207767857656 0.260496789018947 0.177506268519804 0.103885188820535
"21" 0.158192922494175 0.282929064724676 0.187374618115092 0.106215627733622 0.183665428854226 0.668753294403709 0.234873332291851 0.112947465337088 0.181156144526202 0.57091777280458 0.229651926406552 0.112361860515425 0.153532657249165 0.258734945085125 0.179757676999914 0.10477504780076
"22" 0.155622963606632 0.280938033535596 0.190253567367194 0.107313931931397 0.179732675306933 0.649046705271894 0.240810320999817 0.114289213232372 0.177375574162952 0.557968520294688 0.235175221867588 0.113681166041343 0.151170983205941 0.257154870626113 0.182278147423394 0.105825432735346
"23" 0.153237810769041 0.278896658702709 0.193300678984283 0.108502642299067 0.17610216486004 0.628259015349388 0.247183591777657 0.115736714765325 0.173882709397383 0.544189042525749 0.241090088394896 0.115104802093795 0.148978936615979 0.255560805761898 0.184946304618434 0.106963488368159
"24" 0.150961603609131 0.276707167501218 0.196452113929916 0.109745160285975 0.172672782019347 0.606651014717284 0.253942990846091 0.11725235461222 0.170579578153459 0.529647343112313 0.247343136576969 0.116595309605505 0.146884408511545 0.253860629209403 0.1877006576411 0.108153083606047
"25" 0.14875926899961 0.274333601089853 0.199676676714347 0.111025097826273 0.169395212084556 0.584577794417915 0.26107830020788 0.11881982198632 0.167418867435979 0.514522487775279 0.253921424491319 0.118136548378671 0.144854602719915 0.252019973785498 0.190512883443631 0.109378308453744
"26" 0.146615425761218 0.271769861130907 0.202957719250135 0.112335755272795 0.166245484507227 0.562397806139827 0.268598220379085 0.120433146271353 0.164378153136727 0.499032308874295 0.260833094891854 0.119722873470076 0.142876000525425 0.250033699057232 0.193371330447136 0.110633280524268
"27" 0.1445231030463 0.269021364276599 0.20628258289081 0.113674311237048 0.163210999184898 0.54042778660695 0.276518105666383 0.122090702286916 0.161446298871114 0.48339468567513 0.26809928415995 0.12135322305701 0.140943783953362 0.247911853843019 0.196273642131077 0.111916613158024
"28" 0.142478357263752 0.266096010165615 0.209636559727127 0.115038897788392 0.160283456372251 0.518916536486993 0.28485136090433 0.123792268962452 0.158617110359969 0.467809359312315 0.275749221001114 0.123028871036101 0.139057180277942 0.245672806110297 0.199222802025854 0.113229589622486
"29" 0.140478391067532 0.263001764777588 0.213000402962393 0.116427243477361 0.157456984234205 0.498055416374154 0.293606045365068 0.125537546082137 0.15588678319624 0.452452255223683 0.283821113744845 0.12475134900457 0.137217567390838 0.243342928937136 0.202228945001893 0.114574031135405
"30" 0.138519268167549 0.25973747806991 0.216343792067659 0.117835641390817 0.154726710368553 0.477962442861532 0.302777417683295 0.127325850294051 0.153253227240482 0.437474777229307 0.292363229111931 0.126522468856204 0.135427275197232 0.240949367051303 0.205301516333128 0.115952659164439
"31" 0.136597581863976 0.256302503605517 0.219630377909207 0.119259092759938 0.152087162576523 0.45870796712029 0.312337369080468 0.129155774320636 0.150715109399568 0.423004222987148 0.301435071427729 0.128345410591724 0.133690542163747 0.238532094433597 0.208465929397649 0.117370473681731
"32" 0.134708419300762 0.252693134803139 0.222815812307962 0.120691503109269 0.149533394569164 0.440330287461762 0.322268921912186 0.131023841299857 0.148271631833722 0.409159349528273 0.31110748983036 0.130222419016455 0.132011810134413 0.236128271007476 0.21174599547873 0.11883184806468
"33" 0.132851801074995 0.248907469962544 0.225839640580605 0.122125813331244 0.147064350377708 0.42283272053393 0.332519336604572 0.132928071676232 0.14592344981513 0.395986378657662 0.321461228425318 0.132156090058939 0.130394858545525 0.233786606105006 0.215173733291705 0.120341825253084
"34" 0.131021671250984 0.24494978884934 0.228679073686747 0.123555519478791 0.144673643809854 0.406205285183757 0.34303422883583 0.134865287603156 0.143668414571901 0.383538639239507 0.332584091547856 0.134148996305247 0.128843014895868 0.23151449740409 0.218762649635207 0.121905202542062
"35" 0.129217869231335 0.24083430941524 0.231287006690812 0.12497546669338 0.14235764241966 0.390431201622606 0.353756820782858 0.13683432281657 0.141504447374441 0.371823072793268 0.344567561499113 0.136203663554676 0.127356769781093 0.229338154611306 0.222556420835803 0.123525992631124
"36" 0.127440557431644 0.236574459760039 0.233638822705481 0.126382753348152 0.140117164425626 0.375501110611466 0.36463323190892 0.138831830499755 0.139427320035753 0.360813129437156 0.357504068846014 0.138322601533105 0.125933876060326 0.227259454229789 0.226540029975551 0.125207045336433
"37" 0.125691235600095 0.232240593965146 0.235724387413861 0.127777077231509 0.137945236414392 0.361378239643894 0.375615065460505 0.140861453959424 0.137431019785147 0.350454272088779 0.37148593987652 0.140508381068956 0.124569245789471 0.22526568859442 0.230723668428179 0.126949954753092
"38" 0.123971590910459 0.227838733894599 0.237546698767668 0.129160472860304 0.13584011724158 0.348052618242853 0.386658217858049 0.142924842552024 0.135508215283526 0.340674263103716 0.386606366928248 0.142763731320238 0.123255638355051 0.223333011912749 0.235097840651549 0.128755873102967
"39" 0.122286470441617 0.223436880803586 0.239118007600422 0.130536557042085 0.13379874882794 0.335502040332388 0.397718275378475 0.145025666260279 0.133651031453659 0.33139500464667 0.402961880963859 0.145091625566527 0.12198478041537 0.221431894468672 0.239646013722062 0.13062295189409
"40" 0.120636184126599 0.219072174499051 0.240454872597783 0.131909560587309 0.131818109738206 0.323698827199837 0.408744078458554 0.147168133194653 0.131851882577533 0.322543565047569 0.42065515460459 0.14749533451265 0.120748560956939 0.219532887417341 0.24434359647507 0.132552830304753
"41" 0.119023241736667 0.214765173684132 0.241573711717551 0.133283536095795 0.129895284278201 0.312608953533113 0.419671489536317 0.14935656800882 0.130104125347522 0.314059322897535 0.439796764100818 0.149978620805137 0.119539968299912 0.217611149597857 0.2491798855907 0.134545229659885
"42" 0.117448624062147 0.21054710240909 0.242490409399378 0.134661352308984 0.128027525347895 0.302192747941209 0.430422590494626 0.151594303324517 0.128402398511981 0.305897121405851 0.460504738655835 0.152544850139499 0.118353586571932 0.215646442475863 0.254128798629693 0.136600399158683
"43" 0.115912534510107 0.206433280404045 0.243207988880752 0.136045315783254 0.126212290772707 0.292406744345785 0.440888114817911 0.153884933779697 0.12674264838851 0.298024001837109 0.48290106948131 0.15519874556027 0.117185654324533 0.213634467182067 0.259172345072658 0.13872020846806
"44" 0.114414560267233 0.20243199465502 0.243735887708542 0.137436368700072 0.124447248729168 0.28320596554747 0.450955239623471 0.156230890936517 0.125121935358658 0.290426995346804 0.507104580279555 0.157944615492186 0.116033819037024 0.211567315955602 0.264294053773126 0.140906499098548
"45" 0.112953871671189 0.198546490169788 0.244076532695431 0.138834713985136 0.122730260212782 0.274545998912441 0.460490136129706 0.158634266014911 0.123538146683931 0.283090571324827 0.533219577206432 0.160787243732869 0.114896760750033 0.209445930509353 0.269478052481695 0.143161788280407
"46" 0.111529400364478 0.194776785468778 0.244230864455217 0.140239964270051 0.121059350964222 0.26638450433077 0.469348600685082 0.161096802604968 0.121989716812236 0.276007814434759 0.561319599454626 0.163731731191082 0.113773823397214 0.207274247982011 0.27470804180731 0.145489002919035
"47" 0.110139969855463 0.191121039712248 0.244199433288573 0.141651339554487 0.119432683146263 0.258682083375038 0.477381703852165 0.163620012277649 0.12047540915402 0.269173529488089 0.591425611755996 0.16678352250827 0.11266472733531 0.205057824301272 0.279966420190365 0.147891398512787
"48" 0.10878437736898 0.187576444572959 0.243983150409035 0.143067803829167 0.117848532228291 0.251402623118322 0.484442074665945 0.166205251622034 0.118994171118998 0.262582770113883 0.623478379186044 0.169948437665947 0.111569379166607 0.202802910217582 0.28523365174955 0.150372510246333
"49" 0.107461438314061 0.184139741902535 0.243583722678989 0.144488145706711 0.116305270281783 0.244513291718307 0.49039054446391 0.168853762070034 0.117545049854783 0.256230143447801 0.657305749641239 0.173232706715135 0.11048776212645 0.200515905460045 0.290487866856674 0.152936131794472
"50" 0.106170006970168 0.180807496976338 0.243003858551331 0.145911019599866 0.114801354563382 0.237984345508214 0.49510283855469 0.171566682103821 0.116127148740641 0.2501095957256 0.692587227084057 0.176643007130132 0.109419880461657 0.198203069020127 0.295704648438904 0.155586313423196
"51" 0.104908984168429 0.177576233098575 0.24224733113283 0.147334963612407 0.113335319654316 0.231788857950909 0.498475920745474 0.174345041650127 0.114739607246288 0.244214444714663 0.728820413480567 0.180186503899003 0.10836573469086 0.195870378624181 0.300856960026925 0.158327371741021
"52" 0.103677318631144 0.174442496187098 0.241318959983816 0.148758405889132 0.111905771552678 0.225902435314993 0.50043352986382 0.177189746062815 0.113381592351195 0.238537508128767 0.765296236703792 0.183870893220813 0.107325312162262 0.19352346794794 0.305915190080438 0.16116390636235
"53" 0.102474005900928 0.17140288669505 0.24022454778203 0.150179665885976 0.110511383100491 0.220302943802825 0.500930442029685 0.180101553455767 0.112052295332525 0.233071261671505 0.801091588921466 0.18770445011014 0.106298584607425 0.191167601142929 0.310847302706055 0.164100820506755
"54" 0.101298086204713 0.168454076975156 0.238970791394429 0.151596954146985 0.109150889871074 0.214970267021313 0.499955065070326 0.183081047585526 0.110750930401155 0.227807975460526 0.835088161804109 0.191696080676973 0.105285508179258 0.18880766504758 0.315619095968822 0.167143344619483
"55" 0.100148642191938 0.165592821940125 0.237565177558482 0.15300837123359 0.107823086536184 0.209886087597549 0.497530112519015 0.186128605880956 0.109476734112503 0.222739836032838 0.8660239625161 0.195855379565576 0.104286024461339 0.186448170284388 0.320194570198985 0.170297061612553
"56" 0.0990247966462569 0.162815965990825 0.236015868707478 0.154411908858776 0.106526823463159 0.205033695814382 0.493711291761585 0.189244365754169 0.108228964925728 0.217859042151376 0.892578880140223 0.200192693100819 0.103300061669598 0.184093257567568 0.324536413917968 0.173567936530803
"57" 0.0979257103777891 0.160120447850265 0.234331583611234 0.155805449477578 0.105261003606218 0.200397821150593 0.488584141783557 0.192428184019929 0.107006902833254 0.213157880189342 0.913488307930783 0.204719188693319 0.102327535894964 0.181746707508163 0.328606597658128 0.176962346058558
"58" 0.0968505801817262 0.157503303552358 0.232521475643067 0.157186768496984 0.104024579554576 0.195964483787002 0.482259337504345 0.19567959427524 0.105809848932476 0.208628781981729 0.927670870253459 0.209446931046563 0.101368352253412 0.179411953038589 0.332367075618795 0.180487112750791
"59" 0.0957986369622409 0.154961668197358 0.230595012104826 0.158553536844927 0.102816550811489 0.191720863721184 0.474866912672487 0.198997759100479 0.104637125008491 0.204264368167027 0.934350172989348 0.214388965784203 0.100422405994956 0.177092093860343 0.335780574870421 0.184149541422338
"60" 0.0947691439472766 0.152492776572731 0.228561857028967 0.159903324724523 0.10163596122304 0.187655185052121 0.466549922462446 0.202381417906548 0.10348807306815 0.200057479641 0.933148573422818 0.219559410964561 0.0994895835126662 0.174789912300968 0.338811450159314 0.187957458787243
"61" 0.0937613950223276 0.150093962948176 0.226431759935861 0.161233606585368 0.100481896581328 0.183756613592826 0.457458068663431 0.205828830335253 0.102362054868153 0.196001199528291 0.924134575336763 0.224973557040261 0.0985697632917851 0.17250789025147 0.341426573484279 0.191919256493569
"62" 0.0927747131663809 0.147762660146122 0.224214452326959 0.162541767355344 0.0993534823803966 0.180015166032624 0.447741748589073 0.20933771528409 0.101258451431365 0.192088867479484 0.90781414782986 0.230647975630548 0.0976628167919769 0.170248226717057 0.343596221375409 0.196043937755025
"63" 0.091808448980146 0.145496398062988 0.221919553482687 0.163825110022486 0.0982498817109309 0.176421629226234 0.437546884215593 0.212905185848407 0.100176662552362 0.188314087907395 0.88506776344829 0.236600637286963 0.0967686092636555 0.168012855690881 0.34529491898795 0.200341167723129
"64" 0.0908619793280745 0.143292801820237 0.219556486650334 0.165080864560039 0.097170293314746 0.172967488433492 0.427010759837981 0.216527680420337 0.0991161063271103 0.184670733546869 0.857045924779276 0.242851037961571 0.0958870005307719 0.165803464143132 0.346502198763603 0.204821327396388
"65" 0.0899347060692194 0.14114958956194 0.217134406173893 0.166306198323187 0.0961139497682823 0.16964486330012 0.416258966584397 0.220200890949746 0.098076218688092 0.181152945262973 0.825043264589164 0.249420332766953 0.0950178457245688 0.16362150979578 0.347203232856612 0.209495571629216
"66" 0.0890260547744651 0.139064570592193 0.214662136690953 0.167498227851717 0.0950801156077157 0.166446451456148 0.405403441483788 0.223919689623519 0.0970564527661756 0.177755129860102 0.790373197530716 0.256331472317388 0.0941609958058679 0.161468238175822 0.347389305817255 0.214375886951826
"67" 0.0881354759851172 0.137035643878178 0.212148125534126 0.168654031281211 0.0940680887493673 0.163365478927664 0.394541500751183 0.227678043066317 0.0960562814806188 0.174471956625458 0.754261700957635 0.263609327279258 0.0933163009480133 0.159344706068549 0.347058102908246 0.219475143750546
"68" 0.0872624438231968 0.135060802087392 0.20960041323849 0.169770663191702 0.0930771978956961 0.160395663272901 0.383755728633603 0.231468942719219 0.095075195975153 0.171298360324704 0.717771865037853 0.271280759573602 0.0924836101204814 0.15725179537789 0.346213809149315 0.224807117492281
"69" 0.0864064667719815 0.133138145360697 0.207026635456921 0.170845166698466 0.092106814995768 0.157531194830617 0.373114567082907 0.235284348776384 0.094112719188087 0.168229557771232 0.681762891430569 0.279374528678408 0.0916627842700145 0.15519025886889 0.344867045597754 0.230386683669475
"70" 0.0855671090945669 0.131265927909067 0.204434090267698 0.171874583680139 0.0911563785252965 0.154766766092486 0.362673521784318 0.239114700744487 0.0931684302805433 0.165261111547267 0.646880523795315 0.287920760746751 0.0908537192368345 0.153160788572944 0.343034728515276 0.236228130336987
"71" 0.0847440504706019 0.129442678044465 0.201829946408995 0.172855954252707 0.090225459895476 0.152097703525528 0.352477014399392 0.242949272772072 0.092242032593646 0.162389101022859 0.613571848481766 0.296949387196762 0.0900564078648484 0.151164177107218 0.340740041796641 0.242346904116876
"72" 0.0839372215436962 0.127667474438898 0.199221738073201 0.173786293331544 0.089313914588043 0.149520312608197 0.342561131318839 0.246774895967599 0.0913335071886398 0.159610522176399 0.582116304357926 0.306489810572835 0.0892710791922575 0.149201663110565 0.338012879025534 0.248754637644438
"73" 0.0831470811859147 0.125940511816888 0.196618383281049 0.174662524312071 0.0884221915663542 0.147032614822005 0.332957793120422 0.250575106769708 0.0904434263265073 0.156924111805908 0.552662097419584 0.31655160163803 0.0884984817530966 0.147275620369388 0.334891321412418 0.255459106729112
"74" 0.0823751198370911 0.124264129444289 0.194032033826307 0.175481343101514 0.0875518951905461 0.14463570947835 0.323697111610396 0.254327983732531 0.0895735221310894 0.154331850660779 0.525281446545268 0.327130084789212 0.0877403967818461 0.145390796848167 0.331424875636982 0.262445783931071
"75" 0.0816246614144243 0.122644450582153 0.19148101872879 0.176238990502098 0.0867066806123043 0.142335959773558 0.314828718813148 0.258002855626078 0.0887275922669873 0.151841363353011 0.500007105805606 0.338164863202197 0.0870004550076995 0.143556279590782 0.327673567177164 0.269677411638296
"76" 0.0808976064358761 0.121093619038379 0.188993851597149 0.176930935900087 0.0858934747588739 0.140147985181169 0.306417004724715 0.261555875943792 0.0879078232161678 0.149469195642948 0.476884622966833 0.349514582476653 0.0862808218574592 0.141788168058763 0.32373682134575 0.277063168518463
"77" 0.0802173917673558 0.119618573868882 0.186613651535447 0.177551528485282 0.0851238260224454 0.138097977916187 0.298568548243667 0.264925245746955 0.087140711662715 0.147244442810915 0.456017702434521 0.360941210672925 0.085605565832842 0.140096202374301 0.319755312906148 0.284439648395026
"78" 0.0795864050378266 0.118291425202232 0.184401483913119 0.178093744303491 0.0844149286175677 0.136226229035703 0.291472152635713 0.268027836285443 0.0864289859272335 0.145211512882644 0.437682008817836 0.37193293812456 0.0849773124684615 0.138567620191009 0.31586597500745 0.291508994089934
"79" 0.0790295229758803 0.117112545618924 0.182416083329676 0.178549214179176 0.0837896632532723 0.134587246711012 0.285214111580029 0.270759717835756 0.0858007600031894 0.143430259567928 0.421945090495763 0.382262025520423 0.0844215560454985 0.137204011448136 0.312239152897155 0.298118030067479
"80" 0.0785709538896746 0.116130024183523 0.180784263742986 0.178908707356579 0.0832680409967441 0.133226217207706 0.28014115045247 0.273033047979875 0.0852763250895656 0.141950296981884 0.409436076369229 0.390983338995311 0.0839630857076789 0.136063645185838 0.30918792279012 0.303671331440562
"81" 0.0782281907825827 0.115420865571029 0.179586034145496 0.179163130339561 0.0828905276931482 0.132245774693826 0.276457620910865 0.2746751168839 0.0848966403625306 0.140883860054062 0.400477852815258 0.397523516271588 0.0836198266854652 0.135239039518373 0.306904523691801 0.307828891015488
"82" 0.0780365890882862 0.115017409725148 0.178901986205444 0.179304895378045 0.082675623641435 0.131688774135682 0.274370110030871 0.275608926625544 0.084680444192796 0.140277877103875 0.395447584526282 0.401305194444067 0.0834278503145158 0.134769273739567 0.305587142608572 0.31022909384529
"83" 0.0780016623557252 0.11494700705855 0.178782374547823 0.179329304351996 0.0826364547023141 0.1315916186436 0.274014095937282 0.275772742072568 0.0846410278726793 0.14017216175121 0.394580203711232 0.401965192997047 0.0833928229492939 0.134687240434929 0.30536167486472 0.310647719628188
"84" 0.0781286549202644 0.11521385173557 0.17923489379061 0.179235502509164 0.0827788731334972 0.13195985885881 0.275401988433934 0.275159497223397 0.0847843118282984 0.14057278168572 0.397918349449914 0.39943791787059 0.0835200920704809 0.134997986117803 0.306241519506536 0.309044280959237
"85" 0.0784101560437186 0.115804521540028 0.180234971470596 0.179026661356611 0.0830946540478631 0.132775949237444 0.27845094045188 0.273787091763373 0.0851019569024585 0.141460573100867 0.405301384542482 0.393970983980363 0.0838020445857225 0.135685340369798 0.308147703822207 0.305571630187141
"86" 0.0788223115482671 0.116675258514897 0.181699546365183 0.178709322135075 0.083557121615319 0.133979446410423 0.282980637411366 0.27177337551329 0.0855669793796384 0.142769395060217 0.41640620355862 0.386067121097356 0.0842143793215801 0.136696685876222 0.310911521356645 0.300540234467099
"87" 0.0793432443177925 0.117776470268422 0.183544284209564 0.178292138751244 0.0841418917595298 0.135509952524622 0.288758945576913 0.269218766776404 0.0861546789364255 0.144433133040667 0.430824219266095 0.376374105697397 0.0847347041026353 0.137972264108167 0.314311321852371 0.294507868977019
"88" 0.0799478064981631 0.119058938015486 0.185670080749557 0.177783675570107 0.0848209148521639 0.137296901334806 0.295543867753155 0.266230047822652 0.0868366420279722 0.146374523372513 0.448146930075219 0.365561075007588 0.0853372849494199 0.139452541693174 0.31811114019744 0.28741436882761
"89" 0.0806127423248141 0.120477250131557 0.187993468776036 0.17719507567982 0.0855691690704405 0.139282209171263 0.303118891027848 0.262974110912146 0.0875875053789286 0.148529832338308 0.468033570976001 0.354218050776311 0.0859982871743643 0.141082333509646 0.322092374068288 0.280045951370311
"90" 0.0813235669554782 0.121995876029948 0.190445565493448 0.176531641515644 0.0863677966722011 0.141419447773826 0.311312761093468 0.259484811176048 0.088388128229235 0.150847983247121 0.490244429863951 0.342799351110003 0.0867027806029479 0.142818056509206 0.326072670996419 0.272698331075005
"91" 0.0820646964165924 0.123590866817543 0.192976260969236 0.175800038699239 0.0872021697887291 0.143677911295317 0.32000278122175 0.255846116730157 0.0892236379217272 0.153294985802288 0.514641190906726 0.331612548942203 0.0874346971881846 0.144629766685026 0.329910910719164 0.265390709319952
"92" 0.0828280122920682 0.125246279768021 0.195554438129861 0.17500614737794 0.0880623656657418 0.146037809847167 0.329114616205005 0.252124759961004 0.0900839108607983 0.155848685597524 0.541159075166319 0.320837228941573 0.0881855495603465 0.146496903017634 0.333509185488865 0.258296922127101
"93" 0.0836107191209919 0.126952449548588 0.198151717093747 0.174153071619899 0.0889453178773006 0.148487952051124 0.338577846141483 0.248340730027631 0.090965747749206 0.158496226821671 0.569772093775132 0.310559770591391 0.0889522516717904 0.148406224716179 0.336775101323613 0.251474758451516
"94" 0.0844106642270016 0.128707689007538 0.200758678418307 0.173244535989295 0.0898486811623781 0.151028038228776 0.348367891506757 0.244523195540293 0.091866670662897 0.161236544229697 0.600413860947668 0.300805905767999 0.0897323551412104 0.150353831938065 0.339670731286573 0.244944666625763
"95" 0.085227005501067 0.130511005250052 0.203365224993126 0.172283788802689 0.0907715771653844 0.153658891562404 0.358452505172373 0.240690287570807 0.0927856766732334 0.16406968930647 0.632984419874813 0.291570752699959 0.0905247285486319 0.15233647579246 0.342146642380726 0.238707220220911
"96" 0.0860596101710346 0.132362891451001 0.205963309340576 0.171273763293577 0.0917139231830132 0.15638353976776 0.368797635361903 0.236856849341229 0.093722558692358 0.166997994803302 0.667264406625657 0.282829139094654 0.0913289447025095 0.154352489208569 0.34417188867489 0.232753815785435
"97" 0.086908699723645 0.134264601786225 0.208545628350306 0.170217430756475 0.0926760358403858 0.159206262732977 0.379362504433786 0.233034146249612 0.0946775041623927 0.17002501675062 0.702876554137399 0.274553441657009 0.0921449182121791 0.156400908483335 0.345720475079411 0.227068709294708
"98" 0.087774663221912 0.136217770811905 0.211104939172405 0.169117752058196 0.0936584228471552 0.162132105983708 0.390096334213007 0.229232172729075 0.0956508838085293 0.173154981652399 0.739260484157394 0.266712158868951 0.0929727142989545 0.158481003948485 0.346772844196088 0.221636986086354
"99" 0.0886579693336999 0.138224234671119 0.213633742889992 0.167977686671501 0.0946616850079254 0.165166668517034 0.400936135942343 0.225459542439613 0.0966431517844243 0.176392529454777 0.775645030060239 0.259275985122947 0.0938124579584606 0.160592050066241 0.347315736420858 0.216443847078903
"100" 0.0895591291715892 0.140285956124021 0.216124161927192 0.166800186909559 0.0956864749959592 0.168316033673683 0.411805227591348 0.221723709278081 0.0976548031310323 0.179742608370763 0.811047796455561 0.252217298811281 0.0946642947335488 0.162733218332474 0.347342293283916 0.211475186423706
"101" 0.0904786825016528 0.142404997206659 0.218567911667077 0.165588186116519 0.0967334822417263 0.171586767982772 0.422612369666064 0.218031097929923 0.0986863575605156 0.183210438908743 0.844302551821819 0.245510430713055 0.0955283751719647 0.164903526097737 0.346852155548768 0.206717771408289
"102" 0.0914171935316811 0.144583511321109 0.220956316926855 0.164344585143607 0.0978034285433619 0.174985950668039 0.433251565832787 0.21438719835595 0.099738353995476 0.186801505511805 0.874120525195945 0.239131659997607 0.0964048489255415 0.167101807935015 0.345851431132003 0.202159260887418
"103" 0.0923752503798164 0.146823742577577 0.223280351958982 0.16307223907913 0.0988970678067252 0.178521218054136 0.443602657028528 0.210796647146796 0.100811349192902 0.190521557557759 0.899184927838269 0.233059111620124 0.0972938624870562 0.169326694977222 0.344352482970796 0.197788166265097
"104" 0.0933534657582253 0.149128027345102 0.225530695810946 0.161773945014231 0.100015187169805 0.182200816873053 0.453532857311448 0.207263303793138 0.101905917666957 0.194376611929924 0.918270347002409 0.227272624770606 0.0981955580421206 0.1715765965774 0.34237352936673 0.19359379588235
"105" 0.0943524781131336 0.151498796349592 0.227697800214864 0.160452431124211 0.101158608662734 0.186033665075261 0.462899352177857 0.203790323910722 0.103022652043904 0.198372954154059 0.930370991577299 0.221753618022501 0.0991100726593378 0.173849682405654 0.339938073226775 0.189566197212979
"106" 0.0953729529418458 0.153938576671804 0.229771968936106 0.159110347143933 0.102328191094868 0.190029420275973 0.47155301101018 0.200380229430247 0.104162163526154 0.202517136484586 0.934816638254748 0.216484959698208 0.100037537524396 0.17614386451392 0.337074190527026 0.185696101404251
"107" 0.0964155842204059 0.156449993403365 0.231743447833448 0.157750256235903 0.103524832097118 0.19419855666205 0.479343163678529 0.197034975307486 0.105325082381078 0.20681597174919 0.931354722277876 0.211450846615632 0.100978077141349 0.17845677939796 0.333813716336964 0.181974871411512
"108" 0.0974810959287069 0.159035770810111 0.233602524686506 0.156374628213845 0.104749470307457 0.198552451493442 0.486123267106538 0.1937560120621 0.106512058429249 0.211276521703331 0.92018221395822 0.206636691586121 0.101931808477606 0.180785770267491 0.330191369822655 0.178394453715966
"109" 0.0985702436753139 0.161698732861355 0.23533963747735 0.154985834065111 0.106003087704882 0.203103482560325 0.491757156663886 0.190544344530944 0.107723761522933 0.215906078427491 0.901920715505329 0.202029019888112 0.10289884004407 0.183127869820633 0.326243861535547 0.174947334140771
"110" 0.0996838164275805 0.164441802965804 0.236945489402035 0.153586141703926 0.10728671210049 0.20786513817705 0.496125459926325 0.187400585517218 0.108960882007195 0.220712136986946 0.877539916979754 0.197615374334221 0.103879270903856 0.185479783875624 0.322009019529906 0.171626496543918
"111" 0.100822638348113 0.167268002722413 0.23841116850024 0.152177712885114 0.108601419786883 0.212852141505118 0.499131668882158 0.184325005481167 0.110224131145519 0.225702357144607 0.848244755562611 0.193384228493657 0.10487318959461 0.187837876245281 0.31752497015018 0.168425385207083
"112" 0.101987570712448 0.170180449435177 0.239728269508708 0.150762601228033 0.109948338307674 0.218080591095094 0.500707340779102 0.181317577689246 0.111514241445202 0.230884511217417 0.815347487990358 0.189324907572425 0.105880672910322 0.190198155194852 0.312829398601153 0.165337870095321
"113" 0.103179513772392 0.173182352004428 0.240889015541129 0.149342751397333 0.111328649148193 0.223568119135748 0.500815940058795 0.178378019359529 0.112831966636706 0.236266413684433 0.780146166708013 0.185427516515586 0.106901784334921 0.192556261495294 0.307958908529258 0.1623582150392
"114" 0.104399408234909 0.176277004454514 0.241886378390269 0.147919999857028 0.112743589805277 0.229334066804267 0.499454946473335 0.175505829553397 0.114178080660756 0.241855824412924 0.743826360073205 0.181682875242569 0.107936571596025 0.194907457255104 0.302948491634884 0.159481048868308
"115" 0.105648234813517 0.179467775390357 0.242714198959892 0.146496078858545 0.114194452982036 0.235399668948083 0.496656029755375 0.172700326063885 0.115553373155571 0.247660307525586 0.707395443312377 0.178082462160018 0.108985061249933 0.197246611012852 0.297831111934356 0.156701340341853
"116" 0.106927008810159 0.182758088826089 0.243367321273162 0.14507262895231 0.115682578003768 0.241788086072291 0.492483316566403 0.169960687794777 0.116958635969065 0.253687013631323 0.671650937329261 0.174618370816481 0.110047245948857 0.19956816868148 0.292637406056667 0.154014380209655
"117" 0.108236759802811 0.186151166679752 0.243841675484106 0.143651234305614 0.117209319646784 0.248524656869429 0.487030030686571 0.167286019779033 0.118394624759302 0.259942184091478 0.637178535705872 0.171283294104982 0.111123051785165 0.201866170374591 0.287395681366516 0.151415780290778
"118" 0.109578296962362 0.18965033391211 0.244135005335761 0.142233581624955 0.118775784820089 0.255636676042686 0.480414376644341 0.16467561926365 0.119861847650141 0.266430640424051 0.604370665935372 0.168070757725311 0.11221222078553 0.204133965439349 0.282131576295114 0.148901692338685
"119" 0.110952527697291 0.19325823521166 0.244246771580485 0.140821525510767 0.120383120214482 0.263150802378159 0.472774890203637 0.162128939763919 0.121360698219117 0.273153037769801 0.573459062370082 0.164974878739581 0.113314293198046 0.206363724150259 0.276868643221401 0.146468523448949
"120" 0.112359209113781 0.196975711752217 0.244180094263287 0.139417362613401 0.122030960011837 0.271091146772275 0.464268210016325 0.159646122412918 0.122890051166706 0.280102871800654 0.544555631936718 0.16199099839409 0.114427674871679 0.208545283432258 0.271628602896102 0.144113552902845
"121" 0.113796749652387 0.200800596381443 0.24394380326652 0.138025936196807 0.123717214198757 0.279471210135548 0.455070517188422 0.157230335392961 0.124446804756047 0.287259750413469 0.517683580050809 0.15911750646924 0.115549114563064 0.210665615939214 0.266433761527223 0.141836197424103
"122" 0.115260894590941 0.204724208156861 0.243553789268637 0.136655899963444 0.125435342795987 0.288279722025727 0.44538250402667 0.15489012761776 0.126023714471744 0.294576580382666 0.492814409864471 0.156356577297572 0.116672482229534 0.212704590730699 0.261308093579056 0.139637925657644
"123" 0.116740997540712 0.208726508285358 0.243046755686942 0.135315727570396 0.127171707007249 0.297465020609679 0.435451735031235 0.152632858997276 0.127606149569514 0.301965133116492 0.469934777652544 0.153717327152887 0.11778591840073 0.214631151228215 0.256281602650389 0.137526167032832
"124" 0.118218858609423 0.212769521190717 0.242477178022962 0.134031491611352 0.128901476055257 0.306904508483178 0.425579209060919 0.150489338151371 0.129168528385675 0.3092738952536 0.44903891380428 0.151219320514205 0.118869536685383 0.216392970876758 0.251394790453299 0.135514993605906
"125" 0.119663698996283 0.216803987387582 0.241929697348197 0.132834326420355 0.130584808278149 0.316374924705287 0.416111493644765 0.14849617921726 0.130670683421846 0.316271375886444 0.43018253779495 0.148895924418594 0.119892824311792 0.217945641951009 0.246691955327164 0.133629502142349
"126" 0.12103394424194 0.220715875392982 0.24151541838401 0.131769559439914 0.132162978763287 0.325544215605479 0.407570063078007 0.146708351671007 0.132056057266723 0.322639243271359 0.413498903645573 0.146797819304455 0.120812658486245 0.219183145315868 0.242263770234745 0.131903796461095
"127" 0.122273649351084 0.224389522400575 0.241391590815155 0.130893768067543 0.133566080493614 0.333966412116298 0.400498923248154 0.145195392553875 0.133253649841689 0.327992374422427 0.399184078602797 0.144985393098313 0.121579448282783 0.220013472767382 0.238193569692277 0.130384103545629
"128" 0.123298997878395 0.227677376181411 0.241711369151187 0.130269511910355 0.134711521830352 0.341125595526266 0.395504149457751 0.14403726960841 0.134185091271391 0.331903889785193 0.387475252624913 0.143530561191911 0.122129945253436 0.220339415982258 0.234580244302946 0.129127531351951
"129" 0.124103888646562 0.230429965023221 0.242622824699307 0.129956440474183 0.135520916068062 0.346507470236039 0.393158675884172 0.143303489156579 0.134773856488021 0.333998937634979 0.378593690597123 0.142500936399878 0.122424154948253 0.220067224931864 0.231517458391729 0.128172634943964
"130" 0.124599570121127 0.232515135569502 0.244250258374858 0.130000706410427 0.135927564507187 0.349693243658424 0.393995680075016 0.143053040703884 0.134969962470425 0.334016060297001 0.372672280089029 0.141946712043883 0.122412839781229 0.219145084318169 0.229070912737595 0.12756043117988
"131" 0.124756158603135 0.233845293750092 0.246658476971502 0.130425865450801 0.135912535038583 0.350444525231979 0.39829016541357 0.143314028252236 0.134746680391702 0.33187295470692 0.369696399673429 0.141893069742351 0.12208533645086 0.217579328148221 0.227268908549668 0.127306777101323
"132" 0.124582255709321 0.234388796293031 0.249859350476623 0.13122841368828 0.135477769524487 0.348756828648575 0.406172889814684 0.144081787330469 0.134116222587212 0.327702062956346 0.369474212006128 0.142328123608792 0.121454134862925 0.215414090398962 0.226079719931056 0.127395250861549
"133" 0.124102357590183 0.23419109371886 0.253797649172019 0.132379919784243 0.134671657258182 0.344854212164196 0.417571209829451 0.145310492981789 0.133124794099759 0.321781105965443 0.371644649339831 0.143208757526422 0.120556252693881 0.212744995943963 0.225430959315343 0.127806542766821
"134" 0.123378933852684 0.233335424462206 0.258375300166043 0.133833191133005 0.133548241232295 0.339134084627267 0.432272680833243 0.146943549875508 0.131842491035728 0.314534588289198 0.375728658567385 0.144469294096471 0.119445419077216 0.209690540096026 0.225212498103269 0.128483757169628
"135" 0.122467286602927 0.23193710004178 0.263475412421392 0.135533427085173 0.132192405413011 0.33207974023378 0.450019583227443 0.148905861450887 0.130347987843859 0.306445262318733 0.381195155757085 0.146035226386948 0.1181815295883 0.206370452289066 0.225282893421875 0.129370687304011
"136" 0.121417121202394 0.230121915867499 0.268985041524294 0.137429421976895 0.130690912223867 0.324175163791698 0.470572937933825 0.151126369538742 0.128722596315891 0.297902344458204 0.387530972520906 0.147824227103434 0.116821711395708 0.202903850828185 0.225533275260413 0.130398613522834
"137" 0.120284952782518 0.228004292917183 0.274805642563581 0.139477273401523 0.129100648500626 0.315834334873143 0.493765662191287 0.153548427559499 0.127024484908038 0.289260007266122 0.394296717445758 0.149782742330046 0.115412329920658 0.199377561315708 0.225847931920451 0.131529066844958
"138" 0.119107822473881 0.225677256155414 0.280859048701369 0.141645381379026 0.127472736630038 0.307367362643636 0.519523389889599 0.156128088452554 0.125303353416944 0.28075376978272 0.401130336246459 0.151862591253214 0.11398786042388 0.195856765963243 0.22614674509623 0.132723934266127
"139" 0.117913150878663 0.223207923529039 0.287088603377963 0.143913664356878 0.125841397459893 0.298988039003433 0.547857322828671 0.158838048282933 0.123590369514001 0.272528496388542 0.407756725442208 0.15403142099175 0.112570794398466 0.192381850228041 0.226364354707248 0.133953283011477
"140" 0.116717265193763 0.220642805992294 0.293452457583876 0.146271348449041 0.124226560587644 0.290824198708904 0.578822851048277 0.161663546196646 0.121903810040463 0.264657836680806 0.413972277315503 0.156270302707791 0.111174255690928 0.188976181334182 0.226475829419135 0.135204341948393
"141" 0.115529331998371 0.218011293273227 0.299917944968355 0.148714228535737 0.122638851925341 0.282938692180045 0.612480770272481 0.164598756704909 0.120253013744177 0.257167640866515 0.41962522681574 0.158569083406516 0.109804931273613 0.185651385215135 0.226457221263748 0.136466446814656
"142" 0.114354050964933 0.215333866187124 0.306456348168787 0.151242127313402 0.121083162405261 0.275359856222415 0.648841988247026 0.167643156835511 0.11864188110057 0.250055962528289 0.424595408798206 0.160922477660861 0.108465624907599 0.182412137672004 0.226298778031236 0.137734171317028
"143" 0.113193581308207 0.212624075135535 0.313039018360781 0.153857400806915 0.119561178645414 0.268092907799869 0.687809180405744 0.170799934853708 0.117071319055164 0.243307002302552 0.42878750311612 0.163328804995287 0.107157007390404 0.179259318997964 0.22599673533151 0.139004308090087
"144" 0.112048819044849 0.209892053539711 0.319635061488754 0.156563635903446 0.118073029875885 0.261132107586512 0.729114965770481 0.174073788827995 0.115540816422267 0.236899399042292 0.432124173530112 0.165787307374051 0.105878747225691 0.176191996940977 0.225550800879257 0.140274744606159
"145" 0.110920068982626 0.207146041141388 0.326209994845643 0.159365218593363 0.116618152263776 0.254466770876154 0.77226064669066 0.177470544845469 0.114049260318219 0.230810595290239 0.434544325546246 0.168297903786422 0.104630085647579 0.17320841431833 0.224962686234068 0.141543815918622
"146" 0.109807380902774 0.204393158429391 0.332725117659296 0.162267049426367 0.115195715729565 0.248084272637947 0.816463376734474 0.180996721105946 0.112595334647858 0.225018768625413 0.436003350430747 0.170860651708474 0.103410116775329 0.170306469736166 0.22423536578622 0.142809992970485
"147" 0.108710698616445 0.201639758136008 0.339137322597006 0.165274449330558 0.113804810330632 0.241971448152557 0.860624242818072 0.184659393202899 0.111177690957581 0.21950354763974 0.436474101300466 0.173475552046965 0.10221790735525 0.167483929818586 0.223372717801369 0.144071746028735
"148" 0.107629920127932 0.198891574929731 0.345399212674261 0.168393142162957 0.11244451935311 0.236115206972063 0.903332227295173 0.188466163914159 0.109795013013243 0.214246173861513 0.435947744094681 0.176142457244773 0.101052542091885 0.164738518986015 0.222379343055361 0.145327490743979
"149" 0.106564920222344 0.196153791222391 0.351459469795075 0.171629270839967 0.111113944894743 0.230502797786661 0.942917653825434 0.192425178006849 0.10844603728263 0.20922944819893 0.434434026893507 0.178861021071721 0.0999131382661889 0.162067958496898 0.221260454873973 0.146575569171027
"150" 0.10551555878471 0.193431073129602 0.357263462255345 0.174989428171117 0.109812215584845 0.225121926314192 0.977562044538755 0.196545155600458 0.107129557111541 0.204437609699664 0.431960774330253 0.181630662550653 0.0987988490349602 0.159469985770415 0.220021793214785 0.147814244355839
"151" 0.104481684194156 0.190727598034699 0.362754091142729 0.17848069522765 0.10853848824983 0.219960810511072 1.00545960616205 0.200835433640269 0.105844421571426 0.199856203064722 0.428572582834272 0.18445053306432 0.0977088630256923 0.156942366004602 0.218669544797742 0.149041699998867
"152" 0.103463135133573 0.188047080986226 0.367872871426851 0.182110685008166 0.107291947722051 0.21500820589353 1.02501127042371 0.20530601173727 0.104589532841412 0.195471953125158 0.424328801671485 0.187319482754565 0.0966424028914293 0.154482900360176 0.21721026394846 0.150256042202943
"153" 0.102459741889102 0.185392801771484 0.372561230365597 0.185887591022648 0.106071806134092 0.210253414725972 1.03501967912643 0.209967601059067 0.103363843337642 0.191272651503724 0.419300955007888 0.190236025009709 0.0955987236594346 0.152089432181237 0.215650793578403 0.151455302381085
"154" 0.101471327450725 0.182767632739996 0.376761988242315 0.189820241068092 0.104877302084134 0.205686283830777 1.03484757712423 0.214831675662565 0.102166352922013 0.187247054542449 0.413569800468567 0.193198298782272 0.0945771111021752 0.149759851803357 0.213998187243346 0.152637441090997
"155" 0.100497708523153 0.180174067045999 0.380420967479497 0.193918156703252 0.103707699801717 0.201297195491163 1.02450606133233 0.219910525725906 0.100996106291214 0.183384792636042 0.407222233852693 0.196204028825057 0.0935768802072321 0.147492100267245 0.212259633617368 0.153800352767292
"156" 0.099538696403278 0.177614246715375 0.383488658458826 0.198191619036435 0.102562288265061 0.197077052763352 1.00465302154171 0.225217311953388 0.0998521904790256 0.179676288952808 0.400348239745487 0.199250484103792 0.0925973736875682 0.145284171996165 0.210442384480655 0.154941871372403
"157" 0.0985940978454967 0.17508999040573 0.385921856402156 0.202651741511348 0.101440380401894 0.193017261398106 0.97650212591175 0.230766120103533 0.0987337325860463 0.176112686954786 0.393038061422508 0.202334434772308 0.0916379606379387 0.143134116795676 0.208553687508135 0.156059776987411
"158" 0.0976637158213668 0.172602820310169 0.387685175705921 0.207310550432369 0.100341312264992 0.189109709222127 0.941662609228543 0.236572014133422 0.0976398976155134 0.172685785381442 0.38537972121791 0.205452108288076 0.0906980352348921 0.141040041106822 0.206600724502006 0.157151803394359
"159" 0.0967473502064142 0.170153988058592 0.388752347943866 0.212181073993468 0.0992644422207501 0.185346744140262 0.901943719636912 0.242651085811951 0.0965698864414143 0.169387980013249 0.377456977683936 0.208599145213099 0.0897770155053784 0.139000108701951 0.204590555731853 0.158215646556262
"160" 0.0958447984587023 0.167744499521361 0.389107218335971 0.217277440462801 0.0982091502090434 0.181721151436374 0.859161309983722 0.249020497679069 0.0955229339533982 0.166212211413007 0.369347759202954 0.211770555766953 0.0888743422119042 0.137012540979792 0.20253007093356 0.159248974154227
"161" 0.0949558562604631 0.165375138384084 0.388744372768131 0.222614985482918 0.0971748370484183 0.178226131033722 0.814977839535771 0.25569851437268 0.0944983073440087 0.163151918078115 0.361123073491879 0.214960677800629 0.0879894778220084 0.13507561693176 0.200425947117286 0.160249435964908
"162" 0.0940803183783368 0.163046488971881 0.387669353193396 0.22821036585303 0.0961609240544802 0.17485527568365 0.770794364957807 0.262704513074782 0.0934953047893466 0.16020099491665 0.352846361295369 0.218163137140185 0.0871219057916955 0.133187673274433 0.19828461392683 0.161214675165073
"163" 0.0932179803378098 0.160758959775947 0.385898452282173 0.234081667685575 0.0951668536224705 0.171602552172475 0.727698800390368 0.270058951508163 0.0925132551489976 0.157353758111502 0.344573244014111 0.221370809758453 0.0862711307161703 0.131347105935582 0.196112228235793 0.16214234027174
"164" 0.0923686430124747 0.158512812819269 0.383458348590533 0.240248014952966 0.0941920930588645 0.16846229179571 0.686463091272131 0.277782725449496 0.0915515209015904 0.154604921247418 0.336351797592869 0.224575715841301 0.0854366813123872 0.12955237684702 0.193914664234538 0.163030097408616
"165" 0.0915321260574646 0.156308389245064 0.380384812534288 0.246730316762226 0.0932361481268243 0.165429414367747 0.647576670305945 0.28589775610624 0.0906095106019938 0.151949779919305 0.32822261736119 0.227769085477806 0.0846181217946445 0.127802170312717 0.19169775823925 0.16387563012219
"166" 0.0907083052397411 0.154145337426726 0.376720496907113 0.253553259149263 0.092298602721723 0.162498480655402 0.611295349290871 0.294428916218444 0.0896867168330219 0.149383365442478 0.320218560951864 0.230941614432117 0.0838150857712791 0.126094794630082 0.189466304628023 0.164676705747902
"167" 0.0898977503333945 0.152025953114735 0.372524486358365 0.260723182772199 0.091379813537914 0.159667588168576 0.577704184749708 0.303378615710494 0.0887833917061577 0.146903870919227 0.312374372186642 0.234080232128273 0.0830278740005135 0.124430699934332 0.187228235825099 0.16543096980747
"168" 0.0891005425639022 0.149950528167961 0.367853076396863 0.268289746685838 0.0904796196400926 0.156932862672483 0.546773695876104 0.312796038287443 0.0878992903752456 0.14450778662133 0.304713021231956 0.237173261520292 0.0822563433425855 0.122808942792927 0.184988745047115 0.166136270015974
"169" 0.0883184902587116 0.147923686952617 0.362783336183398 0.276164307432512 0.0895997579161362 0.154295887619148 0.518414453073723 0.322571242139842 0.0870360214780826 0.14219644447127 0.29726698778575 0.240211581425521 0.081501985853017 0.121231976108414 0.182758248121661 0.166790730676737
"170" 0.0875489749723379 0.145953848285446 0.35740861756735 0.284387409491844 0.0887371518876926 0.151763045699103 0.492526036673921 0.332737091768354 0.0861905149298428 0.139975432057842 0.290076657174134 0.243147095386864 0.0807621514181736 0.119694058279024 0.180551690704754 0.167390415887252
"171" 0.0868050304752186 0.144056512507141 0.351851448385686 0.29283906368537 0.087905807537509 0.149349369416589 0.469042482261467 0.34314123054402 0.0853763323807187 0.1378579831751 0.283202825940104 0.245973576557611 0.0800488961160386 0.118239605954359 0.17839267028379 0.167933907793773
"172" 0.0861128770405566 0.142257560668272 0.346272078016139 0.301344370669447 0.0871341248665361 0.147082414574524 0.447974779031793 0.353565388514695 0.0846210505499863 0.135868389067475 0.276735582512811 0.248638516055188 0.0793866677445696 0.116853761586899 0.176317567360942 0.168417336613585
"173" 0.0854604478739409 0.140595246315716 0.34087994887443 0.30962584755004 0.0864087682777001 0.145004605805746 0.429440684448207 0.363671850000031 0.0839116319561737 0.134044062725612 0.270805519466771 0.251083409330998 0.0787639876512817 0.115576572103126 0.174378020068157 0.168836619325885
"174" 0.0848803984518123 0.139121697480774 0.335932531145445 0.317298343425384 0.0857651892169582 0.143175019126391 0.413676221278067 0.37299878277081 0.0832825288679526 0.132437106921749 0.265584604633921 0.253234025034216 0.0782113749454734 0.114446284084391 0.172642767398412 0.169186973519384
"175" 0.0843975881085788 0.13789867710968 0.331721405968685 0.323893686962143 0.0852303590501755 0.14166441946231 0.401017082356935 0.380989980822666 0.082759947522452 0.131109934947859 0.261276632693944 0.255005975596855 0.0777520490828214 0.113509717634197 0.171192247445411 0.169463152443229
"176" 0.0840385348064742 0.136990932272463 0.328540747433359 0.328915809418694 0.0848331961647144 0.14054747100216 0.391845058844885 0.387059750327537 0.0823718880488157 0.130128398643142 0.258093263247507 0.256313197501466 0.0774108085552462 0.112815215616097 0.170110147436134 0.169659966950362
"177" 0.0838263850175977 0.136454961382975 0.326641960939807 0.331930417299541 0.0845985218123698 0.139889558742884 0.386513051486936 0.390697159455615 0.0821428112847703 0.129550165210084 0.256219087060633 0.257081805719807 0.0772093125314719 0.112405414825671 0.169469181154861 0.169773026618467
"178" 0.0837759710072721 0.136327729489722 0.326189849743748 0.332650979689134 0.0845428005765735 0.139733544914167 0.385255928863878 0.391566268272226 0.0820883977140436 0.129413037243498 0.255774760638337 0.257263908419082 0.0771614441362827 0.112308161165024 0.169316810912703 0.169799512574823
"179" 0.0838911362598812 0.136618416466608 0.327222963614204 0.331007155635765 0.0846700997812113 0.140090082213888 0.388132813154713 0.389583645060961 0.0822127120327611 0.129726409912266 0.256790237169694 0.256847658057365 0.0772708018279877 0.112530371979482 0.16966481219895 0.16973873458064
"180" 0.0841633119953788 0.137306278797293 0.32965070856839 0.327159250005118 0.0849712288525177 0.140935103529324 0.395010448470261 0.384938204054672 0.0825068174631963 0.130469057153888 0.259197826649792 0.255859851167931 0.077529363648508 0.113056417471496 0.170486570149698 0.16959227333568
"181" 0.0845740560158883 0.138345432029336 0.333269986873611 0.321460713849869 0.0854257550889447 0.142215436442381 0.405599438701831 0.378044847978133 0.0829508468932123 0.131594083098804 0.262847716187368 0.254360111060976 0.0779198693467087 0.113851740902396 0.171723126676697 0.169363655228764
"182" 0.0850983345445337 0.139674766770355 0.337806434565452 0.314383118347823 0.0860068567543772 0.143860442719959 0.419524063710896 0.369458919931247 0.0835187253835155 0.133039187103775 0.267540124724785 0.252428792484495 0.0784188985620575 0.11487022426717 0.173295722150481 0.169057679931691
"183" 0.0856854408198755 0.141229396802099 0.342962108902207 0.306418958471126 0.0866857472145079 0.145795451507278 0.436412774323124 0.359763218026785 0.0841824748973621 0.134738511206257 0.27306278057755 0.250152922225268 0.0790017791616942 0.116063554429809 0.175120284797112 0.168679633137335
"184" 0.0863842380412132 0.142950971834226 0.348456029103179 0.298009320867341 0.087436316066887 0.14795385576103 0.455964646130259 0.349483398498334 0.0849167301900031 0.136633309404771 0.279222322504961 0.24761341346057 0.0796465165284117 0.117360194983695 0.177120494957163 0.168234618342797
"185" 0.0871034487053819 0.144792534631715 0.354048959264168 0.289498038073646 0.0882387341582013 0.150282794310528 0.477989775380069 0.339033820026108 0.0857022464437104 0.138676961350734 0.285862570832128 0.244878712833288 0.0803345889229428 0.118807617279646 0.179233972565066 0.167727149519331
"186" 0.0878527822432423 0.146721098404663 0.359551211723264 0.281120424906581 0.0890772591144049 0.152746162972856 0.502415165602404 0.328703246615804 0.0865237626832212 0.140837631043496 0.292869913417178 0.242001222933307 0.0810538950271846 0.12029924007063 0.181415013203169 0.167161023066439
"187" 0.0886240746694439 0.148714560921249 0.364818708983909 0.273016495323238 0.0899431867782673 0.155320972996315 0.529264362587759 0.318669009780935 0.0873728739256588 0.143095059675059 0.300166596090706 0.239020487177684 0.0817964584929421 0.121846541820519 0.183633578320067 0.166539395187621
"188" 0.0894114526989192 0.150758964571553 0.369733531975223 0.265254942992934 0.090830325088203 0.157994129479468 0.558622084590173 0.309023974410524 0.0882436258834813 0.145437728986154 0.307694652793647 0.235963578416518 0.0825569501073555 0.123439834144079 0.185868907002481 0.16586495824587
"189" 0.0902149611648011 0.152854286811744 0.374235333421509 0.257858934416821 0.0917389495179649 0.160769261667179 0.590590309523667 0.299805971602547 0.0891363648266717 0.14786888816498 0.315438735769689 0.232850669211374 0.0833356092935729 0.125080085826222 0.188108990794241 0.165140127015095
"190" 0.091030832317479 0.154991054824722 0.378229503375161 0.250826692278129 0.0926651920368049 0.163639215981268 0.625240476041341 0.291021555225346 0.0900474103780189 0.150382304732629 0.323349393689024 0.229697162497877 0.0841291100144751 0.126761214468032 0.190345318044458 0.164367185623792
"191" 0.0918594982190792 0.157170128219105 0.381666123987152 0.244142663119802 0.0936097791722145 0.166609248566009 0.662564388023631 0.282659176236155 0.0909775604913266 0.152982720137609 0.331405027989125 0.226515556211569 0.0849380829287972 0.128485004964049 0.192571357499378 0.163548381392481
"192" 0.0927010447159869 0.159390996080619 0.384495482409832 0.237787065179281 0.0945730753597068 0.169683890217757 0.702416761907155 0.2747004984443 0.0919272677489961 0.155674274809964 0.339575258888534 0.223316534729303 0.0857628487687368 0.13025264708505 0.194781344589227 0.162685973512496
"193" 0.0935554594244437 0.161653409519514 0.386676282282147 0.231739089279249 0.0955553542655174 0.172867682131197 0.74445642745471 0.267124469900458 0.0928969039992726 0.158461164995916 0.347822276354135 0.220109535775255 0.0866036521216502 0.132065198918631 0.196969658686901 0.16178225116784
"194" 0.0944229587010262 0.163957133796453 0.38817616884267 0.225978585328052 0.0965571563373206 0.176166141762075 0.788088811961991 0.25990960234242 0.0938871089805485 0.161348504068444 0.356102909012393 0.216903022792325 0.0874609694614912 0.133924197499211 0.199130542140056 0.160839534315051
"195" 0.0953037419742305 0.166301846952819 0.388972539137419 0.220486673534396 0.0975790219639856 0.17958507325948 0.83241994229601 0.253034959768669 0.0948985312989441 0.164341726077917 0.364366236946918 0.213704609701414 0.0883352797125892 0.135831203278812 0.20125799340226 0.1598601661095
"196" 0.0961980103992945 0.168687064828845 0.389053260009793 0.215245861228581 0.0986215129489426 0.183130643799145 0.876235923449848 0.246480523796567 0.0959318500800427 0.167446666920431 0.372553520621047 0.210521124139067 0.0892270830314909 0.137787836762651 0.203345740836391 0.15884650175242
"197" 0.0971059689003238 0.171112126857069 0.388417090715121 0.210240048094831 0.0996852159379182 0.186809411917258 0.918023704971693 0.240227380324978 0.0969877791267887 0.170669605941321 0.380598297207128 0.207358659188476 0.0901369040865046 0.139795783553144 0.205387252381512 0.157800897066212
"198" 0.0980278211563687 0.173576165062471 0.387073715946957 0.205454384562658 0.100770738224427 0.190628338399747 0.956044509561756 0.234257698505967 0.0980670637350237 0.174017295483794 0.38842673654814 0.204222607406765 0.0910652888117935 0.14185678753369 0.207375762511617 0.156725696512475
"199" 0.098963768829593 0.176078079691402 0.385043363040768 0.200875187695677 0.101878708256555 0.194594807035629 0.988463575159253 0.228554741890205 0.0991704821684643 0.177497003150595 0.395958461586693 0.201117705796955 0.0920128052487439 0.143972649865998 0.209304308850855 0.15562322249119
"200" 0.0999140109050915 0.178616515754364 0.382356022111933 0.196489834621957 0.103009776344824 0.19871664811496 1.01352629771416 0.223102828635239 0.100298847421643 0.181116561338492 0.403107823778173 0.198048077803884 0.0929800446048676 0.146145229367284 0.211165777116195 0.154495765244924
"201" 0.100878743013224 0.18118983765424 0.379050321803574 0.19228666807998 0.104164615434058 0.203002160776871 1.02975674763937 0.21788728555479 0.101453009146834 0.184884421630976 0.409785658365526 0.195017277349187 0.0939676224172082 0.148376441978037 0.212952952623145 0.153345573759075
"202" 0.101858156705187 0.183796102859426 0.37517213526393 0.188254911019249 0.105343921910549 0.207460134566919 1.0361438375276 0.212894397031885 0.102633855727467 0.188809715607601 0.415901506128232 0.192028332950475 0.094976179801408 0.150668259853638 0.214658578395122 0.152174847610417
"203" 0.102852438662632 0.18643303462357 0.370773006265148 0.184384589244069 0.106548416426849 0.212099869335938 1.03227781303161 0.208111351154303 0.103842316578351 0.192902322822204 0.421366244038722 0.189083791391813 0.0960063848572112 0.153022709950112 0.216275419150149 0.150985729801443
"204" 0.103861769826481 0.18909799409044 0.365908490051725 0.180666461431012 0.107778844733456 0.216931191340283 1.01840749237888 0.203526185045522 0.105079364073466 0.197172945874073 0.42609501801569 0.186185760198615 0.0970589336684754 0.155441871172611 0.217796330536358 0.149780300517491
"205" 0.104886324463843 0.191787952082665 0.360636500310342 0.177091955933968 0.109035978538197 0.221964467647966 0.99540537968912 0.199127730853347 0.106346016941432 0.20163319678205 0.430010336318738 0.183335948579533 0.0981345526012459 0.157927872530061 0.219214332627166 0.148560571861467
"206" 0.105926269146608 0.194499461026439 0.35501574278807 0.173653113569207 0.110320616369457 0.227210611258619 0.964648530343571 0.194905563131318 0.107643342111431 0.206295690526311 0.433045125580394 0.180535706340073 0.0992339990919331 0.160482887794503 0.220522686537686 0.147328483437158
"207" 0.106981761648357 0.197228627552501 0.349104300897525 0.170342535921984 0.111633584451093 0.232681080580329 0.927841309258064 0.190849948381409 0.108972458042841 0.211174152453982 0.435145555482346 0.177786060673143 0.100358063733769 0.16310913083615 0.221714972788906 0.146085898832524
"208" 0.108052949758273 0.199971086453857 0.342958419305539 0.167153338522367 0.11297573758554 0.238387866985907 0.886816428675308 0.186951796990203 0.110334537741553 0.216283537825431 0.436273416493619 0.175087750552699 0.101507571980045 0.165808848764114 0.222785169821371 0.144834602874774
"209" 0.109139970096616 0.202721977045841 0.336631512896635 0.1640791084671 0.114347960117625 0.244343468488636 0.843350526917889 0.183202617872636 0.111730812129177 0.221640166197391 0.436407866710311 0.172441258723115 0.102683386053899 0.168584313413829 0.223727730907904 0.143576299609803
"210" 0.110242946939277 0.205475923316371 0.330173410579754 0.161113865962417 0.115751166938792 0.25056084593817 0.799021490902186 0.17959447568446 0.113162573570383 0.22726187156811 0.435546403129809 0.169846840986034 0.103886406804266 0.171437810059076 0.22453765754153 0.142312610709332
"211" 0.111361991717432 0.208227021550152 0.323629829040947 0.158252029794523 0.117186305062236 0.257053360566579 0.755120883638128 0.176119950932053 0.114631179815219 0.233168168768122 0.433704973946675 0.167304552884945 0.105117575527177 0.174371621705208 0.225210561211263 0.141045074104946
"212" 0.112497204196834 0.210968842485226 0.317042062162572 0.155488386430362 0.118654356389126 0.263834696724394 0.712621077710842 0.172772102400526 0.116138058210029 0.239380432347485 0.430917214070893 0.164814272760341 0.106377875033718 0.177388003805434 0.225742721785954 0.139775141516493
"213" 0.113648674167009 0.213694441099446 0.310446868785296 0.152818063461888 0.120156341206962 0.270918789065613 0.672186675599132 0.169544431664964 0.117684710736174 0.245922076088107 0.427232851145114 0.162375719688477 0.10766833109137 0.180489155145033 0.226131104710113 0.138504172537354
"214" 0.114816519456241 0.216396574225801 0.303876546611805 0.15023650897619 0.121693344797428 0.278319804427058 0.634215048769403 0.166430848890942 0.119272717388721 0.252818702787236 0.42271537589439 0.159988462727251 0.108989994868231 0.183677040753634 0.226373337071448 0.137233420126628
"215" 0.116000883573552 0.219067692329119 0.297359193950566 0.147739480150204 0.123266520978567 0.286052283363714 0.598890853985148 0.163425638726986 0.120903745598369 0.260098160999439 0.417439093708132 0.157651915018414 0.110343950030198 0.186953378653957 0.226467583048502 0.135963998240004
"216" 0.117202059452605 0.221700635421296 0.290919179562424 0.145323046512284 0.124877175762852 0.294131174298383 0.566242503205795 0.160523424802174 0.122579552504952 0.267790734468998 0.411485673918996 0.155365303082706 0.111731252862961 0.19031911661879 0.226412256774895 0.134696817560148
"217" 0.118420615964687 0.224289333592614 0.284577852770947 0.142983614848832 0.126526857020462 0.302575158986462 0.536192864433841 0.157719131676542 0.124301991722074 0.275926926980013 0.404940310893637 0.153127600412595 0.113152874619814 0.193773894298936 0.226205493073033 0.133432472944841
"218" 0.119657636804523 0.226830121682097 0.278354508870288 0.140717981416248 0.128217518337194 0.311404116328495 0.50860048398703 0.155007944724772 0.126073014326486 0.284539748015002 0.397887647589008 0.150937419387001 0.114609583663282 0.197315033895452 0.225844323427139 0.132171072091727
"219" 0.120915042621957 0.229323502919776 0.27226755266151 0.138523409935291 0.129951738920939 0.320646572387705 0.483290565116142 0.152385271741895 0.127894662625097 0.29365949795351 0.3904077334372 0.148792871152587 0.116101778748087 0.200936151269136 0.225323601151947 0.130912015722397
"220" 0.122195957510882 0.231776149611314 0.266335665321498 0.136397718928353 0.131732973131193 0.330337115846454 0.460076642966858 0.149846714307915 0.129769052056716 0.303312910100365 0.382575770294451 0.146691430345319 0.117629286197783 0.204625508258606 0.224634899173638 0.129653777520593
"221" 0.123505017737138 0.23419845212537 0.26057861045113 0.134339341761569 0.133565762115962 0.340534788429208 0.438774580414709 0.147388059723382 0.131698339685621 0.313519865720374 0.374448588993531 0.144629872500147 0.119191167075078 0.20836448690824 0.223769095817761 0.128393777455274
"222" 0.124848472131824 0.236619790409215 0.255013294856297 0.132347306458275 0.135455809573299 0.351305889890941 0.419210558814255 0.145005302186093 0.133684684571849 0.324295849730308 0.366079479977128 0.142604368301895 0.120785611231436 0.212130972127076 0.222705009229668 0.127128470037781
"223" 0.12623392458206 0.239066799514372 0.249666905750832 0.130421084151482 0.137409826523712 0.36274043779585 0.401224537791509 0.142694324613314 0.13573021473181 0.335631644218805 0.35750995478127 0.140611653402187 0.122410005646857 0.215884557839238 0.22142668772847 0.125855284792772
"224" 0.127669649097011 0.241573861983571 0.24455481257319 0.128560286292294 0.139435104189066 0.374935264663347 0.384670483309917 0.140452802907195 0.137837022413389 0.347519383913776 0.34877903935066 0.138645284080079 0.124061235043758 0.21958987661142 0.219918253405286 0.124565667933826
"225" 0.129163558742695 0.244170848806024 0.239688245383841 0.126764248930109 0.141538872134001 0.387993075491154 0.36941461350896 0.138276576408811 0.140007207369342 0.359940994016766 0.339927682956353 0.136704834388221 0.125736199662008 0.22320886101259 0.218167836651957 0.123261383198477
"226" 0.130722072862555 0.246878748252659 0.235071461755945 0.125029734053003 0.143727601291484 0.402012966583524 0.355332912645539 0.136162694991701 0.142244055476369 0.37287043317337 0.331004406527231 0.134789026011763 0.127434695747182 0.226704986255544 0.216175606183597 0.12194212333854
"227" 0.13234921640604 0.249703785683976 0.230695402566116 0.123359982055971 0.146006463516393 0.417068803272076 0.342309045498953 0.134110753919897 0.144546760335675 0.386284999888561 0.322067818403707 0.13289479584524 0.129148705777344 0.230052564227135 0.213956535537263 0.120603162627183
"228" 0.134046239148941 0.252635013197449 0.226541734023989 0.121745930635716 0.148379124826964 0.433211043267306 0.330233441558032 0.13211673123622 0.146922325062152 0.400160736101772 0.313186367856716 0.131027394066075 0.130887199884208 0.233234910222027 0.211529008625118 0.119256709405654
"229" 0.135811871457326 0.255646589969484 0.222581386886827 0.120185135313421 0.15084727845778 0.450455932889837 0.319003744880193 0.130178840860871 0.149370883974306 0.414477864084978 0.304427213149929 0.129189632697298 0.132643854178503 0.236248795469445 0.208935077508664 0.117901281595752
"230" 0.137641928358314 0.258697887381 0.218784220232337 0.11867184231779 0.153414006807774 0.468785788475509 0.30852625001406 0.128296293013003 0.151896777770357 0.429206487687693 0.295860394240773 0.127383027779666 0.13442747198196 0.23909580061048 0.206214981284973 0.116549182616571
"231" 0.139535623487639 0.261746246326409 0.215122423584159 0.117203758927938 0.156080120642718 0.488143769867978 0.29871764107266 0.126466718127862 0.154506301215035 0.444305645595306 0.287543650494822 0.125613479667881 0.136239894055328 0.241780348006571 0.203406233822543 0.115205589016163
"232" 0.141488597880462 0.264748610249403 0.211565183509636 0.115775723110634 0.158848468705887 0.508445130267872 0.289506514747935 0.124688711062489 0.157203428821936 0.459713094328426 0.279516422882037 0.123883843054472 0.138086165419079 0.244316240197806 0.200552576260869 0.113877388930354
"233" 0.143500922006561 0.267669920825793 0.208098844869302 0.114385737945343 0.161725160771679 0.529559205823649 0.280834844497687 0.122962042870534 0.159997157017481 0.475350696372155 0.271814044534927 0.122197040723717 0.139971180120871 0.246708225039443 0.197682211776687 0.11256952811482
"234" 0.145579155565161 0.270485184011365 0.20471768622303 0.113035546900561 0.164723878182149 0.551340211335018 0.272660663660018 0.121289629068321 0.162902600516694 0.4911178711513 0.264452602370345 0.120559054900542 0.141906581333607 0.248969730718028 0.194825611993335 0.111290319377363
"235" 0.147743954640362 0.273200871370103 0.201433480702005 0.111734681835442 0.167875204164099 0.573631772608133 0.264964228343298 0.119681901245227 0.165950716438199 0.506918945280116 0.257455302214738 0.118982050006118 0.14391517715358 0.25112622497876 0.19201523742482 0.110053024157206
"236" 0.150045032028098 0.275871191282605 0.198287650181876 0.110508509600611 0.171245069142995 0.596328335102794 0.257764397014793 0.118165452782772 0.169206513012787 0.522722236826613 0.250865382984971 0.117493594886056 0.146046456867573 0.253245361569074 0.189306966695364 0.108885051682418
"237" 0.152587333568259 0.278642179816844 0.19537459737913 0.10941215338658 0.174966997226965 0.619471595355044 0.251141531904791 0.116797859174659 0.172800829195014 0.538642616449746 0.244781287070072 0.116151650186253 0.148402161823695 0.255470756697205 0.186799647154406 0.107842222302989
"238" 0.155569492109266 0.281810053570905 0.192873523527342 0.1085509399398 0.179289518790445 0.64340906674066 0.24527945607207 0.11568931413617 0.176976952476977 0.555078036113852 0.239395481394307 0.115066298223974 0.151173615001887 0.258080562054013 0.184671516589144 0.107029389898101
"239" 0.159328661224595 0.28589214594364 0.191088245755154 0.108103690710346 0.184631722743231 0.668974956732386 0.240509457170195 0.115027187141692 0.182145133338226 0.572863465602807 0.235042303642209 0.114424325324912 0.154685054474898 0.261552237963183 0.183219235904606 0.106623753259604
"240" 0.164373227710447 0.291674880656288 0.190473051340182 0.108338743345905 0.191624565257371 0.697623567496097 0.237340455927226 0.115092863041604 0.188923014328962 0.59338061426423 0.232229218611722 0.114506070987052 0.159425314521843 0.266607698855104 0.18288444605408 0.106890875139004
"241" 0.171372489164859 0.300192282174298 0.191617808252667 0.109605731205738 0.201100294008156 0.731391061484297 0.236440468215957 0.116253026551016 0.198125042530032 0.618518835011858 0.231619466889459 0.115676799651307 0.166036845700662 0.27419428669925 0.184240023449138 0.10817666817952
"242" 0.181078648525193 0.312587483933308 0.195170079585186 0.112290205675494 0.214000548204687 0.772539257082164 0.238543514329665 0.118911779113229 0.210671819164218 0.650381056151158 0.233940822387031 0.118339034697155 0.17524195300447 0.285358621586128 0.187914897108248 0.110862558665113
"243" 0.194109377270724 0.329809500244302 0.201657960027689 0.116709064841305 0.231142739946558 0.822845395091423 0.244239382999994 0.123400659809317 0.227360996119776 0.690677794008584 0.239780757437952 0.122823081963855 0.187631878243501 0.30097070212963 0.194422886221229 0.115262195243643
"244" 0.210833933254874 0.352232098877014 0.211265077351937 0.122989021613985 0.252924922693068 0.882713227554431 0.253719596367355 0.129850752317508 0.248580326403369 0.739858849678138 0.249326783162693 0.129259644334998 0.203571412870521 0.321393319013184 0.203963070453878 0.12150120717859
"245" 0.23094723295171 0.379352228098362 0.223683406113764 0.130919138105732 0.279119370069744 0.95027307800021 0.266584526795727 0.138038166909102 0.274092216760607 0.796604357880014 0.26219482501965 0.137426034843828 0.222720718339349 0.346121072252578 0.216184669934619 0.129371625709751
"246" 0.25350957942561 0.409527727170261 0.237952472370481 0.139978327566605 0.308595756824416 1.02105784739461 0.281682002567384 0.147412403240711 0.302786850080587 0.857239646978645 0.277251254868669 0.146774089611738 0.244208743231104 0.373704089431655 0.230213127682949 0.138358208531993
"247" 0.276912089200866 0.440134066566748 0.252567223245144 0.149261931402306 0.339415132544959 1.08838220052465 0.297228762422439 0.157021171894141 0.332754067713102 0.916162173884168 0.292741054588577 0.156355571722048 0.266468478338411 0.401730982716975 0.244576139095045 0.147566579819606
"248" 0.299075003753128 0.467917397064696 0.265688515875845 0.157678198451647 0.369027430349608 1.14440188797206 0.311067315981552 0.165717028907651 0.361489745431721 0.966663116579063 0.306538290204485 0.165027659361903 0.287495740807716 0.42722164996283 0.257486126364769 0.155916774397447
"249" 0.317713454339065 0.489474649524614 0.275427171868329 0.164092388094492 0.394568651346371 1.18146368347341 0.32100558215984 0.172309897546523 0.38618860316815 1.00203287153925 0.316480214293443 0.171604823180068 0.305094621699188 0.447051538905882 0.267108068209271 0.162285726727932
"250" 0.330582749371567 0.501686582846934 0.28009268791278 0.167474017281113 0.413144604357823 1.19326062504867 0.325111279852289 0.175722276410085 0.404025757600539 1.01652979612184 0.320657349399074 0.175013393197401 0.317116438144517 0.458346484225618 0.271794629497509 0.167032741814806
"251" 0.335667437754625 0.502013511750144 0.278354432743362 0.16699373824213 0.422060761928973 1.17551462618268 0.321897370855792 0.175090827542182 0.412384350950039 1.00599260457496 0.317597044025321 0.174392825070816 0.321643791507208 0.458756910596919 0.270244791280712 0.165196286668681
"252" 0.331358697940738 0.488703468676456 0.269341651472056 0.162088230823073 0.419062756237622 1.1262598743547 0.310427863497047 0.169833439767738 0.409090857383892 0.968162946173752 0.306369412970448 0.169162676873977 0.317161177301904 0.446655812083134 0.261603306890499 0.16035713775894
"253" 0.316696705749532 0.461030543160231 0.252750661468521 0.152533365568679 0.402684294761606 1.04602113208306 0.290424693679419 0.159724102971205 0.392751492687905 0.902953925372672 0.286694885962053 0.159097408446744 0.302784459846825 0.42136545106755 0.245567860958797 0.15091278225718
"254" 0.291692064696623 0.419611543807279 0.228992612736647 0.138543475375754 0.372711196456075 0.938086637506072 0.26241862761584 0.144994724108447 0.363198061265865 0.812802647804565 0.259095010568036 0.144427969547052 0.278562275279382 0.383453217613509 0.222535281561773 0.137075288245866
"255" 0.257616743218375 0.366686486599462 0.199326348779422 0.120860111537779 0.330606319188996 0.808742763328584 0.227885644861742 0.126426134775334 0.32189289499301 0.702953942719885 0.225028105442241 0.125932494694667 0.245745560023446 0.334987749419248 0.193731636292752 0.11957933681214
"256" 0.217069042496713 0.306124618339709 0.165852016049549 0.100752547583687 0.279628711068508 0.667057187519092 0.189231299451542 0.105347526360537 0.272036754886887 0.58129291884222 0.186873463834982 0.10493563366439 0.206840763213081 0.279537161267664 0.161205105373997 0.0996824451810515
