"V1" "V2" "V3" "V4" "V5" "V6" "V7" "V8" "V9" "V10" "V11" "V12" "V13" "V14" "V15" "V16"
"1" 0.102400452305958 0.135115771520674 0.0721918863439869 0.0444271185463466 0.135732212541197 0.270250674686491 0.0814366074531036 0.0463467175173359 0.131766023295268 0.242469103547859 0.0805550973013601 0.0461825576046897 0.0974406282458725 0.124288552277173 0.0703885312351718 0.0439971876205447
"2" 0.145727729900237 0.192546432820999 0.102919558126631 0.0633214794251064 0.193006546971164 0.38585054088096 0.116107216972328 0.0660608354000821 0.187384881055612 0.346004809034606 0.114847393267987 0.065826619081117 0.138662760483969 0.177103124073849 0.100327857323376 0.0626978378908083
"3" 0.174235479550407 0.231075022432652 0.123476446070896 0.0759273815541395 0.23041796643483 0.465012609026324 0.139367878449096 0.0792152453561247 0.223607942325275 0.415564026282648 0.137816590695906 0.0789277086945043 0.165669033322945 0.212119185143549 0.120311393908744 0.0751591893582131
"4" 0.181811865164866 0.242681627643502 0.129699873923727 0.0796366439083846 0.239734909819177 0.492188406643599 0.146498667640231 0.0831004265873115 0.232527901042285 0.437594268297943 0.144809272452953 0.0827884728295762 0.172682933145278 0.222172733843173 0.126262874742392 0.0788211654096498
"5" 0.170825271120336 0.230337293905042 0.123308557685612 0.0755635952632457 0.224244720437786 0.473184417543414 0.139485193965642 0.0788638470780416 0.217525414842039 0.418597652157886 0.137822897445351 0.0785597872343431 0.16223050223061 0.210507040842392 0.119948899369735 0.074767804417894
"6" 0.148985398400655 0.203928404126 0.109532394230954 0.06693763312109 0.194322638180909 0.427230855362766 0.124236775379237 0.0699049998911395 0.188705446330521 0.376281230058455 0.122748589403561 0.0696362548254114 0.141663656527542 0.186357493752647 0.106540917816561 0.0662367653672591
"7" 0.125963211363822 0.176071772846042 0.0951282504400185 0.057907143546463 0.162840758242185 0.379227814898645 0.108334631481414 0.0605568245469935 0.158391564225186 0.332209404007854 0.107023969138467 0.0602961594825813 0.120058810861808 0.161049693454243 0.09252842825804 0.0573054046992971
"8" 0.108864328503038 0.156186897621439 0.085047407054102 0.0515117060332613 0.139199983487049 0.347877062207684 0.0973460059722618 0.0539014540878246 0.135717672697249 0.302420981058185 0.0961434499194249 0.0536947905261301 0.10404260113846 0.142930311376148 0.0826957104583239 0.0509763673301407
"9" 0.0992459997955308 0.146279081018232 0.0803605312295209 0.0484105816209932 0.125465056578436 0.337021527160842 0.0924900452421035 0.0507140181265575 0.122543621503639 0.290300925371535 0.0913080656269499 0.0505169611954024 0.0950559770731025 0.133812702459049 0.0780926796317093 0.0479015776512553
"10" 0.0946769613191209 0.143048514564326 0.0793302276752892 0.0475388851412084 0.118447951387795 0.339575988685829 0.0918015743565248 0.0498555437910494 0.115852608366501 0.289860266412846 0.0905810200127537 0.0496577571760295 0.0908302172291878 0.130750348859031 0.0770277108832669 0.0470297825586201
"11" 0.0923413643624875 0.14267463603436 0.0799239198708141 0.0476531543440189 0.114454590707672 0.347355347036081 0.0929904606401216 0.0500287800209138 0.112074820747659 0.294083263133935 0.0917029467271978 0.049825825489427 0.0887107732753745 0.130298929194682 0.0775356334307446 0.0471325283813078
"12" 0.0907020439829274 0.143063981247375 0.0810292488476148 0.0480724375015432 0.111464679815343 0.355665435080489 0.0948020330481364 0.0505232302881102 0.109257226821936 0.299010050204588 0.0934345343901654 0.0503135652626389 0.0872444186379812 0.130561756518846 0.0785360487296998 0.0475364410243172
"13" 0.0892346450638322 0.143500172403116 0.0822660065372609 0.0485639784765961 0.10878409038797 0.362654783106434 0.0968099779893875 0.0510961250639781 0.106728789328586 0.303170114112886 0.0953542060821053 0.0508791721289197 0.085934825019917 0.130888566183798 0.0796593397173493 0.0480113009947283
"14" 0.0878201178102573 0.143815951056332 0.0835480941047188 0.0490750326318749 0.106249277826823 0.36764498200908 0.0989211226465652 0.0516925770071118 0.104332135086878 0.306113622877927 0.0973692373739968 0.0514679538493631 0.084669240302789 0.131127902501768 0.0808214734672244 0.0485048906360293
"15" 0.0864391443602555 0.143982670348342 0.0848620096171309 0.0495973255859066 0.103827937757455 0.370322600587142 0.101124920017611 0.0523041341160548 0.102037058566762 0.307681112378508 0.0994684518619325 0.0520714724666201 0.0834296475733512 0.131254401287986 0.0820090103928202 0.0490089915193943
"16" 0.0850892959996382 0.143995808459087 0.0862065914530539 0.0501301730707164 0.101510501652977 0.37053544239891 0.103425278578363 0.0529302814019356 0.0998352765810177 0.307805331506397 0.101654856322368 0.0526891950575555 0.0822140679408759 0.131264367777262 0.0832205024065808 0.0495228937178502
"17" 0.0837700555756965 0.143855004948101 0.0875820689578052 0.050673788462743 0.0992905052302258 0.368271205112179 0.10582821098305 0.0535714547561451 0.0977213954962542 0.306480883028464 0.103933422835923 0.0533215345246467 0.0810223310650163 0.131157506923161 0.0844558449209771 0.0500467738113473
"18" 0.0824810059440671 0.143561579119143 0.0889887180332025 0.0512284676213922 0.0971621629140444 0.363653980387097 0.108340366965868 0.0542281908451698 0.0956905719422306 0.303760168827267 0.106309621585256 0.0539690025674023 0.0798543504029967 0.13093465075472 0.0857149697383701 0.0505808879719864
"19" 0.0812216869354558 0.143118286265369 0.0904267357380922 0.0517945204337593 0.0951201274101291 0.356926591062477 0.110968953383161 0.0549010567726566 0.093738293677077 0.299747626089672 0.108789321664119 0.054632139465742 0.0787099861547406 0.130597548233093 0.0869977247488359 0.0511255040677224
"20" 0.079991595606143 0.142529234969666 0.0918962190936274 0.0523722670638968 0.0931594416336376 0.348418718444216 0.113721778702623 0.0555906474100742 0.0918603453451583 0.294589440574734 0.111378811512186 0.0553115112671525 0.0775890449501616 0.130148816464558 0.0883038555920972 0.0516808978078047
"21" 0.0787901940682146 0.141799783725281 0.0933971485706043 0.0529620380824884 0.0912755053008911 0.338507804013157 0.116607309572128 0.0562975868895953 0.0900527867264077 0.288460218104377 0.114084827305395 0.0560077111054815 0.0764912869996814 0.129591885093224 0.0896329924639558 0.0522473527205747
"22" 0.0776169166968539 0.140936410469562 0.0949293700933811 0.0535641747669038 0.0894640450287152 0.327580623254836 0.119634732876834 0.0570225303963729 0.0883119328948131 0.281548737577542 0.116914582080111 0.0567213608009256 0.0754164328491443 0.128930925719558 0.0909846361486916 0.0528251602899798
"23" 0.0764711764515658 0.139946560517843 0.0964925751910873 0.0541790294036556 0.0877210871921064 0.316001702525489 0.122814023155307 0.0577661660964669 0.0866343357802218 0.274044738703647 0.119875794639828 0.057453112576142 0.0743641694504712 0.128170768640198 0.0923581430114956 0.0534146200839564
"24" 0.0753523703879809 0.1388384795121 0.0980862792071644 0.054806965584081 0.0860429332636438 0.304091796735809 0.126156015406959 0.0585292172041457 0.085016767053097 0.266128140389789 0.122976717321283 0.0582036508901453 0.0733341555892145 0.127316810007355 0.09375270896413 0.0540160398653167
"25" 0.074259884476489 0.137621038276215 0.0997097975600219 0.055448358515699 0.0844261374345262 0.29211674037597 0.129672483177364 0.0593124442278376 0.0834562022984689 0.257961382164524 0.126226161415945 0.0589736944273267 0.0723260267549856 0.126374912766232 0.0951673525058792 0.0546297357082838
"26" 0.0731930976865527 0.136303555790305 0.101362219689853 0.0561035951920024 0.0828674861967701 0.28028496301224 0.133376220585574 0.0601166473025812 0.0819498063327129 0.249684936782459 0.129633519008537 0.059763998231051 0.0713393994607642 0.125351304727821 0.0966008969798342 0.0552560321549564
"27" 0.0721513851903981 0.134895623899024 0.103042378266323 0.0567730743783811 0.0813639797671969 0.268751056877022 0.137281127305605 0.0609426685505717 0.0804949200512746 0.241415588660498 0.133208778428145 0.060575355883081 0.0703738757052737 0.124252479846461 0.098051954569228 0.055895262281143
"28" 0.0711341173054965 0.133406913449591 0.104748787804457 0.0574572009958309 0.0799128143843856 0.257622762903149 0.141402255077415 0.0617913918799266 0.0790890516164261 0.233246871884493 0.136962564246095 0.0614086036561013 0.0694290523743516 0.123085130837422 0.0995189329621072 0.0565477725039422
"29" 0.0701406331507811 0.131846804753065 0.106479384079168 0.0581563474462976 0.0785113614441674 0.24696911987557 0.145755620933987 0.0626637247693132 0.0777298916577729 0.225251238193228 0.140906342336917 0.0622646312589224 0.0685045672865103 0.121856280749974 0.101000201800982 0.0572139500329831
"30" 0.0691701019140862 0.130223173312304 0.108230333834991 0.0588706538323959 0.0771571290349425 0.236827004928468 0.150356846593084 0.0635604915954824 0.0764154371918197 0.217484448181708 0.14505349481385 0.0631444256449958 0.0676003165465644 0.12057431399002 0.10249500629535 0.0578943624406247
"31" 0.0682210723804259 0.128538755695946 0.109992055341709 0.0595993399943953 0.0758476838267245 0.227208684662581 0.155216126416399 0.0644820480832272 0.0751444386432097 0.209997895044795 0.149424705928458 0.0640491968708952 0.0667171757068034 0.119254655668009 0.10400814250486 0.0585902268049099
"32" 0.0672906197118305 0.126779476127597 0.111736362622166 0.0603392064818793 0.0745805700437381 0.218095113861608 0.160321643728035 0.0654273955772973 0.0739173569526084 0.202843527578661 0.154051174518465 0.0649805804704445 0.065858483525167 0.117921707793259 0.105552372247594 0.059304334372798
"33" 0.0663727962297698 0.12492505293329 0.113422469028244 0.0610817814546182 0.0733532299467375 0.209436208393531 0.165641559052051 0.0663924464079825 0.0727382244398962 0.196079687915649 0.158986705525432 0.0659409379362365 0.065032859374617 0.116612176479066 0.107152777573788 0.06004275447162
"34" 0.0654637395846609 0.122950298481617 0.1149854631986 0.0618185690775104 0.0721642030836026 0.201208370729852 0.171103812340907 0.0673725589924509 0.0716103379850491 0.189820264783209 0.16430294277643 0.0669318144000794 0.0642472156304482 0.115402834277068 0.108869297752628 0.0608106312729857
"35" 0.064559673113553 0.120812434174984 0.116366409822712 0.0625389049858694 0.0710125318389476 0.193345154389074 0.176627119741412 0.0683614307439033 0.0705377431005405 0.184063237299568 0.17007160835862 0.0679545459415059 0.0635093000207322 0.114310650911549 0.110722837843202 0.0616139041826398
"36" 0.0636618489075314 0.118556640343942 0.117538493100356 0.0632386137456245 0.0698978192194258 0.185878693181726 0.182155123060217 0.069356324052274 0.069518966150353 0.178790307300621 0.176347235181802 0.0690094623325656 0.0628184428726036 0.113345519703283 0.112733649632754 0.0624543166233914
"37" 0.0627750780944083 0.116227101101195 0.118519483370371 0.0639212408839388 0.0688190917173223 0.178820576710568 0.187682918289205 0.070359474790702 0.0685467479143377 0.173905112168195 0.183160229706379 0.070096882926147 0.06216575816226 0.112469800204679 0.114885267070146 0.0633299172869394
"38" 0.061904775395983 0.11388399280802 0.119348925884419 0.0645949358220207 0.0677744155069026 0.172188588701903 0.193233559504693 0.0713765317634866 0.0676111396104204 0.169288163459893 0.190531953004617 0.071217843327603 0.0615387879372876 0.111626566568832 0.117146505909431 0.0642373053855615
"39" 0.0610546037398553 0.111572694983056 0.120064037602232 0.0652674290404846 0.0667614690812263 0.165980447278732 0.198828905888366 0.0724132914551257 0.0667036632472284 0.164853222552693 0.198491225214702 0.0723740423210132 0.0609271829942842 0.110771694491989 0.119488370560366 0.0651739250460383
"40" 0.0602260184853399 0.109317043303068 0.120685691638309 0.065943318393367 0.0657782236400266 0.160175393640814 0.204466574156895 0.0734736873500707 0.065819197438477 0.160556356690106 0.207082211154752 0.0735674208655619 0.0603250960946998 0.109881586540424 0.121892757335231 0.0661388802307616
"41" 0.0594190611025298 0.107125543543487 0.12122054397039 0.0666243683126941 0.0648230882870603 0.154743637321554 0.210118439764661 0.0745598250101451 0.0649553289948335 0.156384376529278 0.216363163552455 0.0747999335939716 0.059730227699869 0.108949179305392 0.124350632537993 0.0671325463293393
"42" 0.0586331174734203 0.104999581858134 0.121668306574249 0.0673108723164048 0.0638948115295851 0.14965352120694 0.215737971568227 0.0756728431387511 0.064110976911804 0.152337082950038 0.226402332347855 0.0760735546781513 0.0591419877586458 0.107975357945945 0.126857087776857 0.0681559349080859
"43" 0.0578674425796436 0.102938195406575 0.122026708994679 0.0680026014491609 0.0629922697507381 0.144875557501431 0.221265999511111 0.0768135486115202 0.0632855061857214 0.148416993327655 0.237274833350952 0.0773903415536018 0.0585603341939867 0.106963577376838 0.129408025034206 0.0692103128125101
"44" 0.0571212791363986 0.100939815274811 0.122293452566043 0.0686991747373313 0.0621144236345883 0.140383065296889 0.226633317079186 0.0779826689823978 0.0624783921852115 0.144625849944775 0.249060430725328 0.0787524750753389 0.0579853369014668 0.105917828004831 0.131998817592607 0.0702970654299626
"45" 0.0563939001037409 0.099002710606852 0.122466732595264 0.0694001513329143 0.0612602912652034 0.136152134463778 0.231762074745793 0.0791809141293101 0.0616891376644882 0.140964034819156 0.261840894739601 0.080162279090916 0.0574170708423316 0.10484211019833 0.134623893843203 0.071417667462193
"46" 0.0556846130263822 0.0971250887887629 0.122545359749762 0.0701050457289509 0.060428941435626 0.132161335810086 0.236567442645938 0.0804089839371162 0.0609172580944352 0.137430713519981 0.275695729416606 0.0816222340225427 0.056855597765531 0.103740316916315 0.137276573130224 0.072573682658348
"47" 0.0549927585973079 0.0953051249381389 0.122528790894862 0.0708133274333794 0.0596194901957663 0.128391428153089 0.240960056440126 0.081667564351296 0.0601622804432953 0.134024084509026 0.290695181874595 0.0831349900003503 0.0563009654034897 0.102616201156545 0.139948955400413 0.0737667696584281
"48" 0.0543177087887198 0.0935409813983721 0.122417140646448 0.0715244192021449 0.0588310979089752 0.12482509973318 0.2448493563107 0.0829573215630928 0.0594237431735958 0.130741600068788 0.306889293287945 0.084703381089106 0.0557532082987681 0.101473355151205 0.142631822656596 0.074998688922669
"49" 0.053658865054971 0.0918308229294134 0.122211179262271 0.072237695157236 0.0580629665722119 0.121446742659759 0.248147714305868 0.084278895136187 0.0587011963595718 0.127580151907359 0.324291548168646 0.0863304408851106 0.0552123488227749 0.100315195031617 0.145314554210661 0.0762713103505253
"50" 0.0530156566320359 0.0901728289840963 0.121912318074578 0.072952478989014 0.0573143373049582 0.118242256464549 0.250775094189482 0.0856328900697364 0.0579942017267787 0.124536224072044 0.342855709323136 0.0880194196174496 0.0546783981312644 0.0991449494840616 0.147985061875881 0.0775866215449046
"51" 0.0523875389715635 0.0885652035713483 0.121522583084692 0.0736680423163057 0.0565844880351138 0.115198876883453 0.252663847750845 0.0870198677160805 0.0573023326585927 0.121606017758341 0.362445083882114 0.0897738029475071 0.0541513570879144 0.097965652068627 0.150629753172387 0.0789467368052457
"52" 0.0517739922641639 0.0870061830661082 0.121044577650551 0.0743836032284849 0.0558727313287279 0.112305026412806 0.253763152231314 0.0884403354077272 0.0566251741371144 0.118785552227821 0.382795294952452 0.0915973326304147 0.053631217117557 0.0967801368185675 0.153233531430499 0.0803539069024797
"53" 0.051174520069515 0.0854940422980457 0.120481435595545 0.075098325057791 0.0551784123782343 0.109550183681878 0.254042566899075 0.0898947346644932 0.0559623226537415 0.116070745643919 0.403475173561926 0.0934940292462243 0.0531179610182553 0.0955910367495224 0.155779842192656 0.0818105297179916
"54" 0.0505886480413868 0.0840270992053874 0.119836766355774 0.0758113154323904 0.0545009071330081 0.106924769093791 0.253494252549055 0.0913834278433078 0.0553133860908643 0.113457479169858 0.423855666914029 0.0954682172265903 0.0526115637288101 0.0944007849020704 0.158250775190106 0.0833191618339329
"55" 0.0500159226416062 0.0826037181313258 0.119114593733253 0.0765216254794008 0.0538396204555439 0.104420044341616 0.252133553351623 0.0929066828508004 0.054677983472019 0.110941647003195 0.443102372208917 0.0975245521632427 0.0521119929489813 0.0932116173584392 0.160627229849782 0.084882530947736
"56" 0.0494559093302722 0.081222311143294 0.118319288880424 0.0772282483683547 0.0531939837495928 0.102028022889904 0.249997857726445 0.0944646547123151 0.0540557440318882 0.108519193719922 0.460210116642125 0.0996680495525655 0.0516192090839414 0.0920255768841755 0.16288914889182 0.0865035482449415
"57" 0.0489081934661473 0.0798813462192007 0.117455512811725 0.0779301266661646 0.0525634555113508 0.0997414003873872 0.247143922112016 0.0960573757586767 0.0534463091430855 0.106186152315613 0.474093254266392 0.101904128093572 0.0511331679432452 0.0908445269833073 0.165015843685764 0.0881853318426832
"58" 0.0483723817076761 0.0785793346148708 0.116528127473359 0.0786261379514031 0.0519475225252579 0.0975534697703205 0.243643930312694 0.0976847153284943 0.0528493347332704 0.103938648535189 0.483729444773473 0.104238625621364 0.0506538237141201 0.0896701436877125 0.166986344685038 0.0899312052958071
"59" 0.0478480878382304 0.0773148447948215 0.115542149762293 0.0793151110421968 0.051345684203855 0.0954580772159111 0.239580923516719 0.0993463756588435 0.0522644765385031 0.10177293422438 0.488331525336627 0.106677916096507 0.0501811157876479 0.0885039396557214 0.168779883481527 0.0917447833818307
"60" 0.0473349494255983 0.0760864955393599 0.11450267697581 0.0799958201071335 0.0507574702414767 0.0934495603538043 0.235043976705502 0.101041856305954 0.0516914090526016 0.0996853894041632 0.487500542159073 0.10922866589311 0.0497149874820843 0.0873472652593064 0.170376380992664 0.0936297319580705
"61" 0.0468326169635871 0.074892956836391 0.113414828788454 0.0806669884736147 0.0501824286220123 0.0915227023835502 0.230123679146997 0.102770427729841 0.051129814291531 0.0976725309641048 0.481309624878551 0.111898439742082 0.0492553760494193 0.0862013194821323 0.171756992078226 0.0955902915347548
"62" 0.0463407552725121 0.0737329490937261 0.112283692134452 0.0813272915749046 0.0496201268546581 0.0896726898157251 0.224908243242854 0.104531100423382 0.0505793839131664 0.0957310164821917 0.470288407669042 0.114695199055558 0.0488022153665322 0.0850671594249723 0.172904660083654 0.0976307992654754
"63" 0.0458590427904573 0.0726052421648234 0.111114271847748 0.0819753606117599 0.0490701509572243 0.087895074864191 0.219480455508527 0.106322591591251 0.0500398189760934 0.0938576456402991 0.455313368893098 0.117627637842355 0.0483554363480964 0.0839457098683229 0.173804656480948 0.0997559640924959
"64" 0.0453871708867723 0.0715086541653798 0.109911447468191 0.0826097869283829 0.048532104481065 0.0861857418796423 0.213915538925005 0.108143289462392 0.0495108296744901 0.0920493597355616 0.437443682647053 0.120705190740217 0.047914967308123 0.0828377727242552 0.174445074950112 0.101970843460567
"65" 0.0449248432245005 0.0704420501712222 0.108679936463511 0.0832291271546377 0.0480056076048395 0.0845408773586749 0.20827988277911 0.109991215504262 0.0489921350827623 0.0903032397575007 0.417753621569783 0.123938101893685 0.0474807343031611 0.0817440362987912 0.174817249496506 0.104280872298542
"66" 0.0444717751649338 0.069404340827886 0.107424263867768 0.0838319091258633 0.0474902962886474 0.0829569431059975 0.2026305202493 0.111863984896911 0.0484834629066234 0.0886165033922367 0.397203405703317 0.127337499128176 0.0470526614543928 0.0806650842844226 0.174916069129045 0.1066918942665
"67" 0.0440276931887854 0.0683944808647119 0.10614873809766 0.0844166385461253 0.0469858214600423 0.0814306521325502 0.197015195815433 0.113758765749726 0.0479845492164367 0.0869865011939288 0.37656654713868 0.13091547309745 0.0466306712260604 0.0796014043780838 0.174740167478462 0.109210195279731
"68" 0.0435923322715031 0.0674114643657744 0.104857432703378 0.0849818023134778 0.0464918460324133 0.0799589432305461 0.191472857353109 0.11567223785236 0.0474951359188716 0.0854107122252684 0.356409869700568 0.134685160826831 0.0462146824741053 0.0785533927424277 0.17429197400144 0.111842539370231
"69" 0.0431654453654298 0.0664543385935554 0.10355417225726 0.0855258964240646 0.0460080548386162 0.078538979570803 0.186034418896585 0.117600550668795 0.0470149813899202 0.0838867381988523 0.337110054081329 0.138660831131075 0.0458046213007522 0.0775213798546877 0.173577621115732 0.114596205665659
"70" 0.0427467845431103 0.0655221742783182 0.102242530969545 0.08604739817202 0.0455341343831187 0.0771680981220724 0.180723686510016 0.119539290006285 0.0465438402090663 0.0824123039932085 0.318888594760235 0.142857978812004 0.0454004017410782 0.0765056047955824 0.17260672774222 0.117479033904767
"71" 0.0423361162007757 0.0646140879260669 0.100925816014063 0.0865448074836402 0.0450697888729491 0.0758438215938882 0.175558295068281 0.121483429809644 0.0460814799655716 0.0809852413706448 0.301851054044493 0.147293397517338 0.0450019426359548 0.0755062502414823 0.171392032679991 0.120499454993872
"72" 0.0419332155770799 0.063729232779798 0.0996070811454625 0.087016645954432 0.0446147342595499 0.0745638355482275 0.170550680803563 0.123427313138947 0.0456276755252389 0.0796034950721415 0.28602266857295 0.151985272381343 0.0446091624097074 0.0745234399922475 0.169948973008186 0.123666545212201
"73" 0.04153786571045 0.0628667962296745 0.0982891235262771 0.0874614665380155 0.0441686969852862 0.0733259740020794 0.165708951954985 0.125364621275877 0.045182208098643 0.0782651120630622 0.271376759355832 0.156953238719676 0.0442219785824196 0.0735572437595049 0.16829516350249 0.126990063184896
"74" 0.041149857586474 0.0620259992033221 0.0969744912275776 0.0878778652704735 0.0437314140209501 0.0721282086945598 0.161037688634635 0.127288359328703 0.0447448655941248 0.0769682375724876 0.257855709058256 0.162218424628545 0.043840308484181 0.0726076837316942 0.166449852013781 0.130480492181155
"75" 0.0407689904453387 0.0612060960811794 0.0956654939151977 0.0882644922249976 0.0433026331091152 0.0709686401849314 0.156538648273989 0.129190850013537 0.0443154431503033 0.0757111120906313 0.245385528520785 0.167803438688214 0.0434640700807309 0.0716747413143256 0.164433371088821 0.134149068664523
"76" 0.0403950794823051 0.0604063897846633 0.094364242334826 0.0886200599744821 0.0428821212750991 0.0698455102729445 0.152211444731008 0.13106370997367 0.0438937520035704 0.0744920907320976 0.233885621395771 0.173732091317998 0.0430931902860229 0.0707583814932969 0.162266670868977 0.138007676562262
"77" 0.0400280321795435 0.0596263871725599 0.0930729400601829 0.0889433306614502 0.0424697499822808 0.0687574037158363 0.148054801116775 0.132897555651067 0.0434797058218268 0.07330986838454 0.223276354937869 0.18002712241494 0.0427276830942145 0.0698587439041081 0.159971456609379 0.142067557439146
"78" 0.0396683484232203 0.0588668209891447 0.09179572676864 0.0892329704853889 0.0420660535415109 0.0677046149111004 0.144074148108045 0.134678958288786 0.0430738854671132 0.0721649754178327 0.21349697550926 0.186690034660634 0.0423681589690399 0.0689773657633845 0.157575797624256 0.146327064473831
"79" 0.0393202487937355 0.0581360456812734 0.0905501392810107 0.0894868778072298 0.0416757224417985 0.0666977350635256 0.140299925836124 0.136382368037296 0.0426810708804845 0.071069151963849 0.20454672849283 0.193646351557282 0.0420190089246953 0.0681248061692704 0.155128844921992 0.150738199824339
"80" 0.0389956390003592 0.0574574393145193 0.0893803582603657 0.0897003171270582 0.041312030582269 0.0657675955791449 0.13685122671316 0.137945203731187 0.0423147168548507 0.0700562007747621 0.196612690705548 0.200569098289858 0.0416924388793059 0.0673294649381887 0.152753711594068 0.155098226563754
"81" 0.0387234501216255 0.0568920358018451 0.088397679797576 0.0898615661249209 0.0410072661325311 0.0649956824085509 0.13401148926242 0.139231872774785 0.0420074977310197 0.0692151761496339 0.190227447175989 0.206660499916194 0.0414179734327717 0.0666645369477233 0.150710130741537 0.158915468336691
"82" 0.0385506534244939 0.0565335623540609 0.0877723252918305 0.0899578488461689 0.0408138662773161 0.0645075022452963 0.13222018662766 0.140040224346452 0.0418124523983121 0.0686831392517624 0.186268394605069 0.210637158315969 0.0412434827745214 0.0662420699162284 0.14938668319369 0.161402351562425
"83" 0.0385190833998551 0.0564681378144623 0.0876569934501686 0.0899772037419044 0.0407785378368785 0.0644184956292279 0.131898184181227 0.140187155323298 0.0417768168243466 0.068586125755559 0.185549628686818 0.211397591347939 0.0412115846686751 0.0661649002347612 0.149145161354584 0.161874393050014
"84" 0.0386389686492094 0.0567139294737659 0.088086843981831 0.0899099057395053 0.0409127013178193 0.0647530230392932 0.133122451386235 0.139634208157381 0.0419121399142671 0.0689507299417117 0.188252358839339 0.208634729668549 0.0413326966973782 0.0664547146593476 0.150056057176428 0.16015189929922
"85" 0.0388756194558525 0.0572082658317223 0.0889481914177562 0.0897737206838818 0.0411776253859602 0.0654270629150594 0.135588162920272 0.138514384808144 0.0421792538213098 0.069685221903712 0.193757200673633 0.203242747469974 0.0415714854968409 0.0670366869143195 0.151853507218446 0.156772218781475
"86" 0.0391829378356146 0.0578488909884477 0.0900565948692907 0.0895793808930772 0.0415218459362658 0.0663035950593426 0.13883518390732 0.137046195202274 0.0425261069076699 0.0706399917787593 0.20114937464856 0.196518335004925 0.0418809785069173 0.0677886617948452 0.154135985845612 0.152550355734997
"87" 0.0395237461750702 0.0585627365967205 0.0912793676521026 0.0893416482415148 0.0419038646791667 0.0672849302899211 0.142495282937892 0.135390476406258 0.0429107155560477 0.0717083151593508 0.209716491786489 0.189520390085515 0.0422232633400863 0.0686231421235671 0.156572650879179 0.148125975140427
"88" 0.0398793384493803 0.059311806927304 0.0925462727476544 0.0890664784617733 0.042302813083849 0.0683205744177512 0.146397242895771 0.133636656556703 0.0433119482206701 0.0728349423173264 0.219161021035739 0.182720143187085 0.0425792162425247 0.0694943383959353 0.158997369943425 0.143793610512909
"89" 0.0402434447732257 0.0600835512571541 0.0938323625082102 0.0887568628327805 0.0427117116506114 0.069394275677128 0.15048306880444 0.131822466078906 0.0437227119454029 0.07400196624101 0.229423191065416 0.176272787149686 0.0429423631338561 0.0703867157394843 0.161337974784371 0.139650693873581
"90" 0.0406145234154552 0.060875100804744 0.0951297758578597 0.0884144209037424 0.0431288621165764 0.0705028459016137 0.154739941201245 0.129964471398436 0.0441412502767237 0.075205710048125 0.240547581316337 0.170196448582439 0.0433110357665283 0.0712962165483173 0.163560083834219 0.135710814882268
"91" 0.0409925102538697 0.0616866223620097 0.0964358328013255 0.0880404041562422 0.0435542175527438 0.0716472354279276 0.159168219270134 0.128073104096986 0.0445674733836674 0.0764469843975059 0.252609182269009 0.164473200221169 0.0436850634185001 0.0722223388407543 0.165640836698361 0.131965642822547
"92" 0.0413775603549505 0.062518745861834 0.0977484159376853 0.0876360784096386 0.0439879771478828 0.0728290831010977 0.163768791449896 0.126157128687997 0.0450015371966852 0.0777273186625549 0.265688928386774 0.159079421003149 0.0440644917736511 0.073165066395804 0.167558983444902 0.12840341964646
"93" 0.0417698687218079 0.06337219853182 0.0990653016998956 0.0872027689775515 0.0444303861181641 0.0740502315116789 0.168540856407109 0.124224511019439 0.0454436408849129 0.0790484272031372 0.279864470899005 0.153991973121125 0.0444494000586172 0.0741244271519216 0.169293882501463 0.125012631156838
"94" 0.0421696410121011 0.0642477456906035 0.100384041373842 0.0867418589268407 0.0448817030947639 0.0753126549723374 0.173481073581849 0.122282526354068 0.0458939936306784 0.0804121252963163 0.295201601716789 0.149189116036771 0.0448398707773462 0.0751004164702993 0.170825774436472 0.121782487861522
"95" 0.042577090882008 0.065146186005073 0.101701941049469 0.0862547789170213 0.0453421972526382 0.0766184615352874 0.178582875521283 0.120337769942896 0.0463528114500949 0.0818203250131026 0.311741853505905 0.144650604271774 0.0452359865107978 0.0760929848296424 0.172136306264691 0.118702938233073
"96" 0.0429924401813791 0.0660683525619039 0.103016053819311 0.085742996372125 0.045812148628367 0.0779699037929841 0.183835708384857 0.118396168927614 0.046820317214732 0.0832750396861503 0.32948432836814 0.140357664560859 0.0456378295857759 0.077102031981956 0.17320908290443 0.115764631520409
"97" 0.0434159193295982 0.0670151143092983 0.104323175060062 0.0852080048405647 0.0462918486477553 0.0793693912875985 0.189224181418612 0.116462991862693 0.0472967408595981 0.0847783889743592 0.34836039283596 0.136292938726791 0.0460454818905839 0.078127401074265 0.174030195982897 0.112958875318815
"98" 0.0438477677295358 0.0679873775570661 0.105619840749427 0.0846513137657943 0.0467816007033197 0.0808195042502138 0.19472714245668 0.114542935625176 0.0477823196137191 0.0863326040222802 0.368200858218902 0.132440409038894 0.0464590246908136 0.0791688723588889 0.174588697674576 0.110277592634632
"99" 0.0442882342136182 0.0689860875105433 0.10690232935411 0.084074438773716 0.0472817207754268 0.0823230088025763 0.200316715000474 0.11264004368393 0.0482772982444682 0.08794003262705 0.388697541077167 0.128785314398501 0.04687853843664 0.080226156464901 0.174876989652585 0.107713279676235
"100" 0.044737577496759 0.0700122297875374 0.108166667836017 0.0834788925375634 0.0477925380709133 0.0838828737513884 0.205957354666111 0.110757860411256 0.0487819292860041 0.0896031442812911 0.409365174639077 0.125314062836319 0.0473041025317787 0.0812988871811434 0.174891101158693 0.105258965048568
"101" 0.0451960666819587 0.0710668319749961 0.109408642394818 0.0828661763262275 0.0483143957289048 0.0855022892603941 0.211605009691426 0.108899413347715 0.0492964732994202 0.0913245350766726 0.429515262278626 0.122014144075274 0.0477357951094168 0.0823866138373439 0.174630836983218 0.102908170848456
"102" 0.0456639817729651 0.0721509651338095 0.110623814425054 0.0822377722549815 0.0488476515457574 0.087184687538839 0.217206499536321 0.107067266037519 0.0498211991121436 0.0931069322364741 0.448258780514594 0.118874044534942 0.0481736927637858 0.0834887932104058 0.174099784771123 0.100654875898344
"103" 0.0461416142232495 0.0732657452812256 0.111807542196895 0.0815951362772517 0.0493926787518302 0.0889337658746856 0.222699253327083 0.10526355907281 0.0503563840658683 0.0949531981777157 0.464555765757518 0.11588316623276 0.0486178702638794 0.0846047810369475 0.17330518116343 0.0984934812263909
"104" 0.0466292675469708 0.0744123348571264 0.112955008703944 0.0809396919812702 0.0499498668677921 0.0907535123439252 0.228011569919837 0.103490050244233 0.0509023142974721 0.0968663339218455 0.477322052330109 0.113031750557999 0.0490684002737759 0.085733823208868 0.172257646357477 0.096418777921934
"105" 0.0471272579052139 0.0755919440159376 0.11406125570995 0.0802728251169222 0.0505196225497742 0.0926482343991027 0.233063563207568 0.101748153076025 0.0514592849551793 0.0988494814345979 0.485584840344216 0.110310807179394 0.0495253529822631 0.0868750465522315 0.17097080541314 0.0944259172132259
"106" 0.0476359147991399 0.0768058319040355 0.115121224390502 0.0795958789083413 0.0511023705643926 0.0946225909606656 0.237768932921594 0.100038973412417 0.0520276004893022 0.100905924805434 0.488654481736756 0.107712048322575 0.0499887957780524 0.0880274494935047 0.169460821804403 0.0925103827888424
"107" 0.0481555817588973 0.078055307710792 0.116129802168054 0.0789101501039355 0.0516985547768576 0.0966816282780316 0.24203764028956 0.0983633437334868 0.0526075748922278 0.103039089650458 0.486262496843304 0.105227828297692 0.0504587928470634 0.0891898925049581 0.167745872743398 0.0906679652251851
"108" 0.0486866170943109 0.0793417315395267 0.117081875540136 0.0782168857398152 0.0523086392237796 0.0988308202044095 0.245779470149274 0.0967218550423869 0.0531995319547148 0.105252540355261 0.478618671739565 0.102851088086884 0.0509354047572407 0.090361088560883 0.165845597163644 0.0888947384104009
"109" 0.0492293946908063 0.0806665150103476 0.117972388238532 0.0775172805799442 0.052933109254678 0.101076113469901 0.248908329582978 0.0951148862526632 0.0538038055151577 0.107549974505574 0.466366286519728 0.100575304719133 0.0514186880078139 0.0915395937140324 0.163780545780418 0.0871870378402226
"110" 0.0497843048554555 0.0820311215283894 0.118796403842086 0.0768124751901065 0.0535724727491516 0.103423978674428 0.251346987236796 0.0935426310761535 0.054420739701231 0.109935213757129 0.450451967920609 0.0983944451186893 0.0519086945423651 0.0927237979708316 0.161571658939948 0.0855414406576112
"111" 0.0503517552232318 0.0834370661389465 0.119549171688525 0.076103554599509 0.0542272614222104 0.105881467832643 0.253031825707401 0.092005122467707 0.0550506891682952 0.112412190226028 0.431955212828139 0.0963029240974773 0.0524054712305684 0.0939119166701374 0.159239792723253 0.0839547473101951
"112" 0.0509321717118116 0.0848859148608232 0.120226194666998 0.0753915474958355 0.0548980322075985 0.108456279430954 0.253917096485162 0.0905022547160545 0.0556940193146028 0.114984927276711 0.4119285246665 0.094295566153843 0.0529090592992377 0.0951019825961097 0.156805307741693 0.0824239646972893
"113" 0.0515259995568146 0.0863792834021379 0.120823297279569 0.0746774259172834 0.0555853687551772 0.111156832137606 0.253978163501332 0.0890338033208305 0.0563511064999222 0.117657513376528 0.391283634147183 0.092367570773275 0.0534194937399994 0.096291839110038 0.154287729034366 0.0809462907049578
"114" 0.0521337043983201 0.0879188350878353 0.121336692122304 0.0739621053623773 0.0562898830137086 0.11399234843582 0.253213311993642 0.0875994427618688 0.0570223382267424 0.120434067353774 0.370735049061611 0.0905144808885746 0.0539368026552208 0.0974791345667753 0.151705479842974 0.0795190999874108
"115" 0.0527557734562713 0.0895062778766682 0.121763042932081 0.0732464453003363 0.0570122169420627 0.116972949751556 0.251643876034877 0.0861987623495895 0.0577081133151098 0.123318693171523 0.350792420983357 0.0887321542511602 0.0544610065738187 0.0986613183881027 0.149075687543302 0.0781399309261748
"116" 0.0533927167791872 0.0911433602452092 0.122099522225889 0.0725312500110687 0.0577530443347708 0.120109764807556 0.249312666985786 0.0848312802855225 0.058408842042875 0.126315421872161 0.33178409349433 0.0870167374216281 0.0549921177129158 0.0998356391126391 0.146414056378002 0.076806473648582
"117" 0.0540450685774496 0.0928318657239341 0.122343861674326 0.0718172697033954 0.0585130727775562 0.123415053284534 0.246280918112677 0.0834964560770518 0.0591249462512644 0.129428138002374 0.313894455864149 0.0853646421225689 0.0555301391874833 0.100999144802743 0.143734799310376 0.0755165590079058
"118" 0.0547133886624259 0.0945736058467092 0.122494393542734 0.0711052018942848 0.059293045758802 0.126902347218094 0.242624147510827 0.0821937014902072 0.0598568594251835 0.132660487400765 0.29720276929296 0.0837725237661555 0.0560750641817832 0.102148686221069 0.141050620064691 0.074268148475078
"119" 0.055398263971862 0.0963704111666657 0.122550081740617 0.070395692991198 0.0600937449199798 0.130586612879389 0.238427445882363 0.0809223901592501 0.060605026711334 0.136015762686877 0.281716857881743 0.0822372619251604 0.0566268750513435 0.103280923106776 0.138372735897057 0.0730593248446069
"120" 0.0561003106056004 0.0982241207499662 0.122510542018958 0.0696893403894128 0.0609159929116854 0.134484437505761 0.233780706799552 0.079681866374156 0.0613699053184007 0.139496763490764 0.267399364333302 0.0807559429465652 0.0571855427666711 0.10439233466817 0.135710932557462 0.0718882840320372
"121" 0.056820180111735 0.100136576729426 0.122376058280309 0.068986699121753 0.0617606609315615 0.138614254951598 0.22877425552183 0.0784714576515775 0.0621519693201157 0.143105636788954 0.254186761287301 0.0793258489834398 0.0577510303551292 0.10547924117305 0.133073650182604 0.070753331892145
"122" 0.0575585900553914 0.102109661345541 0.122147639244634 0.0682883161188914 0.0626287023952415 0.142996664622492 0.223495268912016 0.0772905167272492 0.0629517400025848 0.146843738478247 0.242002433206028 0.077944478468304 0.0583233197110303 0.106537870843803 0.130468132423364 0.0696529083223087
"123" 0.0583163426098566 0.104145319566432 0.121827121382648 0.0675947850227333 0.0635211673700688 0.14765403215368 0.218024279123685 0.07613848638644 0.0637697939947196 0.150710737740197 0.230764466827672 0.0766095883599257 0.0589024200853522 0.107564382715285 0.127900598987988 0.0685856252679658
"124" 0.0590935131937278 0.106244037366156 0.121415687194592 0.0669059556087225 0.0644383190816091 0.152611638125427 0.212435733117277 0.0750140327050472 0.0646058900748647 0.154704866706744 0.220392870329467 0.0753183113583458 0.0594875837901816 0.108553444913095 0.125374913410191 0.067549470504048
"125" 0.0598909529254125 0.108407886156022 0.120920059536394 0.0662238603031298 0.0653809892111688 0.157891715935444 0.206799995907015 0.0739183281718897 0.0654601770466946 0.158817186545206 0.210814003441824 0.0740702930595098 0.060078474762186 0.109500023952089 0.122897121596567 0.0665444391730831
"126" 0.0607055014836911 0.110631899839527 0.120355486338935 0.0655529394201463 0.0663445981047392 0.163495324134964 0.201208751968989 0.0728558355322707 0.0663271353651775 0.163005338850645 0.201978425274958 0.0728683988966145 0.0606701688224024 0.110389071311446 0.12047454495136 0.0655726470348678
"127" 0.0615227161566153 0.112892081634542 0.119774442452567 0.0649121068164176 0.0673084576491285 0.169320531684978 0.195845781234731 0.0718478140958157 0.0671844185838875 0.167128331459995 0.1939158931324 0.0717297289851572 0.061244969227805 0.111176862301539 0.118129146111702 0.0646451193434562
"128" 0.0622977435524647 0.115106499635818 0.119309340031513 0.0643510636225963 0.0682110219996777 0.175010720608777 0.191146047140813 0.0709544872260538 0.0679690134573658 0.170807263605296 0.186849912145209 0.0707100636895936 0.061753468940205 0.111757489631585 0.115926774721529 0.0638020726811842
"129" 0.0629418954271135 0.117089563924755 0.119201423042246 0.0639630333240344 0.0689314237745349 0.179806515850219 0.187877660347683 0.0702927089262336 0.0685603470947625 0.173357388396416 0.181267309562472 0.0699175650043469 0.0621061377027781 0.111950658260856 0.114007021347342 0.0631226219276739
"130" 0.0633357797716847 0.118566470275424 0.119710257637069 0.0638600587206718 0.0693152263259131 0.18271413589194 0.186987208094012 0.0700077305868756 0.0688094843334452 0.17397221855287 0.177826540847223 0.0694907911305335 0.0621962444232222 0.111569668714455 0.112597909883211 0.0627016578923042
"131" 0.0633968775096744 0.119338247321476 0.120995439669946 0.0641119358676563 0.0692616401703595 0.183007322673568 0.189089162358754 0.0701891968001526 0.068628283996511 0.172299488663726 0.176933410730903 0.069518888015596 0.0619672679273261 0.110549794359719 0.111735855033702 0.0626143836343018
"132" 0.0631336328551002 0.119332097311662 0.122972491746872 0.0646898974418231 0.0688186351848723 0.180767315145745 0.194065894192062 0.0708047293802494 0.0680562162132705 0.168612515044348 0.178373747932827 0.0699766199252888 0.0614516181064558 0.109011975932307 0.111513227682292 0.0628428648966654
"133" 0.0626542665766931 0.118742969505528 0.12542697022466 0.0654955260881513 0.0680619836105679 0.176816111092848 0.201210125063946 0.0717265885761382 0.0672306637252859 0.163756149132271 0.181404533414682 0.0707252120028531 0.0607571602867047 0.107174634842231 0.111694697386949 0.0632846922822623
"134" 0.062060863116262 0.117812160321612 0.128143256469489 0.0664277514026733 0.0671971959499632 0.172037181499052 0.209810897806372 0.0728197422526538 0.0662934848819317 0.158511409319322 0.185256026867877 0.071640275315059 0.059986088338985 0.105242434290182 0.112067787675172 0.0638434709918483
"135" 0.0614305273979495 0.116716390829236 0.131004877756866 0.0674249339195435 0.0662989816187036 0.167086896316029 0.219455794592229 0.0739998877881814 0.0653342910051946 0.153344325158512 0.189370511950358 0.0726301442120228 0.0592009211656896 0.103303720407001 0.112470977979282 0.0644480864451593
"136" 0.0607954935508951 0.115540518686234 0.133958911921226 0.0684619132339572 0.0654071053979741 0.1622285496716 0.230026813654765 0.0752319585168056 0.064388948784511 0.148424431094525 0.193490360716908 0.0736568939398057 0.058426761493147 0.101402834835089 0.112831568347966 0.0650678851493307
"137" 0.060166121462171 0.114315558443866 0.136990871176093 0.0695328532473983 0.0645335549753569 0.15754793341585 0.241563572256581 0.0765074113308289 0.0634677854703879 0.143783345909711 0.197509029510133 0.0747099433434236 0.0576706502588755 0.0995498572844412 0.113126595858106 0.0656936996450522
"138" 0.0595445435365894 0.113052527525795 0.140094708848049 0.070637594799523 0.0636802213892729 0.153059277599603 0.25416235275991 0.0778258639248518 0.0625719389972899 0.139408726566266 0.201366284467231 0.0757872312389093 0.0569333113562111 0.0977458200013645 0.113349306053798 0.0663230823072547
"139" 0.0589311199751805 0.111757587762452 0.143265332663302 0.071777462064144 0.0628468683932495 0.148760333948896 0.267939699478888 0.0791890459235985 0.0617006977868335 0.135280837539274 0.205010843896716 0.0768888110152456 0.0562142608926457 0.0959901495716908 0.1134975842685 0.0669552821680599
"140" 0.0583259114820658 0.110435901948642 0.146496518099553 0.0729540981059226 0.062032936361483 0.144645397642907 0.283020771886656 0.0805991395151953 0.0608531075007269 0.131380529754367 0.208391116594163 0.0780150618893562 0.0555128591818289 0.0942819710744952 0.113570461132952 0.0675897989664783
"141" 0.0577289309964688 0.109092294870727 0.14978040899343 0.0741692758246273 0.0612378446105132 0.140707803253898 0.299532388901605 0.0820585053780145 0.0600282317690465 0.127690338180315 0.211454842608767 0.0791663755142338 0.0548284765323602 0.0926203035953118 0.113567495672095 0.0682261286455744
"142" 0.0571401752957379 0.107731317053158 0.153107274974491 0.0754248837439443 0.0604610272893238 0.136940444085129 0.317592830759222 0.0835696604465912 0.0592251799425397 0.124194434084237 0.214150635440974 0.0803431136490212 0.0541605108064123 0.0910040971604316 0.113488705112587 0.0688637318564837
"143" 0.056559628795885 0.10635723675418 0.156465299172269 0.0767229332337536 0.0597019361620963 0.133335994628539 0.337294794396873 0.0851352869701596 0.0584431066444325 0.120878460982732 0.216429967337236 0.0815455984681607 0.0535083873716173 0.0894322510569082 0.113334557946256 0.0695020302531124
"144" 0.0559872648375597 0.104974030885409 0.159840380175123 0.0780655682865475 0.0589600404780008 0.129887065058607 0.358678261179374 0.086758245115035 0.0576812091140266 0.11772937882944 0.218249298175858 0.0827741049115846 0.0528715576719046 0.0879036285275059 0.113105965887332 0.070140405302393
"145" 0.0554230467197695 0.103585380748987 0.163215959703817 0.0794550763247266 0.0582348265998593 0.126586316550519 0.381690022856471 0.0884415867723095 0.056938724578621 0.114735325177863 0.219572174959183 0.0840288523121967 0.0522494977819102 0.0864170691770991 0.112804269076736 0.0707781973796079
"146" 0.0548669286837889 0.102194672357222 0.166572892616389 0.0808939000649293 0.0575257976269746 0.123426546416083 0.406127959921106 0.0901885705261562 0.0562149278365345 0.11188549213155 0.220371122047387 0.0853099950845751 0.0516417070760913 0.0849713994695565 0.11243121467046 0.0714147050595169
"147" 0.0543188568056562 0.100805000601402 0.16988937885161 0.0823846505187673 0.0568324729714374 0.120400749377374 0.431572465909245 0.0920026778239687 0.0555091289882452 0.109170017280845 0.220629143462049 0.0866176123608306 0.0510477069604182 0.083565441524576 0.111988929404971 0.0720491845979475
"148" 0.0537787698374329 0.0994191766263019 0.173140979350219 0.0839301212880983 0.0561543879322482 0.117502160172294 0.457316089032132 0.0938876304632571 0.0548206713394791 0.106579887048864 0.220340684984312 0.0879516965336852 0.0504670396951846 0.0821980204658355 0.111479887003806 0.0726808496615932
"149" 0.0532465999909261 0.0980397377656143 0.176300738910065 0.0855333042834069 0.0554910932621731 0.114724281647329 0.482315173765705 0.0958474094564014 0.0541489294539322 0.104106850988305 0.219511953918225 0.089312140624955 0.0498992672943888 0.0808679705116321 0.110906871361224 0.0733088713281657
"150" 0.052722273647411 0.0966689594145132 0.179339438019896 0.087197407004147 0.0548421547103218 0.112060901620832 0.505199328875819 0.0978862753209711 0.0534933073233587 0.101743345685469 0.218160561894739 0.090698724395214 0.0493439704776798 0.0795741399475715 0.110272936488434 0.0739323783678193
"151" 0.0522057120344283 0.0953088683887752 0.182225992244506 0.0889258716043479 0.0542071525837525 0.109506101261782 0.52437561951343 0.100008789901983 0.0528532366834279 0.0994824272014024 0.216314529398895 0.092111099194385 0.0488007477057784 0.0783153951934652 0.109581364362269 0.0745504578831766
"152" 0.0516968318372924 0.0939612572444752 0.184928010794552 0.0907223958960073 0.0535856812936709 0.107054257007607 0.538242769582485 0.102219839711646 0.0522281754292228 0.0973177109628172 0.214010757422479 0.0935487714683916 0.0482692142614958 0.0770906240425549 0.108835621656512 0.0751621562966336
"153" 0.0511955457682841 0.0926276992009204 0.187412515826259 0.0925909565385918 0.0529773489095049 0.104700037723487 0.545484493881312 0.104524660822098 0.0516176061419318 0.0952433182508672 0.211293120750833 0.0950110849371864 0.0477490013909764 0.0758987382207374 0.108039316404048 0.0757664807412881
"154" 0.050701763090233 0.0913095633217597 0.189646810504032 0.0945358346535919 0.0523817767163135 0.102438398388028 0.545359127427517 0.106928865264675 0.0510210347122667 0.0932538284919233 0.208210362115457 0.0964972014495907 0.0472397554955097 0.0747386753578785 0.107196155502371 0.0763624008772605
"155" 0.0502153900984237 0.090008029680652 0.191599468119225 0.0965616441414076 0.0517985987783193 0.10026457131962 0.537879830427228 0.109438468839392 0.0504379890543322 0.0913442366658242 0.204813965428782 0.0980060805672902 0.0467411373714407 0.073609400461331 0.106309903883131 0.0769488511620182
"156" 0.0497363305656773 0.0887241042925577 0.193241398066979 0.0986733630033162 0.0512274615121294 0.0981740557315611 0.523811290260004 0.112059920147677 0.0498680179053398 0.0895099152341103 0.201156163279938 0.099536457970078 0.0462528214969343 0.0725099069715661 0.105384346042934 0.0775247336012576
"157" 0.0492644861275312 0.0874586335883331 0.194546929517531 0.10087636801982 0.0506680232442103 0.0961626061667162 0.504484324515022 0.114800130563276 0.0493106896791472 0.0877465800142539 0.197288195849424 0.101086822844085 0.0457744953387077 0.0714392174283267 0.104423250436243 0.0780889209622172
"158" 0.0487997567100682 0.0862123184788506 0.195494842611063 0.103176473139761 0.0501199538566584 0.0942262204702627 0.481504409025528 0.117666504661201 0.0487655914683621 0.0860502597194406 0.193258894471795 0.10265539445247 0.0453058587690194 0.0703963839512423 0.103430337362181 0.0786402606141676
"159" 0.0483420408276609 0.0849857275949098 0.196069272508224 0.105579972011565 0.0495829343414408 0.0923611272998126 0.456459905522184 0.120666970460854 0.0482323280141178 0.0844172684428108 0.189113619216498 0.104240098200011 0.0448466234275636 0.0693804883276234 0.102409250248692 0.0791775786787721
"160" 0.0478912357773253 0.0837793096916494 0.196260415224014 0.108093685098889 0.0490566562904231 0.0905637735037167 0.430711347814434 0.123810008524088 0.0477105206650143 0.0828441807950559 0.184893543626342 0.105838541575449 0.0443965120493382 0.0683906417945665 0.101363530546718 0.0796996849202567
"161" 0.0474472382492139 0.0825934060597887 0.196064976394437 0.110725011844261 0.0485408218488147 0.0888308124942241 0.405290862026491 0.127104678557205 0.0471998068332345 0.0813278102442837 0.1806352560209 0.107447990439574 0.0439552582346757 0.0674259852754633 0.100296597357318 0.0802053779994722
"162" 0.047009944235548 0.0814282609931488 0.195486324236437 0.113481988431824 0.0480351429891658 0.087159091695246 0.380895275463049 0.130560641732097 0.0466998388325986 0.0798651884989508 0.176370623700114 0.109065346295923 0.0435226056232614 0.0664856885238033 0.0992117293718493 0.0806934512795879
"163" 0.0465792494442883 0.0802840323858568 0.194534333190115 0.116373351653553 0.0475393413362458 0.085545641377264 0.357935739403329 0.13418817620366 0.0462102832907139 0.0784535477262782 0.172126868666879 0.110687125239375 0.0430983075850453 0.0655689499015742 0.0981120515172606 0.0811626990854082
"164" 0.046155049470053 0.0791608011775542 0.193224931993706 0.119408609419027 0.047053147777438 0.0839876635640284 0.336608334979517 0.137998182473799 0.0457308203876726 0.0770903041311812 0.167926796337791 0.112309439427854 0.0426821267327301 0.0646749957560002 0.097000524520436 0.0816119233792695
"165" 0.0457372400218505 0.0780585801760535 0.191579395443929 0.122598118469695 0.0465763021630793 0.0824825215946108 0.31696233624878 0.142002174171708 0.0452611432140996 0.0757730432086249 0.163789127800302 0.11392798215395 0.0422738345300197 0.0638030798353645 0.0958799377549728 0.082039940881184
"166" 0.0453257169489106 0.0769773218443059 0.189623437918587 0.125953169715354 0.0461085528307477 0.0810277298892539 0.298955425566364 0.146212248265239 0.0448009569870978 0.0744995060727726 0.15972889191303 0.115538017116468 0.0418732107531748 0.0629524823921086 0.0947529045420508 0.0824455902033268
"167" 0.0449203766795511 0.0759169261332142 0.187386182362858 0.129486081583608 0.0456496565804081 0.0796209450496805 0.282493676573434 0.150641026947409 0.0443499787309985 0.0732675777473843 0.155757845590551 0.117134374457035 0.0414800433724935 0.062122509855618 0.0936218608715189 0.0828277399502785
"168" 0.0445211160993191 0.0748772467151077 0.18489907529796 0.133210301538076 0.0451993781035505 0.0782599564924402 0.267458293438178 0.15530156101965 0.0439079364513815 0.0720752756425396 0.151884893093592 0.118711452636165 0.0410941279494817 0.0613124937053343 0.0924890651790855 0.0831852960632558
"169" 0.0441278328128033 0.0738580973569345 0.182194822408384 0.137140514652299 0.0447574898333813 0.0769426783966834 0.253722360550401 0.160207180528268 0.0434745687405685 0.0709207397414061 0.148116490578265 0.120263229417505 0.0407152674225292 0.0605217899101993 0.0913566009376226 0.0835172098657593
"170" 0.0437404260566606 0.0728592593002833 0.179306407953625 0.141292745440763 0.0443237725335313 0.0756671441354058 0.241160692969509 0.165371260956681 0.0430496251219619 0.0698022254160715 0.144457027597608 0.121783280235812 0.0403432725348291 0.0597497796167893 0.0902263828378058 0.0838224857991979
"171" 0.0433588062851111 0.0718805096360051 0.176266322096009 0.145684293492288 0.0438980253750027 0.0744315264310525 0.229655341344686 0.170806705193574 0.0426328756477068 0.0687181192897753 0.14090924445542 0.123264782468903 0.0399779704335463 0.0589958860490751 0.0891001913763355 0.0841001875610205
"172" 0.0429829775556821 0.0709218279747959 0.173106652800702 0.150332215953733 0.0434801554205182 0.073234368566522 0.219099663429616 0.176523665159397 0.0422241977993395 0.0676671415108452 0.137475196057795 0.124700320767881 0.0396192816363033 0.0582597269440001 0.0879799335578162 0.0843494322496204
"173" 0.0426135475396397 0.0699846537308252 0.169863544872897 0.155243348871753 0.0430707334824297 0.0720760535884619 0.209408687654982 0.182517572244665 0.0418241173224267 0.0666496398628857 0.134160612564356 0.126080481306443 0.0392676984673534 0.0575420633075695 0.0868692274521817 0.0845693145478452
"174" 0.0422538577389153 0.0690771250000391 0.16659773717225 0.160372082049538 0.0426733169660094 0.0709649630717288 0.200558874703001 0.188720662929109 0.0414360688852321 0.06567301902434 0.130992232363238 0.127387804775939 0.0389262845663928 0.0568487652972378 0.0857799989590489 0.0847585672973424
"175" 0.0419157250033018 0.0682281933011096 0.163450716635484 0.165506254437091 0.0423007114204412 0.0699340918836344 0.192695162155791 0.194872568516686 0.0410724903799621 0.0647663892729465 0.128064143872541 0.128580427314498 0.0386060649255648 0.0562015041676038 0.0847502457538268 0.0849146354933946
"176" 0.0416278067292257 0.0675081893814807 0.160726396780734 0.170098416779737 0.0419840948563427 0.0690652768853361 0.18628934411518 0.200330440838436 0.0407637039887128 0.0640019282214353 0.125605160138287 0.129568113203214 0.0383338802110045 0.0556533359322368 0.0838698967272704 0.0850323133791251
"177" 0.0414369250953314 0.0670320918083082 0.158905067531168 0.173241537727595 0.041774466964095 0.0684937076308353 0.182163347143024 0.204045031296083 0.0405593281523583 0.0634983197437025 0.123991533581623 0.130209842141623 0.0381536340244889 0.0552911887465837 0.0832854890193807 0.0851036228752331
"178" 0.0413890604221576 0.0669128375735731 0.158444054386388 0.1740599623262 0.041721930584624 0.0683500198203958 0.1811242310074 0.205009034009827 0.0405081150495468 0.0633723692768905 0.123586358165074 0.130370073045769 0.0381084574331879 0.0552005103673374 0.0831379900437362 0.0851208449612182
"179" 0.0414972132864617 0.0671823603512085 0.159474614983188 0.172254950764492 0.041840653212033 0.0686735062259682 0.183442970578018 0.202880163599829 0.0406238506597362 0.0636571192665049 0.124495305442147 0.130008760651152 0.0382105465052122 0.0554054658379789 0.0834697344687361 0.0850817169346127
"180" 0.0417321035622305 0.0677692866225093 0.161718288809951 0.168415159761174 0.0420987266151551 0.0693798136287188 0.18858208397193 0.198335545141633 0.0408754860233467 0.0642787207258945 0.126493595617076 0.129212547952138 0.0384324330869711 0.0558520457407735 0.0841898040413298 0.0849911363903811
"181" 0.0420445920194735 0.0685515516941162 0.164658640077084 0.163515119676174 0.0424426125722512 0.070325861103412 0.195645842929296 0.192493199399815 0.0412109282955725 0.0651109988243576 0.129175577944621 0.128129721910367 0.0387280285936633 0.0564479158267447 0.0851436133526501 0.0848575150605723
"182" 0.0423935983614908 0.069429136981036 0.167878075953345 0.158337757517785 0.0428275788645417 0.0713947598827168 0.203934107037415 0.186267214292936 0.0415866609432835 0.0660508697051771 0.132216690748417 0.126884487710878 0.0390588245505505 0.0571175020200499 0.0862039951874146 0.0846879406592156
"183" 0.0427579112237823 0.0703502615476002 0.171145561112613 0.153281970367237 0.0432305708793145 0.0725265654400078 0.213119318283272 0.180129907198553 0.0419802693187809 0.0670454593927397 0.135448561736383 0.125545302123879 0.0394049731724251 0.0578218165426841 0.0873043031020763 0.0844864357876523
"184" 0.0431300326603217 0.0712963156468313 0.174361052809073 0.148473381133496 0.0436434952264034 0.073700501914544 0.223142554046726 0.174242121032604 0.0423839026700037 0.0680764326450759 0.13881156143907 0.124141935295802 0.0397595059279221 0.0585470360163456 0.0884195057797657 0.0842548897405074
"185" 0.0435081572097085 0.072262928754553 0.177477607300938 0.1439280310627 0.0440644716596287 0.0749126665692494 0.23405988874102 0.168636574928135 0.0427957595047211 0.069140335499373 0.142290639327424 0.122687369610134 0.0401208030612005 0.0592901577542594 0.0895423711478068 0.0839943532321184
"186" 0.0438920439259754 0.0732495538644824 0.180461891332115 0.139632690625473 0.0444933314144518 0.0761637733878349 0.245967092297766 0.163309276033242 0.0432157062486579 0.0702377894605316 0.145882578665078 0.121189869246368 0.040488718505117 0.0600511110957015 0.0906703550393821 0.0837057025601239
"187" 0.0442817493594845 0.0742563499588955 0.183281817373355 0.135569747522741 0.0449302357658651 0.0774554928137302 0.258975874144954 0.1582483956179 0.043643932861785 0.0713702653284958 0.149585279781728 0.119656553771234 0.0408633907571509 0.0608303989827439 0.0918016745808523 0.0833898386791482
"188" 0.0446773703756617 0.0752835461365631 0.185904636410943 0.131722357793638 0.04537539592209 0.0787897146527001 0.273207509211492 0.153440733169224 0.0440806803974703 0.0725394346898797 0.15339541634689 0.118094084631541 0.041245001807079 0.0616286201244175 0.0929345063570709 0.0830477212552932
"189" 0.0450790075596121 0.0763313477666092 0.188297360688559 0.128075029672303 0.0458290335340212 0.0801684502911987 0.288788712974951 0.1488728906232 0.0445262027681701 0.0737470853649973 0.157307827164873 0.116508727822508 0.0416337431778057 0.0624464021456626 0.0940668683628539 0.0826803656318991
"190" 0.0454867678509641 0.0773999334135811 0.190427674592345 0.124613588398105 0.0462913835113241 0.0815938414153608 0.305844699560651 0.144531637802563 0.0449807696936866 0.0749951315504101 0.161315155942305 0.11490635210978 0.0420298187198735 0.0632844045867196 0.095196617733792 0.0822888466890037
"191" 0.0459007500782443 0.0784894242306965 0.192264896367885 0.121325032049927 0.0467626796562708 0.0830681415762547 0.324486965766747 0.140404065294188 0.0454446529753603 0.0762855990875191 0.165407409516867 0.113292379550476 0.0424334316690388 0.0641432994160962 0.0963214168915318 0.0818742662982654
"192" 0.046321059637051 0.0795999031839451 0.193781121879567 0.118197461602916 0.047243170070879 0.0845937518890838 0.344793002514996 0.136477752522963 0.0459181417281835 0.0776206608158579 0.169571601081735 0.11167181311285 0.0428447986931403 0.0650237926330838 0.0974387633991269 0.0814377713035924
"193" 0.0467478006270117 0.0807313947801825 0.194952263880203 0.115219963921933 0.0477331095875622 0.0861732159425958 0.366774713798001 0.132740826711328 0.0464015353038384 0.0790026350691243 0.173791298839036 0.110049219024008 0.0432641431209544 0.065926614141478 0.0985459740973058 0.0809805323883861
"194" 0.0471810775129773 0.0818838606086617 0.195759051248919 0.112382525938188 0.0482327619502069 0.0878092328015291 0.390332533475474 0.129182013025315 0.0468951457161118 0.0804340014187215 0.178046220655208 0.108428738023323 0.0436916970187939 0.06685252103921 0.0996401917938025 0.0805037396758407
"195" 0.0476209946478492 0.0830571905066538 0.196187863994702 0.109675951704494 0.0487423998397527 0.0895046666281249 0.415194454750822 0.125790655462194 0.0473992979983456 0.081917414114408 0.182311859513294 0.106814097064545 0.0441277013262779 0.0678022978641613 0.100718390110307 0.0800085949772015
"196" 0.0480676562271223 0.0842511937689254 0.196231347517543 0.107091787917379 0.0492623053727057 0.0912625576766757 0.440844938784344 0.122556719735955 0.0479143310509353 0.083455717739565 0.186559187001887 0.105208626161734 0.0445724064335619 0.0687767574231939 0.101777382225023 0.0794963051247842
"197" 0.0485211660312544 0.0854655892679804 0.195888751513518 0.104622255997067 0.0497927704150677 0.0930861334379224 0.466459007129933 0.119470783432976 0.048440598342445 0.0850519641593464 0.190754478390946 0.103615277933773 0.0450260726063628 0.0697767412716777 0.102813832448095 0.0789680753903623
"198" 0.0489816272234926 0.0866999949294705 0.195165964888005 0.102260190700788 0.0503340969873083 0.0949788203819094 0.49087013677214 0.116524017490345 0.0489784687356464 0.0867094314115439 0.194859313318438 0.10203664942519 0.0454889705100012 0.0708031202063907 0.103824271429723 0.0784251034739595
"199" 0.0494491419060239 0.0879539160509361 0.194075243399604 0.0999989846241175 0.050886597457991 0.096944255678963 0.512610100893571 0.113708161935662 0.0495283271480768 0.0884316442630324 0.198830807496331 0.100475005300024 0.0459613815606121 0.0718567943271199 0.104805114570916 0.0778685736050228
"200" 0.0499238111679339 0.0892267337468051 0.192634653918009 0.0978325380688066 0.0514505952783748 0.0989863001559783 0.530052940456494 0.111015498101114 0.0500905757826916 0.0902223979362769 0.202622132561467 0.0989323017433198 0.04644359878679 0.0729386936847343 0.10575268529807 0.0772996520170007
"201" 0.0504057325292466 0.0905176881254299 0.190867282798416 0.0957552097939781 0.0520264230866532 0.101109046463477 0.541664090998735 0.108438814396045 0.0506656328486359 0.0920857799279457 0.206183363458059 0.0974102065089741 0.0469359253351728 0.0740497750521717 0.106663236665483 0.0767194787205091
"202" 0.0508950090867179 0.0918258814767383 0.188800272136233 0.0937617956955457 0.052614432862262 0.103316849649606 0.546304107268371 0.105971398123265 0.0512539430573436 0.0940262152897164 0.209462681035893 0.0959101423607337 0.0474386838959826 0.0751910353545779 0.10753300163878 0.0761291787770463
"203" 0.0513917309967898 0.0931502320234714 0.186463763382371 0.0918474543916169 0.0532149777250494 0.105614304187042 0.543490717746633 0.103606962472573 0.0518559605934231 0.0960484666386986 0.212407925537148 0.0944332723445237 0.0479522005258678 0.0763634850222169 0.108358188073986 0.0755298295902618
"204" 0.0518959920926 0.0944894894083742 0.183889803773661 0.0900077087075415 0.0538284298611347 0.108006288079621 0.533518186776896 0.101339656418109 0.0524721672957671 0.0981576998286508 0.2149684400991 0.0929805572672458 0.0484768211521267 0.0775681717700645 0.109135051769643 0.0749224850700654
"205" 0.0524078820972956 0.0958422066078932 0.181111313917999 0.0882384011064084 0.0544551734174983 0.110497958431158 0.517383915270357 0.0991640197408122 0.0531030665646318 0.100359510687427 0.217097140607886 0.091552762053999 0.0490129055039105 0.0788061687540343 0.109859920316682 0.0743081615500261
"206" 0.0529274867865965 0.0972067259441488 0.178161136553739 0.0865356674555698 0.0550956056260531 0.113094760729334 0.496553321936439 0.0970749568464575 0.0537491853355927 0.102659970790029 0.218752649752417 0.0901504767733898 0.0495608284942877 0.0800785739006176 0.110529236091578 0.0736878366227054
"207" 0.0534548877525427 0.0985811645021225 0.175071225848313 0.084895913082587 0.0557501375599055 0.115802434503263 0.472656351396935 0.09506771173573 0.0544110758111041 0.105065677886937 0.219901347623375 0.0887741359418827 0.0501209813433107 0.0813865081502169 0.111139599833368 0.0730624480034192
"208" 0.0539901618161917 0.0999633993961348 0.171871990675634 0.0833157904807897 0.0564191945805317 0.118627014459576 0.447218004585667 0.0931378437298468 0.0550893169672678 0.107583811904161 0.220519150253894 0.0874240358282372 0.0506937724517209 0.0827311126396655 0.111687814065783 0.072432892303024
"209" 0.05453338038509 0.101351053767096 0.168591799428323 0.0817921790808483 0.0571032167799618 0.121574826233824 0.421486698246291 0.0912812047164083 0.0557845161721348 0.110222197858348 0.220592844643697 0.0861003504034949 0.0512796283333318 0.084113545144188 0.112170926037949 0.0718000241716987
"210" 0.0550846087695911 0.102741483960283 0.16525664050936 0.0803221669169096 0.057802659432984 0.124652474967798 0.396370940777808 0.0894939179431746 0.0564973109317712 0.11298937665541 0.220120842453031 0.0848031459982868 0.0518789946172177 0.0855349756801461 0.112586269190026 0.0711646558108329
"211" 0.0556439054294316 0.104131768320216 0.161889923640037 0.0789030339605197 0.0585179934297212 0.127866824348845 0.3724573358586 0.0877723582737813 0.0572283707496196 0.115894684787978 0.219113271609473 0.0835323946699841 0.0524923371017274 0.0869965810887407 0.112931502028727 0.0705275567874259
"212" 0.056211321184158 0.105518698219832 0.158512401815372 0.077532236999533 0.0592497057237052 0.131224963288737 0.350071307799951 0.0861131338952182 0.0579783991480441 0.118948344214531 0.217591395874135 0.0822879863862173 0.0531201429000226 0.0884995384982289 0.113204643435327 0.0698894541631259
"213" 0.0567868983433617 0.10689877185252 0.155142191114704 0.0762073958603593 0.0599982997481541 0.134734156506212 0.329348830297924 0.0845130693499495 0.0587481358220826 0.122161563692127 0.215586424922673 0.0810697400352203 0.053762921644044 0.0900450174182584 0.1134041033226 0.0692510328577921
"214" 0.0573706697760028 0.108268191489218 0.15179486560766 0.0749262808620704 0.0607642958194845 0.13840177454391 0.310300680959284 0.0829691898407367 0.0595383589622738 0.125546653133959 0.213137839289769 0.0798774133607661 0.0544212067742582 0.0916341702991284 0.113528707784777 0.0686129362414013
"215" 0.0579626579234605 0.109622864897986 0.148483606208149 0.0736868013906648 0.0615482315301778 0.142235197631194 0.292862130283954 0.0814787067387562 0.0603498877688719 0.129117152670723 0.210291396001889 0.0787107119047384 0.0550955569287186 0.0932681213262191 0.113577717984309 0.0679757669308173
"216" 0.058562873718702 0.110958411615565 0.145219384866326 0.072486995456248 0.0623506620870294 0.146241686538683 0.276927820328299 0.0800390041812672 0.0611835851357145 0.132887978201648 0.207096996462806 0.0775692969990992 0.0557865574025752 0.0949479531534855 0.113550842139785 0.0673400877347622
"217" 0.0591713155081247 0.112270175057711 0.142011168859135 0.0713250201793759 0.0631721606768465 0.150428212598853 0.262374526299496 0.0786476267058873 0.0620403605824884 0.136875585283278 0.203606588965418 0.0764527928823028 0.0564948217207974 0.0966746911787011 0.113448240101032 0.066706422707864
"218" 0.05978796850524 0.113553244130288 0.138866134759112 0.0701991432604175 0.0640133192034445 0.154801241905332 0.249075096508178 0.0773022677149632 0.0629211734397882 0.141098151057764 0.19987224548061 0.0753607925716694 0.0572209930498345 0.0984492829686829 0.113270517877253 0.0660752577237068
"219" 0.0604128102137482 0.114802512821934 0.135789899704435 0.069107736885955 0.0648747532416851 0.159366507805485 0.236906438725965 0.0760007577994637 0.0638270367876214 0.145575755497996 0.195944480073926 0.0742928588733517 0.0579657434363161 0.10027255400732 0.113018690267205 0.0654470357048532
"220" 0.0610458555578848 0.116012952911654 0.132786867872286 0.0680492835052642 0.0657571349076714 0.164129048095761 0.225753746101528 0.0747410473374137 0.0647590245463641 0.15033042845269 0.191870651255168 0.0732484977717251 0.0587297575780047 0.102145021606297 0.112693975465586 0.0648221164052256
"221" 0.0616873809799258 0.117180823182454 0.129861111479506 0.0670224332512421 0.0666613510100896 0.169094715774605 0.21551264688488 0.0735211626731665 0.0657182899209958 0.155385471443067 0.187692611996605 0.0722270134754418 0.0595136443295784 0.104066070622517 0.112296869482084 0.064200579723163
"222" 0.0623386672419786 0.118307596495622 0.1270187862446 0.0660262139989411 0.0675890205313696 0.174276284997872 0.206090755043686 0.0723390963587038 0.0667061046723745 0.16076241432892 0.183441687307541 0.0712270400122057 0.0603176251584727 0.10603122172301 0.111824199224393 0.0635815918295532
"223" 0.0630035649308577 0.119408271100777 0.124272857470856 0.065060500921716 0.0685435657965537 0.17970758723566 0.197409726598745 0.0711926404636118 0.0677238831605153 0.166473298145784 0.179129940127168 0.0702456318661135 0.061140813312406 0.10802611285256 0.111263181146125 0.0629621417702951
"224" 0.063690186338385 0.120520610927365 0.121647681941688 0.0641266922780242 0.0695313153755887 0.185461320900964 0.189407203510171 0.0700792709070025 0.0687730415169824 0.172509007114044 0.174740481646275 0.0692771941541342 0.0619800927313645 0.11001763942785 0.110583884010757 0.0623354771506106
"225" 0.0644104457737732 0.121702235859848 0.119176141036153 0.0632270864804833 0.0705610654850604 0.191650050767655 0.182035076056354 0.0689970841367573 0.0698545736831547 0.178830706893118 0.170249463622237 0.0683161160897995 0.0628305938898257 0.111958736240238 0.109750327639543 0.0616937190850805
"226" 0.0651762813776685 0.123016176795835 0.116885903268747 0.0623647097868137 0.0716414907653687 0.198408312211439 0.175251022647034 0.067944403123455 0.0709686961931459 0.185389696930981 0.165647822997241 0.0673566310757973 0.0636858026228936 0.113797284470227 0.108733077783533 0.0610305648887408
"227" 0.065991680812022 0.124476450792453 0.114773233076425 0.0615393360489171 0.0727758933772719 0.2058047248083 0.16900266347475 0.0669214195450133 0.0721153186113631 0.192137783512061 0.160954650709769 0.0663991410988482 0.0645421490996933 0.115495644537846 0.107526418496079 0.0603446076402896
"228" 0.0668541026986538 0.126062975434861 0.112808825361631 0.060747643681245 0.0739638403060342 0.213876678419737 0.163225629135445 0.065928027740134 0.0732949321732632 0.199073553133055 0.156265183149889 0.0654496479609836 0.0654009590864906 0.117059835525303 0.106174381948735 0.0596447732364173
"229" 0.0677556431704907 0.127722079592516 0.110945137444016 0.0599837291042612 0.0752017037124311 0.222585576026904 0.15784945618805 0.0649636644269636 0.0745095944695117 0.206222116337007 0.15166724176373 0.0645149003412136 0.0662669598080949 0.118515150485741 0.10473164287382 0.0589415153286847
"230" 0.068686982724508 0.129389302317313 0.109140509759551 0.0592418913472358 0.0764863270280957 0.231886698194191 0.152811685652305 0.064027144405805 0.0757621190488176 0.213614936125808 0.147230140323114 0.0636004682408491 0.0671457830267434 0.119891691170317 0.103248652177121 0.0582441297839424
"231" 0.069644406244041 0.131031066038583 0.107370792050882 0.0585183375870028 0.0778166776096972 0.241746780370744 0.148067793394243 0.0631171043796887 0.077055319858031 0.221263518089199 0.142987090815537 0.0627090745113353 0.0680414406766379 0.121207349184206 0.101756734754337 0.0575579361126751
"232" 0.070625704500446 0.132621807688932 0.105626936793411 0.0578111301131151 0.0791936381046565 0.252139669138588 0.143587845917333 0.062232304204239 0.0783916926116098 0.229152176883463 0.138944454948716 0.0618412700192504 0.0689560283578463 0.12246666198268 0.100270666912244 0.0568849710987244
"233" 0.071630725977979 0.134147606480392 0.103907577927294 0.0571193528130841 0.0806191639787566 0.263032478019907 0.139350252897398 0.0613716622204108 0.0797735444504572 0.237241170821342 0.135095896685146 0.0609965733257821 0.069890519431445 0.123666551534887 0.0987965293044736 0.0562256129360251
"234" 0.0726599133813212 0.135597806334807 0.102213815333002 0.0564424649654765 0.0820956944098526 0.274370771110624 0.13533723676553 0.0605341996797408 0.0812031892683597 0.245469657704276 0.131431205712785 0.0601741869754616 0.0708454660327254 0.124801130924363 0.0973371936480641 0.0555796758072522
"235" 0.0737138619429841 0.136962520563239 0.100547112511445 0.0557800308111687 0.0836259220277535 0.286067153726128 0.131532937553501 0.05971900188593 0.0826830523305251 0.253755596845445 0.127939699202311 0.0593732716047044 0.0718213045712834 0.125863841973866 0.0958945531079415 0.054946840638246
"236" 0.074793192541901 0.138232054836601 0.0989087567769246 0.0551316423515206 0.0852127423886385 0.297991826192444 0.127922840777989 0.0589252034505759 0.0842157095698601 0.261994247972673 0.124611109701914 0.0585930150885619 0.0728184431100593 0.126848116325043 0.0944701317199491 0.0543267739443308
"237" 0.0758985279426965 0.139396926217343 0.0972997821725043 0.0544969061259736 0.0868592577946565 0.309964469327721 0.12449359746709 0.0581519829934639 0.0858039052629107 0.270057131713513 0.121435746782589 0.057832643288506 0.0738372736096753 0.127747581802045 0.093065214497081 0.0537191473275201
"238" 0.0770304861794292 0.140448013629825 0.0957209846928453 0.053875440906197 0.0885687934046325 0.321748594423753 0.121232924902557 0.05739856013424 0.0874505657920389 0.277792613225079 0.118404506428018 0.0570914193340629 0.0748781707870848 0.12855617721705 0.091680880177861 0.0531236404919431
"239" 0.0781896763965602 0.141376731157741 0.0941729476296158 0.0532668772313821 0.0903449164827695 0.333050600932141 0.118129520564961 0.0566641929762461 0.0891588138220182 0.28502891588154 0.115508854854535 0.0563686416129715 0.0759414882876219 0.129268256252461 0.0903180209629359 0.05253994146482
"240" 0.0793766943691616 0.142175204680442 0.0926560662597408 0.0526708570875142 0.0921914577321254 0.343526220708023 0.115172981463903 0.0559481757741242 0.090931983547221 0.291580138489592 0.112740805090108 0.055663641723658 0.0770275541326806 0.12987868859368 0.0889773600695306 0.0519677465098143
"241" 0.0805838646437924 0.142836444006736 0.0911705706874176 0.0520870336813545 0.0941125348680827 0.352796647693907 0.112353728766647 0.0552498368607116 0.092773637243008 0.297255490627275 0.110092890392642 0.0549757826480022 0.0781366656628331 0.130382956475594 0.087659468323645 0.0514067600926348
"242" 0.0818365006571289 0.14335450644861 0.0897165483306104 0.0515150721052568 0.0961125810753459 0.360475213998394 0.109662939454479 0.0545685376586311 0.0946875855705276 0.301871404967125 0.107558137590738 0.0543044579817236 0.0792690857768619 0.130777245997257 0.0863647813076539 0.0508566957156546
"243" 0.0831104112002468 0.143724699505754 0.0882939959274227 0.0509546690071452 0.0981964254779467 0.366203070430295 0.107092519604609 0.0539036917366783 0.0966779575010901 0.305265592631135 0.105130075547107 0.0536491111122975 0.0804250759195164 0.131058579827616 0.0850936460155651 0.0503172955487429
"244" 0.0844149967641539 0.143944544482356 0.0869032996799142 0.0504058316302691 0.100370053405152 0.369690802952701 0.104635576863941 0.0532550556208092 0.0987499328924405 0.307312779643985 0.102803231467055 0.0530095250895556 0.0816054408089887 0.131225654796468 0.0838467844450491 0.0497886067213101
"245" 0.0857576029062106 0.144022115503423 0.0855497651770797 0.0498716017711805 0.102647762843972 0.370773851991023 0.102291551540702 0.0526255800580025 0.100916721006504 0.307953101338541 0.100578223210563 0.0523886631083942 0.082816909148842 0.131286440974438 0.0826296950526581 0.0492736771128632
"246" 0.0871889497531436 0.144030455423491 0.0842733443467833 0.0493762399284059 0.10509934147611 0.369561728918964 0.100100275015066 0.0520404499697346 0.103245620339162 0.307307300489097 0.0984954154056496 0.0518116356724905 0.0841077353794782 0.131307974498551 0.0814815546000515 0.0487965509342575
"247" 0.088972928300159 0.144355295471456 0.083283951778624 0.049045747624795 0.108065563313085 0.367008641194422 0.0982971788307318 0.0516313845374668 0.106068433457492 0.306166555245934 0.0967882208797065 0.0514096792691844 0.0857302793617497 0.131643141616086 0.0806067952286034 0.0484819587968866
"248" 0.0920448856436184 0.146359230913926 0.0833236081702185 0.0493293240368652 0.112741349878421 0.366398036641069 0.0977282740110841 0.0518684501777904 0.110550697525726 0.30728806497235 0.0962929951632663 0.0516510879550048 0.0885796398059842 0.133538933879019 0.0807273149595465 0.0487744914312488
"249" 0.0985725902341243 0.15317825166546 0.0860982706838337 0.0512590598195078 0.121895252389272 0.375062837507865 0.100343098273994 0.0538318312701225 0.119393146618405 0.316915889048613 0.0989361106606154 0.053611968470463 0.0947298437007796 0.139866504573057 0.0835027066647758 0.0506956564025728
"250" 0.111436416836719 0.16888764507003 0.0938276546511506 0.0561829362617907 0.139208792358233 0.40230923138045 0.108672037581634 0.0589306667522598 0.136204549605129 0.343033398160852 0.10721783885903 0.0586961148752671 0.106931729605964 0.154377702261333 0.0910923412977133 0.0555795373186389
"251" 0.131379547476956 0.194447225319062 0.106962599813314 0.064385797928865 0.165779950011288 0.450115186655692 0.12320607796372 0.0674609392795143 0.16197864412794 0.387321672502341 0.12162611821375 0.0671986539712606 0.12588866774777 0.177890560186184 0.103938621685959 0.0637086695176216
"252" 0.15425953177479 0.223568548990575 0.122070175849192 0.0738034226210856 0.196361901777438 0.504019976451196 0.139981465728049 0.0772581954722625 0.191631140940685 0.437155602848569 0.138244718587213 0.0769628515866601 0.147605650817353 0.204678600158065 0.118698324688155 0.0730387064532638
"253" 0.171569425545259 0.244099487491114 0.132518439930988 0.0804272641568196 0.22007943528535 0.537493337345668 0.151402136606619 0.0841136832386555 0.214505116684331 0.469104375566985 0.149563921830372 0.0837947071871802 0.163914451405079 0.223513167767799 0.128907412284996 0.0795993674580757
"254" 0.174488269178745 0.244254215578099 0.131949341746268 0.0803081621640588 0.225385583399645 0.526548034957743 0.15027343349242 0.0839445296432003 0.219355828976021 0.461558694224182 0.148465356376202 0.0836251949970375 0.16638884322392 0.223506741587917 0.128361812337164 0.0794775353849541
"255" 0.157356442307216 0.217268870515699 0.116876249870087 0.0713203338007074 0.204434126102938 0.459953385945484 0.132745158018578 0.074503916600317 0.19863774906207 0.404082008437299 0.131139985185458 0.0742163308125872 0.14971265745378 0.198486457318274 0.11366476726672 0.0705709678586016
"256" 0.121300304844893 0.16572959950111 0.0888342938911009 0.0543127179718029 0.158298657216974 0.345883252928102 0.100685548200016 0.0567074760823314 0.153548594614212 0.303927978232329 0.099426469406501 0.056483058296426 0.115131682322796 0.151033509837802 0.0863335067582031 0.0537271611064251
