1 3 170
2
4 169
5 168
6 167
7 166
8 165
9 164
10 163
11 162
12 161
13 160
14 159
15 158
16 157
17 156
18 155
19 154
20 153
21 152
22 151
23 150
24 86
25 85
26 84
27 83
28 82
29 81
30 80
31 79
32 78
33 77
34 76
35 75
36 74
37 73
38 72
39 71
40 70
41 69
42 68
43 67
44 66
45 65
46 64
47 63
48 62
49 61
50 60
51 59
52 58
53 57
54 56
55
87 149
88 148
89 147
90 146
91 145
92 144
93 143
94 142
95 141
96 140
97 139
98 138
99 137
100 136
101 135
102 134
103 133
104 132
105 131
106 130
107 129
108 128
109 127
110 126
111 125
112 124
113 123
114 122
115 121
116 120
117 119
118
