"V1" "V2" "V3" "V4" "V5" "V6" "V7" "V8" "V9" "V10" "V11" "V12" "V13" "V14" "V15" "V16"
"1" 0.363503280785237 0.521863823805715 -0.28381966429072 -0.182406122357207 1.44343026115623 -1.1697619796378 -0.0124152984471894 0.0878214530629484 1.2113239955109 0.288960147620276 0.0054634228615853 0.0630492506763787 0.195069859984015 -0.169275843275378 -0.466721357253508 -0.00454342007999742
"2" 0.515796718515149 0.599632168655058 -0.368857110067715 -0.230156673219076 1.82542189434844 -1.45313730164969 -0.0117882230394328 0.114926333959128 1.54691537714561 0.359953945551741 0.0112198612172194 0.0839336657887912 0.303346475430422 -0.254942128885765 -0.604246821688985 -0.00594061726873463
"3" 0.653351514619241 0.549717638391511 -0.419465970491553 -0.251728354157896 2.02331178550186 -1.55058601472036 -0.00707007002037208 0.130728081900809 1.74154371504037 0.377882008090494 0.0184622096746141 0.0972799430466011 0.42473591692409 -0.345875085079269 -0.683920520265442 -0.00757625633337966
"4" 0.722930720592323 0.41822135036391 -0.423375389082371 -0.244945295916903 2.01622300292765 -1.46676093069364 -0.00148358259286141 0.130780937604046 1.76351418860766 0.341672899086329 0.0234556631690581 0.0986446691275802 0.506701648474527 -0.403841113732354 -0.686971127762888 -0.00928954961295858
"5" 0.760412648468527 0.101775764104983 -0.378140440197727 -0.202588655657642 1.80493323363091 -1.12329242917118 0.00809659751529934 0.112049341261377 1.63151655925946 0.207127322510433 0.0284612917159568 0.0860821238695451 0.596707871903044 -0.46250956276515 -0.605892733717361 -0.0133702545825543
"6" 0.712106781358935 -0.326489995831383 -0.279137107928931 -0.127831244458168 1.41767002216061 -0.558051097186564 0.0172689640983184 0.0722553201100951 1.34843360896009 -0.024757922973663 0.0292611730257226 0.0564011195027661 0.633096161445786 -0.480976747157642 -0.432888153237236 -0.0202343728972778
"7" 0.577193474901997 -0.793920935422933 -0.144192076528761 -0.0338227163081655 0.947494533299106 0.138218385971624 0.0238255965988017 0.0179663845224836 0.979279786095565 -0.327479565753255 0.0252732936923707 0.014135837076708 0.596687015228678 -0.454825408657231 -0.196495742516085 -0.0298029038116283
"8" 0.371026405694224 -1.21821397285501 0.001369121008989 0.0627397645590833 0.481772782117194 0.848838536248451 0.0270515592066478 -0.0392306269727847 0.587270895510587 -0.643802171277001 0.0180212793259771 -0.0314451964489706 0.4814018255729 -0.394605488873917 0.0602166357919884 -0.0403046154011122
"9" 0.12058017017563 -1.5254561206192 0.130654177183459 0.145081929395879 0.0796134861291248 1.45388569809276 0.0280010906395058 -0.0849996166827758 0.218518344956844 -0.892792019729866 0.0108448566504498 -0.0681301867511337 0.295988707903056 -0.324396373219729 0.288591179324023 -0.0483187094490347
"10" -0.142503520380154 -1.6622755166517 0.220592380440629 0.199260835358505 -0.233334058793754 1.85118582174019 0.0288958447460139 -0.105514624506966 -0.101763554086143 -0.98862537165402 0.00781051642693775 -0.0837265792340105 0.0610081381937402 -0.273943320197546 0.44409463696929 -0.0496288077522706
"11" -0.388901815140082 -1.60176022565879 0.255976356300343 0.216345849910171 -0.458049521520098 1.97420823622152 0.0320195611651983 -0.090874268366691 -0.365710739004222 -0.865839786017308 0.0122890380894338 -0.0693284606044386 -0.197053628867811 -0.267399726587175 0.495214845735525 -0.0405837046075135
"12" -0.596523130363786 -1.34441674635427 0.231654743544148 0.19358430318905 -0.610524690788283 1.80341184575994 0.0386509869193252 -0.0376351772834198 -0.576276349445863 -0.501054516043975 0.0257508716893895 -0.0218221646859433 -0.451721810275978 -0.313714941210584 0.429563907781692 -0.0194395243241416
"13" -0.752434525755181 -0.915717970226731 0.152755655163278 0.134377416648002 -0.711083704483915 1.36789846666453 0.0484632995088679 0.0502556226974251 -0.740822241909208 0.0775918984593171 0.0471695505216778 0.0551181558937657 -0.680540593817031 -0.402738933794214 0.255789116259265 0.0128320616950646
"14" -0.852272186241732 -0.361339403204584 0.0331790749300342 0.0472037957858955 -0.777486717093421 0.736855401774027 0.059551029351292 0.162254454764621 -0.866570620616844 0.796460348081852 0.073145685778822 0.151694964324207 -0.866782310933232 -0.508122271025568 0.00110783509795098 0.0525735829359206
"15" -0.898320742687955 0.259234481634003 -0.107179780250523 -0.056136062148159 -0.822041230208154 0.00323590369465476 0.0689904402807022 0.283368712741961 -0.95840523223031 1.5550013004217 0.0986078428508117 0.253937408033266 -0.999597508636695 -0.5951447979943 -0.294553251757893 0.0942607525482373
"16" -0.897325856366585 0.879968197606848 -0.245906814270801 -0.162515010715387 -0.851540665928263 -0.735999774537002 0.0736979319743505 0.397045556939253 -1.01860040810391 2.25032948142911 0.117797872448217 0.346290192930326 -1.07349968924278 -0.630105390377432 -0.586131877678664 0.131734074612268
"17" -0.858616705836553 1.43527950429966 -0.3616488295293 -0.259305880186069 -0.868626343661698 -1.3983365367226 0.0713286742119283 0.488148421420934 -1.04764230559534 2.80048149764216 0.125230051026175 0.414162694403373 -1.08767252194721 -0.587999970503798 -0.830900313138986 0.159351597743637
"18" -0.792721412304609 1.86566453875629 -0.437254306267324 -0.33571506824482 -0.873534706047673 -1.92890010807823 0.0610030752798352 0.545444252137833 -1.04534926520278 3.16053857271818 0.116401714560956 0.445904475682255 -1.04518608992478 -0.456398185608434 -0.994362068839095 0.172697626134607
"19" -0.710443163645024 2.1214771436166 -0.462064781996219 -0.383456256145648 -0.86564671212872 -2.30602816580545 0.04370957229419 0.563177563570857 -1.01179791999517 3.32835017466712 0.0881792695453294 0.433935501603585 -0.952073442981975 -0.235096498371013 -1.05374272969667 0.168725629860887
"20" -0.622235829700888 2.16541032083195 -0.433122138318375 -0.396814958445907 -0.844592526038171 -2.53875395448572 0.0222890265887352 0.541510031040846 -0.947899730520589 3.33935763272214 0.0389308817646574 0.37505976722862 -0.81630147661074 0.0673035137538359 -0.998967293977234 0.145449449752306
"21" -0.537656254688052 1.97487547405425 -0.355230830100907 -0.372351618983654 -0.810859983741153 -2.65760606824375 0.000972958520326639 0.485828145020769 -0.855704430566044 3.25256216413414 -0.031429311552666 0.270228714040073 -0.646805993894993 0.437799046258006 -0.831658017839157 0.10146421163617
"22" -0.464723327954371 1.54516478264058 -0.239956546506535 -0.308578770715975 -0.765959102218873 -2.70167922052992 -0.0154553659004135 0.405145759434338 -0.738580457569029 3.1317882858335 -0.121321636511186 0.124112397191155 -0.452810382290376 0.862297966845468 -0.563098370122933 0.0356407416036006
"23" -0.40918066569653 0.893055416218886 -0.10374474314463 -0.205890461564298 -0.712259586928044 -2.70582867712165 -0.0226931517256994 0.310020028710082 -0.60136096814563 3.02766983833731 -0.227240711252076 -0.0552423135775513 -0.243554102715473 1.3266915692132 -0.212174110558127 -0.0527344196841568
"24" -0.374081724645027 0.0674648663420214 0.0333639788775155 -0.0682819337075635 -0.653226641744607 -2.69187747987744 -0.0179816013890719 0.211405003031764 -0.451851212248558 2.96599779219443 -0.342342234955952 -0.254673493100171 -0.0303374969861157 1.81132255580557 0.192073624606074 -0.162180373740057
"25" -0.358367844720958 -0.891530760463731 0.156482634381342 0.102931682464718 -0.59037188915364 -2.66493667692471 -0.000260512876677277 0.114705947684193 -0.293864600420084 2.9432116127939 -0.461502406086031 -0.46521371803253 0.182842372979071 2.31114682181145 0.629808809683347 -0.293299414532925
"26" -0.359466730048669 -1.88898487801056 0.247665764613338 0.296904584958565 -0.527827027809011 -2.61804044121289 0.0290366331558216 0.0268381238735005 -0.138972357521475 2.93657360734913 -0.57203817294984 -0.666064185075854 0.382338710869436 2.79580543371331 1.05702669516966 -0.438554822764701
"27" -0.371921138558922 -2.83430223335368 0.296798991559608 0.501024781799988 -0.468720003797782 -2.53879985168292 0.0664567682610004 -0.0498721817762888 0.00315924510093313 2.91294135196394 -0.661175393538472 -0.837308985501608 0.558132782169142 3.2393476648606 1.43002301292088 -0.587893254351656
"28" -0.389366072164384 -3.63977237847226 0.30054977555125 0.699053485599688 -0.416165769509376 -2.41781208037954 0.10716744275863 -0.115438567214928 0.123120163011591 2.84383425804111 -0.71503663696005 -0.957776687792006 0.700861451596395 3.61438455883366 1.69988429709788 -0.726945278739748
"29" -0.405697581455613 -4.23043984819665 0.262531636512891 0.87201289949563 -0.37323308373513 -2.25415156109047 0.14566455189293 -0.171358136502421 0.21257762081427 2.7146365557859 -0.719864696624481 -1.00669709741467 0.802550131029284 3.8952247386143 1.81530747773375 -0.837881136103277
"30" -0.41589371154306 -4.55117299393258 0.192387523648117 0.999883590691347 -0.342690354734265 -2.05643754645919 0.176429478105308 -0.219766463382208 0.265074283681799 2.52699920899889 -0.66360710472276 -0.966024344306916 0.857313281661934 4.06087556657082 1.72804044458879 -0.901390194102959
"31" -0.416378186666901 -4.57090273245116 0.104012154495249 1.06408630840582 -0.32645252246389 -1.83994330655984 0.194507015897297 -0.262713031414264 0.276819126976425 2.29525479815277 -0.537883932884745 -0.823468070763752 0.861935740544375 4.09700260292108 1.40115899268389 -0.899728092520888
"32" -0.405012509453608 -4.28497909937992 0.0132050522929275 1.05057019078747 -0.324766271440469 -1.6215647075672 0.196053446494036 -0.301527573910547 0.247507218707061 2.03965156939337 -0.340290317994677 -0.576105855743037 0.816322338960021 3.99644579650096 0.819626974038201 -0.820554206725632
"33" -0.380892465937521 -3.71654476260848 -0.0649208960491956 0.953113433749056 -0.335293263039247 -1.41468794365105 0.178894527025862 -0.336221783246796 0.181123902229801 1.77943171999486 -0.0767852242924421 -0.234120989913734 0.723822665279066 3.75846098793028 0.00156186675656045 -0.661007033467854
"34" -0.344104771233854 -2.91695278500446 -0.118414677904521 0.776175023839244 -0.352364953382378 -1.2254443745305 0.143051450295936 -0.364949904296399 0.0865338690710497 1.52779195069598 0.236376941946689 0.176232505803497 0.591389647885008 3.38728458274384 -0.992551981091502 -0.431134959676626
"35" -0.295529180084809 -1.96417837897615 -0.140453166974337 0.536408114564942 -0.36676340796539 -1.05111190402703 0.0910968681154556 -0.383661809108679 -0.0224892837604156 1.28953027667961 0.571981195361016 0.611718470011169 0.429453346377556 2.8907918001184 -2.05641162628532 -0.155518147666868
"36" -0.236707315300154 -0.957601697731027 -0.130420039664074 0.261925559553756 -0.366375237834519 -0.880862762810816 0.0281557873056899 -0.386144692636696 -0.12817268835851 1.06130821975979 0.893311727942607 1.01459282935932 0.251351878751189 2.27991959101037 -3.04394895904601 0.128095365410957
"37" -0.16976265346232 -0.00796159708801092 -0.0938323129807799 -0.0112400367348435 -0.337910856415723 -0.698665466092589 -0.0385928547362471 -0.364620415478835 -0.210824391509158 0.83401394589763 1.15826307714977 1.31927088060016 0.0722117749323519 1.56920768129513 -3.78708645403599 0.373836633790972
"38" -0.097342765580285 0.777269855758391 -0.0410752049693635 -0.245286183549243 -0.269570642567775 -0.487784947400544 -0.100928589825951 -0.310945954436311 -0.251976780317751 0.5964974808334 1.32589541448036 1.4628616067163 -0.0926845732045765 0.778358563344113 -4.12416371581443 0.53612886995225
"39" -0.0225550353071089 1.31087054573897 0.0148011119467428 -0.408246383168798 -0.154155133120524 -0.235942003277461 -0.15095508646561 -0.218296637086608 -0.238051761833076 0.339797281908814 1.36429200138312 1.39780434126612 -0.229813588739463 -0.0657537545639788 -3.93393879271709 0.579866100283311
"40" 0.0511264520931412 1.54137763929293 0.0607111512126357 -0.481124550484132 0.00818300582773479 0.060090153425425 -0.182509691944148 -0.0830628865515903 -0.163659967589347 0.0608870358637796 1.25782825012244 1.1036882956675 -0.329218803267076 -0.927524375011617 -3.16683457028689 0.489733968449855
"41" 0.119995250309318 1.46291651668045 0.0859651103342989 -0.462450530932131 0.20839651410234 0.391663772480666 -0.192256843515015 0.0933757591558546 -0.0335785857006961 -0.234949217210027 1.01180006176486 0.59507639076466 -0.385785077586955 -1.76243055577801 -1.86443993750692 0.275842089215757
"42" 0.180288378130093 1.11638833883464 0.0839652533641244 -0.368754247478673 0.428787314975074 0.738009219960175 -0.180185849182498 0.303294671527251 0.137251352426103 -0.533677988946204 0.652965922026325 -0.0769339377271478 -0.39966857751512 -2.5188018497221 -0.160977498062813 -0.0262994279431439
"43" 0.228392163657952 0.581532784810308 0.0528904178736056 -0.230672333096091 0.645097522216037 1.06864745764716 -0.149417599888601 0.53186604846934 0.325797377185109 -0.814057566426572 0.225748085984941 -0.829892382632778 -0.375810541425858 -3.14154242494348 1.73430396643866 -0.361744041160989
"44" 0.261060518564246 -0.037939951906635 -0.00459161452687162 -0.0857501524818041 0.829966133520223 1.34780949736082 -0.105434061737397 0.757076991158176 0.504560314914261 -1.05068122460563 -0.214880858129112 -1.56051371658856 -0.322722856172442 -3.57722001929351 3.56924435367966 -0.666472950420001
"45" 0.275633075899912 -0.63222750833833 -0.0823021889486366 0.0300512622842319 0.956939537978377 1.53977147989199 -0.0549894398797925 0.950421244824028 0.645855704235574 -1.21774293966079 -0.611982459799695 -2.15801959166652 -0.250903767037624 -3.77964871033561 5.08729786134416 -0.879409583716438
"46" 0.270257990779458 -1.10228759213857 -0.171858547478282 0.0899042876544804 1.0042400276981 1.61405593567623 -0.00498871824785052 1.0786593565236 0.725856147710455 -1.29279261684785 -0.914827914110547 -2.51795536071094 -0.171258691107817 -3.7152468982069 6.06431792560944 -0.95318313782127
"47" 0.244145921755559 -1.37295697299377 -0.264027927010195 0.0809401952783233 0.957812271791668 1.54989981529981 0.0384642870238734 1.10723719676244 0.727830875299049 -1.26008515172873 -1.08544254003555 -2.55535207228095 -0.0937801713423334 -3.36794478562078 6.33845179417835 -0.861566939039506
"48" 0.197889809503386 -1.40153761088881 -0.350002799277725 0.00544482848583527 0.813571799521322 1.33993749069792 0.0707786449023642 1.00606594997949 0.644461967480986 -1.11352079880385 -1.10320812853374 -2.21747065716852 -0.0265653779457562 -2.74388593369952 5.83201976479351 -0.60281491012779
"49" 0.133857880313324 -1.18244167431728 -0.42257942514861 -0.12150516621098 0.578997119461456 0.993284743428217 0.0893740674342687 0.757873465101241 0.479385693298644 -0.859311532759628 -0.967810590736002 -1.49666582829417 0.0248789697923106 -1.87613143022641 4.56667817520105 -0.199251928253545
"50" 0.0565904336661749 -0.748618959138321 -0.477199390113103 -0.277018578964807 0.274052548190746 0.5378638876384 0.093997011883634 0.367941728849933 0.248009873462674 -0.518181270446226 -0.700724015799211 -0.44232178908581 0.0581068850812576 -0.828709833457395 2.67221428076327 0.305995388439783
"51" -0.0269871610605099 -0.169412966369631 -0.512676619331305 -0.436385753639343 -0.0690448781463677 0.0209806173601237 0.0868075979828156 -0.127969902189115 -0.0227611192995774 -0.126211082224781 -0.344692836653629 0.832284656074648 0.0739358086180859 0.302144848812533 0.385374413486815 0.854350900260044
"52" -0.107824945862783 0.456829092295148 -0.531301804247757 -0.578265610588389 -0.408143867181075 -0.493572489887346 0.0720971925567135 -0.662204798539525 -0.296674999685012 0.26714903583208 0.0401005797508089 2.15496612300211 0.0761970689314406 1.39293088540036 -1.96880535427991 1.37884455390952
"53" -0.17574280475438 1.01715068861443 -0.538048385196333 -0.687610709209508 -0.69639200645255 -0.933411436980898 0.0554961715899971 -1.14431933951682 -0.532869304773634 0.605190662635618 0.384438088025894 3.31746200256381 0.0708179498990029 2.30686249691842 -4.02013120138854 1.81265364292852
"54" -0.221164397227568 1.40499705344212 -0.538880969424094 -0.755871930281948 -0.890252664795004 -1.23032972847408 0.0426875562050597 -1.48104722757365 -0.693081059505265 0.834104513424798 0.622839896034558 4.11616963607833 0.0642148854212961 2.91668525573408 -5.41989597575567 2.09852484757204
"55" -0.237187173227535 1.54370170907757 -0.538606131449647 -0.779263324487005 -0.958632298405234 -1.33518161444787 0.0379071102413517 -1.60184709840929 -0.749851269243096 0.914955623281896 0.708085241777066 4.40132005658515 0.0613492990242026 3.13130513173554 -5.91711210256497 2.19772037928533
"56" -0.221280112380239 1.40529240655577 -0.53905566951674 -0.75670883451037 -0.890237441006205 -1.23003571774881 0.0427211346019338 -1.48048446640015 -0.693160353083847 0.833525753705507 0.622926031101648 4.11767244688104 0.0641062962553072 2.91749859782286 -5.42017323086455 2.09659101118228
"57" -0.17594222744974 1.01770564563112 -0.538374868374452 -0.689017639065931 -0.696392592182872 -0.932881988802217 0.0555560194508238 -1.14341557096262 -0.532997115448143 0.604141682959314 0.384595015667415 3.32028577223409 0.0706498962938236 2.30830751711558 -4.02061859777604 1.8090487712235
"58" -0.108053817328953 0.457560106002765 -0.53173537627622 -0.57986048015561 -0.408190517292111 -0.492919038373336 0.0721727761768527 -0.661238712626776 -0.29681137297764 0.265842592852097 0.0402948579359022 2.15865166980512 0.0760365463688588 1.39467795203607 -1.96937135649959 1.37415896977029
"59" -0.0271898376737121 -0.168632876956506 -0.513152628099817 -0.437845785150692 -0.0691388807327333 0.0216220329613224 0.0868881481326387 -0.127123033350459 -0.0228789793785045 -0.127507526706173 -0.344504378716678 0.836123116853145 0.0738296182324092 0.303818898368675 0.384876554575271 0.84945005048445
"60" 0.0564478165447135 -0.747922248597806 -0.477643052928448 -0.278166349481211 0.27393737841659 0.538381974536719 0.0940718856463638 0.368607989835128 0.247919258600847 -0.519242645037158 -0.700574586635878 -0.439032182106217 0.0580637245234206 -0.827386082561651 2.67186935402019 0.301742942689827
"61" 0.133778207060126 -1.1819161564265 -0.422928824984545 -0.122301526606819 0.57889244499804 0.993632047217984 0.0894340143288512 0.758359822362733 0.479320687781446 -0.860035977409055 -0.967710603719513 -1.49431936216374 0.0248787984022103 -1.87525206926516 4.56648169353485 -0.202338278438788
"62" 0.19785505316799 -1.40120224682412 -0.35023202411336 0.00494893006171537 0.813496408033818 1.34013118638372 0.0708190234197934 1.00639333900737 0.644418781957627 -1.11393493052764 -1.10314976379968 -2.21606410266011 -0.0265492238957039 -2.74338893489746 5.83192107867298 -0.604700739526209
"63" 0.244134587898029 -1.37277669777739 -0.264150491796491 0.080655770752557 0.957768459233272 1.54999026369545 0.0384866593036652 1.10743955731869 0.727805709440092 -1.26028441471413 -1.08541234149956 -2.55463416422711 -0.0937650146366948 -3.36770368209205 6.33840687733663 -0.862550713991084
"64" 0.270255702257632 -1.10220732088639 -0.171909520698787 0.0897457945929894 1.00421992739571 1.61409225635018 -0.00497878138051089 1.07877859947811 0.725844329035696 -1.29287423240499 -0.914814638874338 -2.51763803711947 -0.171249850229094 -3.71514678257583 6.06430380434744 -0.953634469652286
"65" 0.275633331783502 -0.632199298884221 -0.0823162089037464 0.029959270115377 0.956932941328165 1.53978503268734 -0.0549860891917846 0.95049339883286 0.645851914875035 -1.21777220177544 -0.611978324593021 -2.15789646894441 -0.250899901557875 -3.77961425532779 5.0873014310088 -0.879600840901105
"66" 0.261061203393425 -0.03793329462275 -0.00459151515815392 -0.0858069614367594 0.829965245921968 1.34781485723481 -0.105433372369111 0.757123268599292 0.504560075487135 -1.05069095940871 -0.214880723038944 -1.56047213263003 -0.322721405534153 -3.57721120251023 3.56925463305773 -0.66655190805298
"67" 0.228392732151833 0.581532903157903 0.0528936332889973 -0.230707449430913 0.645098140732206 1.068649848579 -0.149417676108973 0.531895585633869 0.325798032074576 -0.814060840212591 0.225747178348981 -0.829880863851201 -0.375809947902596 -3.14154143231239 1.73431329457185 -0.361776502238399
"68" 0.180288716914867 1.11638750550667 0.0839678385184524 -0.368774223791256 0.428787891806953 0.738010338565878 -0.18018602024204 0.303311806869276 0.137251873043812 -0.533679214379065 0.652965187472312 -0.0769317153937834 -0.399668242158606 -2.51880227240061 -0.160971856943313 -0.026312490452284
"69" 0.119995395583779 1.46291611853177 0.0859665136037426 -0.462460411632215 0.208396786559803 0.391664396974554 -0.192256964133509 0.0933842530380051 -0.033578358799719 -0.23494994278114 1.01179970772222 0.595076612009677 -0.3857848040598 -1.76243080016429 -1.86443738576348 0.275836985355198
"70" 0.0511265494363893 1.54137792758051 0.0607118292252879 -0.481128669220787 0.00818311374776903 0.0600911481452577 -0.182509814655173 -0.0830595327735502 -0.163659921081855 0.0608855712703509 1.25782814563712 1.10368844702501 -0.329218485221868 -0.927524416442895 -3.16683354651203 0.489731903034368
"71" -0.0225545835327068 1.31087237911466 0.0148018892505819 -0.408247748425882 -0.154154897261072 -0.235938156387633 -0.150955468533522 -0.218296269277086 -0.238051710079631 0.339791440468569 1.36429201449947 1.39780448057061 -0.229813069355786 -0.0657540143310676 -3.93393761639093 0.579865092633497
"72" -0.097340552491149 0.777277223339834 -0.0410723301888423 -0.245286243776651 -0.269569490992805 -0.487768568973592 -0.1009302059377 -0.310949218259267 -0.251976246404289 0.596472735806366 1.32589548299009 1.46286091383735 -0.0926832749404163 0.778357088334969 -4.12415907455021 0.536128152534644
"73" -0.16975346865471 -0.00793367918139953 -0.0938204205813848 -0.0112386389308661 -0.337906071738594 -0.698599892446556 -0.0385993571607375 -0.364634822767821 -0.210821562870583 0.833915056397839 1.15826314915244 1.31926655102041 0.0722162951328005 1.56920190510945 -3.78706718259325 0.373835644183089
"74" -0.236672822889466 -0.957501686004441 -0.130375125799199 0.261931308019427 -0.366357583610396 -0.880620720007635 0.0281317097930174 -0.38619857357179 -0.12816094714388 1.06094314402226 0.893311557866385 1.01457510116801 0.251368704869457 2.27989909790647 -3.04387623706859 0.128092829660233
"75" -0.295410082476357 -1.96384342465449 -0.140298765621216 0.536428462990397 -0.366703528458868 -1.05029183023136 0.0910149777896414 -0.383846245273024 -0.0224470749080576 1.28829210609418 0.571979730572792 0.611655769821127 0.42951226986481 2.89072227332613 -2.05616146521578 -0.155525794507184
"76" -0.343726813770346 -2.91591302125246 -0.117928551250624 0.776240240728505 -0.352176457123454 -1.22289698274689 0.142795562004081 -0.36552977843584 0.0866692075240356 1.52394025821373 0.23637069385025 0.176032391261856 0.59157865597316 3.38706062011189 -0.991765620323989 -0.431156177242144
"77" -0.379791878602824 -3.71357114475576 -0.0635121532833498 0.953301892867731 -0.334742297856862 -1.40743193583918 0.178159281216581 -0.337897716556465 0.181516509637413 1.76844188398475 -0.0768058364062414 -0.234703578889068 0.724378062997907 3.75778798258293 0.00382302358878661 -0.661055928933536
"78" -0.402070929051112 -4.27717287516414 0.016975812471375 1.05105974818263 -0.323274569506371 -1.60259470593555 0.194108751665431 -0.305985102222688 0.248548618870232 2.0108671616936 -0.340348397272835 -0.57766095019808 0.817822747638291 3.99458336499855 0.82558427495885 -0.820636956790111
"79" -0.409147514938647 -4.55212368194894 0.113354586275734 1.06522994133811 -0.322721292705444 -1.79435804760729 0.189766752700575 -0.273636887990443 0.27936702252906 2.2259535919772 -0.538031674810128 -0.827289131023946 0.865672972847429 4.09228615551957 1.41557660765277 -0.899786886371032
"80" -0.399501157660324 -4.5097698284536 0.213834138136228 1.00229131472138 -0.334079910003783 -1.95557327489811 0.165768203259794 -0.244464706123986 0.270860703445658 2.37335863546812 -0.663960436168257 -0.974694287333818 0.86591522605398 4.04996040190074 1.76019317286944 -0.901166457685179
"81" -0.371319367159856 -4.14662760947781 0.308165758762478 0.876591787083409 -0.354898076611608 -2.04824123424453 0.12350949994682 -0.222953309346725 0.224820577459551 2.40033192277389 -0.720674665346293 -1.02490193936244 0.820881474682313 3.87209559272807 1.88157928748259 -0.836673017003648
"82" -0.322485446330333 -3.48347539004545 0.390576766942159 0.706927983544539 -0.380082697460017 -2.02913985323724 0.0645571010203956 -0.215205310666654 0.147289134597399 2.2491699354713 -0.716805992142224 -0.993195291367854 0.737096816192512 3.56933167585644 1.82643336325116 -0.723267255951612
"83" -0.250919049867265 -2.56454948268041 0.461558312820961 0.513250707280356 -0.402922120644318 -1.85892534600287 -0.00953913088850311 -0.228820281501843 0.0476976841456553 1.86981395712341 -0.664785828467215 -0.901211282720851 0.624692678757173 3.15826900889053 1.65426221513165 -0.579058170728985
"84" -0.155376359318537 -1.45571728497389 0.527663986650672 0.313918361736931 -0.416298374862973 -1.51340603054736 -0.0969326845560543 -0.271615462543086 -0.062317481315913 1.23568362284072 -0.578789176436919 -0.773097352807 0.496193081950705 2.66027464604664 1.42613959688254 -0.420168168392792
"85" -0.0365850267648233 -0.23990303162015 0.598945807406379 0.123754618500183 -0.414042955623027 -0.993895556420939 -0.194781794221132 -0.349302786977422 -0.170512186372076 0.358096362718655 -0.472933323791527 -0.631934724338095 0.364673182403789 2.09962071653655 1.19474715330034 -0.25866174456101
"86" 0.101714793997499 0.99125836603613 0.684431928227575 -0.046911029846644 -0.392291469344643 -0.33255786198172 -0.298462009501152 -0.462726806748782 -0.265926826908696 -0.706820416593551 -0.35977492082632 -0.496754247321064 0.241633317448956 1.50161350783463 0.996851436311907 -0.101767206377588
"87" 0.148447510199863 1.36918533313648 0.715121365575811 -0.0957580695123745 -0.381172948999161 -0.102982534239495 -0.331414981323356 -0.505244479591086 -0.292063081599023 -1.06799502873022 -0.324152154405494 -0.457527472254938 0.205909796651624 1.30878724795245 0.944547689867761 -0.0536895345887842
"88" 0.301002834274861 2.4869128295614 0.821806762945489 -0.232162565869981 -0.33364612298257 0.650036337386172 -0.431821053141002 -0.654870920233082 -0.359314124709042 -2.22916709564034 -0.216052972821619 -0.349014160885318 0.105731601682978 0.699900315396467 0.813874022294584 0.0928678733960169
"89" 0.452172219997012 3.43723419113116 0.932209385342711 -0.339518337462202 -0.271308852483423 1.3817211409722 -0.5185344011128 -0.813777673931664 -0.402085552703119 -3.32504130040553 -0.11910509053592 -0.266783349682285 0.0263448730302449 0.111591235308703 0.729155465723323 0.230579497861271
"90" 0.589893826123516 4.17662475405113 1.02148846126958 -0.415741562203124 -0.201774625053485 2.01598618063586 -0.580128867160212 -0.959252298683194 -0.422488196353695 -4.2433420576749 -0.0367894682323149 -0.210300581819581 -0.0334801915623921 -0.430562932473671 0.673415544717322 0.35746246551318
"91" 0.702415956871204 4.68729638168089 1.05401715550652 -0.457103373469835 -0.134357660182801 2.49375921001889 -0.604709046461797 -1.06542455626774 -0.42586454140387 -4.90000072903571 0.028999091136451 -0.176200736073724 -0.0773096002354872 -0.899773088957734 0.62667655758473 0.468414785279776
"92" 0.779737151462768 4.97297924765683 0.988480840313001 -0.457383253051098 -0.0784383426190805 2.78021326537375 -0.581194450396435 -1.10692038177832 -0.419185359231622 -5.24910033084208 0.0769896745043437 -0.160557306612318 -0.109424924207465 -1.2687230478011 0.572721183551856 0.554719343183166
"93" 0.814697293285533 5.05161625299062 0.785442195513901 -0.408714170281218 -0.041960320950367 2.86518314403452 -0.50081334319276 -1.06260940318144 -0.409340976029054 -5.2823566943097 0.105931319561226 -0.160355403273059 -0.133511170307273 -1.51203282608773 0.503042584375969 0.605141614468579
"94" 0.803626318638828 4.94767495129243 0.416715815996162 -0.304225754890272 -0.0301683404920181 2.75895003986704 -0.358878021700775 -0.919261825168062 -0.401636250094621 -5.02156950428792 0.114575171016579 -0.173747289559259 -0.151951337153346 -1.61040613152795 0.41752532976561 0.608408093050997
"95" 0.746626843167258 4.68598050880217 -0.124319857876144 -0.142037038219978 -0.0445381517414009 2.4865393293587 -0.156841512688936 -0.675093458992372 -0.398628894198761 -4.50889881640221 0.102227650578423 -0.199208235054812 -0.165728377895265 -1.55573262324036 0.322532359458307 0.556579340804262
"96" 0.647647144050802 4.28780752435399 -0.813027867336944 0.0703783813714054 -0.081914179901812 2.08287933563583 0.0956362020764225 -0.342927321090328 -0.399360009783158 -3.79863474983462 0.0696385537785336 -0.234104709094879 -0.174728102070502 -1.35594924421758 0.227647863515301 0.448588239138331
"97" 0.514400970828701 3.76920157898903 -1.58704024091628 0.312852994891728 -0.134061156754178 1.58955003896096 0.379254600770761 0.0478471608702318 -0.399059725574227 -2.95175314149372 0.0198580040045147 -0.273329808815404 -0.178189225458724 -1.03819223222859 0.142312218359962 0.292988193679719
"98" 0.35801474888136 3.14131296760741 -2.3463907457057 0.551774993670069 -0.187993045700265 1.05246642970607 0.665172280637884 0.451802924436232 -0.389508126016051 -2.03252919147884 -0.0413187015606074 -0.3085966363587 -0.17512581739945 -0.648742915567589 0.0732164956639423 0.108867341971944
"99" 0.19220319526884 2.4125902785123 -2.96324565581483 0.743181895940943 -0.227432073223349 0.519294816707488 0.917456456863724 0.811725402790369 -0.360257853846782 -1.10563148005873 -0.105602660312223 -0.328782411495908 -0.16466128020874 -0.248653960870486 0.0228797196079711 -0.0759012665009493
"100" 0.0318656810929181 1.59258301793128 -3.30208115082208 0.840022512915002 -0.235500575333814 0.0357325462814493 1.09814650490778 1.06699865561572 -0.300770487810318 -0.232432631206361 -0.163250267074314 -0.321425884401989 -0.14628601667691 0.0951013421515007 -0.0105313404707275 -0.229286522433569
"101" -0.108786565364879 0.696683796749263 -3.2475516137084 0.802483044632147 -0.198299585921798 -0.359343928646399 1.17427095787444 1.16509710480026 -0.203190447474502 0.533736271083176 -0.204726468959624 -0.275137397513234 -0.120062870244728 0.321679406217785 -0.0323381089176991 -0.32187663965874
"102" -0.218226767664078 -0.249404329220872 -2.73357274125171 0.608843921407136 -0.10855708817053 -0.638926737110384 1.12520806844264 1.07364116020984 -0.0651178106010741 1.15259810187291 -0.222589686814226 -0.182368143638286 -0.0867793022481331 0.388904029341556 -0.0498116616053395 -0.334136716756348
"103" -0.289253538898712 -1.20697462140864 -1.76519532137276 0.263608570735347 0.0317172394642298 -0.79165297338427 0.948280217163937 0.789661133057383 0.108450135836277 1.60079186737882 -0.213070266968974 -0.0418237312876357 -0.048019003613847 0.282852498710442 -0.0704111045862916 -0.261982633352716
"104" -0.319847018703574 -2.12461707983212 -0.426054536243759 -0.199857380310441 0.210474713478391 -0.822978905488191 0.660766324151285 0.343151841834374 0.304709874648388 1.87324500654885 -0.176877389264536 0.140110748162698 -0.0061219087916542 0.0215670627088826 -0.100221722400313 -0.118805041546722
"105" -0.313038286034967 -2.94188758907854 1.13154511216181 -0.723261533459059 0.40711902750734 -0.753182931267785 0.297580110035284 -0.206342242973273 0.504434712502075 1.98144608277178 -0.119014401951566 0.349253353115017 0.0359763396587423 -0.348307102037677 -0.142880242559698 0.0668518753493288
"106" -0.275899110948643 -3.59565065043213 2.71124726689094 -1.23280450030308 0.595876370217718 -0.612668819312449 -0.0947381871876636 -0.77917734538174 0.684835064459377 1.94903734100957 -0.0477097696891451 0.564726237581738 0.0750002545151514 -0.760907326336346 -0.199082056367665 0.257331695929707
"107" -0.218008932117097 -4.02760510888365 4.10489552907474 -1.65130616538981 0.750109391864035 -0.435880294927755 -0.465960908365265 -1.28842126732176 0.823134636377896 1.80599656989572 0.0271652360800747 0.760883254038987 0.107635119329345 -1.14373234578621 -0.26659612667013 0.413847683731689
"108" -0.149838451398261 -4.19136291469113 5.12405455909995 -1.90981204656951 0.846476339187563 -0.255418946079755 -0.769946128589853 -1.65281315960605 0.899978827560103 1.5829945205876 0.0957319618965782 0.909636364720669 0.130821940862646 -1.43002562487476 -0.340636486550402 0.504202763850714
"109" -0.0813856522485468 -4.05801742000438 5.62453577728611 -1.95635692866341 0.868109250189477 -0.0976236825629511 -0.970646743851904 -1.80744339642345 0.902020993192821 1.30723902153961 0.149437897947797 0.983010012120516 0.142025234245551 -1.56834711228454 -0.414474561366468 0.508426289197786
"110" -0.0211868947916125 -3.62008960181866 5.52177562681394 -1.76127017163216 0.806516522062245 0.0198372909865707 -1.04575796944849 -1.71127657317058 0.823468466394976 1.00047185804426 0.181956315056313 0.956160429319567 0.139494015535715 -1.52829251033067 -0.480282974964169 0.421387420009694
"111" 0.0243686427967675 -2.89451609686051 4.79878217964318 -1.32001548938554 0.662420707953156 0.0885182228740051 -0.988365608698843 -1.35204564815597 0.666779599736163 0.679097387791114 0.189735111319015 0.811364798655376 0.122558536854258 -1.302859291912 -0.53029199537135 0.25237323476594
"112" 0.0515601790215263 -1.925381734794 3.50994750580607 -0.655198258132987 0.4459657187769 0.10845843893614 -0.807398947096091 -0.749485054772028 0.442871093332001 0.355916865610339 0.172370693993035 0.543263372776408 0.0919769037390927 -0.90872951154057 -0.558315379123904 0.0222668084570046
"113" 0.0597474513992706 -0.786151509699881 1.78242068191502 0.181456528661705 0.176550435208534 0.0867522325796735 -0.527415192837771 0.0429308438058742 0.171019334002417 0.0426448450681765 0.13290039357227 0.164713968532936 0.0502676278831458 -0.385408324957278 -0.561503510337303 -0.240743073105421
"114" 0.0515631953742428 0.420437522644852 -0.187194339442128 1.10841863147283 -0.117933544901226 0.0357873547448992 -0.187438205303788 0.939125493360523 -0.121794550545686 -0.247777338873516 0.0778922868383214 -0.288793432790698 0.00187579117377901 0.207018996095443 -0.541851707003964 -0.505928136459829
"115" 0.0326372373966823 1.56790683334313 -2.14665462223492 2.01827410681955 -0.403130301374939 -0.0287779618229429 0.162194453485887 1.82698700938113 -0.402741453738686 -0.500053570853908 0.0170077958168449 -0.759293812416473 -0.0470287626828281 0.792904444582698 -0.506716250062659 -0.744339107883206
"116" 0.0105991562465346 2.51965646910741 -3.8181197081425 2.78973164265772 -0.642169683892363 -0.0903847080290516 0.466055120688884 2.58247725043642 -0.636815298769646 -0.697252970175451 -0.0382923408601421 -1.17379895095799 -0.0892894704067437 1.29027685360459 -0.46764626143009 -0.931965695139638
"117" -0.00668092083584448 3.15051662302716 -4.94440738884126 3.30830128656253 -0.801497394530003 -0.134276406715219 0.672916694173107 3.09078697327804 -0.79227110411886 -0.823345002011933 -0.0769291746652803 -1.45922358601962 -0.118045851996525 1.62420274386393 -0.437406432209109 -1.05143355744056
"118" -0.0132466676203125 3.37166040901354 -5.34205630940018 3.49123394329309 -0.857425715848397 -0.150202929650641 0.74628565640961 3.27012833938812 -0.846740560176824 -0.866679094686843 -0.0908031047502167 -1.56107005007021 -0.128289979855587 1.74167003096499 -0.425992312295939 -1.09245316880751
"119" -0.00686400924100639 3.15085269461585 -4.94436713969908 3.30824170695034 -0.801390803889304 -0.134480742252481 0.672904409661442 3.09080549011018 -0.792142201476235 -0.822989925814649 -0.0769368467591747 -1.45913380584089 -0.11816927794271 1.623503318779 -0.437193290699447 -1.05163487655005
"120" 0.0102736683648579 2.52026193662236 -3.8180244336021 2.78957429901598 -0.641976008234869 -0.0907612079475015 0.466029022105225 2.58254298139772 -0.636573954613788 -0.69659761301591 -0.0383076540245328 -1.17364976939866 -0.089498021784395 1.28897325705458 -0.467245444578026 -0.932330022553316
"121" 0.032251787748506 1.56863780788443 -2.14648265649433 2.01793950662113 -0.402891293049395 -0.0292506897929226 0.16215331514893 1.82716332107369 -0.40242925310932 -0.499228687698663 0.0169870391613811 -0.759136697274769 -0.0472549634773123 0.791241634042967 -0.506199529700062 -0.744792938264482
"122" 0.051220397382467 0.421104353673119 -0.186930893381296 1.10780989687674 -0.117704816323569 0.0353270778704546 -0.187493290922063 0.939493871434586 -0.121475598986404 -0.246971748141719 0.0778719555758247 -0.288677207881847 0.00170286080362647 0.205371654723325 -0.541336897171249 -0.506385089537247
"123" 0.0595236530537138 -0.785698480459522 1.78276933975178 0.180526844860339 0.176722703790576 0.0863993645589352 -0.527480162651316 0.0435361934180021 0.171282629205335 0.0432647425594412 0.132888179275505 0.164769347765102 0.0501881765919272 -0.386691556838449 -0.561108645254571 -0.241138329084237
"124" 0.0514700117366507 -1.92517976774997 3.5103473869386 -0.656375112242969 0.446065620255542 0.108248878576916 -0.807467461975528 -0.748692317750497 0.443046644381666 0.356287017633481 0.172371512620589 0.543272311041662 0.0919838712206746 -0.909498284152694 -0.558099153543559 0.0219592809951905
"125" 0.0243723369649842 -2.89449763335493 4.79917873943802 -1.32124545840037 0.662462546299405 0.0884264349156174 -0.98843030805222 -1.35120895800048 0.666873425894155 0.679261528728012 0.189747740408751 0.811356923137865 0.122612686308821 -1.30319067491592 -0.530233639670733 0.252150704057186
"126" -0.0211449938867068 -3.62015253821579 5.52211390224909 -1.76233158011606 0.806526756299482 0.0198120739580094 -1.04581215041668 -1.71055915990312 0.823508310237409 1.00051938579976 0.181974512198381 0.956157308731505 0.139554601538326 -1.52837230360467 -0.480314662387606 0.421236680916991
"127" -0.0813441985530954 -4.05808789006638 5.62478250140865 -1.95711423230367 0.868108772663444 -0.0976238222235772 -0.970686386022601 -1.80694118617759 0.90203448573276 1.30724255182348 0.1494548255018 0.983016725016356 0.142069980880214 -1.56833487052121 -0.414530771196823 0.508332666587478
"128" -0.149811452713227 -4.19141156272296 5.12420766699021 -1.91025950646179 0.846474825860245 -0.255414514220823 -0.769971124347147 -1.65252544533336 0.899982742267783 1.58298967590901 0.0957438512924105 0.909647783329689 0.130847384557331 -1.43000212312589 -0.340681391081986 0.504151044285095
"129" -0.217995219875461 -4.02763109949322 4.10497616618963 -1.65152546629588 0.750108935105158 -0.435877242289544 -0.465974369862099 -1.28828638261472 0.82313588864298 1.80599340465188 0.0271718807936825 0.760893420879896 0.107646889044328 -1.1437192148867 -0.266621712300456 0.413822896686554
"130" -0.275893278594135 -3.59566220414575 2.71128334140275 -1.23289379366119 0.5958764927456 -0.612667435629023 -0.0947443620031794 -0.779125795028523 0.684835609815227 1.94903624847923 -0.0477067276150431 0.564732712941648 0.0750048037410562 -0.760902737797823 -0.199093540035733 0.257321575746602
"131" -0.313036067464891 -2.94189197173473 1.13155889046884 -0.723291779110511 0.407119189823123 -0.753182464544728 0.297577687174492 -0.206326379380046 0.504434956342077 1.98144591908177 -0.11901322147086 0.349256598716934 0.0359778170881557 -0.348306146732823 -0.142884551173651 0.0668484476723279
"132" -0.3198461825311 -2.12461837234813 -0.426050013675181 -0.199865912572818 0.210474759387569 -0.822978777541057 0.660765497182969 0.343155627975553 0.30470993217341 1.87324503634522 -0.176876960670565 0.140112118496418 -0.0061215357554758 0.0215670086439613 -0.10022324782642 -0.118805909321793
"133" -0.289253172061693 -1.2069742368929 -1.7651941234651 0.263606516748649 0.0317171865993626 -0.79165270006327 0.948279946366695 0.789661760744155 0.108450036841748 1.60079149218853 -0.213070035735077 -0.0418231213448763 -0.0480190421479945 0.28285215633941 -0.070411890302239 -0.261982670115401
"134" -0.218226509543216 -0.249400727792499 -2.73357296791341 0.608843223436125 -0.108557263287996 -0.638925231844669 1.1252078889124 1.07364130450068 -0.0651182910742112 1.15259568904727 -0.222589239776515 -0.182367397327241 -0.0867798463022331 0.388902853286007 -0.0498129478662435 -0.334136430444005
"135" -0.108786086110193 0.696700001010918 -3.2475540735108 0.802481561721365 -0.198300203202116 -0.359337210877681 1.17427046152199 1.16509774382496 -0.203192499285554 0.533725483369837 -0.204724750139331 -0.275134743047587 -0.120065329297714 0.321674327413057 -0.0323427318133369 -0.321875714715276
"136" 0.0318672658689059 1.59264876579414 -3.3020915876373 0.840016619472006 -0.235503017651933 0.0357589020848046 1.09814463183598 1.06700161842495 -0.300778852328591 -0.232474977808546 -0.163243363985128 -0.321415151743921 -0.146296177042345 0.095080345267656 -0.0105499279498744 -0.229283021796732
"137" 0.192208695286833 2.41283473035969 -2.96328506655587 0.743159538103939 -0.227441354950233 0.519388300689946 0.917449806221504 0.811737322527527 -0.360289386108502 -1.10578197316057 -0.105576828483768 -0.328741870653772 -0.164699881706178 -0.248733826730708 0.0228091192789037 -0.0758880921088974
"138" 0.358032486542796 3.14214569444988 -2.34652679547793 0.551696984067092 -0.188025610664246 1.05276756992051 0.665150698202873 0.451846535460683 -0.389617247813258 -2.03301524724435 -0.0412298917972787 -0.308455959760167 -0.175260372432012 -0.649021867905464 0.072969467796753 0.108913515814407
"139" 0.514453081656324 3.77180182130817 -1.58747042532511 0.312602775592694 -0.134166119082032 1.59043146844499 0.379190688679821 0.0479931619128031 -0.399406247874456 -2.95318039347144 0.0201382856413006 -0.272881717353101 -0.178619657606204 -1.03908686750305 0.141517758483516 0.293137664844892
"140" 0.647785255324338 4.29525698953616 -0.814275028490131 0.0696398495941182 -0.0822250869507091 2.08522377901218 0.095463434243682 -0.342479415461476 -0.400370513565899 -3.80244563081134 0.0704513291866382 -0.232793464740382 -0.175992725658804 -1.35858419208108 0.225297449830819 0.449035391694707
"141" 0.746952627323756 4.70558572971174 -0.127638778768829 -0.144045271355097 -0.0453851724649785 2.49220635763549 -0.157268169742675 -0.673832674516282 -0.401337498400822 -4.51815241627524 0.104395969503343 -0.195679103679637 -0.169144186519377 -1.56286521905719 0.316129052100116 0.557816323201394
"142" 0.804295892349457 4.99514451565486 0.408598552199888 -0.309263991400858 -0.0322930069212236 2.77139725556565 -0.359841825620395 -0.916001145224659 -0.408317160374152 -5.04200121428692 0.119904140756161 -0.164999328248271 -0.16044313709412 -1.62817870820653 0.401446070031149 0.611572719806958
"143" 0.815853556625283 5.15754767969371 0.767173683799044 -0.420395184548632 -0.0468759099501025 2.89001105085518 -0.502808821256004 -1.05485085090257 -0.424525746707258 -5.32335329758563 0.118014637424343 -0.140353670770807 -0.152968794607531 -1.55288667408916 0.46578937994385 0.612630103378365
"144" 0.781284818138132 5.191280267845 0.95059930834957 -0.482456365381868 -0.0889543205555809 2.82513135550019 -0.584991807703927 -1.08991279110385 -0.451045155017818 -5.32375394195401 0.102310990533494 -0.118302159483292 -0.150591088097199 -1.35558043829743 0.492993060130907 0.571121884283087
"145" 0.703580033083406 5.10362635920821 0.981547612398274 -0.507027163139192 -0.155222277617222 2.5673019368877 -0.611376545221797 -1.0310286649586 -0.487714442813704 -5.0230541647217 0.0781318543849436 -0.0935727926723615 -0.157910662106904 -1.07102722702906 0.468823779370247 0.501727786126651
"146" 0.588606979477255 4.91313104695076 0.893403931885764 -0.508146219241894 -0.240275926246302 2.12453013729998 -0.59098515260056 -0.894973025702125 -0.533894857509059 -4.42608164678057 0.0516752497581097 -0.0604506491040837 -0.179935479949447 -0.744554269737249 0.383764594815744 0.420359321564405
"147" 0.444452125134175 4.64884112529103 0.722752881157187 -0.498875144145988 -0.33752831103002 1.52517531099875 -0.535032589435141 -0.702561690332804 -0.58887053960609 -3.56741490436877 0.0290453031487488 -0.0142057743420594 -0.221421508879911 -0.425243138149247 0.235537201098182 0.341318601344426
"148" 0.280509189997231 4.34542585771283 0.5044173039148 -0.48886640274355 -0.439974381869281 0.817847444977092 -0.455410742988226 -0.476316757603737 -0.651804906268962 -2.51145410582871 0.0152819564198761 0.0475838786438203 -0.285913775362222 -0.158452585925107 0.0308648716240185 0.275240017185155
"149" 0.106369403838904 4.03493873300989 0.268873921157614 -0.483054758297307 -0.540829845069623 0.067213942798408 -0.363457581438988 -0.238571356127787 -0.721342137027914 -1.3462872781248 0.0134777110024977 0.124013154971223 -0.374654795587881 0.0213673963481372 -0.214025082631515 0.227977574178965
"150" -0.0663817190268217 3.74257644331998 0.0450259949383689 -0.481472240605946 -0.632610309144779 -0.642413004264344 -0.270556406858733 -0.0135469356768123 -0.793846128415613 -0.191418844363782 0.0238944495671132 0.208902769158229 -0.483627329831867 0.095875646494041 -0.47020605163214 0.200784131360649
"151" -0.235379673163801 3.46311384334113 -0.153290415437906 -0.480078043861749 -0.713088065428364 -1.2597870815619 -0.181858906968837 0.187530471021843 -0.867502221997641 0.886153289978773 0.0445848960362398 0.296400318400671 -0.609818900044595 0.0691555882888111 -0.714762801078109 0.189629218344606
"152" -0.393885663209059 3.18373127830049 -0.308532225363972 -0.472403770070191 -0.778083396590639 -1.71641396052235 -0.103600875507727 0.348842159552289 -0.936671260787049 1.78940235072009 0.0712267745233031 0.375404760746548 -0.743092974003095 -0.0412906036403463 -0.914104597422796 0.189001628537255
"153" -0.538101210403942 2.87573043856221 -0.409701943996276 -0.451258911987006 -0.82592271789204 -1.96516939159237 -0.0390758665892301 0.460870296060372 -0.995550699062549 2.45048198655948 0.0982672705991399 0.434919651037688 -0.871385930978787 -0.203183866817326 -1.0398454328427 0.191863905292109
"154" -0.664688033610424 2.50678459096857 -0.450568511840086 -0.410601803530199 -0.856556436080639 -1.9770346620467 0.0101619805934767 0.518545371878987 -1.038319995044 2.82351819579913 0.120088959818954 0.465328755384647 -0.981041815208802 -0.377321740066363 -1.07092101261284 0.191483590767973
"155" -0.769777040247525 2.05149646710895 -0.430344815456594 -0.347049283428333 -0.87141026517584 -1.74362478128777 0.0439491007444761 0.521457081543154 -1.06002021199998 2.88697540108234 0.132198130482179 0.460321655210336 -1.05830211998308 -0.52547615047739 -0.997308250954617 0.182631928490594
"156" -0.848200248845998 1.49985479179643 -0.354300460786523 -0.260849019050305 -0.873016172553808 -1.27963878705019 0.0632779434080795 0.47397892559154 -1.05721151762373 2.6465533369158 0.132123591389487 0.418329434898496 -1.09077773408263 -0.618070289312475 -0.822448649441892 0.162381777781547
"157" -0.893222475289357 0.861703717220656 -0.23389349122805 -0.156241911043825 -0.864293386647649 -0.625085436189166 0.0701765879455007 0.385181395663912 -1.02813238635439 2.13848373422876 0.119859848066387 0.343195945220032 -1.06873928098959 -0.64022062520027 -0.563983640082757 0.130480896580735
"158" -0.896948926489141 0.167025395010247 -0.086131919191522 -0.0412322115976096 -0.847327131548546 0.154054521261521 0.0675938776141518 0.268327344775898 -0.972201478149547 1.43100698001534 0.0978042908817556 0.243946197769731 -0.986197645164153 -0.594833703981104 -0.252571069828505 0.0893086757222079
"159" -0.851476565092272 -0.537046892281159 0.0679355933787162 0.0731922393066711 -0.821619466715311 0.968673063523018 0.0591472618677404 0.139757889114185 -0.888948863134105 0.620863869236579 0.0702238774449677 0.133637288728337 -0.841893575696423 -0.501704977764718 0.0713128684622113 0.0434183056724748
"160" -0.750745193101844 -1.19147631424028 0.205564671617069 0.174373387334409 -0.782165288502799 1.71467893977589 0.0486449402742914 0.0170789974018559 -0.776844941092031 -0.177633564661495 0.0423431198717887 0.0273865544717893 -0.640381933005238 -0.392200779437901 0.36257820695489 -0.00133955945617004
"161" -0.592916909086743 -1.7325247460189 0.305399858944214 0.249842756939341 -0.718324311853573 2.28739038036804 0.0394117090048047 -0.0832830502246846 -0.632899254209272 -0.851197149739715 0.0191988829929257 -0.0602134996049841 -0.393218352256244 -0.300241701884267 0.578559104511111 -0.0390642716564287
"162" -0.382949359628024 -2.10127399336231 0.351116152321819 0.289680944942909 -0.615028272225658 2.60140701190464 0.0335837166629336 -0.148877704475226 -0.454039370513342 -1.31088760307803 0.00447810275143246 -0.117929866918146 -0.119793527736337 -0.251758670496167 0.687276574297066 -0.0652280896529192
"163" -0.134811327039992 -2.25550852309796 0.335189262376527 0.289088193184735 -0.4577951216019 2.61235063587394 0.0316347156449877 -0.173826066266301 -0.240807355756478 -1.51376162275437 -0.000377794095354655 -0.140405588056652 0.153115873929141 -0.255994008154067 0.675488807284147 -0.0778784710684306
"164" 0.127462005286783 -2.18230395655978 0.261942825314161 0.250481813276195 -0.2416835366913 2.33356691703908 0.0323925552351765 -0.160409508699314 -0.00266927116074467 -1.47419309302025 0.00348708586895619 -0.129614481608414 0.39406495370747 -0.302175892461142 0.554128270186908 -0.0781216728911716
"165" 0.370944146447206 -1.90724631361355 0.148561007854937 0.184116578355599 0.0185380600178719 1.83926373703372 0.0336533168861317 -0.118804367200375 0.237560512118102 -1.25765159216008 0.0127373210270254 -0.0945389579268863 0.5723209393234 -0.363621950947564 0.35828478667419 -0.069551685051465
"166" 0.558551191609377 -1.49463690579467 0.0225498789690493 0.106310412264456 0.283294733935655 1.24815936596791 0.0332204922785786 -0.0644947846379145 0.444223516105939 -0.95645489234257 0.0229356937354384 -0.0487490521664284 0.665207060738416 -0.408400509785219 0.139685456740388 -0.0567526656120378
"167" 0.658328859412841 -1.03430095674193 -0.0852664759938317 0.0350925280276755 0.49580517395383 0.689285679023234 0.0299156992136385 -0.0137275826106027 0.57785460058184 -0.65692749930766 0.0300290563004264 -0.00631680616498898 0.665426575982892 -0.412440706897774 -0.0479408484400992 -0.0435685293168433
"168" 0.655857402381127 -0.616155598125472 -0.15101119483177 -0.0155463296048275 0.604625525543018 0.261597203593087 0.0240353918197069 0.0215581280486354 0.611852459636494 -0.413759001882559 0.0317098679924084 0.0226008790858856 0.58526420601408 -0.3691511485609 -0.166342709772977 -0.0320694819522913
"169" 0.563654810429207 -0.302126881764398 -0.166834002308173 -0.0402271506316048 0.590850763429871 0.0056104521197069 0.0170069994267384 0.0371357302518609 0.548206521185013 -0.243463953763659 0.0280583616911363 0.0346083748970614 0.454418740168156 -0.29067771480563 -0.205190877282849 -0.0226976234392851
"170" 0.463804057368343 -0.154063400949647 -0.152827473842218 -0.0438743073598076 0.51941860204145 -0.0808308562222195 0.0122611774246395 0.0378947180330433 0.461096617198424 -0.161877919748488 0.0233085393553976 0.0344252660744999 0.351570852290559 -0.226310429225263 -0.19334975610926 -0.0171950494583086
