"V1" "V2" "V3" "V4" "V5" "V6" "V7" "V8" "V9" "V10" "V11" "V12" "V13" "V14" "V15" "V16"
"1" -0.744504233019398 19.1686434831167 -7.45674396134564 -4.08709671754013 2.10767414429557 -16.5447399220025 1.09765029275138 3.80352478609711 0.417979379240876 16.5378809780902 3.92863828981297 8.62874965495666 -3.57229526926654 -4.19819650511002 -21.151944031496 3.52847525015727
"2" -0.794795102058401 20.2819751505233 -9.22593548544864 -3.55106076365018 2.01770804964804 -17.160762163327 1.47699571204566 4.69488410391432 0.270041462548534 17.1305971514694 3.85528814517158 8.27364572560782 -3.74431485328378 -4.23444857884229 -21.1038790603943 3.33184223420153
"3" -0.847383288516937 21.3040563280049 -11.1879941712796 -2.8653058906325 1.87683989981957 -17.6535823134641 1.90562343868942 5.68368217378884 0.0867914311062918 17.6017154338094 3.7119013458248 7.73555043009947 -3.89623885328207 -4.2085428917637 -20.744640822134 3.05097634806611
"4" -0.886457907961756 21.9637684812913 -12.6780365785989 -2.29504816205781 1.74664827457207 -17.9268467984994 2.23560403427973 6.43492603310688 -0.0634670029319295 17.8618875436305 3.56917262258457 7.24899704640802 -3.9908922173004 -4.1513571600186 -20.3063234888832 2.80359071809016
"5" -0.945360266996772 22.801891656778 -14.9099010860255 -1.3781133840057 1.52062167039634 -18.211739781678 2.73583920379474 7.560890422998 -0.303753870080072 18.1334508273776 3.31211222094157 6.42187184364047 -4.10692871733087 -4.01523926278688 -19.4403875773414 2.38969654289758
"6" -1.00998680951938 23.5271093400934 -17.2651161560962 -0.345268184310498 1.24767832934907 -18.3883522402382 3.27037176240037 8.75025217706207 -0.574728158525431 18.3053849651901 2.99541297597216 5.44756688077041 -4.20339277748731 -3.81510195137166 -18.3098574129299 1.90773054696024
"7" -1.08184195319512 24.1370411193393 -19.7045243002576 0.780460422237411 0.932528098500939 -18.4719290323681 3.83033064101051 9.98371088091199 -0.872427748228347 18.3960912445932 2.62783749238656 4.35238148845519 -4.28203143156369 -3.55392448952964 -16.9542321936297 1.36954606883592
"8" -1.16244166360383 24.6324197492813 -22.1824824655259 1.97086507655695 0.581602638370669 -18.4822617058032 4.40521152134511 11.2387104685217 -1.19170495807543 18.4286663355833 2.22065131967111 3.1690423935197 -4.34535868050583 -3.23681894858175 -15.4241021190164 0.789906350003548
"9" -1.2532277840769 25.0168876542962 -24.6482718187572 3.19354547389548 0.202832360195657 -18.4426551644565 4.98320313159161 12.4901319804799 -1.52639957000724 18.4297399344673 1.78723174475454 1.93549556875678 -4.39653313684117 -2.87093351146414 -13.7792051381512 0.185951032622597
"10" -1.35547940834431 25.296745474719 -27.0479107807887 4.41316908512999 -0.194663273150127 -18.3786810731931 5.55160808412029 13.711188578066 -1.86958052870443 18.4280798701916 1.3425594870464 0.693372462020307 -4.43921360052806 -2.46528499725886 -12.0859560457284 -0.423483164738627
"11" -1.4702263290622 25.4806921060585 -29.3263026849909 5.59294465517996 -0.60095617473155 -18.3167985321445 6.09734115886272 14.8744891023512 -2.21384557895999 18.4530502221633 0.90261966708772 -0.513790808546219 -4.47740369788787 -2.03053104444555 -10.4145833316061 -1.01865293545916
"12" -1.5981693360406 25.5795883969599 -31.429622007221 6.69623331266212 -1.00574002688859 -18.2829297457176 6.60748190577988 15.9532226010574 -2.55166341953054 18.5330163495187 0.483743394526073 -1.64248682603466 -4.5152959366014 -1.57869347192817 -8.83603158202368 -1.5797682567395
"13" -1.73961151986578 25.606264248579 -33.3078199042448 7.68821231091351 -1.39878644618466 -18.3010782527836 7.06985357700523 16.9224044446273 -2.87573911265656 18.6937915492231 0.10192397411879 -2.65121900008762 -4.55712358708485 -1.12284407771908 -7.41879770806827 -2.08787562549742
"14" -1.89440385450428 25.5753729069706 -34.9171126349065 8.53750193206724 -1.77040094307426 -18.3920702329688 7.47359706853513 17.7601158586831 -3.17938081498073 18.9572137727355 -0.227857950611451 -3.50242615252682 -4.60702600515995 -0.676762804876123 -6.22586788589251 -2.52571744256738
"15" -2.06190730379387 25.5032789660136 -36.2223069157535 9.21766705816208 -2.1118526580492 -18.5724865890752 7.80970703754042 18.4486637341624 -3.45684463868213 19.3399285391333 -0.492267811004695 -4.16424743618063 -4.66892978841156 -0.254576221178528 -5.31190993439304 -2.87852208774575
"16" -2.24097265071259 25.4079504344627 -37.1988154562732 9.70851105372003 -2.41575350663095 -18.8538365849495 8.07149782129386 18.9755870082327 -3.70363475583497 19.8524375065285 -0.680180154325626 -4.61203551794461 -4.7464449882429 0.129617880272278 -4.72085495125975 -3.1346836173384
"17" -2.42993830107002 25.308812601997 -37.8342244512805 9.99709033647378 -2.67636554232229 -19.2420047095657 8.25496926347523 19.3344400688775 -3.91673776366463 20.4984529833237 -0.783147245484088 -4.82954081935168 -4.84277295091988 0.46213574348387 -4.48397489828221 -3.28629656148041
"18" -2.62664555565505 25.2265144063272 -38.1292926638143 10.0783925078813 -2.88981978254844 -19.7369830964349 8.35904696709918 19.52529253581 -4.09477375302947 21.274578878872 -0.795754802826423 -4.80970796824749 -4.96062062635485 0.730099774801527 -4.61853219905061 -3.32951942466343
"19" -2.82847032757104 25.1825580246782 -38.0982883694687 9.95563824425426 -3.05423510797516 -20.3328839986625 8.38567764769027 19.5548981429147 -4.2380512832417 22.1703198955761 -0.715852384061463 -4.55504614211168 -5.10211563081629 0.921834473665129 -5.12704583720733 -3.26474961195117
"20" -3.03237001186176 25.1987500954006 -37.7686046488943 9.64018630240844 -3.1697317689933 -21.0182118656489 8.33976784552101 19.43650268689 -4.34851927578757 23.1684044653553 -0.544651786072791 -4.07755640613232 -5.26871708039138 1.02726187301228 -5.99718807690806 -3.09660204606507
"21" -3.23494415385312 25.2964480614501 -37.1796336582429 9.15104102405894 -3.23834014171371 -21.7763633380118 8.22896288649508 19.1892812744645 -4.42961533969253 24.2453938313602 -0.28669230089622 -3.39822041127718 -5.4611191530268 1.03828985877798 -7.20229828749962 -2.83369323137913
"22" -3.43250763848846 25.4955964200549 -36.3809243780343 8.51398170210086 -3.2638113071697 -22.5863162832329 8.06327218592014 18.8374172693893 -4.48601681202581 25.3725400742105 0.0503233794136122 -2.54607503757961 -5.67914724454661 0.949183591333124 -8.70247635213218 -2.48824155985767
"23" -3.62117523805296 25.8135732115365 -35.4296934563263 7.76035228751698 -3.25134146037965 -23.4234656312974 7.85455626269345 18.4088581420729 -4.52330739775891 26.5168495953985 0.455814434099466 -1.5569161270314 -5.92165007987339 0.756906730058812 -10.446198035871 -2.07550295209739
"24" -3.79541298555171 26.2591274777565 -34.3975909781057 6.93348910053737 -3.20775507207895 -24.2529634671696 7.61818634637348 17.9382859752877 -4.54739588839209 27.6321693036698 0.912276130639839 -0.481961217443313 -6.18387185618641 0.464591693268179 -12.3540624470243 -1.61748379383016
"25" -3.95561660308215 26.8537724860716 -33.320080874877 6.04884792717712 -3.13859715938827 -25.0674498625649 7.36132204265459 17.4438103121065 -4.56496157391473 28.7095261860877 1.4171301052852 0.663481659595163 -6.46950092847092 0.0666096588278045 -14.4094244188727 -1.12087075605632
"26" -4.09475121053663 27.5929305802097 -32.2761543649194 5.15899587141303 -3.05180791930275 -25.8226697366276 7.10140905117714 16.9632735326668 -4.58140907701295 29.690941609304 1.94623169515307 1.81534862053377 -6.76954195856578 -0.426296059603111 -16.5071032348515 -0.613250288590734
"27" -4.20907871731822 28.470407998981 -31.3218314477763 4.30173121872213 -2.95469830869899 -26.4888922246287 6.85109307526454 16.5237608932193 -4.60179036258944 30.5386806220786 2.48187923423825 2.92781598004603 -7.07794513530516 -1.00395355431047 -18.5711332696374 -0.11458025674392
"28" -4.29521849099967 29.4710364111006 -30.5035173704109 3.51158714965732 -2.85402149023844 -27.0378500736269 6.62125906715619 16.1475123931032 -4.62989451734052 31.2175733251597 3.00620415868752 3.9579314562352 -7.38738333249108 -1.65278403114243 -20.526894166489 0.356361255184765
"29" -4.35027026103967 30.5700832083567 -29.8549797556552 2.81811264435783 -2.75560283006325 -27.4437084487299 6.42038378171992 15.850430084437 -4.66791264951735 31.6963550337987 3.50185014714998 4.86757264309745 -7.68934683676636 -2.3560405214384 -22.3040416899075 0.782834506455856
"30" -4.37193105911592 31.7331553575073 -29.3950022187528 2.24441331009348 -2.66403745104105 -27.6839461703698 6.25402208617697 15.6409286420785 -4.7162032348964 31.9488733306989 3.95263031231934 5.62516481020702 -7.97431379820884 -3.09419882547126 -23.8392457254977 1.15089053769043
"31" -4.35860054895215 32.9166767209604 -29.1258928609095 1.80603770189828 -2.58247246011263 -27.7401258159889 6.12446319065066 15.5192181361281 -4.77317725554246 31.9551155449653 4.34413449156023 6.20706738466743 -8.23199979550236 -3.84549987225338 -25.0786180537489 1.44997768106396
"32" -4.30946858625168 34.0689839358756 -29.0329805846523 1.51027856431938 -2.51248602396265 -27.598530243853 6.03058389704256 15.4770847793961 -4.83531527552248 31.70201330901 4.66425965641156 6.59855227233766 -8.45168396151954 -4.58663327991382 -25.9797211343302 1.67336855485974
"33" -4.22457877972488 35.1320442745618 -29.0851752798844 1.35593733148016 -2.45406977256118 -27.2506444821811 5.96791468358424 15.4982065362392 -4.89732033775169 31.183985992554 4.90363884914268 6.79431598001065 -8.62260274989285 -5.29354213155897 -26.51306342717 1.81838235441228
"34" -4.10486230459594 36.043753406927 -29.2366026554664 1.33357498454006 -2.40571485698672 -26.6934641903513 5.92892154505671 15.5590074492438 -4.95240175201923 30.4031925304307 5.05594797663434 6.79849085226033 -8.73439620435551 -5.94231961462729 -26.66300713901 1.8863876212049
"35" -3.95213730405999 36.7407251062359 -29.4292547200093 1.42624416325361 -2.36459570799889 -25.9296155797265 5.9034927428288 15.6300193494471 -4.99267603565625 29.3694717481749 5.11807524033293 6.62414776356854 -8.77758608911415 -6.51015998493003 -26.4280405930585 1.8825826171701
"36" -3.76907088525661 37.1614422386265 -29.596527118083 1.61066781093268 -2.32683949024454 -24.967277098368 5.87960584604571 15.6776845261529 -5.00966304080828 28.0999646627051 5.09014478601443 6.29231199243441 -8.7440609505262 -6.97632000496966 -25.8203988666664 1.81556336519998
"37" -3.55910288645077 37.2496022900114 -29.6674494924955 1.85880044039368 -2.28786378751784 -23.8199003900663 5.84413759198833 15.6665003606304 -4.99484821586339 26.6184279074978 4.97539398724984 5.83054403933329 -8.62754050813643 -7.32304313805404 -24.8650514255096 1.69670258607448
"38" -3.32633310309973 36.9574642181633 -29.5713595688339 2.1396813736028 -2.24276053763811 -22.5057367666182 5.78376808939765 15.5613792809982 -4.94027650728492 24.9542644822577 4.77991214300437 5.27116580617803 -8.42399097238376 -7.53639773757387 -23.5981120376509 1.53937527697963
"39" -3.07537629840124 36.2489889333865 -29.2427301687112 2.42146709142526 -2.18670097541633 -21.04718511807 5.68592259613843 15.3300768814506 -4.83914002509493 23.1413151922234 4.51225666829964 4.64923765193817 -8.13196405302077 -7.60698242459396 -22.0647616167662 1.35807758708097
"40" -2.81119183981332 35.1025647395163 -28.6258345702772 2.67351406146645 -2.11533459277473 -19.4699870217737 5.53968925040317 14.9455295115758 -4.68632056210276 21.2164699170871 4.18297041595997 4.00041121548384 -7.75283548963674 -7.53045674515597 -20.3168058942811 1.16749401166499
"41" -2.53889693880706 33.5131221922584 -27.6789322127079 2.86837569789986 -2.02515505787767 -17.8023038460433 5.33665025007349 14.3879413846653 -4.47884951952562 19.2181706646888 3.80402991765391 3.35879463417314 -7.29092368517695 -7.30786277442298 -18.4100140602532 0.981572919145037
"42" -2.26357398836933 31.4934696585924 -26.3776750379348 2.98357857006431 -1.91380772195134 -16.0737179009611 5.07156733452121 13.6464709247684 -4.2162517376828 17.1848867638755 3.38825847684188 2.75496940422272 -6.75347511450343 -6.94571313800613 -16.4013992007349 0.812671408509686
"43" -1.99008320233679 29.0747200125115 -24.7174746025812 3.00305408832901 -1.78031673942303 -14.3142042963505 4.74287000380446 12.7203865426563 -3.90074597927321 15.1536453815061 2.9487397326684 2.21429079195877 -6.15051018139789 -6.45583235218476 -14.3466046222347 0.670827115523025
"44" -1.72289154446662 26.3057281609781 -22.7146297402778 2.91812241261687 -1.62521477459143 -12.5531214803664 4.35290638887682 11.6195923985961 -3.5372830312366 13.1586971229299 2.49826628910114 1.75558633741184 -5.49453063460945 -5.85495075476083 -12.2975510344768 0.563206823311702
"45" -1.4659277669582 23.2515155007604 -20.4060906910909 2.72795421255705 -1.45056448889193 -10.8182661337391 3.90793142441316 10.3644632800542 -3.13341210108797 11.2303866920211 2.04885426080682 1.39034038358022 -4.80009704518656 -5.1640628735373 -10.3004782184435 0.493769942985182
"46" -1.22247132780262 19.9907175161243 -17.8478235749863 2.43947139506326 -1.25986812040048 -9.13503225083878 3.41782407267283 8.9849721351984 -2.69897679902351 9.39428298717303 1.61134837453756 1.12241833816188 -4.08329175008211 -4.40757414296491 -8.39448255572825 0.4631698302519
"47" -0.995080189747114 16.6121508020915 -15.111833109735 2.06668759572949 -1.05786902484965 -7.52570531514903 2.8955436805295 7.51914115545424 -2.24565285582435 7.67060275547374 1.19513407818113 0.948344910151718 -3.36108870278264 -3.61227077438449 -6.61061106182933 0.468898541263115
"48" -0.785559268224915 13.2106520664665 -12.2819950927333 1.62953022121383 -0.850256538174335 -6.00891130589025 2.35635386010745 6.01089434916321 -1.78635013358871 6.07393873262026 0.807963656390712 0.858108834779159 -2.65065655139091 -2.80615675349765 -4.97152671886761 0.5056623085311
"49" -0.594967896363528 9.88239058546333 -9.44893673466868 1.15222501420521 -0.643292426439416 -4.5992279645402 1.81685926267301 4.50743296420933 -1.33451076417282 4.61327914349931 0.455893479323549 0.836425908533784 -1.96862479943036 -2.01720895063782 -3.49171292257779 0.56595717881828
"50" -0.423661446441315 6.71989403367661 -6.70427603350254 0.661358366175591 -0.443383013418384 -3.30695358279672 1.2939150047182 3.0562916987501 -0.903342778149181 3.29228280800089 0.143320138752642 0.864355889648323 -1.33034500296415 -1.27210589249009 -2.17814101253134 0.640798379607986
"51" -0.271359515158679 3.80705310521807 -4.13458543599518 0.18375909795941 -0.256625389073179 -2.13801783898043 0.803479203680581 1.70226060725327 -0.505033851327426 2.1097551005696 -0.126904759370973 0.921140097256284 -0.749179618193807 -0.594987709939105 -1.03128823435327 0.720544428404537
"52" -0.137231130283226 1.21438116924946 -1.81547567197777 -0.255642141813951 -0.0883585685860453 -1.09401106700216 0.359485221778868 0.484372790125235 -0.149992418809461 1.06025657711234 -0.353307201104599 0.986107965768497 -0.235850404166712 -0.00630412813904258 -0.0463676157050941 0.795748903487492
"53" -0.0199864802615366 -1.00519947673456 0.193799882077656 -0.635812896988682 0.0572491164563189 -0.172303679342349 -0.0271887484086619 -0.566840009229054 0.153836821425557 0.134769626219168 -0.535599914900104 1.0404941764009 0.202123674657173 0.478195796842591 0.785381297735512 0.857969936374957
"54" 0.0820351799904984 -2.81979332198625 1.85484256797827 -0.941322835007668 0.177546821168903 0.633773223114076 -0.349579383296714 -1.43163332912991 0.401539103487949 -0.678650239135095 -0.67449725538745 1.06901411695617 0.560872166836134 0.848283970523624 1.4754897623352 0.900470222026797
"55" 0.170790533150807 -4.22097252086041 3.15337846700459 -1.16361547937595 0.271656353289927 1.33471169276663 -0.605263200766331 -2.10271148060747 0.591639413923076 -1.39430288971107 -0.771561993432442 1.06106406011349 0.840479610775532 1.09984288489518 2.03727736696601 0.918748559142841
"56" 0.248476944316053 -5.2250534998384 4.10104382144891 -1.30174168190206 0.340615415152001 1.94459396341472 -0.79669669208306 -2.58613486353079 0.726326106948818 -2.02840053603086 -0.829104400001597 1.01144226304859 1.04513472804106 1.23519313218424 2.4851920252022 0.910857045982539
"57" 0.317500747742315 -5.87309751199064 4.73551898621918 -1.36248730863099 0.387395621759538 2.48085180030557 -0.931239040689434 -2.90138888441561 0.811468655014551 -2.59878069326533 -0.850146027357368 0.920525874283157 1.18310978143535 1.26313798312687 2.83453440502672 0.877475061118275
"58" 0.380469379229226 -6.22958829361687 5.11894708522232 -1.35987177721836 0.416789960969709 2.96401625280168 -1.02084488193168 -3.08058211964089 0.856421381050268 -3.12477848524577 -0.838451206019727 0.793882996862521 1.26656358701965 1.19871580931881 3.10158196023076 0.82173070578483
"59" 0.440204053606294 -6.37980881304156 5.33468244717187 -1.31404055796975 0.435172775851015 3.41744483772936 -1.0814357368954 -3.16679618124181 0.873617185841113 -3.62723675871803 -0.798619433313888 0.641345900617125 1.31116814533081 1.06266331702951 3.30407887953879 0.748780904313207
"60" 0.499766357471572 -6.42600828708873 5.48252149102518 -1.24962003807741 0.450143653863393 3.86700366192508 -1.13197968036138 -3.21166392339455 0.877967406538346 -4.128609640592 -0.736222529943461 0.475616405658002 1.33556565277124 0.880604922419678 3.46201214657958 0.665181196313824
"61" 0.562489433830251 -6.48251659708239 5.67266796907825 -1.1936438526518 0.470074256214275 4.34067541484001 -1.19332809629395 -3.27230265089656 0.886095319458491 -4.65309684525437 -0.657962637392757 0.3105142125778 1.36066962746347 0.681995707760471 3.59855503657491 0.578093810038354
"62" 0.632002683697124 -6.67002258851244 6.01876898237788 -1.17319289468833 0.50358362061877 4.86806167800796 -1.28687478539314 -3.4077716634738 0.915440786578642 -5.22673432595184 -0.571821639145583 0.159010221464996 1.40883086492431 0.498856822246378 3.74103165161978 0.494396477301052
"63" 0.712238316624394 -7.10928241816237 6.6304226274824 -1.21291433407987 0.558972413248853 5.4797503294385 -1.43311517816346 -3.67525612212557 0.983281580244807 -5.8773632289458 -0.487170006675569 0.0312071796051896 1.50289570730808 0.364352481653384 3.9217423507489 0.419763548761694
"64" 0.807408754434391 -7.9145615227626 7.60559860047761 -1.33259649703268 0.643649693343264 6.20652618959275 -1.65019121124942 -4.12619987961716 1.10572256199532 -6.63440424293913 -0.414803716652841 -0.0675622410626602 1.66519039674009 0.31126643059174 4.17849170724912 0.357794602595732
"65" 0.921945813958473 -9.1871368950724 9.0234272675043 -1.54497567802991 0.763586816145107 7.0784151202638 -1.95251010180709 -4.80261740939477 1.29670683487063 -7.52837816849205 -0.366881771118642 -0.1383551370036 1.91647077185078 0.370442419921822 4.55467801103441 0.30926366999347
"66" 1.06039562709771 -11.0091937733978 10.9377999878816 -1.85393808239132 0.922832097928563 8.12356766459334 -2.349522691326 -5.73380895705304 1.56710307634148 -8.59013483631952 -0.356743683159493 -0.18980888180522 2.27488090345599 0.569257506232979 5.09883497653209 0.271554640835802
"67" 1.2272671526174 -13.4384418754917 13.3721848668174 -2.25325620343301 1.12311688946738 9.36700664750788 -2.84473943694593 -6.93368401023963 1.92392048346824 -9.84977959271964 -0.39859549941184 -0.238784391807712 2.75496708260661 0.930198437124425 5.86355955970794 0.238335998319599
"68" 1.42683656026122 -16.5037509564663 16.3160001164397 -2.7259658285484 1.36357895443496 10.8292822368812 -3.43505000302866 -8.39886735788241 2.36969725870733 -11.3353170680039 -0.507063734011581 -0.310381738961951 3.36679451967564 1.46960976239093 6.90381094851546 0.199511749028716
"69" 1.66291433523543 -20.2020644668669 19.7228055539708 -3.24444991885593 1.64062282407497 12.5250958951387 -4.11039648753422 -10.1077212292239 2.90210059851665 -13.0710630943113 -0.696628060280318 -0.437291209563227 4.11521288090773 2.19667743196353 8.27462049535825 0.141466510367081
"70" 1.9385862538478 -24.4967948667704 23.5104761262846 -3.7712515325502 1.94792946481698 14.4619695342581 -4.85383152183022 -12.0203685797733 3.51376609492399 -15.0759045914792 -0.980954773491931 -0.658489069649477 4.9993131619878 3.11270347408068 10.0283059925241 0.0476025744328581
"71" 2.25594303123205 -29.3178368184999 27.5634150110418 -4.26059262720082 2.27661956204236 16.6390463047946 -5.64197184313161 -14.0797491549329 4.19239279215708 -17.3615112888901 -1.37216296159909 -1.01733284113652 6.01211227882902 4.21071602499402 12.2113317730473 -0.1008531979287
"72" 2.615816107603 -34.5632577494935 31.7367533594515 -4.66053175201978 2.61556641696836 19.0461134505686 -6.44583653499149 -16.2136842899417 4.92109739403475 -19.9306200144301 -1.88006318936982 -1.55915276347878 7.14049319852734 5.47544482319415 14.860994753868 -0.323813263493321
"73" 3.01753846950214 -40.1026424344295 35.8623747247766 -4.91565387334958 2.95184629922278 21.6629346844138 -7.2320380476433 -18.3378713081602 5.67901788347137 -22.7755202746048 -2.51141368472759 -2.32847165816111 8.36541766385767 6.88367580020434 18.0021426670892 -0.641120479264828
"74" 3.45874945229752 -45.7819830193721 39.7564999865372 -4.97015199466841 3.2713064926179 24.4589693304797 -7.96427437026546 -20.3596765454095 6.44214370702935 -25.8768680600542 -3.26924112723418 -3.36601256960239 9.66241598750068 8.40498029479262 21.6441424226359 -1.07123504268748
"75" 3.93526110710332 -51.4299224023289 43.2284780925493 -4.77113451961941 3.55922457929353 27.3935384052916 -8.60505327933333 -22.1825499667857 7.18433732133997 -29.2029431439296 -4.1522720381156 -4.70567092074089 11.0023445846936 10.0027955554007 25.7783130625558 -1.62989400933566
"76" 4.44100102060281 -56.8650813650065 46.0903535468733 -4.2719756082306 3.8010270402151 30.4164748528297 -9.11756525861938 -23.7108462732285 7.87850090290226 -32.7094443186465 -5.15451657680387 -6.37163479576884 12.3523875977818 11.6358145663933 30.3760195639388 -2.32882365739169
"77" 4.96804263321678 -61.9041326630304 48.166727023081 -3.43551875891353 3.98303127163115 33.4692678244141 -9.46761118779773 -24.8548092454421 8.49783297097258 -36.3398884963244 -6.26503959538763 -8.37583329343579 13.6772649799766 13.2596259097571 35.3875923398473 -3.17458395704307
"78" 5.50672937600064 -66.3702325345098 49.3043937282328 -2.23694667937434 4.093172828207 36.4866811133779 -9.62548478513054 -25.5354593697457 9.01711308416338 -40.0266454170487 -7.46794460801289 -10.7158792197934 14.9405966358366 14.8285294293086 40.7421950740181 -4.16761903600991
"79" 6.045893663058 -70.1013855232459 49.3812373848741 -0.666142969559587 4.1216792495884 39.3987957735471 -9.56770848248379 -25.6891206919117 9.41394909325413 -43.6926022988982 -8.74258552985521 -13.3736496965894 16.1063615515792 16.2974419195741 46.3487134848547 -5.30157820274326
"80" 6.57316628589911 -72.9583051759741 48.3138772179755 1.27060735810937 4.06165328597058 42.1333987723174 -9.27852515125528 -25.2713320385865 9.66992100412472 -47.2534147250053 -10.0640093232573 -16.3146178822035 17.1403831001338 17.6237997914166 52.0976830390091 -6.56295934164882
"81" 7.07536641211686 -74.8313432102095 46.0636114425361 3.5497018310698 3.90953172053685 44.6186153362401 -8.7510569498736 -24.2599104278361 9.77155853572424 -50.6202639675739 -11.4036207507518 -19.4880124968395 18.011767550655 18.7693633417252 57.8642178565979 -7.93111097331121
"82" 7.53895751825974 -75.6460941460268 42.6402726766373 6.13017555682654 3.6653912277086 46.7856642090196 -7.98805638836438 -22.6569703050518 9.7110960015724 -53.7030091128445 -12.7300489159445 -22.8278408864517 18.6942227230939 19.7018302667952 63.5118491646617 -9.37861167576011
"83" 7.95055046651555 -75.3673407928977 38.1037064666907 8.95457162600997 3.3330796588358 48.5716037046523 -7.00219313489401 -20.4897502046515 9.4869580720997 -56.4135967138654 -14.0101847338187 -26.2547677071543 19.1671879327358 20.3961744829022 68.8971323971527 -10.8720266301771
"84" 8.29743178335997 -74.0010865510462 32.5627004526978 11.9507247652073 2.92015957676836 49.9219329996981 -5.81584251519871 -17.8101569225109 9.10394296802724 -58.6695726694866 -15.2103493589386 -29.678796721214 19.4167148113461 20.8356398760755 73.8748396054334 -12.3730215359437
"85" 8.56809316665118 -71.5945198416202 26.1713239624023 15.0344075584626 2.4376604370359 50.7929177990077 -4.46036719962535 -14.6930039387871 8.57308516257172 -60.3975314799241 -16.297546259724 -33.002659476907 19.4360509209824 21.0123366661872 78.3035199401802 -13.839794819175
"86" 8.75273741351134 -68.2338692916123 19.1227800648912 18.1127398850822 1.89964611625135 51.1535219691564 -2.97491110790315 -11.2329926498983 7.91119701001674 -61.5363372462161 -17.2407442954295 -36.1257735984973 19.2258936593544 20.9274096801992 82.0511867420337 -15.2287707268592
"87" 8.79193293952841 -66.9911808348566 16.7923871949924 19.0694606990146 1.72055452831489 51.1582150887493 -2.48525976251995 -10.0848887548063 7.67800751048492 -61.7659920048063 -17.5044628664732 -37.0555049106861 19.1127739267077 20.8474682564411 83.0752713025931 -15.6447892754577
"88" 8.85213272682353 -62.5641601809921 9.22383829351838 21.9919635921897 1.13491347877437 50.8236801855712 -0.898462221344289 -6.34380204144918 6.87760068784928 -62.0619160739711 -18.2164144564586 -39.7634239439039 18.6139637275746 20.4346202258152 85.7513891651033 -16.8653833070753
"89" 8.81259343275877 -57.506362969561 1.54625581441269 24.6837604788825 0.534420926427742 49.9625579533604 0.707519191656957 -2.53094896785387 6.00260504675748 -61.688894219662 -18.7268382884674 -42.0492775284356 17.9147728859474 19.7952714587044 87.5071113847725 -17.9109923377205
"90" 8.67204137014517 -51.994094519051 -5.98671531634682 27.0540653614589 -0.0617963060154807 48.5930046660758 2.28136256286052 1.22748291033759 5.08216030272365 -60.643633863278 -19.0196754943374 -43.8333035594096 17.0381267162032 18.9563948107227 88.2790262715444 -18.7459811911322
"91" 8.43227782567499 -46.2135247722549 -13.1287577934072 29.0226278147693 -0.634953113419215 46.7478305593625 3.77311056039844 4.80858595924565 4.14629712676913 -58.9429564958491 -19.0853815608978 -45.0513252716783 16.0117449559029 17.9501345867306 88.033060755236 -19.3412127318691
"92" 8.09820734852997 -40.3513937114844 -19.6530986231401 30.5239143860199 -1.16751119245623 44.4733373785323 5.13658937340119 8.09886303480971 3.22446985418435 -56.6236576860165 -18.9214615879489 -45.6582738961406 14.8668524311273 16.8121543460975 86.7666997444676 -19.6756300340114
"93" 7.67773755892955 -34.5858291488457 -25.3638221831452 31.5106578178729 -1.64402546228541 41.8276128835735 6.33165810987543 10.9999158434744 2.34413070547726 -53.7415434246909 -18.5327244447706 -45.6309103049025 13.6367675145449 15.5798816525821 84.5099293105259 -19.7375003334121
"94" 7.18155050702688 -29.0778288890078 -30.1055856817829 31.9565435022723 -2.05188111382824 38.8783627616854 7.32615265063191 13.4333412680335 1.52943044905157 -50.3696662279567 -17.9312325180592 -44.9695573675299 12.3554473721464 14.2907521561955 81.3248062737093 -19.5252357366035
"95" 6.62275137468549 -23.9639255085449 -33.7711151666799 31.8578407647783 -2.3818754707147 35.700380738492 8.09740148525793 15.3445217730086 0.800124395422927 -46.5958201651492 -17.1359365247624 -43.6986981971777 11.0560701550082 12.9805536031472 77.303615644847 -19.0477241817159
"96" 6.01640604104585 -19.3504821260699 -36.305977322927 31.2338395965116 -2.62860698772988 32.3727723320742 8.63321337244065 16.7050546501864 0.170751079217439 -42.5193877382462 -16.1719990798556 -41.8663509060298 9.76973026746656 11.6819619610814 72.5656420786891 -18.3241280965137
"97" 5.37898449548572 -15.3099649097858 -37.7102793559088 30.126019125425 -2.79064476706435 28.9760561650485 8.93226683552257 17.5136436911507 -0.349865520999629 -38.2476619993568 -15.0698258482157 -39.5421956992896 8.52431388753016 10.4233473355326 67.2526496271757 -17.3831366250165
"98" 4.72773203754588 -11.8794087041633 -38.0371378292866 28.595949111882 -2.87046535248794 25.5892689280754 9.003867919394 17.7953716304464 -0.758759925090658 -33.8917932220434 -13.8638385158956 -36.8145019261437 7.34360864893571 9.2279077131578 61.5232326569521 -16.2616888067944
"99" 4.0799944051272 -9.06114443608249 -37.3879658750466 26.7220056605174 -2.87415845364512 22.2871961969568 8.86708307678009 17.5993765705107 -1.05860825310447 -29.5625296785652 -12.591038694198 -33.7859769877132 6.24668476146485 8.11316516693546 55.5462662800956 -15.003217892538
"100" 3.4525261756462 -6.82570110760116 -35.9048427227081 24.5950619266068 -2.81091866507109 19.1378418682018 8.54929581842566 16.9950635339524 -1.25716794206141 -25.3659355669561 -11.289425322567 -30.5687310039129 5.24756605096088 7.09083367211791 49.4937431028839 -13.6554989561287
"101" 2.86081376270573 -5.11664254425023 -33.760434527916 22.3133881461226 -2.69235507191263 16.2002347550215 8.08427584636843 16.0670854933865 -1.36641538699291 -21.3992749790436 -9.9963392140985 -27.2786157168666 4.35518981761157 6.16704196639634 43.5333304162623 -12.2682108290041
"102" 2.31844488794081 -3.85696127982965 -31.1461151900976 19.977057052618 -2.53166374079569 13.5226528160774 7.5098847079978 14.9094187342398 -1.40144424805658 -17.7472483117949 -8.7468161604495 -24.0292481032366 3.57363548338249 5.34287084590501 37.8210141481786 -10.8903468386934
"103" 1.83655540127802 -2.95653996429428 -28.2590753988216 17.6821953153785 -2.34271840798669 11.1413246190414 6.86556965656018 13.6189277421977 -1.37920446344015 -14.4787562982274 -7.57203365286614 -20.9260638798914 2.90258512124804 4.61514371720749 32.4942094754861 -9.5676247734018
"104" 1.42338167986782 -2.32011382485234 -25.2892949998559 15.5154446181687 -2.13914128497606 9.07964506925191 6.18981491460841 12.2888586609547 -1.31717370575871 -11.6443468281896 -6.49793514698194 -18.0607597011331 2.33796536641366 3.97739366997091 27.6657103168045 -8.3400531981024
"105" 1.08394257136536 -1.85513285882325 -22.4072789082693 13.5489943528473 -1.93341813920188 7.34791925089326 5.51772512095954 11.0027131973716 -1.23205803886731 -9.27447133916803 -5.54410953549063 -15.5064728565021 1.87271087837451 3.42092096253236 23.4188195670604 -7.23980757115305
"106" 0.819869075793179 -1.47893328838245 -19.7534157349291 11.8365203461071 -1.73611933044776 5.94362547049855 4.8789084870923 9.82893439999725 -1.13861629340988 -7.37864165998462 -4.7229920729535 -13.3140128319583 1.49758508219949 2.9358523044683 19.8039489610665 -6.28955513868141
"107" 0.629392904139593 -1.12468446365165 -17.4297117197966 10.4103112895646 -1.55528131738549 4.85216721049073 4.29580718845364 8.81678234520132 -1.04869317421242 -5.94553618258715 -4.03943678473297 -11.5094012117643 1.20199460269822 2.51211781410883 16.8369036245604 -5.50134273003368
"108" 0.507497035901736 -0.745676198245746 -15.4944865633315 9.27978939400055 -1.39599170495899 4.04806451588729 3.78259091218092 7.99369448308516 -0.970529929734994 -4.94405799546985 -3.49069014611746 -10.0928980169319 0.974739427278067 2.14027259259302 14.4989751536687 -4.87612760854154
"109" 0.44622284137597 -0.31764521184823 -13.9604035686098 8.43153901561527 -1.26020596586204 3.49651904091752 3.34468843106106 7.3643178803095 -0.908399715132418 -4.32529945717079 -3.06677267611349 -9.03959848090926 0.804650800103005 1.81210651938983 12.7388635566394 -4.40399053289639
"110" 0.435119726899075 0.161002361090141 -12.7959597775553 7.83085303927692 -1.14680663834702 3.15527410785626 2.97898458359873 6.9112766962935 -0.862589215769958 -4.02532025330083 -2.75125049704116 -8.30158076348926 0.681082214034078 1.52100670677439 11.4763390115431 -4.06502492069194
"111" 0.461815134382618 0.671045163771396 -11.9303014204052 7.42469931712276 -1.0518974173076 2.97668205439959 2.67465977201573 6.59760745133372 -0.829720686853079 -3.96860207290092 -2.52235453160756 -7.81147962058731 0.594234404521742 1.26206027183028 10.6074464863304 -3.83084973992709
"112" 0.512675617129503 1.17618182490151 -11.2609765803008 7.14590670345842 -0.96930657936673 2.90988608668431 2.4146000344449 6.37066732927178 -0.803381520676794 -4.07200544873785 -2.35438259543639 -7.48726150840321 0.535311574958399 1.03190872362453 10.0109575313918 -3.66664998114948
"113" 0.573524123702441 1.62829877255308 -10.6640111057495 6.91828038597123 -0.891258084767514 2.90302287296527 2.17726190764506 6.16720725982304 -0.775004004781522 -4.24902560169176 -2.21930090072397 -7.23789081584255 0.496521763461629 0.828387318185808 9.55569145144545 -3.53361073004407
"114" 0.630374975910399 1.9737979892343 -10.005514235796 6.66228667327414 -0.809155819821058 2.90535511449343 1.93884132248604 5.91921126666239 -0.734918123539387 -4.41412644585671 -2.08844791979982 -6.96951187976629 0.470947949152915 0.650001352934868 9.10826914839708 -3.39158206000184
"115" 0.670146637506832 2.16042672459935 -9.15390237337851 6.30090408381238 -0.714417876914695 2.86925008041453 1.67557263782101 5.56004420917088 -0.673486755277509 -4.48692676894689 -1.9342363366834 -6.59173269914027 0.452327048547104 0.495305011923957 8.54083227360661 -3.20179465940782
"116" 0.681313403729291 2.14401203632906 -7.99178326984111 5.76522439502878 -0.599294257604697 2.7519302147075 1.36597463817952 5.03042677323992 -0.582226580095835 -4.3960207351488 -1.7317486579509 -6.0235874048476 0.434780527668508 0.362255931729376 7.73826101168743 -2.92944189296213
"117" 0.654460600682796 1.8945133722591 -6.42657291365686 4.99940573816821 -0.457603247114776 2.51693492018694 0.992865755474213 4.28377157089744 -0.454819956554047 -4.08223612841084 -1.46012914818289 -5.19877680053287 0.412542492217284 0.247619577212401 6.60445657892978 -2.54595343188066
"118" 0.58271359650405 1.40086534036936 -4.39902161069949 3.96462875146153 -0.285328808127474 2.13524788436098 0.544990543370432 3.29046646847928 -0.287932785525413 -3.50116710090833 -1.10368871956462 -4.0698383886056 0.37972876458258 0.146491820132621 5.06731760802086 -2.03080812888084
"119" 0.462018555697227 0.674185247428795 -1.88899571104776 2.64178256249033 -0.0810330878464356 1.58606113305768 0.018131916762286 2.04077657289599 -0.0817701141219231 -2.6248616779535 -0.652659303741984 -2.61097549313854 0.330183976021061 0.0519964075127994 3.08212882264252 -1.37276782572462
"120" 0.291261929579832 -0.250942883453718 1.08191682803226 1.03270402442467 0.153946466298862 0.857164606246442 -0.584373842025343 0.546147634641784 0.159676500914429 -1.44259518771742 -0.10355864228859 -0.819373462240037 0.257433825817117 -0.0448025855361749 0.633189458651032 -0.570456666323935
"121" 0.072225571625836 -1.31723604850413 4.45115380686184 -0.84009654278907 0.415528138658715 -0.0550323712536738 -1.25175338944814 -1.16117828725601 0.4287099716272 0.039284166222842 0.540846458194665 1.285058163744 0.154757414539546 -0.154753166739905 -2.2663702381933 0.367741108190785
"122" -0.190615571731314 -2.44749064686039 8.11918874923504 -2.93517569843971 0.697139294565773 -1.14582463316901 -1.96652679287081 -3.03018988784333 0.71432983059492 1.79839584886395 1.27196259416974 3.66146391238453 0.0153811640153094 -0.290234039059175 -5.57651244776207 1.42444181367591
"123" -0.49043670431206 -3.54916610713917 11.9564562050855 -5.19520661912611 0.990168363058046 -2.40284158389886 -2.70578578981144 -4.99460229238593 1.00292205036396 3.79815965954685 2.07613583281181 6.25117796569339 -0.167217414588123 -0.464561884124798 -9.23376602522876 2.57461055061231
"124" -0.818522504770726 -4.52042279732768 15.8126195156183 -7.55108587820359 1.28457614755973 -3.80693368755965 -3.44291031868647 -6.97753382619885 1.27917983945747 5.99028109284927 2.93569640387636 8.9819583128492 -0.398919709845956 -0.691228728994659 -13.155960702119 3.7873843898019
"125" -1.16481106690594 -5.25714831819914 19.5274321453617 -9.92677044528955 1.56961505420338 -5.33325463881738 -4.14958029270724 -8.89698781765765 1.5271806017098 8.31771443303023 3.83019937250106 11.772986301221 -0.684522769338656 -0.983025967888331 -17.2478516257452 5.02822548577296
"126" -1.51848657046605 -5.66043099179751 22.9423310543061 -12.244470508309 1.83459720438384 -6.95247275436122 -4.79791836001004 -10.6717066334604 1.73153263039262 10.7179053536115 4.73776746795329 14.540250881575 -1.02728197991803 -1.35112176606086 -21.4072146351773 6.26123845839493
"127" -1.86858285197513 -5.64390912829685 25.9118594632673 -14.4298064086643 2.06964981302087 -8.63204290827889 -5.36259199855567 -12.2269442878751 1.8785008448167 13.1261052625864 5.63643831644185 17.2019194970617 -1.42848121252803 -1.804162982468 -25.5309748504533 7.45147898979894
"128" -2.20456067262455 -5.14044092897439 28.3140486633547 -16.4165517258998 2.26639877739842 -10.3374720718216 -5.82271007276199 -13.4997199580548 1.95702415742278 15.4785543000976 6.5054218312564 19.6833112111999 -1.88707051175379 -2.34747119251237 -29.5209463137689 8.56708676418157
"129" -2.51682458784683 -4.1076000314265 30.0589897600912 -18.1506275080365 2.41852878769862 -12.0335170849003 -6.16336902735361 -14.4431653396014 1.95954740791251 17.7153481664095 7.32618402160438 21.9211305099643 -2.39940635058181 -2.98239518934837 -33.2888066993901 9.58109482706459
"130" -2.79715063924232 -2.53159946844062 31.0949862541238 -19.5930805928429 2.52217968943603 -13.6852623236273 -6.37673520144222 -15.0296588952506 1.88260714742398 19.7828342545868 8.08329000896742 23.8666881082772 -2.95912139542082 -3.70587028429524 -36.7600041964533 10.4727973224526
"131" -3.03900318379863 -0.429372888835132 31.4118821780739 -20.7218656732912 2.5761532107166 -15.2590368534925 -6.46258937469224 -15.2525421833543 1.7271313349197 21.6354224295192 8.76496013142423 25.4879219055047 -3.55714047988829 -4.51021900429837 -39.8763871610217 11.2285956703963
"132" -3.23772749773627 2.15131506080797 31.0413899539271 -21.5323486248772 2.58192020246918 -16.7231446884302 -6.42830405004747 -15.1263284915403 1.49843632539228 23.2367421174204 9.36331688429618 26.7701294613398 -4.18184807392919 -5.38320984741416 -42.5974531498196 11.8422862618354
"133" -3.39061371580317 5.13370961524788 30.0544774400059 -22.036549327674 2.54343481116564 -18.048396975546 -6.28826927814634 -14.6854320299681 1.20592833707758 24.5601266120661 9.87432512132364 27.71542476583 -4.81940102775204 -6.30837218369713 -44.9002237868399 12.3147970485652
"134" -3.49683653793988 8.41569831123934 28.5560952944106 -22.2612375365206 2.46677712537632 -19.2084502505068 -6.06282524460312 -13.9815571804684 0.862538873890458 25.5884539891226 10.2974514479552 28.3410284380807 -5.45416979033243 -7.26554772424191 -46.7778568168178 12.6534223823173
"135" -3.55728332503929 11.8749535854586 26.6777162133167 -22.2450777849162 2.35965857347855 -20.1799692900458 -5.77679596860048 -13.0799829349999 0.483942555798421 26.3134182245662 10.6350892565247 28.6765842944305 -6.06928253298702 -8.23164361003372 -48.2371985701793 12.8706418183615
"136" -3.57429015595653 15.3752098306895 24.5683026686675 -22.0350827500588 2.23083372337157 -20.9426454897193 -5.45774558033281 -12.0550506002064 0.0876200512359446 26.7343409221917 10.8918118658935 28.7607602991129 -6.64724030957817 -9.18154019118528 -49.2955521284885 12.9826366477641
"137" -3.55131068212199 18.7732381335641 22.3844098042518 -21.6826746899733 2.08946750116638 -21.4791112046669 -5.13409492032247 -10.9852082426951 -0.308162634232872 26.8566610014404 11.0735266372258 28.6374338543719 -7.17056794641374 -10.0890987123844 -49.9769837911763 13.0076357549633
"138" -3.49254588757753 21.9260569671146 20.2801606382545 -21.2396693624141 1.94450793874637 -21.7747963778902 -4.83324081531578 -9.94798093706049 -0.685384783136101 26.6902551243975 11.1866071401412 28.3517779101103 -7.62246487052263 -10.9282107158261 -50.308510234011 12.9642290403699
"139" -3.40256399253576 24.6979278479484 18.3978024084754 -20.7544863298117 1.80411149849613 -21.8177755690099 -4.57981354565231 -9.01522202205342 -1.02724123918028 26.2477448107147 11.2370783613696 27.9465553672344 -7.98742236345072 -11.6738319346718 -50.3165005692736 12.8697820912971
"140" -3.28593874099488 26.9667279834985 16.8594714387727 -20.2688559180042 1.67516128049192 -21.5986510035532 -4.39419090144247 -8.24896009618442 -1.31899081512836 25.5429373097804 11.2299220124769 27.4588967014924 -8.25177833102481 -12.3029483229639 -50.0235931724583 12.7390709423548
"141" -3.14693135398534 28.6293613361445 15.7606690808952 -19.8152402913875 1.56290876160153 -21.1105106229861 -4.29136180572982 -7.69809428780991 -1.54863429596674 24.5895274662648 11.168556083576 26.9177834421971 -8.40418698008443 -12.7954298953777 -49.4463704471318 12.5832323455161
"142" -2.98923681028089 29.6059576593061 15.165795911149 -19.4151194517035 1.47075812724756 -20.3489897895556 -4.28020132678284 -7.39611282731221 -1.70738932716267 23.4001589151017 11.0545261453378 26.3423933067825 -8.43598805563306 -13.1347382721216 -48.5939610864471 12.4090952891979
"143" -2.81580924119396 29.8427073060739 15.1059199435877 -19.0782185922899 1.40019982536546 -19.3124520459846 -4.36318489069663 -7.35992438968151 -1.7899466451197 21.985907470128 10.8874269976507 25.7413874974764 -8.34146775241206 -13.3084651861486 -47.4676553755862 12.2189262636421
"144" -2.62877456992703 29.31327927551 15.578781997152 -18.8026775204826 1.35088779726607 -18.0022891577637 -4.53653557527423 -7.58980548747331 -1.79450908659612 20.3562104243802 10.6650536818547 25.113143315175 -8.11801036479375 -13.3086906688754 -46.0615316898538 12.0105867938073
"145" -2.42943159707488 28.0188630371608 16.5508813837823 -18.576091871083 1.32084393054208 -16.4233247777406 -4.79076724123343 -8.07038730425484 -1.72263021221409 18.5192257393392 10.3837621731882 24.4468620242978 -7.7661455945358 -13.1321602592912 -44.3640085472289 11.7780697743488
"146" -2.2183360334576 25.9869545404922 17.9613494756832 -18.3772948363321 1.30676446742893 -14.5842907708998 -5.11156022625551 -8.77253762212422 -1.57888205254073 16.4825677857689 10.0390036592664 23.724418267665 -7.28950079385265 -12.7802896466258 -42.3601627094022 11.5123535299085
"147" -1.99545597183931 23.269068677283 19.7272162337485 -18.1787012292079 1.30439698544649 -12.4983318358391 -5.48088708457817 -9.65594228722875 -1.37039062082442 14.2543341616274 9.6259833493516 22.9227676375567 -6.69467008453628 -12.2590121696418 -40.0345951662894 11.2024911807839
"148" -1.76038236259421 19.9376016624874 21.7496106727467 -17.949005526033 1.30895346615932 -10.1834837844162 -5.87829438718973 -10.6721585891819 -1.10628300636097 11.8443134507088 9.1403860835353 22.0166962143712 -5.9910132855172 -11.5784893415687 -37.3745872351756 10.8368390843561
"149" -1.51257451535616 16.0820867851912 23.92041213431 -17.6560132255927 1.31552492088144 -7.66306472833503 -6.28224316910087 -11.7679008016667 -0.797091025248051 9.26524829208847 8.57910708663712 20.9816814327178 -5.19039711714734 -10.7527070914138 -34.3732706814408 10.4043224403008
"150" -1.2560625291693 11.8789957770555 26.0924722605378 -17.2767264497943 1.31944477107493 -5.01199318155886 -6.66518013378891 -12.8698010223761 -0.460064459494674 6.5805313014348 7.95215517770362 19.8176434134048 -4.32216161789736 -9.81576625283139 -31.0907613776872 9.90475163320798
"151" -0.984240406228764 7.3313231015718 28.2178849888951 -16.776916568595 1.31689333037752 -2.19629224924392 -7.01790111852051 -13.9545051515515 -0.0980326385598573 3.74297617701905 7.24515545889449 18.4809194915015 -3.37999194621935 -8.764092496591 -27.4575481622205 9.31956950080712
"152" -0.699957335745239 2.58959569560511 30.1803077825116 -16.1402912681824 1.30465637022633 0.721467918112467 -7.3195972946985 -14.9636988108768 0.27492511612968 0.803875363557381 6.46750705134264 16.9741503949253 -2.38857658467558 -7.62752214338145 -23.5275981639743 8.65020096607532
"153" -0.404485825574056 -2.23214746265239 31.8963783362342 -15.3550964569376 1.28054690068905 3.69782969610105 -7.55618555608294 -15.8554044218754 0.648351664016332 -2.20380618882064 5.62612812909742 15.2987049602871 -1.36596864582901 -6.42924201941424 -19.3392553394633 7.89785723396199
"154" -0.0999456023607763 -7.02264066167027 33.2986664645014 -14.418006302406 1.24342094258441 6.68540593346233 -7.71716670437399 -16.5953492106828 1.01273141039621 -5.24137277403179 4.73093268821572 13.4653756693215 -0.330871072843195 -5.19328984746382 -14.9440497264359 7.06804377185745
"155" 0.210658126882208 -11.6764768064832 34.3375429090011 -13.3343475529582 1.19316360398386 9.63394006764884 -7.79587790317964 -17.1579229392064 1.35970465935111 -8.2650180663727 3.79464213602841 11.4943092838794 0.697790713430663 -3.94392163591815 -10.405692729415 6.17049170070368
"156" 0.523468258975981 -16.0967415655782 34.9818726966514 -12.1177322705189 1.13060063906175 12.4916250250412 -7.78950429598194 -17.5265583314085 1.68219443158307 -11.2268886604661 2.83240522270307 9.41428363408249 1.7013104524105 -2.70499074693691 -5.79820762699092 5.21880106503386
"157" 0.83387950617248 -20.1971769999668 35.2186359925527 -10.7891626952951 1.0573502285331 15.2066331009637 -7.69887592652185 -17.6935843299298 1.97445655775493 -14.0765432369235 1.86125060941345 7.26140395104176 2.66165063083352 -1.49935066837427 -1.20330869385907 4.22983031991089
"158" 1.13670537527901 -23.9038747318873 35.051636044449 -9.37570342183426 0.975632873044901 17.728789911806 -7.52808725146383 -17.6596301297941 2.23206737727025 -16.7627284901887 0.899407552249613 5.07732876518003 3.56189109746519 -0.348293768397117 3.29280605581243 3.22288219385928
"159" 1.42639698705699 -27.1565110374581 34.4994914095896 -7.90883823283275 0.888058644960097 20.0113100716612 -7.28398363767838 -17.4326762862338 2.45186490727133 -19.2353673845828 -0.0344614195066697 2.90716212001826 4.38666491117219 0.728961096574832 7.60304460333828 2.21874745488594
"160" 1.69729863399829 -29.9091425594047 33.5931279518318 -6.42264104313927 0.797410666811743 22.0125019238444 -6.97556226039819 -17.0268580024613 2.63185906569663 -21.4476371989749 -0.922066834005591 0.797164444378723 5.12256693171662 1.71571866235859 11.6431654693406 1.23867451254455
"161" 1.94392244829066 -32.1305833231722 32.3729864589659 -4.95189247887083 0.706441787476706 23.6973445676367 -6.61333406719427 -16.4611256852081 2.77112476859656 -23.358005597082 -1.74628703592043 -1.20756150078341 5.75851862356886 2.59818136307681 15.3354420474743 0.303334105246904
"162" 2.161223345331 -33.8043834206696 30.8861468261384 -3.5302664111332 0.617698336898343 25.0388432238301 -6.20868952040132 -15.7578603703655 2.86968892234336 -24.9320933799013 -2.49190274197326 -3.06526016817497 6.28607159888846 3.36573433434956 18.612020875692 -0.568155210653913
"163" 2.34485559747816 -34.9284291122844 29.1835430904121 -2.18869562063537 0.533380954588552 26.0190787948368 -5.77330442796642 -14.9415284366014 2.9284189922829 -26.1442426778967 -3.1462279940622 -4.73945568543786 6.69963291080862 4.01112973607134 21.4177726204671 -1.35908287641564
"164" 2.49139394794224 -35.5141848855255 27.3174091258452 -0.954004477430772 0.455248234176338 26.6298838216601 -5.31861416536185 -14.0374431144323 2.94891743759945 -26.9786883987713 -3.69960215509036 -6.20051956872612 6.99659720093754 4.53056153352885 23.7124724802679 -2.0558368449199
"165" 2.59850496047164 -35.5856013556308 25.3390564951233 0.152128852651458 0.384564721634661 26.8730988616865 -4.85537583384212 -13.070681632425 2.93342328301424 -27.4302573198138 -4.14571778161871 -7.42679673016346 7.17737450318899 4.92362575158229 25.47219486825 -2.64839592108251
"166" 2.66505808584748 -35.1777192516497 23.2970474045414 1.11384545979035 0.322091011489078 26.7603890399007 -4.39332917464571 -12.0651881938611 2.88471976895369 -27.504551242414 -4.48177074207786 -8.40524678416205 7.24530761132195 5.19316607935561 26.6898618454907 -3.13060611366336
"167" 2.69117039980927 -34.3350088413945 21.2357899495591 1.9214058935645 0.268110588922411 26.3126281932714 -3.94095902615823 -11.0430758152129 2.8060455730473 -27.2176055882514 -4.70843094701831 -9.13159225477921 7.20647905536121 5.34501022802099 27.374941663149 -3.50023841109464
"168" 2.67818376392091 -33.1094950884628 19.1945520931631 2.57113443844491 0.22248585198912 25.558885450112 -3.50535526549925 -10.0241254407611 2.70100657699993 -26.5950499395615 -4.82964363077735 -9.60999801321987 7.06941438476935 5.3876081883204 27.5523486848115 -3.75883970099676
"169" 2.62857789375352 -31.5587302029712 17.2068664763146 3.06504575497411 0.184734498594139 24.5350740540496 -3.09216083158969 -9.0254693121351 2.57348548668978 -25.670829536682 -4.85228144215989 -9.85233491387726 6.84469502393938 5.33158898784312 27.2606449056157 -3.91140098445999
"170" 2.57308659513893 -30.295432825237 15.8453131818251 3.32452444809451 0.162341281627334 23.6679021862103 -2.81513752953356 -8.33765057546998 2.47166913997529 -24.8547877512208 -4.8136325071963 -9.89102652754718 6.63887188185743 5.23880256267004 26.7965079023279 -3.95957496495339
