"V1" "V2" "V3" "V4" "V5" "V6" "V7" "V8" "V9" "V10" "V11" "V12" "V13" "V14" "V15" "V16"
"1" -171.303504309248 16.4800382550716 4.39017371767295 0.217484536300617 139.093027888777 11.2803773547771 0.084557836864434 2.78879593887177 61.2422020293972 -16.7270653574051 -0.252632489434177 6.42521466551625 -180.959826366327 52.1094264830836 5.02682826699129 -6.14502873274614
"2" -190.508597247426 19.2545388783174 4.68615813510405 1.68945816215637 155.496715447178 11.3887466965944 0.101005395903087 1.57853800419252 68.3874194876887 -16.9934336639017 -0.292408025419604 8.64264338403882 -202.009100823698 55.8696011343127 6.12576669701411 -8.41936331319084
"3" -171.163037181603 18.7092968810412 3.90713197564855 3.76068423356628 141.01695478639 8.43429068954538 0.101404676086673 -0.945152774576854 61.919819587722 -12.7753496355963 -0.281193977280736 10.0880985656986 -182.679806725379 46.9530542296561 6.33464625218403 -10.0286040921856
"4" -134.256211391872 16.0429594376765 2.76562782659221 5.15446564218291 111.978522369006 4.82500970327783 0.0898821120075866 -3.07014391230041 49.097566554266 -7.55220248693604 -0.239217149621709 10.2061336618572 -144.466083851048 33.5942424709738 5.78887410438256 -10.3040883659196
"5" -61.7976037705521 9.65955126366498 0.761001383614712 6.10632998228539 54.099358855362 -0.886762569667553 0.0586011997139337 -5.37308665347518 23.673878254205 0.766316356176503 -0.142591404046243 8.61272700772679 -68.5302110122147 9.8353845042875 4.06284606456757 -8.91967192612356
"6" 11.3886311522519 1.76105051953073 -0.977080464074788 4.87572237134009 -5.31843885650324 -4.97361967355755 0.0164082170505253 -5.4085395667862 -2.22633526901586 6.77872559810839 -0.027834868676905 4.76804436920065 9.27855824165181 -11.1633292450133 1.51351791680281 -5.16909319356637
"7" 60.5689103946343 -5.62245007206911 -1.75530880013412 1.0888384691425 -46.5237987048722 -5.33396932578216 -0.0259814745907647 -2.33464976722462 -19.8976835707642 7.43233438816878 0.0710748369227758 -0.865591434696398 63.1063101274531 -21.0766595112327 -1.30777629920703 0.562257847501314
"8" 71.7019143469142 -10.7923295014907 -1.31114591236292 -4.35951628028124 -57.9573479517339 -1.37855268325529 -0.0567497604513676 3.18650356194848 -24.3519186426677 1.88886511419878 0.123276475291505 -6.97338674494677 77.8173138298689 -16.3318806549378 -3.71733367159868 6.95868197982054
"9" 45.642793728508 -12.7866049144013 0.0838703545332464 -9.34768318608985 -39.6487359094531 5.67564864537599 -0.0653919662274802 8.9542542806812 -15.8061924868782 -8.04668881919497 0.107535282437993 -11.5688732925846 53.435689046968 0.59552120333683 -5.0275198199688 11.9460486543103
"10" -4.51283613250962 -11.4451003896429 1.77558354107032 -11.2437745928764 -1.28384797964372 13.337967327534 -0.0450508966024188 12.0127869179851 1.2311830764163 -18.7158766231032 0.0165928101199597 -12.5675385652357 2.62330876403121 22.6869186413805 -4.70425603075273 13.2979468640115
"11" -60.2796354190996 -7.25250023936906 3.03211187656552 -8.02780349060049 42.9931233992538 18.8686587904353 0.00529662529291386 9.92726970295917 20.3452867313051 -26.1238309174614 -0.139520781788178 -8.59066298518155 -56.1078017819596 41.5756381810279 -2.53915715439143 9.49703749858236
"12" -105.02247777261 -1.09969032178969 3.34389536588287 0.718435104688979 80.1243533323591 20.2853239331776 0.0795196503017905 1.93246554766665 35.7402733989286 -27.4270093112664 -0.332453278710659 0.36173400595726 -105.637342361195 50.7656024247772 1.2289854113551 0.462379248099751
"13" -128.667212965343 5.9435310608992 2.59054393697215 13.4425538195719 101.80609594558 16.943456196534 0.164764478255449 -10.5993680978136 43.8872735293073 -21.7839215581153 -0.519094444069765 12.7101399773892 -135.030744388932 47.5551267489282 5.91562758111468 -12.2223418186877
"14" -128.92093557586 12.8105409733366 1.03347092145077 27.0256571030841 105.5437050864 9.55921550032281 0.243912910248696 -24.5441846680114 43.9578282181405 -10.3715041056194 -0.650380600153881 25.6715350430859 -140.926411962722 33.2371753866228 10.5361309387808 -25.6917977680023
"15" -109.742684679611 18.5764851501963 -0.823572844264163 37.7428161704083 93.6382036835416 -0.200538581829733 0.299465458090367 -36.0313077768442 37.2993401823585 4.24492628805092 -0.683267023722806 36.0470026199182 -126.226733869931 11.9627262863341 14.0509464903698 -36.6195269596465
"16" -78.5013643835946 22.5599351018982 -2.42662902470056 42.3792331462901 71.1652660547106 -10.3203079497316 0.317700381930678 -41.6332926300602 26.4517451932538 19.0253755566109 -0.592208175059682 41.116081978158 -97.4753118349818 -10.9894214162014 15.6284360957452 -42.1549340872953
"17" -43.1046538479131 24.3842068145891 -3.34290737568654 39.1209151413495 43.8894011169969 -19.0046279972544 0.291924692973851 -39.3283720446707 14.1517513447893 31.311690129045 -0.376613278718878 39.3440720855433 -62.1470614293648 -30.8511849572733 14.8446381645645 -40.6677918988426
"18" -9.89667546743658 23.9894589339051 -3.36493275019075 27.9772738083702 16.6967753833624 -25.0647943943541 0.223991272785781 -28.9733289183496 2.60215873716425 39.4022823538999 -0.0621139418365146 30.7125830131117 -26.6090389849905 -44.4722290997452 11.7670151390867 -32.1006610169352
"19" 17.3601632735172 21.5933424139744 -2.53229059101932 10.6756312305661 -7.21758743375949 -28.0635253439141 0.123823266546879 -12.2191717156529 -6.88377693564871 42.755430655694 0.304506642816023 16.6258050375145 4.94198794162958 -50.7274112999348 6.90994404363482 -17.8782910721857
"20" 37.4771077558589 17.6120472639777 -1.08314239873653 -9.86058688849153 -26.4352366134231 -28.2350614219622 0.00726863166732983 8.01641798626224 -13.8825503906821 41.8506161133937 0.664878908442915 -0.518365251755313 30.5994638420298 -50.2874644758831 1.09034635162971 -0.465612489490013
"21" 51.1087602168327 12.5655012459897 0.634459510937631 -30.2273525104756 -40.8718913970065 -26.2535909446206 -0.106984373592326 28.2884024809609 -18.6101115373012 37.8220530131903 0.960036055072351 -17.9136626338368 50.1817770584366 -44.9736021189801 -4.76120139842897 17.2404764047787
"22" 59.7185469236692 6.99278563520966 2.25657363148457 -47.2104600020102 -51.0917847501146 -22.948740794739 -0.200586113112195 45.3248750513303 -21.5655563844455 32.0170326851085 1.13980304832739 -32.89447357065 64.3494176520744 -36.9819954714076 -9.77465356998619 32.484782171523
"23" 64.6445998528416 1.39484146213817 3.47560142056955 -58.248305290188 -57.6648308538101 -19.0612999669925 -0.258140261375388 56.5150823469303 -23.2087907619373 25.6211608164103 1.16881556063163 -43.3161750042345 73.7750156983248 -28.2353962900816 -13.2598828917871 43.0538487819067
"24" 66.5487973884428 -3.74938178627053 4.07686720702986 -61.656715710662 -60.7693791586362 -15.1366168526633 -0.269101220394532 60.1450466994502 -23.771159752645 19.4966284798747 1.03125685427108 -47.7249851725064 78.6228686121403 -20.0901455418207 -14.7588122330253 47.4576798259659
"25" 65.3872500847583 -8.21139019339171 3.96096034985476 -56.6597298769411 -60.2251711704475 -11.3279177953991 -0.228219474740854 55.4387368716125 -23.2400176277829 13.8840612313588 0.721936419161125 -45.4600614179799 78.6278410112427 -12.9418569085537 -14.080509054289 45.0307323584493
"26" 60.6578284200041 -11.6260668578116 3.10383450073459 -43.277889827601 -55.5783531226084 -7.77185942348024 -0.136168577672549 42.4164377855195 -21.4523913306198 8.97798095270628 0.261284916608815 -36.4270112890808 73.1450045550782 -7.02460605941269 -11.2237422944836 35.7058501251668
"27" 52.0650898920339 -13.8310608379024 1.59349162386661 -22.6457506142906 -46.7304610182941 -4.45384144615855 -0.000945434243476484 22.2100875070537 -18.3189823815762 4.70616898753178 -0.31031690732766 -21.4502721721074 62.020661458273 -2.16042213662513 -6.49509053455222 20.3617467522417
"28" 39.9044634407819 -14.8011846895779 -0.386136516905935 3.02711507894855 -34.2100599623304 -1.36433503266926 0.162684494326925 -2.99033816526207 -13.9579316681904 0.968233878766114 -0.930172078975261 -2.21139022157149 45.9345674980059 1.89741630341268 -0.485354882237516 0.754489297702094
"29" 25.2096345029486 -14.6671613384387 -2.55389773093884 30.4211399583291 -19.2921322828602 1.46587464378808 0.333698463327408 -29.9044233969762 -8.74495451239432 -2.31147484616849 -1.51395503268304 18.7223370095599 26.5574450276663 5.4005708549339 5.92625896205391 -20.4588134500082
"30" 9.58073051335487 -13.7105041100685 -4.54251309623396 55.2739172392976 -3.84058187265964 3.98240410654125 0.486386404914299 -54.3220496055292 -3.25228627874071 -5.20145658118417 -1.96144740133809 38.0259141727438 6.34563048951077 8.64613809711955 11.6218287528845 -39.8549759955858
"31" -5.1849880714808 -12.3219454584651 -5.93778663118155 72.8805132670605 10.0526220454653 6.14429436471801 0.593424669196594 -71.592057385089 1.88174433566383 -7.80029946059585 -2.16946298588255 52.0059358525905 -11.932695595 12.0214970813286 15.381509619503 -53.6465217769
"32" -17.4823654156371 -10.9210936037562 -6.35393227272925 78.9641680888526 20.5007033904371 7.94316726805209 0.630543842871333 -77.4811281640068 6.09107511599427 -10.2360164255333 -2.05211474139719 57.2821256890966 -25.7694865225276 15.9517811507249 16.1162329890776 -58.3835039238475
"33" -26.1703681177514 -9.8489833558051 -5.53767552757927 70.8071055912224 26.2052152460278 9.38316088502506 0.582262452087008 -69.296397385544 8.98027199010266 -12.5994911034122 -1.56567461070119 51.6755961523158 -33.4264239237918 20.7112939454346 13.1666957573943 -51.8682360773892
"34" -30.6779078322088 -9.25959050354049 -3.47577152629401 48.3681796043529 26.7093317858685 10.4285058598425 0.447424783116332 -46.9998408243264 10.3649030297142 -14.8310384678134 -0.732087604624326 35.0892300095147 -34.2758572670537 26.1523988434965 6.59637815680617 -34.0618646087896
"35" -30.9723475097999 -9.04630582848858 -0.467061469919827 14.9944042988645 22.4831186724382 10.9493586813014 0.242711234211441 -13.9206956225607 10.2624242838478 -16.6181343556163 0.347173160808097 10.0707909045086 -28.919938929982 31.4797922810321 -2.62513780111112 -7.66304582468729
"36" -27.4557981112721 -8.83911855896349 2.88132316418523 -22.6731006205664 14.8295315535111 10.7045755423078 0.00223351546972594 23.33526395238 8.85457557901827 -17.3745483923703 1.49531549747758 -18.2559792657921 -19.0698809754022 35.2183637279122 -12.6540058556038 21.9669861372167
"37" -20.8502492263342 -8.09361002519745 5.75849069569358 -55.8387344743169 5.62131494984669 9.38916698553476 -0.227942960402999 56.0211249104977 6.4415048619976 -16.3497183755026 2.48750521592797 -43.0814676462614 -7.19653778225802 35.4747141346088 -21.0823862418874 47.7289881015822
"38" -12.1059454312617 -6.26424303844396 7.34818900526443 -75.6552515557996 -3.09197544071367 6.74797341868089 -0.399992455688619 75.3473496602528 3.39993030596634 -12.8678510187819 3.09930249623244 -57.5569301612632 3.99595888764725 30.4859992214806 -25.5050269557996 62.4934422644001
"39" -2.33627166880433 -3.01954097092948 7.07517496818946 -75.8104608156573 -9.5305895072911 2.72506385472752 -0.476996731049553 75.064034578485 0.148501333110289 -6.63575825201588 3.16578774282243 -56.8208568718255 12.1703110649169 19.3197339269209 -24.2147505492212 61.2017101514066
"40" 7.2407880347946 1.57034571175518 4.82315452750026 -54.8081736130407 -12.5788213200949 -2.40642850063705 -0.444358900076168 53.7367132150976 -2.88322673687298 1.98846499972387 2.63418791689651 -39.7838608140737 15.8853931376925 2.48732284537982 -16.8171020362861 42.7182414477938
"41" 15.383076091065 6.94790937889957 1.04211544223199 -17.0968665281107 -12.0187308264085 -7.99460211434689 -0.315937136200318 15.8684774587164 -5.28850504379125 11.8835004321754 1.59155912861934 -10.0063337301326 14.9070971614246 -17.7862858141889 -4.53925784630337 10.745121485983
"42" 20.9476631168609 12.1342467371833 -3.31077179306249 27.5273030323006 -8.53159049330679 -13.0803123546157 -0.13213030561036 -28.7052624066273 -6.7246734424466 21.2893560659941 0.254958327317354 24.7817353234714 10.2026324386698 -37.811675908597 9.9193364676903 -26.6674407515529
"43" 23.0591240892463 15.9495018269909 -7.00108645804448 66.2858544112969 -3.46210401248391 -16.5923873825132 0.0503774358380156 -67.1916680297145 -6.96242840599916 28.1735068728485 -1.07704592469599 54.551542925059 3.61166917984519 -53.2148917645936 23.0066465791315 -59.0492620966979
"44" 21.3008870818176 17.3380147473372 -8.86480460534585 87.0021111423412 1.58684435263604 -17.6254819244496 0.174737224941339 -87.4340294697759 -5.93765566459069 30.7599017164484 -2.10001098913403 69.8030450547012 -2.71256239897048 -60.0779531303342 31.2637256218732 -76.4296218120289
"45" 15.8865487800194 15.7093200120762 -8.17786787284967 81.9168347764062 5.21054929839829 -15.7266792626515 0.201406774850796 -81.7343623112538 -3.79463967671427 28.0793294491832 -2.58574600041084 64.5703044785041 -6.9293121401397 -56.1337035232609 32.3375884885463 -72.4447423977253
"46" 7.75310242203523 11.1919063013565 -4.93656081069821 50.5941867991496 6.57991313991442 -11.1040525882254 0.121762040812541 -49.7605895634624 -0.904584815551061 20.3758769274609 -2.44745313946555 38.7032861790649 -8.02366284867821 -41.6584199420467 25.7642571802608 -46.7052707251496
"47" -1.4877263199578 4.70834605347864 0.0493570811613608 0.916133500359138 5.63626300233045 -4.67862119818165 -0.0366796057637657 0.467454395315144 2.15954518125636 9.22140679701079 -1.76796385677494 -1.36677426852111 -6.06240087596871 -19.7446520924786 13.2646068468603 -5.60956139925111
"48" -9.79307449226872 -2.18534140151678 5.31157397389325 -52.4506897377287 3.05104003412089 2.07115130539114 -0.216157669530332 54.1326067887421 4.70877780196452 -2.75622390996796 -0.779527167017704 -43.8675052717153 -2.11742108068393 4.24595593704362 -1.60178558664848 38.8972741407779
"49" -15.1392198829035 -7.69666248456997 9.12670598394106 -92.1158670071309 -0.0402001543770893 7.47430078519938 -0.345665267995116 93.7164208532777 6.08883836627547 -12.5337913580697 0.204392050547767 -74.9321196445962 2.13140793148887 24.0543538089332 -14.4226161856932 72.6183367299382
"50" -16.1088951485181 -10.3508410975883 10.0853248926651 -103.710406037731 -2.45541656415389 10.1718397682034 -0.36536937898876 104.787924753837 5.87347828616612 -17.6129143844937 0.889867216569883 -83.1817098069587 5.00807202741089 34.4475353149428 -21.3485199702154 83.769386984146
"51" -12.4421007242836 -9.53428365407308 7.6515383775677 -81.5492397392663 -3.40267485204913 9.6090972200509 -0.250863906452935 81.7047934360453 4.04311771579205 -16.9224468849097 1.10497482066103 -64.2339167560422 5.47321319187722 33.1122548314743 -20.5054619346556 67.5797862084437
"52" -5.30696998969142 -5.80425468588146 2.48165869524928 -31.8798232338304 -2.77260824943187 6.31297361014549 -0.0273125735964186 30.8768674768799 1.06756462478415 -11.3335900056845 0.8642431728872 -23.2765744963108 3.53704433991697 21.7468839485009 -12.8373388836735 28.9401606287574
"53" 2.91673021911083 -0.777733992843423 -3.69169007775963 28.2318537412066 -1.1535703971258 1.78362667240253 0.234806299730963 -30.3727727897349 -2.17660375162995 -3.47781718179249 0.362131504290574 25.8502306067094 0.254927702701025 5.70430061982188 -1.90636951138367 -18.4827635736001
"54" 9.37319853233566 3.43460297998718 -8.64510334024089 76.7337294330791 0.460495490777248 -2.02987041242886 0.44389372208974 -79.7071026154008 -4.66404034577954 3.18861474201913 -0.111160845257245 65.3464017890947 -2.73723613632501 -7.9329465925548 7.43897382198338 -56.9536529429315
"55" 11.7572629114402 5.0619701355954 -10.5254716585314 95.1952414192638 1.15575445221111 -3.49723041040852 0.523200387038798 -98.4724456901022 -5.57585377256783 5.76256097364603 -0.300892701857265 80.3610198099777 -3.9739263770789 -13.2000803403062 11.0698412897109 -71.6262220107164
"56" 9.20545813194622 3.41641657848413 -8.61616095820318 76.4769597579289 0.552353062194015 -1.98879018069601 0.442954132141949 -79.4454097501002 -4.60643658460458 3.1203415916134 -0.10665991365363 65.1444919795904 -2.85500564991889 -7.78713999257889 7.37588270346168 -56.7459198731522
"57" 2.63735843286486 -0.810180843414855 -3.64198016256705 27.7877947013767 -1.00333765296273 1.85396868035605 0.233182483216922 -29.9203603933274 -2.08074628689656 -3.59496950090033 0.369940882146011 25.5006441622536 0.0625998650775728 5.95337765215663 -2.01590112717895 -18.1230922252871
"58" -5.61578797957918 -5.84402614894498 2.53939334731695 -32.4010479160206 -2.61159745105215 6.39418333536196 -0.0292158501640074 31.4076184581354 1.17338443080007 -11.4692914180632 0.873446286935405 -23.6876191806077 3.33145096498993 22.0335119522279 -12.9665657798214 29.3630169045064
"59" -12.7104420969408 -9.57335077852076 7.70499566482431 -82.0380743436544 -3.26869544559122 9.68362037548468 -0.252644294567119 82.2022674206528 4.13491414945747 -17.0474879838384 1.11363429763423 -64.6202066679252 5.30278409227867 33.3743740411956 -20.62727267429 67.977051832524
"60" -16.3019422768575 -10.3825775971109 10.126461503296 -104.091491080122 -2.36385178390537 10.2286391167709 -0.366750818754497 105.175547019593 5.93940106271612 -17.7086129771433 0.896627807100231 -83.4834750431037 4.89215348156904 34.6466320318359 -21.4438552424945 84.0795677447022
"61" -15.2568305829063 -7.71780051499081 9.15303637421493 -92.3622984995891 0.0132310483577385 7.51054337034475 -0.346550028370018 93.9670355906565 6.12894543809534 -12.5950217120571 0.208758968830807 -75.1276086968137 2.06406154341857 24.1808703241404 -14.4844049973326 72.8191622329614
"62" -9.85481021141095 -2.19634034484807 5.32513695304442 -52.5778900210717 3.0793682264848 2.09023293283644 -0.21660353383686 54.2620651048637 4.72983241328302 -2.78839925717693 -0.77728552843223 -43.9685295259551 -2.15314396826034 4.31206135517641 -1.63367871992159 39.0010196888179
"63" -1.51667902801273 4.70456437162647 0.054425890890343 0.869796501545352 5.65161460272247 -4.67068263351848 -0.0368290558555486 0.514811466928222 2.16945801152588 9.20823620167175 -1.76716395362541 -1.40355628805992 -6.08199821543985 -19.7176811112586 13.2530596372344 -5.57176541553054
"64" 7.73972839047929 11.191880954193 -4.93574756995804 50.5887904790288 6.58951754271402 -11.101716028882 0.121760261979944 -49.754802269701 -0.899956202997146 20.3722817060407 -2.44738188786391 38.6990940886026 -8.03618155359436 -41.6509944052414 25.7630351486587 -46.7009111041043
"65" 15.8794124105789 15.7104755912287 -8.17843175211146 81.9245067448792 5.21734708985696 -15.7263647769751 0.201448516569371 -81.7418898904143 -3.79213447816846 28.0791392540723 -2.58590454823275 64.5765263812136 -6.93830129240359 -56.1331581308004 32.339664314899 -72.4510752343704
"66" 21.2962992654957 17.3390703632103 -8.86540529735248 87.0096261037543 1.59163713426005 -17.625548764614 0.174773476878784 -87.4414739332424 -5.93603402156032 30.7602677347968 -2.10016169355208 69.8091299431908 -2.7189254723462 -60.0785163433975 31.2657452351341 -76.4358320228857
"67" 23.0560721076617 15.9501267716741 -7.00139819376091 66.2899723594455 -3.45904527268249 -16.5923849373357 0.0503972127684733 -67.1957385353599 -6.96135065793715 28.1736556002834 -1.07713032919219 54.5548949507065 3.60761462180108 -53.2150404784261 23.0077759945852 -59.0526849727539
"68" 20.9458607949173 12.1345297430944 -3.31087338296493 27.5288826404721 -8.52991509726689 -13.0802482474155 -0.132122407315592 -28.706810813077 -6.7240390341467 21.2893245857576 0.254924122944658 24.783035976594 10.2004185914748 -37.8115122626659 9.91978883885895 -26.6687688487436
"69" 15.3822509228912 6.94800789640976 1.04209744537184 -17.0964391495945 -12.0180096955 -7.99454897268697 -0.315934825327645 15.8680657082587 -5.28821535232692 11.8834414462308 1.59154887215527 -10.0059746508996 14.9061470356091 -17.7861204338005 -4.53912561024845 10.7447548696509
"70" 7.24064830633233 1.5703612438092 4.82315006105455 -54.8080858328321 -12.5786976877498 -2.40641525199953 -0.444358524312122 53.7366283993106 -2.88317762116731 1.98844905188707 2.63418571017951 -39.7837897557038 15.8852306648914 2.48735300634144 -16.8170757419921 42.7181685185351
"71" -2.33599450498059 -3.01956726655681 7.07516097956795 -75.8103923550298 -9.53080410980692 2.72505784008354 -0.476996996352909 75.0639613291278 0.148404418808695 -6.63575049831888 3.16578676918652 -56.820817693042 12.1705944651567 19.3196529434426 -24.21474430544 61.2016701619432
"72" -12.1057793351238 -6.26431123915518 7.34817225850111 -75.6551059457925 -3.09211062485838 6.74807323557343 -0.399993711458933 75.3472045425588 3.39987108749483 -12.8680022291483 3.09929915287375 -57.5568571181284 3.99614635458511 30.4860818180823 -25.5050173014915 62.4933737624233
"73" -20.8520329800403 -8.09377424746617 5.75852760592079 -55.8385082262103 5.62265548529922 9.38986384823602 -0.227948261879163 56.0209517555268 6.44212188586243 -16.3507593667691 2.48749309053596 -43.0814054390285 -7.19825048078837 35.4760651773468 -21.0823835123647 47.7289597428025
"74" -27.4656350261912 -8.8395899754114 2.8816060166464 -22.6728195683827 14.8369676593466 10.7075479685836 0.002213175413317 23.3352469414458 8.85798809510288 -17.3789798767411 1.49527348745073 -18.2561200066921 -19.0794578072173 35.2247291001186 -12.6540617957307 21.9672727630459
"75" -31.0083259629246 -9.04777178412496 -0.465992587202891 14.9950259502366 22.5103656805222 10.9597290971014 0.242641860984463 -13.9203701385923 10.2749138290087 -16.6335851303229 0.3470299806811 10.0701128788132 -28.9550711162165 31.5024149309356 -2.62534101923302 -7.66186277399538
"76" -30.7886600923466 -9.26404570381965 -3.47255773613506 48.3710541273103 26.793355942707 10.4604398461324 0.447210780717029 -46.9998116794231 10.4033618367328 -14.87859358469 -0.732550277800783 35.0878821213919 -34.3841879721313 26.221837832265 6.59600835119454 -34.0589858249223
"77" -26.4753673090172 -9.86173694817626 -5.52910699247604 70.818786787444 26.4369311376854 9.4724009565025 0.581653805037973 -69.3000880127001 9.08620975099052 -12.7323498336045 -1.56704020948575 51.6744082928562 -33.7250217343453 20.9035788581896 13.1664277306954 -51.86283501047
"78" -18.24991935872 -10.9552460562854 -6.33275069768752 79.0002478454044 21.0840473700819 8.17213225348587 0.628930318956151 -77.4971073457709 6.35773861666894 -10.5769378912973 -2.0557375101049 57.2830024399445 -26.5206823075996 16.4405038890545 16.1165812794716 -58.3736737779982
"79" -6.9634924168131 -12.4072819833509 -5.88854206250926 72.9698618984403 11.4032069942691 6.68616762558304 0.589433441986245 -71.6348691724634 2.49977961165882 -8.60755158674328 -2.17811754971319 52.0090521703969 -13.6704498847457 13.1687640311211 15.3821403323436 -53.6243750788562
"80" 5.78002770380226 -13.9086440415831 -4.43541378429563 55.4639497899479 -0.958922863070711 5.1667662063619 0.477219978232199 -54.4127605399262 -1.93118605041718 -6.96719504266002 -1.98028845701333 38.0240411263585 2.64143463094297 11.1355565898266 11.6192717549748 -39.7978384124362
"81" 17.7238900956281 -15.0929539768194 -2.33877900189509 30.7940569254642 -13.6265907281745 3.85655345981741 0.314258398449482 -30.0820442299082 -6.14215082223836 -5.87856414408725 -1.55187502674676 18.7002993853021 19.2826667172112 10.3872780710299 5.91268408028554 -20.325111082173
"82" 26.3296443280378 -15.646694926264 0.00893965379691508 3.74064235364494 -23.9518474090041 3.09309511386164 0.124696863830422 -3.35038576379156 -9.23614210801179 -5.68753684016883 -1.00146253491027 -2.2590636020177 32.7791892831956 11.1100650649732 -0.518504902423956 1.0100724561853
"83" 29.4063683961722 -15.3847804371972 2.25517627149929 -21.3036556848092 -29.6289245487446 3.23132005830939 -0.0694760330245003 21.4568133603534 -10.4337673491166 -6.77709623122792 -0.435829117676235 -21.4863598328084 40.1219821799023 13.543802553515 -6.5496683589372 20.7548431499308
"84" 25.8296006328947 -14.2787509764375 4.11941607830431 -40.8835972925299 -29.3259069799465 4.5062223861587 -0.250899677391345 40.9254360721679 -9.32521335018077 -9.38245787345568 0.0553537021706916 -36.3654479596007 39.5901349934547 17.7261403101802 -11.2966679427827 36.2118946629125
"85" 16.0702838833486 -12.4417758827549 5.40413808938411 -52.7904132492695 -23.1286666364585 6.89719212612181 -0.40766092272321 52.8466048704577 -6.05598876214981 -13.4000251821199 0.409798968132691 -45.253019638847 31.3237573299066 23.2291340859611 -14.1949041835196 45.6642715597918
"86" 2.27737180670192 -10.085450083292 5.99840705574115 -56.1977419645555 -12.6130710180532 10.0639489091077 -0.532916647639269 56.3503212890355 -1.35774289962797 -18.2961916715703 0.598202719437381 -47.5647691752165 17.4094202592396 29.0610870225828 -15.0303073708728 48.4643783163192
"87" -2.40186374595305 -9.27309628143303 6.03649008934644 -55.5560989984951 -8.80324422898457 11.1337260036971 -0.565412618610708 55.7447783205862 0.245775132573044 -19.8903630285922 0.623013551433473 -46.9716300379805 12.3785827485435 30.7538496510515 -14.876555830826 48.0014400980872
"88" -16.299748366333 -6.6229851846183 5.6993704411716 -48.7556259933772 3.20513373068206 14.3670513426468 -0.645011982007645 49.0347154698829 5.03049492970604 -24.5532707707534 0.60341916760774 -41.4305204166303 -3.46530895257001 34.8637393382651 -13.2307829293404 42.7767337184268
"89" -26.1463180084775 -4.02718012969945 4.73993955705555 -36.2851117748651 12.8530717929702 16.8206391601871 -0.688956674992596 36.564020172882 8.44708152732164 -27.8685408171514 0.466662062300315 -31.5393961627196 -16.2025877137594 36.0703533714841 -10.2092903555458 33.0424254133686
"90" -29.4457595383528 -1.66521618880688 3.30052571581564 -20.5833460900249 17.8710094948092 17.929781298204 -0.696016476682416 20.7315379335778 9.62191812923879 -29.0705821259107 0.262635961971796 -19.1701682739367 -22.8739184805363 33.5533820653218 -6.40693736997855 20.6696400694636
"91" -25.4255513450789 0.357209992028402 1.55612434399245 -4.11867670746869 17.3204042778721 17.43391054118 -0.663032610495719 4.01639747367881 8.27483741994365 -27.8455246990097 0.0403887452455365 -6.21424164428026 -22.2656649180208 27.3023255596781 -2.42260318778062 7.56812880816869
"92" -15.123576712559 2.00815581027291 -0.320062529600364 11.0687595428972 11.7209859220893 15.4166742217722 -0.584466386475128 -11.4799244118112 4.75213904148723 -24.3771018004027 -0.162631309811331 5.76251621737174 -15.0717741037524 18.1105637209275 1.25318062667793 -4.66604184806783
"93" -0.924439258740676 3.31717628447404 -2.18835345822572 23.674253232035 2.7337268632723 12.2360087551142 -0.453274087947534 -24.3580060463064 -0.13138369710714 -19.2340900257941 -0.326581030667626 15.7540514673092 -3.47599490335779 7.3141688106316 4.31260047121941 -14.9939399242357
"94" 14.1911520650192 4.35453893749309 -3.95803658884415 33.2070382124002 -7.40716239680705 8.3932301276036 -0.263334335823799 -34.0262739952013 -5.35038966026309 -13.1738198024086 -0.449307717146326 23.3773347716196 9.59299467197798 -3.5831123646858 6.64875068422589 -23.0039445709408
"95" 27.3783887885047 5.20217208529812 -5.57655151239305 39.8099988723334 -16.4826636475018 4.40395625466954 -0.0133319658793596 -40.5492510652839 -9.92121447802583 -6.95552779090485 -0.540764438906649 28.7383474986636 21.2332697306319 -13.2342674031715 8.31066962033219 -28.7791275825293
"96" 36.4487208902219 5.91730793849638 -6.99419163335824 43.873858585961 -22.7431912955258 0.712653756217151 0.288613035414841 -44.284588677001 -13.0815395656537 -1.22414647950791 -0.613592368221816 32.1382997425098 29.1667547166016 -20.6265045379841 9.40787944864314 -32.5988197955667
"97" 40.1297223451347 6.49625248693428 -8.1198439934642 45.5880369077786 -25.1721874170921 -2.34130231037125 0.621020771847526 -45.446929473168 -14.3806171333679 3.52744716120469 -0.673104631228966 33.727885358916 32.0871712217304 -25.1115486528724 9.99877593857855 -34.5850653457019
"98" 38.1083969923466 6.85285356779605 -8.79161825276788 44.6204101641488 -23.565875110824 -4.52377035849713 0.947747109491559 -43.7887151336108 -13.6953496864526 6.94908398510961 -0.710531977598066 33.2585377309879 29.7654989879065 -26.3553818991022 10.0099644876973 -34.447909290182
"99" 30.9315366511619 6.82728005970421 -8.78454963283093 40.0971088483275 -18.4609643478084 -5.69827185320628 1.22099701344135 -38.568360366713 -11.197810178709 8.8201702550341 -0.702765931742988 30.0648213984459 22.9519619256107 -24.2901938502764 9.2289184846195 -31.4684558243607
"100" 19.826924247388 6.23243341182661 -7.86496936982167 30.9531589878243 -10.9486104634339 -5.82957849706327 1.38923955417039 -28.8776586788299 -7.29625362180309 9.06278166486481 -0.619815830805464 23.3343943216387 13.1233721339058 -19.1227353011891 7.38789327317863 -24.7784489337282
"101" 6.48606350984392 4.92978364247574 -5.88101861541509 16.5694666572235 -2.41753019083308 -5.00149817176225 1.40880505070126 -14.2475559935701 -2.56337732509201 7.78344091954023 -0.438195506697525 12.6006153962444 2.13324745772479 -11.4000545290983 4.31889044054333 -13.8697927027824
"102" -7.17054125464074 2.91029303908635 -2.85891605746656 -2.54030863619118 5.72387418700964 -3.43600274387427 1.25612306311831 4.6978075816296 2.34154808568087 5.31845904411057 -0.155540304022111 -1.72611745496397 -8.16611814884072 -2.08152439778496 0.122063758284639 0.855466941742634
"103" -19.2343929988974 0.347743275913672 0.935315365294628 -24.303978018339 12.2931949045092 -1.49240856542929 0.936625470490839 25.8419973254349 6.75364341589898 2.24323864295548 0.199676495693211 -18.0306870535933 -16.2546858634987 7.46044303975941 -4.72850621913494 17.7446536094067
"104" -28.0459595662351 -2.40296619574838 5.00217719012289 -45.1825042252822 16.5026884464651 0.371522559946243 0.486944397070573 45.6817907980294 10.0836084684545 -0.687986375491164 0.568412181231452 -33.5690747715635 -21.1656462784349 15.5753947687444 -9.40458128031423 33.9697285327493
"105" -32.4128356174278 -4.87162131933019 8.6939323198867 -60.8577921196338 18.0282698550459 1.6810049837004 -0.0308734094930969 60.0128568534274 11.8943149115971 -2.68058746504175 0.872975570506696 -45.0087004541492 -22.5651337996724 20.6204219991923 -12.8886718241611 46.0816360203462
"106" -31.7886884384297 -6.58750639988102 11.3600496199942 -67.3637517814641 16.9851639369981 2.05436313175687 -0.541673551585319 65.0443918760066 11.9654847885124 -3.09165995522744 1.03780966660406 -49.313376439517 -20.7013315541508 21.3460616269185 -14.2471178639989 50.9206788367155
"107" -26.3882271150542 -7.2086809306611 12.5105218926346 -62.321557320327 13.8401232395599 1.31325811547049 -0.972379558219359 58.6089331615876 10.3372292468241 -1.62446596389236 1.01275444755413 -44.7072920756254 -16.2675911812694 17.2796081424058 -12.9287929064794 46.6098375584843
"108" -17.2111478864545 -6.62459538463554 11.9468219953669 -45.8755196490092 9.29778042836551 -0.440985285540592 -1.26571664494401 41.0700556724478 7.32234679458224 1.53589305113746 0.79116261958211 -31.4018133060381 -10.2352260185417 8.9840178254417 -8.9909870146239 33.3058552883231
"109" -5.94778445152133 -4.99904610017984 9.82012548369403 -21.0005423959155 4.18788099504582 -2.81352843560671 -1.38908334990057 15.6032927896886 3.47745000256009 5.69679079742855 0.416672556120488 -11.8269304530404 -3.69611904969133 -1.90967914482826 -3.17213348474252 13.4427785578591
"110" 5.25578510169089 -2.7386537277489 6.59847924471524 6.97474613497616 -0.640933280516947 -5.17973717725454 -1.33717925737733 -12.3047265751156 -0.474859509102771 9.7691210948542 -0.0242494677248715 9.75554070829821 2.27521440504825 -12.9496209128047 3.22672055441581 -8.65804473422759
"111" 14.1755591687779 -0.392721913847708 2.9501335933528 31.5766043014955 -4.42999035833691 -6.82364725206116 -1.12908531284802 -36.0881394070093 -3.77335982614795 12.5096983293497 -0.422968426892112 28.216507303332 6.7531338700046 -21.377955683929 8.63895202525782 -27.7695663596242
"112" 18.9889862902501 1.49199928460985 -0.427416376764995 46.875184904784 -6.62671410233679 -7.12799873159929 -0.801870500702137 -49.8148504418059 -5.78062814972054 12.853816684823 -0.677917420808171 38.9045160405076 9.09545559997332 -24.8271578878193 11.6466734154492 -39.129714217328
"113" 18.7558603927673 2.52462273346828 -2.98723123394393 49.2324308882307 -6.99328381876103 -5.77155158796359 -0.403132977176739 -49.9565699196537 -6.14631910386288 10.2600413750151 -0.724892767065512 39.0372584296274 9.06672746610911 -22.0357185601642 11.4091629631621 -39.8600192292943
"114" 13.7579263778107 2.58594995252133 -4.46936361396911 38.5765976933544 -5.67833387970177 -2.87321833431724 0.0157017816378016 -36.6748845935072 -4.92329044089638 4.96104788649427 -0.559158800949035 28.7144539273868 6.91681273813901 -13.3644445825557 7.97413643721302 -29.9992276902922
"115" 5.55478769787624 1.86370425464338 -4.94874545252333 18.6956039172728 -3.22057991976408 0.978078652147815 0.404600647621351 -14.1026710969236 -2.58940520484566 -1.9868162238472 -0.240747008669587 11.1429039352079 3.3782778649238 -0.895094030962355 2.34559002160131 -12.7366787139399
"116" -3.3356617253994 0.78523870310346 -4.77344356498452 -3.7207610471014 -0.456477018060923 4.84432254330386 0.718969696675771 10.6595302876522 0.0551232131274446 -8.91889139357227 0.121440710596744 -8.14627929171547 -0.452221189763804 12.0160079092348 -3.75926727290971 6.37668211356504
"117" -10.1188030652966 -0.136715834697497 -4.40941156662211 -21.1257574588672 1.68265275767453 7.69644673189032 0.923234533421777 29.6671931222445 2.11055833422915 -14.0172084642818 0.403716557191046 -22.9578667040187 -3.369324213244 21.6758357916551 -8.42287897480855 21.106413840942
"118" -12.5976821871118 -0.49247006533551 -4.24523392435549 -27.6128931185667 2.45267461139838 8.73521679722489 0.994224389211695 36.7226751766575 2.86519790711509 -15.8735345126388 0.509087812055668 -28.4575128369397 -4.41467851114066 25.2141165333414 -10.1512990855808 26.5821722860492
"119" -9.92952376505946 -0.127752222312665 -4.43067540295851 -20.9596265047076 1.55983419559652 7.65914997106574 0.923826667634813 29.4962043171836 2.04507740933695 -13.9576951693016 0.401069793036413 -22.8283251356115 -3.21029020835613 21.5481284904417 -8.38367157574612 20.9728132352029
"120" -2.94170199434848 0.798632201272085 -4.81360789327482 -3.4172046961321 -0.718928278566636 4.77092946746143 0.72001816634031 10.3460945730694 -0.081295681931806 -8.80268076205721 0.116696906215793 -7.91066951914399 -0.111719805019675 11.7647893267422 -3.68864530073915 6.1334457764824
"121" 6.14559929914685 1.87456561896852 -5.00192045116728 19.0781754295895 -3.62596140691585 0.875476382706438 0.405854582934126 -14.4996607091671 -2.79421461365882 -1.82598642432094 -0.246545306931466 11.4376562565085 3.90534336546261 -1.24640184008604 2.43253951496081 -13.0414286200321
"122" 14.4766786763421 2.58852761417347 -4.52609071393545 38.9603483276951 -6.18483145269693 -2.9893747540882 0.0168648343099278 -37.0757378381168 -5.17270884363052 5.14116821477 -0.564734742813243 29.0071182962638 7.57660975471299 -13.7627131123882 8.05851174321106 -30.30239249648
"123" 19.4795139269863 2.51759290745576 -3.03729516235035 49.5469757111277 -7.51503315710306 -5.88061052043395 -0.40228866179595 -50.2879745158862 -6.39766617603391 10.4273162165136 -0.729207005226954 39.273887951058 9.74750902335745 -22.410591096108 11.4751987940854 -40.1057084395434
"124" 19.5949645189239 1.47881796229012 -0.464081331328089 47.0856018200284 -7.07236704992602 -7.2133244616889 -0.801414978593328 -50.0391621374729 -5.99126843083241 12.9832416516911 -0.680570212681914 39.0598386648562 9.67777945458329 -25.1214828557931 11.6879569436096 -39.2914624056648
"125" 14.5988332166453 -0.406640910370697 2.92789993448332 31.6901452541788 -4.74681199775341 -6.87937754622089 -1.12893704517225 -36.2112940110819 -3.92059030455493 12.5932613881123 -0.424213555099982 28.2979811953919 7.16765200524696 -21.5710362165082 8.65891419780746 -27.8547605553031
"126" 5.50323271355592 -2.74938743755774 6.58735700159195 7.0230447820868 -0.829138187496483 -5.21020161009528 -1.33719424436811 -12.3586410158969 -0.560978275888374 9.81424623059684 -0.0246465406388552 9.78858643750573 2.52175135928428 -13.0557062144653 3.23358242051654 -8.69282521618879
"127" -5.82617204494454 -5.00555031167005 9.81557195727601 -20.9852627231667 4.09399453792366 -2.8275169421031 -1.38914529360872 15.5852217367719 3.43510838192969 5.71724045475094 0.416633899808289 -11.8174879094149 -3.57299053704901 -1.95866278422181 -3.17100993298845 13.4327044188467
"128" -17.1606137512827 -6.62781603813255 11.9453373362439 -45.8727717335496 9.25818477301345 -0.446396829368496 -1.26576944376617 41.0661156270144 7.30474830020785 1.54368552767119 0.791214193272481 -31.4007664751844 -10.1832356084115 8.96496617433513 -8.99147242891559 33.3046464329818
"129" -26.370360687255 -7.21003076506258 12.5101782494567 -62.3221373959677 13.8258795242732 1.31150069062733 -0.972411084345651 58.6090714636812 10.3310068432215 -1.62198737130348 1.012802177205 -44.7081522956869 -16.2488626219083 17.2733991049063 -12.9293691546063 46.6106842277077
"130" -31.7832938105848 -6.58800426923062 11.3600301179304 -67.3646526832235 16.9807515072685 2.05389615293461 -0.541689016808817 65.0451498267139 11.9636060133314 -3.09102665162936 1.03783788726207 -49.314209048418 -20.6955187048025 21.3444156277365 -14.2474778663654 50.9215264137529
"131" -32.4114580286669 -4.87178783579657 8.69396606895043 -60.8583643053498 18.0270911765438 1.68091275526695 -0.0308799762429999 60.0133887789125 11.8938351165491 -2.6804755310859 0.872989252284469 -45.0091828191726 -22.5635763838645 20.6201041047061 -12.8888503631806 46.0821303748817
"132" -28.045683472018 -2.40301549652759 5.00220043195259 -45.1827663485601 16.5024300824548 0.371514893095082 0.486941981808172 45.6820433474713 10.0835122829537 -0.687984163172587 0.568417727738051 -33.56928750925 -21.1653031218602 15.5753735379512 -9.4046541362095 33.9699470487903
"133" -19.2343863549295 0.347734243055129 0.935325276434924 -24.304068067453 12.2931762503122 -1.4924024206648 0.936624721748615 25.8420860809856 6.75364101409173 2.24322689199289 0.199678334967189 -18.0307577721032 -16.2546603280298 7.46046580487018 -4.72852921742015 17.7447266710078
"134" -7.17067472766939 2.91030494492225 -2.85891043395713 -2.54033811101544 5.72397560220088 -3.43598429822578 1.25612282256182 4.69783962528163 2.34159401663442 5.31843123940234 -0.155539447152478 -1.72613693043968 -8.1662519477095 -2.08146948013382 0.122058038456089 0.855488730347133
"135" 6.48550597262238 4.92984182988585 -5.88100380099422 16.5694108221578 -2.41709700254478 -5.00142426923048 1.40880467924902 -14.2474879324218 -2.56318581774303 7.78333101987482 -0.438193068083137 12.60058636342 2.13267468376216 -11.3998425548089 4.31888257070568 -13.869755323467
"136" 19.8247491827742 6.23266753919143 -7.86491036879943 30.9529121421874 -10.9469233904042 -5.82929414826503 1.38923807231151 -28.8773638905113 -7.29550711749062 9.06235784415003 -0.619805232869567 23.3342606973383 13.1211399123213 -19.1219129567289 7.38785537617514 -24.7782817894986
"137" 30.9237639907979 6.82815692997247 -8.78433580260571 40.0961496163582 -18.4549371967059 -5.69728836715967 1.22099148029815 -38.5672313207397 -11.1951441252013 8.81870261776021 -0.702724372771627 30.0642987369647 22.9439802513516 -24.2873081355501 9.22876785886183 -31.4678108824664
"138" 38.0831606128977 6.85589063684438 -8.79093207809547 44.6171997700949 -23.5462773141221 -4.52073072153689 0.947728922125805 -43.7849613620929 -13.6866990673534 6.94454757590574 -0.710386066818842 33.2568324295207 29.7395157462133 -26.3463028302831 10.0094708148717 -34.4458011385796
"139" 40.0553231886333 6.50596699798007 -8.11790280594596 45.5787656458488 -25.1142191527219 -2.33294811252199 0.620968305163075 -45.436088951159 -14.3551329889483 3.51499450882875 -0.672644099927197 33.7232639750873 32.0102003313114 -25.0860231947299 9.9974441602244 -34.5792448266002
"140" 36.2493399520363 5.9459908655399 -6.98936993129701 43.8508224231264 -22.5870214507577 0.73293593613198 0.288480572053686 -44.2574629906157 -13.0133027744796 -1.25428690510762 -0.612279386663886 32.1281957932879 28.9590017137671 -20.5625814303094 9.40502238948466 -32.5854862195483
"141" 26.8917515482726 5.28029802137644 -5.56608491520183 39.7610182189746 -16.0987393992978 4.44697475767862 -0.0136240770484335 -40.4906521727098 -9.75482961119405 -7.01908693124824 -0.537359932069535 28.7219832891205 20.7213652008668 -13.0922786290903 8.3063113858243 -28.7548719927145
"142" 13.1072378221597 4.55077841566526 -3.93836271910368 33.1190894100946 -6.54427392573189 8.47112560710866 -0.263895480756105 -33.9179223569881 -4.98021825560591 -13.2876783329339 -0.441215658788906 23.3646520745315 8.43930114039631 -3.30568588949063 6.64659027336711 -22.9737125502797
"143" -3.13033497272318 3.77182988155164 -2.1570737382981 23.5457419680388 4.50890947261041 12.3495043484909 -0.45420736682766 -24.1905799857632 0.620920001731292 -19.3961895845068 -0.308816945823423 15.7858581969849 -5.85724573831612 7.7818423777062 4.32663552821032 -14.9901246153167
"144" -19.2244325181664 2.98043295029584 -0.280757258888116 10.9337471171602 15.063603626345 15.523430139413 -0.585792797580126 -11.2787116803302 6.14830837016757 -24.5175266641563 -0.126385414807601 5.94504938043247 -19.5734541711445 18.7577666289944 1.31904128992028 -4.78244709066348
"145" -32.3760059635561 2.27861922295415 1.58548497809807 -4.15706530649913 23.0729972649688 17.3898815714019 -0.664606297925474 4.1534772624218 10.6358989504308 -27.7368833733599 0.109476461825579 -5.66431324717996 -30.0512671295082 27.9240407702109 -2.23290400574479 7.13059173391957
"146" -40.1494298442303 1.84939015692817 3.27694662105387 -20.3263151280917 26.8980604065641 17.4053452409858 -0.69753172466875 20.5985289082237 13.2468533553072 -28.2010734274472 0.386163813335656 -17.8883823946162 -35.168622414255 33.5538139679102 -5.97262479433994 19.5628743114648
"147" -41.0618839515764 1.93647444251656 4.58793212381624 -35.4508451313231 25.7377608244215 15.2148446148981 -0.690209607372225 35.8478995528785 13.4764161555893 -25.3136896529004 0.674568502977536 -29.0180637419035 -33.898901671846 34.2501389177432 -9.36143632889434 30.7711076323976
"148" -35.0284139324085 2.790260317498 5.31577910324086 -47.0676107360996 19.9075268151482 10.7691934932122 -0.646550047730329 47.3940938596206 11.3047321273762 -18.9206392144797 0.933717954276517 -37.102898828809 -26.6685740818384 29.3105018625374 -11.7769296366732 38.7774931544554
"149" -23.5142032033482 4.59329965782126 5.3158511138372 -52.9183111630628 10.8682619924593 4.39218664204463 -0.569527891014559 52.9850680530362 7.24830368389325 -9.42649550339684 1.11922873512367 -40.3897026778141 -15.3873999343577 18.9865109480652 -12.6525764264443 41.8177139099789
"150" -9.57256769963897 7.33182071982992 4.56942040593367 -51.5984526002721 1.13892491670458 -3.09278373200232 -0.464651426097873 51.27893355587 2.37257327476186 1.99197828781325 1.19322583346207 -37.8648260376722 -3.31582049687586 4.82353124704423 -11.6558952794057 38.8980557660907
"151" 3.5654738903313 10.9173140885168 3.1611625862065 -42.8651011269685 -6.78755238131316 -10.9119797958087 -0.334931539960934 42.1145548109707 -2.20033741212205 14.2064543504748 1.13756316040428 -29.4032870183109 6.31503212611915 -11.377655633707 -8.72840616076428 29.9222041354078
"152" 11.9916189333235 14.974310272692 1.32599417856181 -27.7749231490452 -10.1410519612659 -17.8754508440679 -0.189738949780036 26.6622474144096 -5.11510799201869 25.4193056636914 0.951145703543034 -15.9860968854446 9.95511204680406 -26.7579944310546 -4.17423994098681 15.9359590815002
"153" 12.3901179782652 18.9703253861921 -0.595852617442233 -8.70474369580916 -6.81609796480279 -22.8430441252322 -0.04094701495967 7.40935996863846 -5.22606675480279 33.8622821100516 0.657659555175997 0.358322866410163 4.93425443698607 -38.3575823748743 1.36089973826711 -0.951758549479564
"154" 2.59007857862161 22.2618489761117 -2.21150363997322 11.0360464291225 4.26187517595645 -24.830606957401 0.0970161426624259 -12.2452340909949 -1.78793306798298 37.9606970004388 0.301347711133758 16.8616409269634 -10.0634523086524 -43.4898329008374 6.98078015515239 -17.8840785833418
"155" -17.7614832946938 24.1904062960675 -3.15652048233824 27.8243029503938 22.7208015343394 -23.1998716631297 0.209044346636517 -28.6316451532985 5.31172945653816 36.6315335152958 -0.0606609377359746 30.5205719748446 -34.4691795039662 -40.3101966527483 11.6953925632424 -31.7768302137047
"156" -46.5878299743472 24.1926950510415 -3.18869449302656 38.496707939601 46.3978250248229 -17.850933998825 0.28204654369506 -38.6031178984849 15.342069177163 29.5913619086523 -0.369454925215109 38.7248280480817 -65.3935951835356 -28.4034944613359 14.6192269659568 -39.9656541897202
"157" -79.031009163843 21.9084342444862 -2.27227151515035 41.1130764529516 71.1955936485188 -9.37297319556001 0.307851426729314 -40.3135777009811 26.6095406601262 17.6041163523405 -0.576582898697325 39.8772226987785 -97.4517333482272 -9.24622261989498 15.1712622776649 -40.8445381064412
"158" -107.682495218226 17.2702932283255 -0.623154123208224 35.500603480541 91.3565697749696 0.915926312784904 0.285495165874295 -33.7614772982633 36.5409248954659 2.56063575993812 -0.654458973503779 33.8408078826105 -123.129971444831 13.6695237145595 13.2263611328908 -34.3242960362513
"159" -123.708758906888 10.5619326092178 1.3122666063432 23.3849429676193 100.367554479848 11.109273848786 0.222095672387951 -20.8975569679678 42.07675061291 -12.7183794132325 -0.602084420441429 22.0589218032474 -133.97000465307 35.2583393142886 9.17059400526887 -21.9504467631596
"160" -118.969569728244 2.4309258189428 2.95712704898733 8.00418524210545 92.5516857005523 19.0664812581158 0.13184000573338 -5.18928113752918 40.4081235171323 -25.0088449942314 -0.444350115439761 7.2630139033281 -122.64347312594 49.9005278869245 3.83257830927141 -6.59177661090143
"161" -88.8092717767504 -6.1579894935212 3.76935164922725 -6.74775238662551 65.1011176923726 22.9441695205824 0.0331330841549686 9.30498824299139 29.9446763390538 -31.4841443478344 -0.224970652893603 -7.20196735345235 -85.5953127249472 53.0052899981947 -1.70469868299915 8.26882732375088
"162" -34.6810294726638 -14.0442734528233 3.42770287451276 -17.4316460225164 19.9234941125451 21.777193129773 -0.0554812272889649 19.1163358069098 11.2206880401891 -30.5974797313083 0.00503635001041403 -18.2740996996363 -25.4390078288307 42.6666113305328 -6.37040577219341 19.4723423914256
"163" 34.6372758018642 -20.0737058941586 1.96962681968944 -22.0752051310556 -35.6138520601485 15.9011446514432 -0.119562647650071 22.4185485043927 -12.6921881829621 -22.7306516160343 0.200045526910003 -24.0246900717466 48.0894572063507 20.7674140296476 -9.37826776698421 25.0680216383553
"164" 104.408531520651 -23.3607263208623 -0.190129541194437 -20.7018879543029 -89.8913738848569 6.98898566997923 -0.15192091838739 19.5395581136981 -36.6715159146763 -10.2660964913121 0.329975683831663 -24.1584575120869 119.724351736159 -7.13384724175557 -10.4181543238119 24.8248590749645
"165" 158.195418459401 -23.5469440842799 -2.3950616840666 -15.1268334618799 -130.382800708043 -2.42368252364395 -0.153621981221818 12.6700381973205 -55.0339375854774 3.10717682610812 0.384986523211978 -19.9482989055105 173.049786378581 -33.4401403703123 -9.69655585731743 20.1451036754661
"166" 183.762107387797 -20.9515344677629 -3.99917106198882 -8.07525050124968 -148.142422733853 -9.81939668530322 -0.132493412524326 4.84829350870132 -63.5865424704807 13.6965273092374 0.373804419010071 -13.6093593086334 196.36472842767 -51.2480604462216 -7.80773915559985 13.389154569697
"167" 177.913969580483 -16.5098747734482 -4.62383166636664 -2.0235292609068 -141.360137993013 -13.6214593964469 -0.0997225432817288 -1.31907038330974 -61.2934616674795 19.1730681086774 0.317173367507053 -7.38355287161539 187.327808526434 -56.9843968552977 -5.48840256652147 6.90389281531679
"168" 147.47972402098 -11.4718679575471 -4.28532822069928 1.67274662187992 -115.890931009158 -13.6937106542705 -0.0659241766555283 -4.57036797273031 -50.5874852584452 19.3113999158131 0.239512593998256 -2.75965876957707 153.650063387582 -51.5507800670821 -3.36176823202004 2.20765175892302
"169" 105.586237961026 -6.96760986983827 -3.32465113580474 2.97072279499116 -82.1998170550814 -11.1482728982623 -0.0382260770274172 -5.11568675137823 -36.0458944462589 15.7058877256732 0.161835203853968 -0.171161846126779 109.100431664136 -39.3108145247279 -1.77764120517168 -0.308256574880943
"170" 76.297655183786 -4.48080457570495 -2.51619329824689 2.87080602992864 -59.0372403038284 -8.6507486614089 -0.0239182003666087 -4.45170488344957 -25.9499834821991 12.1651583789794 0.114500757405153 0.628943937001168 78.4449321929367 -29.4611900892533 -1.02583712189153 -1.01139442024578
