"V1" "V2" "V3" "V4" "V5" "V6" "V7" "V8" "V9" "V10" "V11" "V12" "V13" "V14" "V15" "V16"
"1" -6.8373282223078 16.4561512472328 -1.81786728460656 -5.49929992816033 7.67206241584472 -17.0323708637538 0.103713908459667 3.85652457020024 5.92373921921737 20.1717358925234 1.94301258934865 3.37025667541457 -8.62486260921496 -15.8922738724536 -8.6920839887789 2.58792702860956
"2" -7.62065784492216 17.3238342860368 -2.7077538009612 -5.28145818180383 8.15624188491768 -17.8987416917844 0.316801131713532 4.55251905975047 6.41727286261533 21.3923073028282 1.77685418764304 2.76076384213229 -9.35974140113882 -17.1050642889181 -7.90293854477932 2.48760344841867
"3" -8.40385862441144 18.0883442601389 -3.72728054692197 -4.95327392917534 8.59394882499146 -18.6715016293801 0.566401827863501 5.32029037682787 6.87912208597311 22.5377405791942 1.55255341716611 2.00193041977764 -10.0761829752094 -18.2805337080285 -6.85307363646643 2.32361052431224
"4" -8.94627107949361 18.5594119156131 -4.52045594695119 -4.658019266255 8.86883695245228 -19.1577500282572 0.763571921776474 5.90256972179759 7.17827243247211 23.2965196622722 1.36042532069041 1.38192904529569 -10.5630711676018 -19.0773320540029 -5.96255874446069 2.1691073015827
"5" -9.68236354506541 19.1221511300755 -5.73485808455735 -4.15867901337151 9.20112090537043 -19.760645188725 1.06932247255759 6.77596020811689 7.55215805826759 24.294859498465 1.04498525765257 0.400148132561299 -11.2132990213155 -20.1415524076251 -4.5137582050811 1.89752761964337
"6" -10.3661535473407 19.5621151664445 -7.04743286835128 -3.57386237081118 9.45977636767714 -20.2695145418254 1.40393956043749 7.7017304222727 7.85744671470906 25.208248113584 0.683537471963518 -0.687321820310899 -11.8080234429461 -21.1182853431565 -2.87131520682306 1.56645626692625
"7" -10.9767714492217 19.8786096691365 -8.4390333087058 -2.91989916169041 9.63573348893044 -20.6911124004639 1.7624190304582 8.66753675940345 8.08095335185271 26.03813008315 0.285144416998264 -1.85218022843765 -12.3329410891855 -21.9866971970237 -1.08215032375665 1.18205116919125
"8" -11.4936094607682 20.0746727467576 -9.88699693903436 -2.21622408058465 9.72074499835401 -21.0352910535016 2.13869430884597 9.65816182249364 8.21049120141078 26.7879093927222 -0.138733579027758 -3.06007018577657 -12.7739637626097 -22.7246692168201 0.795398547081277 0.753099241963355
"9" -11.8971498923527 20.1568670901361 -11.3660238386792 -1.48443184989628 9.70750953478012 -21.3141725982296 2.52585580889127 10.6558037535469 8.23531672946967 27.4621342704663 -0.574556075709097 -4.2716554030776 -13.1176222616092 -23.3089027969559 2.69323449421427 0.290830296100467
"10" -12.1698097455065 20.1349674741086 -12.8492508253403 -0.747188465767977 9.5897982509731 -21.5411925578819 2.91642594708355 11.6405492866243 8.14654718769458 28.065630923943 -1.00714537317435 -5.44404065005074 -13.3515158697618 -23.7152291970488 4.53579366923441 -0.191404234137735
"11" -12.2967576180594 20.0215798502595 -14.3094620291768 -0.0270734917357913 9.36259708086254 -21.7300955510204 3.30267487394963 12.5910278136416 7.93753483404026 28.6026783664784 -1.42023820602253 -6.53248005289061 -13.4647994260394 -23.9191794625476 6.24289328488885 -0.678579642961267
"12" -12.2666578562674 19.8317265819751 -15.7203627492854 0.65456540640298 9.02227525496573 -21.8939661717477 3.6769585931379 13.485230553787 7.60418392248636 29.0763139599267 -1.79712374522705 -7.49229851832206 -13.4486943518194 -23.896852058434 7.73302414833961 -1.15455814250163
"13" -12.072298811705 19.5824259457113 -17.0578351812928 1.27866525037462 8.56678663230309 -22.04437295968 4.03205898257215 14.3014650083651 7.14519908236099 29.4878469117812 -2.12134031431242 -8.28093635146797 -13.2970040283435 -23.6260891348384 8.92694798039156 -1.60273910721298
"14" -11.7110668735148 19.2922838569139 -18.3010921462483 1.82933512433738 7.99590454917097 -22.190690519632 4.36150453477057 15.0194013037008 6.56225638752665 29.8366358562034 -2.37739959187047 -8.86001666224911 -13.0066081179353 -23.0879391884228 9.75143784540705 -2.00677188817644
"15" -11.1852354309816 18.9811034793256 -19.433648789236 2.29451926573529 7.31148364132014 -22.3396459111045 4.6598514808918 15.6211549401269 5.86009112098651 30.1201588420017 -2.55150495130192 -9.19732984539587 -12.5779055176265 -22.2683468360556 10.1429853301961 -2.35129915646394
"16" -10.5020475814482 18.6695058372752 -20.4440422478019 2.66639572946951 6.51773424854764 -22.4951124484455 4.92290730424747 16.0923410267587 5.04649876637751 30.3343723981607 -2.63222997691446 -9.26862950905343 -12.0151723377814 -21.1599729356267 10.051291093223 -2.62269541344722
"17" -9.67358263435347 18.3785437479146 -21.3262449129616 2.94149224726061 5.6214874464863 -22.6581495084151 5.14788231505645 16.4230293888813 4.13224801446637 30.4743241544384 -2.61112403736979 -9.05913960424368 -11.3268002283573 -19.7640143085082 9.44235632025811 -2.80976346915122
"18" -8.71640846146806 18.1292840969199 -22.0797370266391 3.12052369622324 4.63242237838426 -22.8272634413106 5.33345967125206 16.6085288382928 3.13090654349605 30.5349542227632 -2.48321400352734 -8.56468292880163 -10.5253820472187 -18.0918658922928 8.30100154053798 -2.90435143146897
"19" -7.65103375689819 17.9423310207221 -22.7092275504547 3.20797731463972 3.56322328776082 -22.9988446041471 5.47977964414667 16.6499330350071 2.05858205409646 30.5119973099354 -2.24737467582236 -7.79235624331341 -9.6276165315187 -16.1664529113177 6.63265618617879 -2.90185420986381
"20" -6.50118545232181 17.8372656651591 -23.2240367779868 3.21149058952869 2.42963220472984 -23.1677208804672 5.58833963832149 16.5543699194823 0.933582623253017 30.4028829455283 -1.90654515102733 -6.76069637727051 -8.65401130305656 -14.0230596321308 4.46428716517403 -2.80156687344424
"21" -5.29294615107005 17.8319868325743 -23.6371782042243 3.14108100510202 1.25036515054126 -23.3277601451464 5.66181706617863 16.3349115013025 -0.223997992039699 30.207526964814 -1.46777413728159 -5.4993043634895 -7.62837395717679 -11.7094963499376 1.84436739594821 -2.60686243281816
"22" -4.05379392857412 17.9419503002155 -23.9641989223201 3.00829554712254 0.0468652396664311 -23.4724535643859 5.70382725393301 16.0101201901198 -1.39276276122467 29.9289141447134 -0.942084034338677 -4.04792001721216 -6.57709361727046 -9.28547795939357 -1.15817469638569 -2.32517382016522
"23" -2.81159170272736 18.179321483105 -24.2218556310472 2.82535045521217 -1.15712498476023 -23.595418190449 5.71863276134309 15.6032308168014 -2.5505521734043 29.5733892256285 -0.344151322633024 -2.45496666990221 -5.52822937524752 -6.82113481349643 -4.45603708648559 -1.96776885463623
"24" -1.60457100906501 18.5480228238739 -24.4250277930878 2.60649617124 -2.32554333025291 -23.6900363305831 5.71098413763866 15.145402819895 -3.6649243092931 29.1547524056678 0.302012758992987 -0.791250290552853 -4.51955556899884 -4.41649807933118 -7.91402559020935 -1.55338694760576
"25" -0.427235138860851 19.0621467206893 -24.5935323218746 2.35690932993748 -3.46219326168466 -23.7532641901348 5.68504341454945 14.6530209838584 -4.74263041049471 28.6738822252637 0.99348011462007 0.92780350765679 -3.55327175789063 -2.09258770755696 -11.510183855622 -1.08803971507587
"26" 0.676023148825152 19.7135295130374 -24.736002983529 2.09014539635245 -4.52018192751234 -23.7787295758981 5.64513618670071 14.1633132154111 -5.74321173878263 28.1522495950903 1.69721751248971 2.6119370815577 -2.67358385301554 0.0236113370638122 -15.0641532365335 -0.598105531418696
"27" 1.68478359867368 20.4922426634039 -24.8609067446905 1.81461234220478 -5.47378124722218 -23.7625569572697 5.59502356053372 13.7047375783441 -6.64714203337678 27.6058176195302 2.3898828668689 4.19953300345514 -1.90413216267552 1.84991801366505 -18.4512685030204 -0.104498125845566
"28" 2.582532170381 21.3810218790441 -24.9719047000726 1.53683326864848 -6.29956848133384 -23.7012567691327 5.53761549557203 13.3024605790688 -7.43728633712772 27.0502114901647 3.04832159735906 5.63305239540932 -1.2641612962571 3.31266640044669 -21.5512267567101 0.371871236304287
"29" 3.35707294999975 22.3550779875513 -25.067398671903 1.26149911694665 -6.97758341209283 -23.5913696711536 5.47480157876907 12.9766038094385 -8.09947489150682 26.4992362229823 3.65059244903023 6.86188961104199 -0.7674669942528 4.35153328841625 -24.2538550538884 0.811197050992632
"30" 4.00073742006794 23.3822860254604 -25.1404651176781 0.991694112701225 -7.492404639509 -23.4290779626217 5.40736063476606 12.740730729769 -8.62299642072168 25.9634144841675 4.17695854950853 7.84494066328625 -0.421574681068023 4.92396365806871 -26.4645565140308 1.19585237361025
"31" 4.51039033752954 24.4238012449186 -25.1791854066651 0.729253523386433 -7.83406714324406 -23.2098480436048 5.33495396816079 12.600692370941 -9.00098427001649 25.4486874772338 4.61078864754199 8.5527272305626 -0.227213614870379 5.00883990729108 -28.1091062549094 1.51136301120277
"32" 4.88724185507795 25.4351245342696 -25.1673546119928 0.475203237532696 -7.99874729934663 -22.9281659952344 5.25620146613755 12.5539335150843 -9.23067092113234 24.9554156980412 4.93931555127529 8.96893525030464 -0.178136167741343 4.6090664081903 -29.1374867644772 1.74721720954403
"33" 5.13648478209211 26.3676089407854 -25.0855253899699 0.230225659313874 -7.98915189151217 -22.5774198849713 5.16883437679599 12.5893350488186 -9.31349037383615 24.4777973228429 5.15420454121158 9.09125482982199 -0.261312997524954 3.75279552872234 -29.5264935983068 1.8974521207565
"34" 5.26678360842993 27.1703658949282 -24.9123210389771 -0.00490324759084615 -7.81456395001715 -22.1499681026339 5.06991366783677 12.6876349683371 -9.25501382562794 24.0037913149254 5.25189393821347 8.93144562355883 -0.457512751745753 2.49310242295451 -29.280905857544 1.96097040336463
"35" 5.2896477276006 27.7924970021522 -24.6259339401931 -0.228955360882537 -7.49051960839415 -21.6374142816726 4.95609876573508 12.8224318610428 -9.06471183685591 23.515592369954 5.23368271788422 8.51459721373976 -0.742250747825608 0.906018885630147 -28.4330990956732 1.9415567665128
"36" 5.21872502713268 28.1855475054763 -24.2057133921317 -0.440009705667762 -7.03811514986933 -21.0310878801874 4.82394841329142 12.9617331454665 -8.75554539395239 22.9906587166452 5.10555539160669 7.87760484547471 -1.08706643780835 -0.913045561742365 -27.0410763618129 1.84758407354821
"37" 5.06905361415988 28.3060532297914 -23.6337410633532 -0.635355354403146 -6.48297019372762 -20.32270729642 4.67023353009017 13.0699688019758 -8.34339843499174 22.4032453883447 4.87775134116691 7.06693373830058 -1.4610660790986 -2.85434324849484 -25.1849995339799 1.69142051023664
"38" 4.8563089792076 28.1180360446288 -22.8962930643684 -0.811547625300591 -5.85389941045992 -19.5051814972612 4.49224138379941 13.1103529591892 -7.84637477350827 21.7263489726738 4.56410317138034 6.13579633923655 -1.83264663210451 -4.80001635338613 -22.9624100374276 1.48857155241421
"39" 4.59608159478898 27.5952951974759 -21.9850947612395 -0.964610548751807 -5.1813690454876 -18.5734884756757 4.28805108264214 13.047443653868 -7.28399211338672 20.9339291076376 4.18118506261362 5.14091215883673 -2.17130112938287 -6.63113496021106 -20.4824268772354 1.25661130715162
"40" 4.30321604802339 26.7233441338412 -20.8982871928365 -1.09036274233949 -4.49583370287723 -17.5255560644264 4.05676228540005 12.8497282348708 -6.67631412920809 20.0032408155748 3.7473261633022 4.13905529945623 -2.44939598411315 -8.23508435328495 -17.8592920146839 1.01397538880701
"41" 3.99123769292214 25.5008548254282 -19.6410413051235 -1.1848304274572 -3.82606145713544 -16.3630639659477 3.7986619447247 12.4920506082526 -6.04306755668733 18.9170931599783 3.28155446300389 3.18361694127088 -2.64380795234445 -9.51279020068705 -15.2056906614598 0.778700170485536
"42" 3.67188684585631 23.9404936091705 -18.2257768969066 -1.24470165720049 -3.19756005596514 -15.0920860182887 3.5153176428289 11.9576984251798 -5.40279418325588 17.6658456630857 2.8025422763094 2.3214162538643 -2.73731328483683 -10.385257540177 -12.6263008974274 0.567199714976596
"43" 3.35477409800183 22.0690629026922 -16.6719657767098 -1.26777086788206 -2.63121295910537 -13.7234988872951 3.20959039998934 11.2399840358048 -4.77208704532211 16.2489653269577 2.32762474014635 1.58998198306654 -2.71963405184374 -10.7989276588587 -10.2120192281218 0.393171061383327
"44" 3.04716378476132 19.9269001177672 -15.005521754525 -1.25332311810416 -2.14222124659068 -12.2730971267538 2.88556447659357 10.3431821609611 -4.16495582083758 14.6759935235987 1.87195732492273 1.01549822482048 -2.58806609804628 -10.729425726825 -8.03526525849884 0.266710555646569
"45" 2.75388630846669 17.56652643298 -13.2578024070499 -1.20241284529038 -1.73942671727559 -10.7613739314484 2.54839638495423 9.28272820229904 -3.59235843284944 12.9668117841438 1.44786753298831 0.611563104524976 -2.34763855045958 -10.1833775895648 -6.14669167346437 0.193708909500856
"46" 2.47737417373537 15.0505813135005 -11.4642679290046 -1.11800210798174 -1.42506427419539 -9.21295049881292 2.20408983523066 8.08463134622252 -3.06192473157648 11.1511457876795 1.06444044336058 0.378851074929116 -2.01078459361224 -9.19810938870887 -4.57352033005736 0.175571690313518
"47" 2.21781145193086 12.4491211715031 -9.66285990414326 -1.00493710439332 -1.19496000140271 -7.65566294879773 1.85920744058376 6.78411261042856 -2.5778845739427 9.26730384669463 0.727358772301159 0.30570256075589 -1.59653539034178 -7.83919868014345 -3.31959947264841 0.209286539291497
"48" 1.97338211580768 9.83639979762665 -7.89217688698955 -0.869757846987341 -1.03915775769474 -6.11934222866967 1.52053352580697 5.42353559926778 -2.1411977224036 7.36020544405983 0.43899722097558 0.369593909214018 -1.12928127990909 -6.19600840070871 -2.36714101052348 0.287830614077393
"49" 1.74059938902747 7.28728181351835 -6.1895339128987 -0.720352615564479 -0.942924391972156 -4.63434732040969 1.19470518185472 4.04975254662531 -1.74986802095998 5.47881217950089 0.198749878107265 0.539371748833219 -0.637174380247018 -4.37549226168539 -1.67996191864222 0.400883956404869
"50" 1.51469597769437 4.8734663959749 -4.5889993306464 -0.565484474132973 -0.888054603987712 -3.22993341789061 0.887830692792704 2.71103580556337 -1.39941058198031 3.6731231751437 0.00355020022198005 0.778074784640921 -0.150272225836034 -2.49469877450883 -1.20793186225637 0.53578900868888
"51" 1.29005381025877 2.65971535729295 -3.11950477676692 -0.414230083533766 -0.854373577114075 -1.93255286038493 0.605115581417067 1.45380133612889 -1.08342951823863 1.990935408523 -0.151472631690922 1.04611808509799 0.301458918588082 -0.672509160142909 -0.892231101810466 0.678675700735766
"52" 1.06065168663281 0.700286287750714 -1.80312286866865 -0.275379938659171 -0.821320791486187 -0.764196182692558 0.350516753736883 0.319352760256152 -0.794256194847321 0.47459328153036 -0.272267910127994 1.30458442252711 0.690151413928447 0.978787816184195 -0.670957679918502 0.815657272934914
"53" 0.8205099380516 -0.96423258510913 -0.653602575141122 -0.156853016000241 -0.769493260290119 0.259117155334025 0.126444583126158 -0.659119938482036 -0.523594802914204 -0.842041177626015 -0.365139777825789 1.51835720130475 0.991922565915104 2.36145999080782 -0.484597154914809 0.933995672327001
"54" 0.564112744809336 -2.30950380439754 0.32475550421259 -0.0651772279052238 -0.682031326816514 1.12859426093655 -0.0664687069852334 -1.45906481124439 -0.263123691771966 -1.9361765959593 -0.436095559654859 1.65884122470743 1.1885153699551 3.39923919483772 -0.280884633430105 1.02313761238474
"55" 0.286791001108213 -3.32928092307156 1.13781232158362 -0.00508013657236006 -0.545744745156753 1.84357925933864 -0.229518282341814 -2.07042180435565 -0.0050072398487373 -2.79804564094593 -0.490327546133813 1.70605038237409 1.26858511373945 4.0426523530441 -0.0186466270752135 1.0755331638502
"56" -0.0149485967856435 -4.03638352141388 1.80183369540464 0.0207772204194043 -0.3518998226034 2.41204683186925 -0.365980497253076 -2.49665599879881 0.257716441825778 -3.43207265809633 -0.531875718395895 1.64989282446913 1.228546909503 4.27237516016339 0.329695358988829 1.08716719291988
"57" -0.343159409534337 -4.46272355976544 2.34322131438967 0.0119056176772574 -0.0966179275851573 2.85063160219215 -0.48106188267775 -2.75487551835613 0.530892975946585 -3.85715903366327 -0.563500430808745 1.4905502529291 1.07292883155441 4.10035848768985 0.777154747498571 1.0577584458515
"58" -0.698263514964538 -4.65834554419598 2.7977073841339 -0.0300687245980953 0.219130941977255 3.18417431099033 -0.581738237023274 -2.87500255718078 0.819159780292921 -4.10605166803452 -0.586772819760881 1.23792303947266 0.814208713049368 3.56864957022026 1.32279805805592 0.990609633299755
"59" -1.07893770866849 -4.68949202522708 3.20900965352666 -0.101605806547013 0.589921490276993 3.44479550703272 -0.676483519136127 -2.89803224294337 1.12599424635789 -4.2238246393581 -0.602368650245808 0.910190821159631 0.472147344940936 2.74600847762849 1.95386043423059 0.892121845827205
"60" -1.48207826217481 -4.6357557814099 3.62696654294814 -0.197567046830954 1.00660308487613 3.67053681351172 -0.77489341654973 -2.87347850293918 1.45387692228553 -4.26556653712032 -0.610530511401521 0.531612322956789 0.0726642584342585 1.72259062766898 2.64913000592787 0.771015567850554
"61" -1.90284305840851 -4.58642825499192 4.10519690613728 -0.311600281696883 1.45728877648617 3.90363670365105 -0.887213879295814 -2.85616395457509 1.8045327347686 -4.29342122255093 -0.611645678445711 0.12975222672685 -0.353667965652733 0.603114130058202 3.3832553434695 0.637325851304922
"62" -2.33476732852341 -4.63619804472364 4.69835499189867 -0.436543695857836 1.92850582672281 4.1885303098129 -1.02379039525295 -2.90255787301794 2.17920545538357 -4.37317365657145 -0.606874238441378 -0.267628507746849 -0.773410947051616 -0.500955612662437 4.13154407799448 0.501258729782421
"63" -2.76994729335479 -4.88039129442586 5.45907753200845 -0.56479646050866 2.40639924162701 4.5696796171942 -1.19445911969069 -3.06689911486319 2.57891767298725 -4.57060167018153 -0.598755436145439 -0.635753406066215 -1.15221284940725 -1.47960149614119 4.87477336477605 0.37200807678164
"64" -3.19928450710267 -5.40997564952522 6.43474537660586 -0.688608629359805 2.87787875420781 5.08935038258414 -1.40790590819734 -3.39735724502862 3.00467085129048 -4.94782704315367 -0.591720292390164 -0.955809712075279 -1.45680123734041 -2.23220682266128 5.60352857559337 0.256635820405791
"65" -3.61278258125321 -6.30656938974971 7.66420521260989 -0.800253499037353 3.33160849182173 5.78545471596226 -1.67102354725967 -3.93248403109465 3.45754746636374 -5.55989436097207 -0.592445391708679 -1.217468685325 -1.65689251851956 -2.67466925613735 6.32162568053172 0.159113539441023
"66" -3.99988709124159 -7.63770610047322 9.17461590375206 -0.892061248614482 3.75875626782795 6.68957343916554 -1.98830071982002 -4.69818926699918 3.93868905955674 -6.4517845737073 -0.609995742252977 -1.420725727221 -1.72690314417554 -2.74515807487205 7.0482517127748 0.0796104903274681
"67" -4.3498587425031 -9.45260196607524 10.9785969934856 -0.95631178055919 4.15344429129755 7.82526058485746 -2.3612781632678 -5.70544113285177 4.44913916066821 -7.65603408642619 -0.655722613023499 -1.57689300780476 -1.64736430274542 -2.40811237494017 7.81856933257222 0.0140932462236378
"68" -4.65216914858775 -11.7786571374127 13.0718620298303 -0.98500536379288 4.51287269930936 9.20671469397712 -2.78810776899127 -6.94884463953167 4.98955693314218 -9.19108280936416 -0.742903647919775 -1.70864432350209 -1.40596436369327 -1.65622386024734 8.68266584175581 -0.0457228426239453
"69" -4.8969077906936 -14.6188948636391 15.4315148857531 -0.969549727458798 4.83711890362679 10.8378792688554 -3.26324877073603 -8.40619562829852 5.55982436498505 -11.0604199684785 -0.886135447126435 -1.84908648231067 -0.998169942839752 -0.51031102143952 9.70287217645819 -0.112058113067178
"70" -5.07518782362718 -17.9505029900192 18.0151717959816 -0.900419368594157 5.12864634576636 12.7120094815818 -3.77733147959589 -10.0390463430613 6.15858512288594 -13.2525391990785 -1.10051117614785 -2.03990748462093 -0.427405050479081 0.982841977129283 10.9496206930271 -0.200405298208352
"71" -5.17953742895679 -21.7245933914928 20.7610446001981 -0.766854949593835 5.39158309960612 14.8117158155924 -4.31721315205914 -11.7942559252824 6.78276516860217 -15.7416591798301 -1.40063567471407 -2.32872308953665 0.295203771996739 2.75445229180423 12.4961396563594 -0.328561722242739
"72" -5.20426246788952 -25.8672378681822 23.5890815796611 -0.556675922114664 5.63085142070258 17.1094695171428 -4.86624255909828 -13.6064394856658 7.42713257326955 -18.4891171429881 -1.79954629174063 -2.76580453634961 1.15148213017295 4.71914873275182 14.41238633592 -0.515423368779011
"73" -5.14576545359864 -30.2817764255142 26.4032120763895 -0.256276821350184 5.8512420232114 19.5685312341743 -5.40473984312894 -15.4011762963783 8.08395573354574 -21.4453037093599 -2.30761795778199 -3.40041672691586 2.11720564489718 6.78136306194574 16.7586909885067 -0.779624919552589
"74" -5.00280553892821 -34.8523285785104 29.0946815276966 0.149133483726473 6.05653053817628 22.1442444314989 -5.91068665800276 -17.0987942087304 8.74281498275434 -24.5519813155925 -2.93153501416782 -4.27702495381527 3.16336712754668 8.84218049504398 19.5796153374395 -1.13812091914588
"75" -4.77668455126422 -39.4483735614194 31.5463973163751 0.675009568982205 6.24872807215183 24.7856201743834 -6.36060889890587 -18.618515872322 9.39061255867801 -27.7448165588339 -3.67340977790172 -5.43163760731113 4.25762793289971 10.806112342445 22.8985194106572 -1.60480707365787
"76" -4.47134530931271 -43.9302045158893 33.6381365796278 1.33665036512684 6.42754370142939 27.4371303171552 -6.73062122617648 -19.8827340194875 10.0118107449462 -30.9559592841979 -4.53011902797607 -6.88854223011003 5.36586343705264 12.58728222838 26.7132813096468 -2.1892773033469
"77" -4.09337069612343 -48.1550083045895 35.2523991666494 2.14810033896356 6.59011551580784 30.040622236083 -6.99758986850702 -20.8211784707364 10.5889089646751 -34.1165171595076 -5.49291534553913 -8.65766420600994 6.45371382797501 14.1145857788151 30.9935303908424 -2.89580215699971
"78" -3.65187529094044 -51.9832798869957 36.2806272269299 3.1208213178179 6.73104051547512 32.5372697663197 -7.14035876113439 -21.3747461847397 11.1031492759614 -37.1588016047008 -6.54735174614507 -10.7327340403281 7.48805817900063 15.3354849110674 35.6796429593378 -3.72259856993333
"79" -3.15828578072023 -55.2852511677393 36.629462525937 4.26221769883341 6.84270473166293 34.8694813114416 -7.14097486182527 -21.4987865493094 11.5354179958605 -40.0182561586835 -7.67353681790928 -13.0903942771693 8.4383411408464 16.2182222925503 40.6836203678831 -4.66144113783957
"80" -2.6260116599525 -57.9470013448099 36.2266784563089 5.57412595918504 6.91588603998707 36.982696232566 -6.98584239095999 -21.1656654871013 11.8672910108486 -42.6350179336932 -8.84671529646721 -15.6903149339196 9.2776963210803 16.7523779356943 45.8918329620356 -5.69764269978623
"81" -2.07001365942358 -59.8759207589283 35.0264101743705 7.05140022261912 6.94057589420663 38.8270133943456 -6.66673355437888 -20.366471802673 12.0821536616564 -44.9551026877871 -10.0381473459329 -18.4763214636041 9.98382716044429 16.9478264337622 51.1694803704522 -6.81040872185258
"82" -1.506283490079 -61.0052239057623 33.0133166415844 8.68073635105611 6.90694496826882 40.358609863501 -6.18158563070483 -19.1117751907868 12.1663145190303 -46.9312403519716 -11.2162403293755 -21.3784760761337 10.5396235362203 16.8322786759918 56.3664992252525 -7.97354739625007
"83" -0.951254425706566 -61.2972493800262 30.2053444679805 10.4398756255578 6.80636332195058 41.5409219157832 -5.53502148234907 -17.4313950883443 12.1100272025092 -48.5234170955773 -12.3478708566645 -24.3159957889147 10.9335091306272 16.4476959754957 61.3245520496857 -9.15649684454547
"84" -0.421167483677436 -60.7453437201566 26.6548254680638 12.2973144555181 6.63237946405047 42.3455735618409 -4.73854260214898 -15.373190678416 11.9083363221347 -49.6991995447925 -13.3998233703946 -27.2008420837519 11.1595297353194 15.8459396195904 65.8846621691409 -10.3256135130359
"85" 0.0685779463443623 -59.374199876509 22.4477258747283 14.2126188098591 6.38156508121665 42.7530488192165 -3.81036038539014 -13.0009325423434 11.5616727964047 -50.4339249397317 -14.3402650728226 -29.9417800495721 11.2172052981925 15.0840598554969 69.895022997589 -11.4456524779671
"86" 0.504057629218437 -57.2386056875876 17.7009713123034 16.1374024779398 6.05414301831627 42.7531123066137 -2.77485169108331 -10.3913635451163 11.0761397053799 -50.7108373296169 -15.1401758063444 -32.4486808962829 11.1111780946185 14.2196332624817 73.2185071912791 -12.4813614124141
"87" 0.628502385278125 -56.4166887015472 16.1100172034667 16.7393927737139 5.93522618665349 42.6679596314757 -2.42969690363998 -9.53040964780757 10.8954339340125 -50.7015047676859 -15.3597477277658 -33.1788894821511 11.044951104023 13.9337616929697 74.1072500833689 -12.7858530447993
"88" 0.974872330981498 -53.4038830358386 10.8748739814455 18.5925743697044 5.51405739591257 42.1321110392601 -1.2987742813043 -6.74072263989274 10.2458256278188 -50.3638864569375 -15.9375462263451 -35.2500334758515 10.7382065693337 13.0153952012461 76.3545266059882 -13.659764896438
"89" 1.24347908801803 -49.8511339037486 5.46156231222812 20.3228840681222 5.03215233208005 41.2013596450374 -0.135033094898517 -3.92056292162943 9.49228102561631 -49.5609242680694 -16.3252673453703 -36.9060053260037 10.2951078018749 12.1078460391382 77.6889646061354 -14.3765406481398
"90" 1.42899527264206 -45.8856779635462 0.0481907188122932 21.87067757564 4.50253442088547 39.8962845991368 1.02495759492263 -1.16167698905338 8.65732767092305 -48.3034471810211 -16.5114144161066 -38.0895437626168 9.73297667299656 11.2446600848671 78.0637231984292 -14.9121021501487
"91" 1.52938744971129 -41.644103024064 -5.18621899520713 23.1793421394032 3.94106638148787 38.2459466319606 2.14442357567782 1.44897396242413 7.76647180419252 -46.6112072221972 -16.4912886525735 -38.7603234519484 9.07136758999937 10.4480739137562 77.466220531951 -15.2485816275002
"92" 1.5459928879103 -37.2654862875097 -10.0709560002788 24.198667417757 3.36548527116042 36.2871607036309 3.18821139932493 3.83329238977149 6.84684707079975 -44.5131549588264 -16.2671490203966 -38.8968967142719 8.33129884947229 9.72910403542664 75.9183754166515 -15.3752014204802
"93" 1.48344086952613 -32.884542528258 -14.4525992279396 24.8880860689533 2.79426306740606 34.0635820755574 4.12456967653657 5.92563496876392 5.92574848035559 -42.0475937244237 -15.848050439447 -38.4977096532966 7.53451340832609 9.08865275240532 73.4751286685969 -15.2888274971629
"94" 1.34942066044766 -28.6251928497422 -18.2031634425148 25.2195376894015 2.24538556738571 31.6246122349457 4.9267719782938 7.67571697053882 5.02915470722849 -39.2621110856376 -15.2493748499173 -37.5811446599255 6.70278997036985 8.51943697462593 70.2213804023158 -14.9941670136468
"95" 1.15430648192728 -24.5949422853573 -21.2268550547515 25.1797197527194 1.73515091351328 29.0241329634491 5.57447301773504 9.05066648698266 4.18034462634643 -36.2131835462174 -14.4920848065231 -36.1845914007426 5.85731912953602 8.00848268030677 66.2675636715685 -14.503596393246
"96" 0.910657496467479 -20.8804052731484 -23.464952457407 24.7715193549957 1.27708883964715 26.3190812582184 6.05470340127113 10.0361094598738 3.39870827846676 -32.9653612677948 -13.6017421444149 -34.3625976795011 5.01815379028909 7.53989087452464 61.7441407376791 -13.8366233284178
"97" 0.63261749370929 -17.5442443672036 -24.8984376698036 24.0144685701343 0.881092668790188 23.5678848643101 6.36242949624693 10.6362200469193 2.69883854641421 -29.5899636256599 -12.6073443735772 -32.1841977473086 4.20373852231444 7.09757318749143 56.7953530171108 -13.0190033191175
"98" 0.335244257036379 -14.6236938115508 -25.548151425156 22.9441312271592 0.55283885176209 20.8287875162737 6.50063267826977 10.8727304148306 2.08996869800205 -26.1632522366231 -11.5400384872391 -29.729556685852 3.43051909178632 6.66767625371722 51.572578267158 -12.0815482642793
"99" 0.033802230163019 -12.1307319371153 -25.4724129816232 21.6104054103853 0.293544786766006 18.1581039148778 6.47989459301607 10.7829563316091 1.57579426656514 -22.7640929513941 -10.4317756728997 -27.0861035489943 2.71263117354633 6.24046076862487 46.2276491715274 -11.058680584305
"100" -0.25694608807953 -10.0538522150891 -24.762226846623 20.074808233454 0.100086836209471 15.608455945935 6.31750980893094 10.4169561579765 1.15468762623601 -19.4711683483815 -9.3139710183541 -24.3443514568498 2.06166606506349 5.81146839378016 40.9064679592884 -9.98680063910433
"101" -0.523414679103212 -8.36127053971904 -23.5343775224455 18.4068908907684 -0.0345306927861202 13.2270524110618 6.03618172317942 9.83399694332365 0.82028254604586 -16.3598528723378 -8.21622987102046 -21.5936185419851 1.48651092700723 5.38189049797438 35.7432148778898 -8.90254698388162
"102" -0.753801067500717 -7.00530445275035 -21.9228759483794 16.6800057752625 -0.120395579254591 11.0540832031761 5.66238906099761 9.0985482495571 0.562376582919285 -13.4989089405535 -7.1651973158082 -18.9178686599043 0.99326133909878 4.95813900911162 30.8553979348617 -7.84103744101594
"103" -0.938596171375934 -5.92757660006646 -20.0693538298046 14.9667070319847 -0.169664296447081 9.12130408448093 5.22453614269921 8.27605834619953 0.368073857867387 -10.9471992348645 -6.18357965325595 -16.3918846666784 0.585204503932886 4.55070306252765 26.339931452334 -6.83418325890671
"104" -1.07097236757636 -5.06463661042653 -18.1130925821226 13.3341056576828 -0.195384693266078 7.45088883255403 4.75101797488151 7.42878543579445 0.223071756245986 -8.75063368472183 -5.2893772187208 -14.0779698959814 0.262871911066185 4.17244769366607 22.2703659383551 -5.90916805490269
"105" -1.14703157293741 -4.35356788874924 -16.1814132735381 11.8395159405409 -0.210268465297531 6.05462067913504 4.26833941941163 6.61195651476191 0.112984037615206 -6.93957607002721 -4.49535687349135 -12.0233458233415 0.0241604264558077 3.83656579960825 18.6953257265341 -5.0871773919207
"106" -1.16590241430117 -3.73715129405355 -14.3811377160546 10.5267193765249 -0.225522233432457 4.93348427380215 3.79942521032831 5.87050747538433 0.02459074533067 -5.52692284752629 -3.80878053285414 -10.2583769667981 -0.135479626719018 3.55442701977427 15.6381474981972 -4.38245352293598
"107" -1.12968331693764 -3.16819648698765 -12.7917582293157 9.42313503404148 -0.249841465226154 4.07770297688648 3.36224429453455 5.23662068706381 -0.0530875910471309 -4.50703547516696 -3.23139371353864 -8.79570956672251 -0.222791898483706 3.33357430189244 13.0976553637811 -3.80173331277911
"108" -1.04323623232733 -2.61272130349062 -11.4608288719828 8.53812385186393 -0.288657468805241 3.46724479951763 2.96884865140896 4.72822253429786 -0.127978213617496 -3.85565867474543 -2.7596658217717 -7.63036072919203 -0.24640121320968 3.17610045818765 11.049959081327 -3.34410629112972
"109" -0.913843325217044 -2.05175465309549 -10.401922966962 7.86257280648715 -0.34370542024908 3.07279497603122 2.6248950699096 4.34853673678936 -0.204470509970861 -3.53089391609228 -2.3852622976674 -6.74074221853516 -0.216447176950652 3.07759518523562 9.4511229227428 -3.00130526948487
"110" -0.75074589286703 -1.4816517360523 -9.59530335042837 7.3698095087384 -0.4129527914954 2.85716563265487 2.3296807569011 4.08671426498586 -0.283291649240198 -3.47522455129274 -2.09571828697335 -6.09055085008731 -0.144173620586884 3.02679221943163 8.24052457544894 -2.75841549431789
"111" -0.564590742599989 -0.912932743125566 -8.99123874971701 7.01779610871745 -0.490895130694526 2.77708531586677 2.0766831288081 3.91948285560738 -0.361747157413959 -3.61851221294637 -1.87527469634097 -5.63140861509601 -0.0414862850623479 3.00597276458757 7.34470650372532 -2.59496163501171
"112" -0.366813898880082 -0.367777654140809 -8.51568947688975 6.75245173094663 -0.569192871205587 2.78528543268885 1.8545540313396 3.81368441845461 -0.434298374809885 -3.88180965955416 -1.70583070319617 -5.3060932377557 0.0795060176254765 2.99210246922576 6.68151596085227 -2.4863069957355
"113" -0.168994642794814 0.123579770384822 -8.07789580496501 6.51186337341642 -0.637591694741332 2.83277908349919 1.64848230728285 3.72950290805693 -0.493419484883248 -4.1817695796326 -1.56796236341097 -5.05216660685255 0.206949170403931 2.95860288157292 6.16433345679252 -2.40527809920604
"114" 0.0177857003565123 0.527225433757849 -7.57924913154966 6.2310738756496 -0.685042849035426 2.87121227521811 1.44180919135806 3.62413387326615 -0.530652584795632 -4.43537782517888 -1.44195510299278 -4.80578668270027 0.329681283126973 2.87759206132432 5.70620164331922 -2.32391198468395
"115" 0.18354615011458 0.810309954609693 -6.92272262059123 5.84708845947171 -0.700921107508975 2.85515961734654 1.21776100905663 3.4556141609246 -0.537762180642574 -4.56470789561354 -1.30879869784621 -4.5054796461045 0.43763032262558 2.72237936437341 5.22368580756302 -2.21521461769589
"116" 0.319937681277338 0.945740114575528 -6.02209357356969 5.30372263690879 -0.676228533177664 2.74423729632554 0.96115485418045 3.18651904699709 -0.507882030970279 -4.50138446670098 -1.15109679934403 -4.09565401036525 0.522152940857808 2.46997120357173 4.640321839026 -2.05481761766714
"117" 0.4206758824904 0.916397666729608 -4.81020847394393 4.55592585361956 -0.604672763425469 2.50491569862788 0.65993612633406 2.78724550716106 -0.436548156318736 -4.19045871094841 -0.953848977837424 -3.52965700480854 0.576297712220992 2.10334054622308 3.88953605183633 -1.8224274131353
"118" 0.481851755670164 0.718507597139251 -3.24562211851571 3.57325627061073 -0.483519150420534 2.11193207563201 0.306421778875347 2.23863371541302 -0.322521981738362 -3.59343637990605 -0.705071313592271 -2.77220467485313 0.594979452133146 1.61323334488134 2.91695207578596 -1.50297557478189
"119" 0.502104252068079 0.363850431343963 -1.31707784448827 2.34224931010613 -0.314135831466501 1.54922898732639 -0.101851404240961 1.53373160817682 -0.168326074540403 -2.69025843094914 -0.396231319077287 -1.80105885041121 0.575055936480879 0.999327980217458 1.68203176534735 -1.0874004776706
"120" 0.482645544561365 -0.119389254943599 0.954524972167746 0.867510389503877 -0.102177866416923 0.810375140085853 -0.561740420927663 0.678575267763335 0.0195598796793774 -1.48010884124324 -0.0224838740082305 -0.6078736592317 0.515303924333466 0.270624825593586 0.159028483329166 -0.573017008195166
"121" 0.427137991737482 -0.687231738402261 3.51682251475268 -0.828536696833908 0.142611486382521 -0.101540616488819 -1.06459933139649 -0.308064552658834 0.230865574470386 0.0189907674348433 0.417293740285913 0.801811761368299 0.416297543189899 -0.554983748460472 -1.66273890122829 0.0365392570383847
"122" 0.341429849428437 -1.28194099715438 6.28926559000956 -2.70720855772379 0.40697037367454 -1.17451653900616 -1.59685886123134 -1.39593850449182 0.452050280514698 1.77175183448071 0.920658378714052 2.40940294812026 0.280198400040945 -1.45193440534786 -3.77925530642096 0.731776445638388
"123" 0.23316464236018 -1.8353483686351 9.16870453623505 -4.71628930554652 0.675014023732501 -2.38868806150458 -2.14102941746683 -2.54546843297885 0.667137384906255 3.7282227183041 1.48192941184243 4.18481905505178 0.110472742734515 -2.3889007632215 -6.17276151060651 1.49817347433418
"124" 0.111286309001571 -2.27321147781549 12.0368141049057 -6.79369808815318 0.929382880260164 -3.71773398652294 -2.67703998804609 -3.71061390493378 0.858796886055814 5.8272199810408 2.09266027673038 6.0886727727775 -0.0884438328651243 -3.33121832830966 -8.81320775943459 2.31729888916016
"125" -0.0145315732933113 -2.52027628902579 14.7687491892511 -8.87179989899232 1.15254732810308 -5.13053056245872 -3.18379862515826 -4.84222545961256 1.00958826850183 8.000324520297 2.74221759055763 8.07489746567444 -0.31150971223056 -4.24360698089731 -11.6601112828066 3.16813130618539
"126" -0.134499338934916 -2.50565583279422 17.2423315437518 -10.8820185042714 1.32815937201735 -6.59293208833606 -3.640843480679 -5.89162069782833 1.10326258700786 10.176144306869 3.41842768754623 10.0936343430076 -0.55344187586573 -5.09294280116501 -14.6647085170189 4.02847937759361
"127" -0.239331200541301 -2.16811705947839 19.3470361642676 -12.7593947819878 1.44233744300072 -8.06955293325109 -4.02994792910977 -6.81410705988947 1.12601764329833 12.2845336716091 4.10824856590125 12.0941825395566 -0.809054549110073 -5.8508256960049 -17.7722863896852 4.87639541641693
"128" -0.320833904398569 -1.46087842185989 20.9920752498683 -14.4467473140103 1.48477617117214 -9.52543167959993 -4.33654943111333 -7.57218511681549 1.06760409977403 14.2604717446411 4.79842608479203 14.0278190075041 -1.07354609875281 -6.49570774784388 -20.9245759175465 5.69148127958761
"129" -0.372426980914497 -0.355563332370366 22.112963798465 -15.8981329257695 1.44958781837568 -10.9274729100844 -4.55088868599751 -8.13819706020058 0.922192760126848 16.0473383308899 5.47609671785676 15.8503124541312 -1.34271175757928 -7.01438751091518 -24.0620956290004 6.45599732353003
"130" -0.389560184187076 1.15497590786435 22.6760852166826 -17.081368884883 1.33580467642946 -12.2455846456505 -4.66877159603655 -8.49623379828881 0.688932814974237 17.5993808552748 6.12930495635874 17.5239846602635 -1.61306487840605 -7.40273366793917 -27.1263417672162 7.15570396263502
"131" -0.369998459067006 3.05515939346333 22.6809452178786 -17.9794596695137 1.1475000254909 -13.4534576729784 -4.69189916559662 -8.64317613695948 0.372155801840734 18.8832360812758 6.74741111069579 19.0192108690244 -1.88185596183581 -7.66557193231347 -30.0617364394639 7.78038894332713
"132" -0.313951443024735 5.30659992709298 22.1599924226866 -18.5908623559626 0.893516655376061 -14.5289645953876 -4.62774672076966 -8.58881543870848 -0.0187918356995169 19.878449025211 7.32137420908748 20.3152954817633 -2.14698626768069 -7.81574516478031 -32.817263188299 8.32405977888266
"133" -0.224032897165671 7.84943095908602 21.1760779059441 -18.9286178919428 0.586823792403493 -15.454188787151 -4.48901057031298 -8.3550709030078 -0.470075810981655 20.5770122335434 7.84390427521612 21.4007065012411 -2.40682090276553 -7.87243134513938 -35.347740917503 8.78480769510497
"134" -0.105045242563733 10.6049308789152 19.8178071562525 -19.0184630870754 0.243552839946688 -16.2151238745555 -4.29267430768687 -7.97438823085213 -0.964221595519632 20.9820247106627 8.30948778892161 22.2726984301116 -2.65991434463805 -7.85887047674078 -37.6147105449927 9.16437467630021
"135" 0.0364048783077351 13.4792456402338 18.1931919750659 -18.8961130866264 -0.118212725984904 -16.8011104822963 -4.05877559787905 -7.48746255757396 -1.48121991979394 21.1056352652176 8.71429891727212 22.9363952220883 -2.90466887630862 -7.79970386972127 -39.5869328042609 9.46747683215654
"136" 0.192442920258145 16.3679443278052 16.4221251173476 -18.6039608073261 -0.479799572640786 -17.2040967160169 -3.80897530065386 -6.94047281311941 -1.99980944426687 20.9664848974289 9.05601653592657 23.4034394249175 -3.1389528606706 -7.71816307839708 -41.2405187913319 9.70095370628405
"137" 0.354586550836757 19.1610985027201 14.6282691760807 -18.1874744469387 -0.823354515634492 -17.4178207225486 -3.56504270437381 -6.38204213245444 -2.49884445547076 20.5868935824401 9.33357264284314 23.6903385407932 -3.35971070920306 -7.63335841784283 -42.5587356707838 9.87282322836109
"138" 0.514491359477915 21.7485579327567 12.9309699336227 -17.6915849063043 -1.13319578431265 -17.4370168685014 -3.34737288790802 -5.86014824131053 -2.95865126323957 19.9900466220242 9.54686114650076 23.8166534031334 -3.56259945183768 -7.55790780236657 -43.5315470072455 9.99132526048925
"139" 0.66473542842391 24.025102268828 11.4377741219214 -17.1573420099376 -1.39700503315589 -17.2567414978307 -3.17364505203841 -5.41919914931714 -3.3622800281056 19.1974246060117 9.69643700998677 23.8031755145203 -3.74168769705255 -7.49611690794973 -44.1549593186428 10.0640331519826
"140" 0.799589803293884 25.8951778730116 10.2380574004928 -16.6190839886876 -1.60677305131208 -16.8719004961404 -3.05771513143691 -5.09746478122361 -3.69656840789025 18.2266906506875 9.78323435532138 23.6702312041452 -3.88925132683107 -7.4428744590532 -44.4302528032567 10.097103040549
"141" 0.915718606852806 27.2769771242511 9.39815887750774 -16.1023125692009 -1.75943167162177 -16.2770402474634 -3.00881382777698 -4.92501747392635 -3.95294861861254 17.0902021323263 9.80832856541974 23.4362314416503 -3.99569644416499 -7.38336623978103 -44.3631743710284 10.094715909363
"142" 1.01275273578517 28.1056786474019 8.95828470444576 -15.6224013309475 -1.85712830041234 -15.4664378023763 -3.03109458684139 -4.92228753515337 -4.12794882469507 15.7942559475678 9.77276201116911 23.1165591871104 -4.04963394192663 -7.29364369060931 -43.9631651565651 10.0587490778125
"143" 1.09368512062588 28.3357349567814 8.93129749245236 -15.1841935147713 -1.90712581103503 -14.4344973342058 -3.12354741132685 -5.09928880351799 -4.22336158356154 14.3391114864116 9.67744626026297 22.7228537903429 -4.03812178356958 -7.14201352461532 -43.2426831722696 9.98869354245835
"144" 1.16504353990626 27.9421628551081 9.30336306813842 -14.7824732893168 -1.92133722902918 -13.1764305755746 -3.28026621307981 -5.45551788924604 -4.2460747210132 12.7197693532707 9.52314606783875 22.2627170143969 -3.9470809767277 -6.89114942298784 -42.2166657074631 9.88181310769869
"145" 1.23680886579155 26.9208560265633 10.0362930065494 -14.4032273522826 -1.9155298229723 -11.6891712622887 -3.49103192080656 -5.98048367184492 -4.20758188598808 10.9274216554031 9.3105427247674 21.7398306088871 -3.76187973577453 -6.50077072489694 -40.9021568874232 9.73352218532818
"146" 1.32206190821944 25.2879940643124 11.071310162899 -14.0255567338972 -1.90825516663404 -9.97244983166274 -3.74215264481745 -6.65478408380295 -4.12320978985429 8.95143603843462 9.04036706747502 21.1544436878612 -3.4680680236637 -5.93069022382406 -39.3181051892607 9.537942911149
"147" 1.43636000216452 23.0786644798009 12.3338822416881 -13.6240557030069 -1.91957916812134 -8.02993658882269 -4.01748721654712 -7.45161766936508 -4.01111564201773 6.78169438227815 8.71358619980401 20.5041617598763 -3.05223223460411 -5.1440065956067 -37.4853154897573 9.28858992163441
"148" 1.59686409056667 20.3448423778409 13.7392194555941 -13.1714483897267 -1.96969801312571 -5.87035066480121 -4.29957012619889 -8.3385991623054 -3.89112076206305 4.41108084268035 8.33162321494183 19.7849498348805 -2.50292803309628 -4.1102080243536 -35.4265221935784 8.97912346143858
"149" 1.82125698872005 17.1528862805608 15.1980176205616 -12.6412652225736 -2.0775319141128 -3.50842919794513 -4.57075442112637 -9.27974158534744 -3.78345433432139 1.8379041483895 7.8965862796681 18.9922506857256 -1.81163916238984 -2.80796221258606 -33.1665357732127 8.60410873114597
"150" 2.12069555677454 13.642705852084 16.5991264423083 -12.0217596742623 -2.25568870630104 -1.00923494373819 -4.81055737707538 -10.2216270682693 -3.70839063310734 -0.884396878612279 7.41993062375695 18.1372208408575 -0.988828707766118 -1.25592769992272 -30.7741137040721 8.16768341214629
"151" 2.5166918175189 9.81074963724132 17.8996567680097 -11.2805752009954 -2.52022017371246 1.66281813546311 -5.01105213291794 -11.1524795346759 -3.68047030539753 -3.8102205548621 6.89370301799545 17.1961037916626 -0.0145706607925149 0.580437149182217 -28.2171900552348 7.65760692438926
"152" 3.01833338870529 5.77778664244215 19.0160392538128 -10.4124788551126 -2.87752920344656 4.45049523796797 -5.15781704102164 -12.0291613042391 -3.71448129304588 -6.89051105029012 6.32722993988182 16.1766518059449 1.09904931565546 2.67162042580549 -25.5482218459947 7.07856671628542
"153" 3.63276070107349 1.63616120043844 19.8912113194237 -9.41489741353507 -3.33007676805119 7.3123923234034 -5.24187703874986 -12.8206614674982 -3.82046839092442 -10.0901791591705 5.7268383044493 15.0821267449792 2.3412996746016 4.98778866999783 -22.8004276042193 6.43435477046296
"154" 4.36182479641843 -2.5220105477656 20.4834566062018 -8.293578124958 -3.87475647947122 10.2013811404513 -5.25764451175564 -13.5005095230645 -4.00398449475176 -13.3641120212769 5.10001388901719 13.9192321657029 3.69567737901869 7.48648950438928 -20.0089184060416 5.73166418483015
"155" 5.20139932179848 -6.60737739033539 20.7674166166962 -7.06237514844543 -4.50289633516149 13.0658413298879 -5.20300518784416 -14.0475725352298 -4.26574107536169 -16.6582650929204 4.4552805588678 12.6981917683297 5.14003885265399 10.1142310131163 -17.2102123142249 4.9799670218199
"156" 6.1410275242564 -10.5356474002419 20.7340531917216 -5.74246421929638 -5.20059092273345 15.8512506921143 -5.07919297651642 -14.4465235412663 -4.60154145349208 -19.9114259980561 3.80200022197914 11.4325465938891 6.64704803384581 12.8087189835605 -14.4415610628857 4.19121112753055
"157" 7.16395021299945 -14.2296112025688 20.3896741266808 -4.36107203463325 -5.94934194296252 18.5020586836745 -4.89048136342444 -14.6879974022522 -5.00249770324859 -23.057547615399 3.15010340435538 10.1386954230256 8.18494088689377 15.5016130342756 -11.7401105000536 3.37935870353249
"158" 8.24753526826839 -17.6208741914179 19.7541836186201 -2.94983686156047 -6.7269662787055 20.9637459410192 -4.64372839158978 -14.7684650337305 -5.45551559454077 -26.0285080473132 2.50976576739868 8.83522085630102 9.71858412631019 18.1216330221532 -9.14193381701625 2.55979916322394
"159" 9.36410066539327 -20.6512823878438 18.8587515728923 -1.5429360436865 -7.5087148888465 23.1849565390744 -4.34781807305671 -14.6898673910173 -5.94401639522306 -28.7571256720248 1.8910501090495 7.54205729890964 11.210784163044 20.5978290875009 -6.68099101015832 1.74867588892812
"160" 10.4820933931396 -23.2740283347102 17.7431107447701 -0.175123703458667 -8.26853347768258 25.1195810948043 -4.01304324638886 -14.4590568321273 -6.44885051869062 -31.1802402201311 1.30353609087433 6.27956574874406 12.6237821895152 22.8628230340382 -4.38807800603172 0.962170636630617
"161" 11.5675585693854 -25.4544237253667 16.4526893553821 1.12018171852833 -8.98038800177051 26.7286684986202 -3.650473692388 -14.0870959731255 -6.94934672861683 -33.2416667800621 0.755960921626411 5.06758356919454 13.9208546681152 24.855835342054 -2.28983348501788 0.2157903839543
"162" 12.5858090302643 -27.1703260137911 15.0357713640678 2.3126342398009 -9.61957511321555 27.9820522219161 -3.27134922627897 -13.5884635012271 -7.4244327342696 -34.8948389908087 0.255893456600916 3.92451541894116 15.0679269828821 26.5253301965458 -0.407870235536393 -0.476300523281679
"163" 13.5031880186522 -28.412208554153 13.5408499970854 3.37641763806823 -10.1639398676366 28.8595933676861 -2.8865311510508 -12.9802133224921 -7.85375910551949 -36.1049796181619 -0.190538270843263 2.86652470422268 16.0351029285959 27.8311389622459 1.2419090542935 -1.10186472337227
"164" 14.2888081331032 -29.1828689745125 12.0143058225931 4.29134743814211 -10.594930303731 29.3519658656951 -2.5060376181907 -12.2811286075394 -8.21875893446384 -36.8506695707852 -0.578849954890302 1.90687415571301 16.7980149055404 28.7459585003726 2.64976364994072 -1.65106141817523
"165" 14.9161495705187 -29.4967790456358 10.4985021703433 5.0435729162291 -10.8984303745333 29.4609378186465 -2.13867985851016 -11.5109063945138 -8.50358067230673 -37.1247276916524 -0.906323223269737 1.05545050579531 17.3389093127095 29.2561620285355 3.81230233697352 -2.11677855972084
"166" 15.3644101444044 -29.3790911557162 9.03035133885078 5.62586616470435 -11.065328350278 29.1991349172963 -1.79180762710212 -10.6894019494566 -8.6958408308235 -36.9343602900703 -1.17204168389117 0.31849299948226 17.6473981843314 29.361904076894 4.73239326987095 -2.49481472931802
"167" 15.6195179307784 -28.8643308926048 7.64036775288787 6.03751501068473 -11.0917960949951 28.5893046464103 -1.4711641770034 -9.83595549178062 -8.78715617103595 -36.3005878289332 -1.37684124743328 -0.30147009670327 17.7208303838291 29.0765444805102 5.41880205630878 -2.78390786265663
"168" 15.6747431050866 -27.9948208859687 6.35219134727049 6.28386224873066 -10.9792741781164 27.6631312240554 -1.18084412547068 -8.96881745762403 -8.77343067113526 -35.2570028516561 -1.52318079979432 -0.805487481928139 17.5642618549017 28.4254564161606 5.88558257600016 -2.98561769560911
"169" 15.5308762838979 -26.8188963282264 5.18253763147732 6.37555366082597 -10.7341771541617 26.4596784557441 -0.92334205084012 -8.10468241273657 -8.65488976904587 -33.8479546505605 -1.61494424605257 -1.19787648445345 17.1900323122953 27.4443175981264 6.15126117903856 -3.10407752019819
"170" 15.3123844770852 -25.8280756623535 4.43081359483267 6.35491998889665 -10.4858543310545 25.4626577706192 -0.761261791119637 -7.50198595239499 -8.50955909770897 -32.6561383902931 -1.64966910159501 -1.41226432551048 16.8029026390632 26.5724542310681 6.22973601442573 -3.14102835963422
