"V1" "V2" "V3" "V4" "V5" "V6" "V7" "V8" "V9" "V10" "V11" "V12" "V13" "V14" "V15" "V16"
"1" 0.00451634914415422 5.54630117233967 -2.02874844227551 -1.50078516347253 2.92468374959656 -7.17406575961138 0.186002739810078 1.23229521174596 2.35396040179861 6.18028935356847 0.696251394369028 2.07484209270388 -0.72155529194611 -1.89698362453078 -5.35804128292739 0.920333924534134
"2" -0.108676590604404 5.57271505485585 -2.41998942564555 -1.40306881891183 2.99558062126535 -7.59119003468584 0.29609777375461 1.45988145500814 2.43746861402213 6.70920114462137 0.639480712192437 1.98638227281299 -0.7939143943467 -1.89442070798586 -5.30330550263261 0.869455581159855
"3" -0.241625706827151 5.51530201303217 -2.85010294433073 -1.26552992697395 3.02873258625088 -7.98130102147587 0.423425959866023 1.71066839686739 2.49375726087586 7.24971600820425 0.56076107300828 1.85147135166062 -0.867573528239262 -1.85459050049769 -5.15714961441336 0.794309754872302
"4" -0.346725177111693 5.42305698446899 -3.17517375033844 -1.14494634910477 3.02791074846023 -8.23971378126777 0.523233132023677 1.90070909237045 2.51557585694169 7.63764535201142 0.492051416673803 1.72891582830016 -0.919751268694583 -1.80222713885183 -4.99931100741333 0.726681212816402
"5" -0.509605982511246 5.22035475086159 -3.66097085217632 -0.943288685812263 2.99142430743212 -8.58126419403243 0.677161525465095 2.18560865802954 2.51965480543559 8.19423090816645 0.377187578730059 1.51964585432052 -0.992787871326044 -1.69212718770444 -4.7027431382794 0.611301735803863
"6" -0.687485521794656 4.93538506355128 -4.17379608516126 -0.707769258417443 2.9130914462595 -8.89798121785316 0.844913176406607 2.48758857232838 2.49140107882324 8.76202155719068 0.242736350563803 1.27189982213531 -1.06402648994761 -1.5378019254365 -4.32650719368667 0.473972586856689
"7" -0.877338983724911 4.5738710737312 -4.70700881461789 -0.44314350624586 2.79350443174513 -9.19334856219638 1.02420522105888 2.80293553907973 2.43045718337765 9.3412195217154 0.0910890868515821 0.992036166428079 -1.13208612854778 -1.33805780381175 -3.88181203107479 0.317148722026104
"8" -1.07552327490495 4.14434515060316 -5.25285956391122 -0.155440130249644 2.63446926839047 -9.47194859377305 1.21222968388656 3.12716049846563 2.33739663654412 9.93184624044693 -0.0745150941618249 0.688161152715111 -1.19550491590928 -1.0926311753899 -3.38348314401765 0.144149545349137
"9" -1.27790021262851 3.65787535038749 -5.80271633615826 0.148265388324717 2.43892019458261 -9.7390694573262 1.40573643828048 3.45509968095655 2.21369026511871 10.5334822949847 -0.25005765716827 0.369862147565073 -1.25279234585122 -0.802235302230144 -2.84950018178552 -0.0409362930131465
"10" -1.47999073434752 3.12768626378954 -6.34735209423638 0.460136459027353 2.21078139040411 -10.000251423949 1.60114179449647 3.78106050944143 2.06162838945407 11.1450079331448 -0.430847204109853 0.0478524190948519 -1.30249514548558 -0.468595178973544 -2.30035688975477 -0.233386689413237
"11" -1.67715195616009 2.56869926898537 -6.87728122087719 0.771903458668248 1.95478643236372 -10.2608063569201 1.79465752513124 4.099008825282 1.88420478362364 11.7643684932758 -0.611660477399596 -0.266455844401207 -1.34327486157154 -0.0944744650423104 -1.75827278773613 -0.42801619601596
"12" -1.86476717400754 1.9970201138691 -7.38312867551986 1.07521465862374 1.67626869679353 -10.5253465477222 1.98243369042888 4.40279083484438 1.68497091590454 12.3883880115667 -0.786912412186325 -0.561429251061782 -1.37399377025783 0.316302181488936 -1.24629409154204 -0.619372245872
"13" -2.03843787497712 1.42940190692366 -7.85601232895669 1.36198923109896 1.38093736836814 -10.7973583389563 2.16070761596291 4.6863802200387 1.46787085729108 13.012650976592 -0.950848554202366 -0.825717655292465 -1.39380427842892 0.758830051757229 -0.787326979046156 -0.801947934465716
"14" -2.19416659189636 0.882709239870792 -8.28791687800231 1.6247519446265 1.07465386888674 -11.0788520582155 2.32595087821062 4.94413825941888 1.23706824125556 13.6314668910526 -1.09775226049192 -1.04875990317305 -1.40223575149824 1.22711003082054 -0.403149163154922 -0.970401049662541
"15" -2.32852000875098 0.373404825228135 -8.6720370427829 1.856931036898 0.763222417418078 -11.3701132819606 2.47500620338474 5.17107279496531 0.99677671301329 14.2379255244188 -1.22215857495883 -1.22126549681161 -1.39927182958168 1.71404351503145 -0.113445970486282 -1.11976890189908
"16" -2.43876305277939 -0.0829255602002377 -9.0030685481604 2.05310389005058 0.452206231216664 -11.6695720293376 2.60520677156501 5.36308065502271 0.751104444205364 14.8240431686187 -1.31906648033964 -1.33564823386041 -1.38541091770469 2.21144434247299 0.0650849500771074 -1.24566891028189
"17" -2.52295667512254 -0.472000040062085 -9.27742770274926 2.20917919254384 0.146777841146246 -11.9737970064391 2.71447149157899 5.51715786998147 0.503921619207276 15.3809925906426 -1.38414132192804 -1.38639047387733 -1.36170275708859 2.71007817266673 0.119520126784664 -1.34447577224637
"18" -2.58001445867637 -0.781215314753126 -9.49338411145482 2.32250885948474 -0.14839154590257 -12.2776124021616 2.80137128748851 5.63156279422333 0.258757500553759 15.8994024616024 -1.41389952274574 -1.37032019481921 -1.32975485694921 3.19974150769121 0.041353185078151 -1.41346727915152
"19" -2.6097159052334 -0.999969319674619 -9.65109598536014 2.3919276944971 -0.429202387996924 -12.5743258408753 2.86516320547207 5.70591911291831 0.0187309757599365 16.369706472673 -1.40586822484966 -1.28678717927687 -1.29170408206279 3.66939296861369 -0.173034244706287 -1.45093234138403
"20" -2.61267703165976 -1.11993497314847 -9.75254334365241 2.41772323675696 -0.692159076277392 -12.8560486698364 2.90579108483661 5.74124861624978 -0.213484376475499 16.7825186292062 -1.35871317358647 -1.13772927309401 -1.25015078192916 4.1073482323601 -0.522095085652836 -1.45623647058892
"21" -2.59028153876463 -1.13528909532261 -9.80136075711448 2.40154213026767 -0.934369301890271 -13.1140843334072 2.92385350709515 5.73992744390557 -0.435662436826689 17.1290096282314 -1.27232901064474 -0.927624499881858 -1.20805538719731 4.50154706055264 -0.999046920764158 -1.42984176224854
"22" -2.54457812779651 -1.04289972552056 -9.80257774182905 2.34624245628061 -1.15351787472335 -13.3393574624647 2.92054161664515 5.70556403577166 -0.645998108005209 17.401259838186 -1.1478871731623 -0.663329732251441 -1.16860021002695 4.83989616513657 -1.59201609669799 -1.37328028847332
"23" -2.4781513719557 -0.842472694654134 -9.76228103055769 2.2557036493024 -1.3478236104586 -13.5228555365637 2.89755108004317 5.6428020033552 -0.843058437927169 17.5925670537631 -0.987837835813934 -0.353811500066513 -1.13502205274223 5.11068549156073 -2.28439442503714 -1.28908170877548
"24" -2.39481894396661 -0.539927869531539 -9.68804464634354 2.13584232821859 -1.51456582184474 -13.6550859554363 2.85741944416031 5.55793064838349 -1.02410979236947 17.6971304687565 -0.797758131480919 -0.0130599312724371 -1.1106002422201 5.30168823199654 -3.04803231410187 -1.18175162180341
"25" -2.29542601773059 -0.131824373143672 -9.58455318982601 1.98845433003066 -1.65693791945222 -13.7312463474019 2.8012779000104 5.4543733647854 -1.1928327117669 17.7130756917468 -0.57716112974424 0.35615678125032 -1.09758651295564 5.4074933442688 -3.87944576918926 -1.05237137741278
"26" -2.18460001414616 0.368791745287808 -9.45971106249067 1.82101882119446 -1.7714079751394 -13.7420738080798 2.73223153194465 5.33949099714232 -1.34530771361705 17.635960631563 -0.334945700342359 0.735270338727787 -1.09877328930716 5.41648264680236 -4.73900032841175 -0.907346783267712
"27" -2.06563341302845 0.95010595024155 -9.31979488480033 1.63933074555962 -1.85785119652797 -13.6825069807085 2.65286931111689 5.21911285072929 -1.48090812703709 17.4656346897145 -0.07789401270702 1.11097627607705 -1.11572467352472 5.32350533922715 -5.59782092976002 -0.751807060780266
"28" -1.9416171574203 1.5974677533984 -9.17004570743325 1.44905907523753 -1.91649049016502 -13.5491973901112 2.565676235051 5.09841794538215 -1.5990680071066 17.2036669924025 0.186605278193952 1.47032907819266 -1.14911399592791 5.12647286319691 -6.4266493057703 -0.590991430683061
"29" -1.8153311609249 2.29365701785582 -9.01435515154981 1.25555070330779 -1.94789176965742 -13.3406168884991 2.47292469014423 4.98159395353923 -1.69925199811405 16.8532144796166 0.450818402244295 1.80132234204575 -1.1986073301576 4.82678125130985 -7.19703980821851 -0.430012511777022
"30" -1.6891629495444 3.01925905714052 -8.85504682048418 1.06366713972875 -1.95297073587794 -13.0570830773328 2.37658649388726 4.87155371015888 -1.78094628946448 16.4188393047668 0.706948181154416 2.09342720946006 -1.26280033870219 4.42960424206785 -7.88253813874962 -0.273627992566617
"31" -1.56505665497997 3.75315212316127 -8.69276840312727 0.877657909779828 -1.93300625335088 -12.7007091989186 2.27826979206247 4.76973087508122 -1.84367055371233 15.9062925552732 0.947424020424137 2.33806017928873 -1.33921643845221 3.94402043274818 -8.45978541421027 -0.126032737993228
"32" -1.44449251031554 4.47310388452593 -8.52650289314465 0.701072436775576 -1.88965403713853 -12.275288015933 2.17918336576781 4.67597204811477 -1.88700865837786 15.3222816404025 1.16518707307546 2.52895378754329 -1.42437066606522 3.3829448869966 -8.90949065008772 0.00931706836490775
"33" -1.32849509219886 5.15646543045318 -8.35369967705697 0.536710261851113 -1.82495374985734 -11.7861211115128 2.08012917217638 4.58853690387923 -1.91065414468586 14.6742375197819 1.35395712067134 2.66240778667998 -1.51389951405679 2.76284594845663 -9.21721891392008 0.129837467418838
"34" -1.21766691546 5.78094289610954 -8.17051838837961 0.386607767490204 -1.74132284506797 -11.2398059285289 1.98152220307975 4.50421104551492 -1.91446511285489 13.9700955051387 1.50846819343712 2.73740431164697 -1.6027526757384 2.10324101406763 -9.37395025787191 0.233899758430198
"35" -1.11224271235238 6.32541877663789 -7.97217089559695 0.25205815952927 -1.64153155562551 -10.643992896282 1.88343509654561 4.41852868901856 -1.89852234215529 13.2181000149315 1.62466128290703 2.75557789657614 -1.68543836867198 1.42597988517002 -9.37637596453351 0.320857620805327
"36" -1.01215887052942 6.77078812760965 -7.7533400764521 0.133660333438684 -1.52865520232901 -10.0071243646929 1.78566347193828 4.32609448398171 -1.86318425085279 12.4266397793483 1.69982464615782 2.72103974113816 -1.75631000226844 0.754340023545637 -9.22691313407449 0.391016277339077
"37" -0.917132082582413 7.10076982589771 -7.50864857828469 0.0313914138951077 -1.40600230906804 -9.33816600294472 1.68780675972158 4.22098629403763 -1.80913266103455 11.604115993026 1.73267504554451 2.64006480392345 -1.80987869414548 0.111973404782702 -8.93343537246164 0.445545379512623
"38" -0.826741263215041 7.30265040278255 -7.23314692852432 -0.0553028029769393 -1.27701961878829 -8.64634001470722 1.58935842883619 4.09721415985996 -1.73740421551935 10.7588421638131 1.72337662390407 2.52065948985546 -1.84113376080771 -0.478241560207266 -8.50873516256161 0.486341123756574
"39" -0.740507172515635 7.36791800767742 -6.92278841484926 -0.127405557492693 -1.14517774557132 -7.94086813642798 1.48979902487758 3.94920547761967 -1.649403595454 9.89897122226375 1.67349773790249 2.37203618011335 -1.84585200038867 -0.99537858782071 -7.96975105215461 0.515846746246098
"40" -0.657964881755248 7.2927469289109 -6.57485823762727 -0.186221058315596 -1.01384359547291 -7.23073102690353 1.38868534570247 3.77228310131068 -1.54689626872978 9.03244306859642 1.58590968110411 2.20402790098342 -1.82087646534995 -1.42160101947718 -7.33660861286626 0.536843678666628
"41" -0.57872514596076 7.07829869503962 -6.18832657540247 -0.233266480532166 -0.886147591142915 -6.52444938551992 1.28572940169414 3.56310196774189 -1.43198020417126 8.16694428148321 1.46463453283627 2.0264813673657 -1.76434653230362 -1.74318432071675 -6.6315367901725 0.552227985859645
"42" -0.502521816059414 6.73081379650353 -5.7640992872889 -0.270169404005856 -0.764854935717551 -5.8298909637989 1.18086151545572 3.32001114809714 -1.30703764963958 7.30987123368755 1.31465209862142 1.84866891993806 -1.67586337434801 -1.95135248401152 -5.87772955102264 0.564788006566232
"43" -0.429243544449605 6.26147802925516 -5.30514577887038 -0.298575379273643 -0.652250504165821 -5.15410654564175 1.0742729688198 3.04331198114073 -1.17466954408822 6.46828831377161 1.14167783884034 1.67875915060358 -1.55657831274888 -2.04286542668876 -5.09822574101781 0.576999210352369
"44" -0.358949125538118 5.68605875823891 -4.8164907513235 -0.320069427973294 -0.550046398710421 -4.50319692877542 0.966434943155207 2.73538899095024 -1.03761629054259 5.64887421848425 0.951924661087901 1.52338216298995 -1.40919577290134 -2.02030771634134 -4.31487732650567 0.590851098917483
"45" -0.291866804392129 5.02431834418871 -4.30506471742569 -0.336114245527142 -0.459319772158452 -3.88221191333582 0.858092044147099 2.40069829776121 -0.898669371385079 4.85785118880972 0.751861416113798 1.38731861455744 -1.23788745085795 -1.89204652744729 -3.5474677870352 0.607718559331261
"46" -0.228378728291148 4.29922385662712 -3.7794168316409 -0.348006716052396 -0.3804863265172 -3.2950812721208 0.750230365860205 2.04560769839122 -0.760578602541873 4.10089440747356 0.547979917883595 1.27333236205777 -1.04811950904158 -1.67184753339995 -2.81302892636813 0.628286580365966
"47" -0.168992381157466 3.53598332120987 -3.24930223299907 -0.356853128953162 -0.313312121949238 -2.74457665178113 0.644021733568252 1.67809288305375 -0.625959709554628 3.38302134623314 0.346580435066926 1.18215538256482 -0.846399848667261 -1.37816004771321 -2.12538689941539 0.652532934298506
"48" -0.114301318487634 2.7609484974455 -2.72516423594652 -0.363562260394019 -0.256963239527693 -2.23230236699499 0.540747373011357 1.30730464347471 -0.497206420861232 2.70846343568337 0.153583084016532 1.11262155612167 -0.639957423005626 -1.03310551468519 -1.49494832404525 0.679768653415522
"49" -0.0649378173968103 2.00043203516043 -2.21753884386317 -0.368854320836135 -0.210089715646959 -1.75871216676296 0.441705690552226 0.943031650933563 -0.376410512421664 2.0805248472459 -0.0256303341734565 1.06193388744396 -0.436369852460587 -0.661224700445359 -0.928716771094514 0.708731308579445
"50" -0.0215201952963753 1.27949241476836 -1.73641477817409 -0.373282739624528 -0.170937304401647 -1.32314834997771 0.34811002879411 0.595091700279227 -0.265292320328186 1.50143527023147 -0.186342462388666 1.02603886776524 -0.243159008203946 -0.288056986251945 -0.430510612165563 0.737721644643898
"51" 0.0154024390390362 0.620743081624823 -1.29058617093142 -0.37726492408251 -0.137478307050245 -0.923899173185987 0.260983114994133 0.272690570927352 -0.165143299276615 0.9722052200691 -0.324595600678776 1.00007291712609 -0.0673765250081999 0.0613614556923494 -0.00133699943398824 0.764770458514249
"52" 0.045405324606179 0.0432425091134974 -0.887037008149491 -0.381117555986748 -0.107551160690647 -0.558270398935065 0.181055391245593 -0.0162086699763222 -0.0767813713257652 0.492493546999867 -0.437259313616664 0.978840025185491 0.0847977626114016 0.363986266317738 0.360134778273277 0.787820063316758
"53" 0.0682405477624854 -0.438480423435067 -0.530396199363622 -0.385091712508029 -0.0789978641050908 -0.222667125240378 0.108674474538077 -0.265462342648334 -0.000519181759827347 0.0604973819388306 -0.522075201461575 0.957277403700573 0.208421767380798 0.60014493308131 0.657063034064777 0.804903515105252
"54" 0.0838845572434366 -0.815216256162557 -0.222499758408958 -0.389403154421188 -0.0497887056704513 0.087317278993055 0.0437326314141728 -0.471227515700321 0.063854972002666 -0.327125259282866 -0.577684205882065 0.930867446266348 0.300100411057343 0.754718664915572 0.893948302462377 0.814305113508453
"55" 0.0925785494767695 -1.08363773567999 0.0379078989508344 -0.394253513725289 -0.0181251212833189 0.37680727304155 -0.0143816204820268 -0.632311989757682 0.117083826907027 -0.675290581477839 -0.603641536521764 0.895959486193533 0.358219991449403 0.818048752905383 1.0762275966008 0.814687512855016
"56" 0.0948597861427345 -1.2466025974677 0.25530790737912 -0.399838821592311 0.0174862724052929 0.651547126949595 -0.066802817993846 -0.750364687009778 0.160435526743491 -0.990473332250303 -0.600423210064491 0.849973334232345 0.383093371133242 0.786507950617192 1.20999036810827 0.805173947537696
"57" 0.0915821190301642 -1.31317432054675 0.437358496582874 -0.406342808719955 0.058192558317586 0.917798226862033 -0.115175264971015 -0.829888176282793 0.195685334168637 -1.28063349259833 -0.569426459977421 0.791467646296951 0.377006467558715 0.662699682289485 1.30184115047996 0.785378295859118
"58" 0.0839242238724864 -1.29835102166726 0.594655678352865 -0.413913624032602 0.104787163403287 1.18222978620668 -0.161605365836124 -0.878066431368325 0.225083826762724 -1.55508058516921 -0.512964150763764 0.720068831131357 0.344161844081952 0.455272914298803 1.35891411726334 0.755380617687479
"59" 0.0733843006119628 -1.22250562774934 0.740304634431595 -0.422623984887423 0.157733815946827 1.45179993108638 -0.208579673717452 -0.904412929393175 0.251310253213735 -1.82427333184228 -0.434251110943023 0.636269346110566 0.290520767910721 0.178366452975411 1.38902438599598 0.715650938782346
"60" 0.0617602979431808 -1.11055371966563 0.889313700190996 -0.432416209012899 0.217216327087996 1.73362343590497 -0.258850699797051 -0.920256019174076 0.277409434341479 -2.09955517735489 -0.337378297425175 0.541116649510514 0.223550590502128 -0.149278679935946 1.40092196121441 0.666928966438718
"61" 0.0511150827172457 -0.99087845057602 1.05783300952271 -0.443035002236684 0.283206233054372 2.03482226883216 -0.315294461874998 -0.938089316929108 0.306710604667721 -2.39282918824279 -0.227269212666897 0.435824665386463 0.151889406027124 -0.505478142358015 1.40459871681105 0.61007164831608
"62" 0.0437264149865371 -0.894054162018847 1.26226937497063 -0.453952201541142 0.355538673583368 2.36235566748599 -0.380745564570532 -0.970823989114024 0.34272699607628 -2.71617892116501 -0.109612255768297 0.321347407063513 0.0849443678279727 -0.865956299472373 1.41158843774974 0.54588365104064
"63" 0.0420221110619821 -0.851421199510241 1.51831734540633 -0.464288825093945 0.43398620676551 2.72282773989014 -0.457817209855932 -1.03098655724875 0.389035814027455 -3.08144490584482 0.00923714183215907 0.197958692022439 0.0324435504717826 -1.2058015241364 1.43519583535999 0.47494765365991
"64" 0.0485013830357843 -0.893573426452349 1.83995316877599 -0.47274069043965 0.518320648912265 3.12227253399737 -0.548714851100783 -1.12990987938906 0.449139540809391 -3.49976926255022 0.122389604149134 0.0648822708881198 0.0039636535002785 -1.50092975713596 1.49059318957097 0.397471660537121
"65" 0.065644017691028 -1.04882653545428 2.23844319497812 -0.477514474314376 0.608354452669232 3.56591901865329 -0.655053152531082 -1.27696599302294 0.526311150541186 -3.98112352254248 0.22259306762362 -0.0799868481881276 0.00845703789025265 -1.7294629938666 1.59473272547439 0.313169321085297
"66" 0.0958097811889047 -1.34173901082158 2.72142075665397 -0.476281353604463 0.703955470172218 4.05794128189257 -0.777686437746013 -1.47888751907544 0.623427713129438 -4.53383679596072 0.302442319677425 -0.240236267254659 0.0538015232825728 -1.87293761785975 1.76603823942241 0.221186616065097
"67" 0.141131172404215 -1.7917581335978 3.29208551468696 -0.466155252274802 0.80503197012365 4.60120222747651 -0.916562859000749 -1.73921949938222 0.742798826845998 -5.1641428927951 0.354623572185346 -0.42094180758977 0.146395084030132 -1.91727155749174 2.02385947888797 0.12008446938853
"68" 0.203403355732547 -2.41206049412472 3.94857649331311 -0.443702195795595 0.911488198417729 5.19700185616955 -1.0706120626466 -2.05793622086867 0.885998146674183 -5.87576573177716 0.372187247555416 -0.628513685011058 0.290815162833439 -1.85343789752596 2.38769553704878 0.0078822136783856
"69" 0.283975731745841 -3.20864998594334 4.68356450448482 -0.404986322852892 1.02315425970781 5.84484356226483 -1.23767515291399 -2.43124826461008 1.0537077535529 -6.66956227964215 0.348838707661798 -0.87038541442962 0.489558926935985 -1.67781430597745 2.87621695501184 -0.117838223537547
"70" 0.383650098676526 -4.17976627226517 5.48410143597243 -0.345656713614289 1.13969730552505 6.54223348567416 -1.41448427363935 -2.85161430893731 1.24558603101599 -7.5432412990956 0.279233683900429 -1.15456088095925 0.742876630949908 -1.39220071671105 3.50613815418183 -0.259772603261808
"71" 0.502590662568906 -5.31564351202633 6.33175314183768 -0.261077372613727 1.26052362337045 7.28452861230517 -1.59669716418949 -3.30796076254342 1.46016990723117 -8.49117434665754 0.159262981409029 -1.48904713616321 1.0487055590078 -1.00352036964296 4.29101021095266 -0.420688958631217
"72" 0.640251221907846 -6.59864317433767 7.20302974944184 -0.146500466051975 1.38468295793146 8.06484885366012 -1.77898965407451 -3.78610078266661 1.69482166058754 -9.5043127932795 -0.0136901197626003 -1.88121047712593 1.402707056854 -0.52323988273622 5.24001710768607 -0.603190160429222
"73" 0.79532464018007 -8.00376672464108 8.07011254468239 0.0027196875739719 1.5107870687194 8.87406669375662 -1.95520631723826 -4.2693332752267 1.94572892329117 -10.5702212354447 -0.240536299407268 -2.3371004771343 1.79840419290495 0.033438939032294 6.35686519210049 -0.809460923395818
"74" 0.965719202769407 -9.49953467770979 8.90186081284833 0.190877265629297 1.63695404324196 9.70088519513502 -2.11856651406237 -4.73919265459153 2.20796407564978 -11.6732336549196 -0.520325708168343 -2.86079036200499 2.22741285829755 0.648550469481393 7.63885498627951 -1.04101722393898
"75" 1.14856562237915 -11.0491989663715 9.66506581558565 0.421638686755841 1.7607882512018 10.5320113291467 -2.26191993299437 -5.17631194361002 2.47560601088248 -12.7947342390651 -0.850165306712142 -3.45378224605702 2.67975485877965 1.30242768527205 9.07621665625447 -1.29847627252457
"76" 1.34025732265079 -12.6122368572037 10.3259033118338 0.69775099010144 1.879403161697 11.3524269489777 -2.37804265532645 -5.56135559056929 2.7419234530777 -13.9135600768263 -1.22521725833758 -4.11452234119679 3.14423795992171 1.97478210566896 10.651775966674 -1.58136404685865
"77" 1.53652522709817 -14.146057869578 10.8515215834761 1.02074928410684 1.98949076424869 12.1457545388188 -2.45996187277223 -5.87597443355753 2.99961487996787 -15.0065181966065 -1.63878327950681 -4.83806467457362 3.60888507497057 2.64573168805532 12.3409975308678 -1.88797508297648
"78" 1.73254666833256 -15.6078414129427 11.2116897598787 1.39068017827094 2.08743732848616 12.8947094770303 -2.50129487004193 -6.10373369725949 3.24109593804691 -16.0490048007661 -2.08247504704377 -5.61591266665164 4.0613929367416 3.29671589477925 14.112428198343 -2.21529595107859
"79" 1.92308628521994 -16.9564131275336 11.3804222785798 1.80585991392695 2.169481050245 13.5816252977223 -2.49658592646279 -6.23096580504512 3.45882136672367 -17.0157102546883 -2.54646581546433 -6.43605685840157 4.4895997264907 3.91124976254423 15.9285373616631 -2.55899988548481
"80" 2.10266499196609 -18.1540630011768 11.337490429049 2.26268676897098 2.23190312919981 14.189033670341 -2.44162356703652 -6.2475030659939 3.64562519375373 -17.8813895602689 -3.01981366496864 -7.28321495454293 4.88194125018835 4.47548405522826 17.7469248020616 -2.91351569468316
"81" 2.26575138257124 -19.1682087957272 11.0697318136131 2.75552698470733 2.27124036422281 14.7002768544857 -2.33372025797308 -6.14725080728726 3.79506062581249 -18.6216748049412 -3.4908426077485 -8.13926800740956 5.22787631130019 4.97855511560317 19.5218423680953 -3.2721696468343
"82" 2.40696839036417 -19.9728144120159 10.5720737164179 3.2766917478375 2.28450475311482 15.1001274928329 -2.17193731146364 -5.92856903466122 3.90171987384476 -19.213903528982 -3.94756440657 -8.98387479429948 5.51826384849643 5.41272448695599 21.2059550338854 -3.62739479563425
"83" 2.52130675667127 -20.5494844637751 9.84819700260118 3.81651953938854 2.26939409309945 15.3753889676168 -1.95723950577349 -5.59443991501689 3.96151429115198 -19.6379351607819 -4.37812161445936 -9.79523593989325 5.74567706059223 5.77332346382246 22.7522511184725 -3.97099841280942
"84" 2.60433597066123 -20.8881730769153 8.91078314200831 4.3635734141269 2.22447735846595 15.5154492781055 -1.69256674242416 -5.15240891405506 3.9718967282939 -19.8769266849831 -4.77123115452196 -10.550970658127 5.90464298161696 6.05853036478084 24.1160016415815 -4.29447501934737
"85" 2.65240289756474 -20.9874659744168 7.78130774172382 4.90495661253499 2.14933973605838 15.5127625243307 -1.38281388096397 -4.61429884764152 3.93201088720972 -19.9180385694581 -5.11660776535336 -11.2290625435799 5.99179962356777 6.26901767226929 25.2566654443108 -4.58935007858054
"86" 2.66280836506951 -20.8544191153534 6.48936866824602 5.42674258250986 2.04467457632612 15.3632345461276 -1.03471456409818 -3.99570792222084 3.8427565411459 -19.7530427120834 -5.40534779618793 -11.8088268670817 6.00596668796412 6.407511745725 26.139639826949 -4.84753780387473
"87" 2.657971578721 -20.7661918710637 6.05272498820705 5.58535251150602 2.00569476608128 15.2852246440372 -0.917959290024839 -3.78627462664645 3.80463439705959 -19.657322233563 -5.48366044351781 -11.9686638118292 5.99535682935692 6.43698084659519 26.3606403165777 -4.92034234492166
"88" 2.61655889185286 -20.3512317227427 4.60366270429768 6.05935785200472 1.86513494875744 14.9424715874818 -0.532355999619085 -3.09060815605994 3.65467448845801 -19.2171316371184 -5.68719587104613 -12.3914207583421 5.91529167895798 6.48745262343556 26.864397134188 -5.11921334040744
"89" 2.53562774397145 -19.7487960330973 3.08495611020021 6.48064179819994 1.70095080538511 14.4579040652704 -0.129739613123775 -2.36096240908432 3.46387201727854 -18.5718839734211 -5.82045308595468 -12.6781050221343 5.76764501531446 6.47746567041753 27.0608471457326 -5.26608169067003
"90" 2.41645428907538 -18.9876750832225 1.5429960327283 6.83607411712956 1.51735142924797 13.8400679373354 0.279033154590422 -1.61967710567978 3.23828100321046 -17.7312452805213 -5.88103674058186 -12.8186778776872 5.55791440283093 6.41315857284627 26.9439676066231 -5.3565455292628
"91" 2.26158248392554 -18.1000734503353 0.0249821449153842 7.11421104865144 1.31930941404295 13.1011482487282 0.682731361583251 -0.88897583597759 2.98499526131433 -16.7104110960079 -5.86878286207343 -12.8077146006817 5.29316345408772 6.30081869314051 26.5175798549326 -5.38788729889893
"92" 2.07476443356239 -17.1198305667123 -1.42331710382064 7.30594422290142 1.11232701830966 12.2566392294673 1.07022609719405 -0.189927727906252 2.71180139297731 -15.5298286761242 -5.78572532934129 -12.6447351975094 4.98171560148427 6.14661026236314 25.7951648187882 -5.35923131126947
"93" 1.86084863639073 -16.0806248243821 -2.75975796180524 7.40507076417543 0.902168578506945 11.3248852000163 1.43096975404688 0.458524893114145 2.42680111268881 -14.2147199116266 -5.63597520008045 -12.3343171518827 4.63281418622417 5.95639524631491 24.7992607628994 -5.27162368296922
"94" 1.62561952199735 -15.0142724338813 -3.94783473150051 7.40874221612989 0.694576811141857 10.3265084099604 1.75545135610639 1.04041740904063 2.13802624870222 -12.7944106216698 -5.42551990117261 -11.8859806687033 4.25626438384681 5.7356426448838 23.5604784654315 -5.12802865749109
"95" 1.37559407880698 -13.949225851269 -4.95838620834911 7.31775425574506 0.494992043312863 9.28374477388331 2.03560156688951 1.54344275796961 1.85307025983008 -11.3014800004474 -5.16195260391203 -11.3138475941141 3.86207250195672 5.48941357395876 22.116186836045 -4.93323894436253
"96" 1.1177835471785 -12.909362909172 -5.77088432316009 7.13664674685674 0.308293343179415 8.21971254413984 2.26512340529695 1.95941975539085 1.5787588972411 -9.77075240715715 -4.85414481532473 -10.6360860155855 3.46009747924425 5.22240328141567 20.5089363336783 -4.69370157915364
"97" 0.859429994350535 -11.9131375985714 -6.3742185948779 6.87359422936674 0.138578967407142 7.15764201505942 2.43972884570576 2.28452151706779 1.32087977295348 -8.23816207452728 -4.51187725261104 -9.87416305828265 3.05972805268743 4.9390175977353 18.7846979001779 -4.4172648155436
"98" 0.607728993599522 -10.9731380250109 -6.76692170279216 6.54007989513889 -0.0109993926479461 6.12009626240626 2.5572671556863 2.51925003373867 1.0839862720332 -6.73952922802573 -4.14544538886253 -9.05193814299855 2.66959713944939 4.6434603809185 16.9910012310993 -4.11285555246104
"99" 0.36955052466115 -10.0960681362046 -6.95681837680127 6.15036064149945 -0.138338179432807 5.12821360921896 2.61773767290623 2.66815884052062 0.871285782800644 -5.3092930673771 -3.76525665444808 -8.19463749813804 2.29734262550448 4.33981019204657 15.1750580313364 -3.79010059950451
"100" 0.151170543572334 -9.2831394342561 -6.96011932395572 5.72074589388717 -0.242413895518681 4.20100193951612 2.62318727459041 2.73934206366562 0.684616032914278 -3.97925254426275 -3.38143616581203 -7.32775757601303 1.94942110425657 4.03206838792727 13.3819536382316 -3.45890849218813
"101" -0.0419745874600892 -8.53082928090657 -6.80002112873422 5.26872738768907 -0.323245295869611 3.35471316391659 2.57750049686575 2.74372377439363 0.524506888225375 -2.77736936189604 -3.0034570670806 -6.47594979358473 1.63097832002006 3.72416649557329 11.6529843928165 -3.12903136185014
"102" -0.205499464766859 -7.83193582749686 -6.50490891683035 4.81200978776519 -0.381791109881704 2.60232313073482 2.48609752713639 2.69419536722512 0.390318805206054 -1.72668866285619 -2.63981016153366 -5.66194133415229 1.34577729303493 3.41992744746864 10.0242088927989 -2.80962832431214
"103" -0.336236859852221 -7.17683813277119 -6.10628812004757 4.36750176157193 -0.419793453582528 1.95313817297586 2.3555615419134 2.60465951209903 0.280443713739768 -0.844431103699435 -2.29772554558508 -4.90554633644751 1.09618248166434 3.1229822462272 8.52526935573496 -2.50885277154885
"104" -0.432352750189125 -6.55485541466055 -5.63659235275395 3.95033293152665 -0.439581114358177 1.41254442615048 2.19322157543547 2.48904616558093 0.192549882379129 -0.141305216041815 -1.98295651399246 -4.22281850363834 0.883195999714303 2.83665012654802 7.17852540237527 -2.23348566242566
"105" -0.493403450639079 -5.9555928661664 -5.12702427206523 3.57296330715644 -0.443849693736084 0.981910232098699 2.00671987304594 2.36036848934532 0.123849619742082 0.378918905784985 -1.69963317283487 -3.62538998159107 0.706539957765074 2.56379560914479 5.99852732371073 -1.98863531379175
"106" -0.520331775406476 -5.37016368323145 -4.60558422768509 3.24444797977662 -0.435436936822725 0.65864558311273 1.80359324913246 2.22988396162464 0.0713677076260133 0.71954429765492 -1.45019007815756 -3.12003245218148 0.564777510788716 2.30667945383777 4.99184000547939 -1.77752126662199
"107" -0.515401998651811 -4.79218785406363 -4.09542735591094 2.9699110933966 -0.417111349018768 0.436415917034083 1.59089625359621 2.10641851148398 0.0321893127134025 0.890773143837237 -1.23536892973743 -2.70846511687705 0.455464212088927 2.06682206530076 4.15721283247149 -1.60135562198047
"108" -0.482076284497765 -4.21848709151152 -3.61366439260064 2.75026985403792 -0.391390426712803 0.305500932610357 1.3748900669122 1.99589958135471 0.00366869969380801 0.909222179090648 -1.05429401912647 -2.38742114275738 0.375320804195965 1.84489726115794 3.48607573110712 -1.45932999051183
"109" -0.42483808013759 -3.64942063710987 -3.17068671214838 2.58223246997022 -0.360401675427184 0.253282756093654 1.16081529599705 1.90112845253066 -0.0164158631771905 0.797141718814032 -0.904614898517707 -2.14896991598289 0.320418594727329 1.64067158569617 2.96332764324416 -1.34871015656427
"110" -0.348970569484294 -3.08883655828072 -2.77005462717761 2.45857464691426 -0.325795349557779 0.264842056875409 0.952759700446734 1.82180408585441 -0.0297704125375127 0.581368870305482 -0.782707746614392 -1.98107792037445 0.28636901870415 1.45299986511412 2.56837170677318 -1.26503409905672
"111" -0.26030053364812 -2.54364522105175 -2.40894313890203 2.36867906062662 -0.288712909993279 0.323635874607021 0.753623941723617 1.75479153451965 -0.0375603421178425 0.292060873269747 -0.683924305834921 -1.86837715116599 0.268509800201812 1.27988195972864 2.27634173302249 -1.20240256549005
"112" -0.164919735425144 -2.02305326182454 -2.07909480108174 2.29930270068917 -0.249810019084762 0.412227244337032 0.565180393155458 1.69460919688345 -0.0404496911709202 -0.0387320471359089 -0.602875188784765 -1.79309760619071 0.262081207322737 1.11857930768161 2.05945760440045 -1.15384543377695
"113" -0.0688971410092449 -1.53752501674717 -1.76818888789444 2.23551972559608 -0.209327948557345 0.513034407225405 0.388212570967426 1.6340923261539 -0.0386964919167134 -0.3785844341553 -0.533732922654963 -1.73611044750942 0.262387144917625 0.965783564271021 1.88844325894115 -1.11174207515251
"114" 0.0220041656816647 -1.0975616373878 -1.46150307967582 2.16177394319197 -0.167203021295947 0.609066627796437 0.222716493734197 1.56517670039716 -0.0322911897009064 -0.696227350567938 -0.470539410831407 -1.67802163912347 0.264937154149052 0.817824105399779 1.73394013941197 -1.06827026235624
"115" 0.102591668770401 -0.712404091105327 -1.14372124365445 2.06296641652216 -0.123200526060174 0.684614485331281 0.0681407919457797 1.47973732201376 -0.0211216135906618 -0.963015163897353 -0.407502600423186 -1.60025279714137 0.265566697443219 0.670896978460178 1.56785139474414 -1.01585617616365
"116" 0.168476847611942 -0.388773582321846 -0.800730552695768 1.92550077330179 -0.0770577191987485 0.725864961309185 -0.076359946455625 1.37041324289362 -0.00514600833288981 -1.15425075136511 -0.339268065869874 -1.48604694481764 0.260534329096203 0.521295503861495 1.3645576057279 -0.947597952017531
"117" 0.216266002225836 -0.12976101591471 -0.421254067504151 1.73821189370278 -0.0286202108458724 0.721415611933821 -0.211684105115694 1.23135143732156 0.0154446059720357 -1.25029957058189 -0.261152918210655 -1.3213418703308 0.246595430429437 0.365622418560918 1.10195309507344 -0.857637038454413
"118" 0.243699248762113 0.0660338839691121 0.00181924852336124 1.49311256925739 0.0220427688721969 0.662667407149684 -0.338577437744846 1.05880993271853 0.0400920086978012 -1.23743448424136 -0.169331841464327 -1.09546256507747 0.221053091750321 0.200965250267473 0.762262552096217 -0.74145531333852
"119" 0.249731070445193 0.205032374869006 0.47051768761321 1.18590678439045 0.0745561515032591 0.544082166275416 -0.457481739928028 0.851572551908475 0.0677785219302365 -1.10836840712784 -0.0609680093339193 -0.801596214534584 0.181787438394522 0.0250203437507821 0.332610200977797 -0.596081174915525
"120" 0.234548789166041 0.298819759980688 0.981357147331892 0.816236335811936 0.128198103508993 0.363297581874122 -0.568450562914734 0.611143588267396 0.0969868739968547 -0.862449825321164 0.0657150274186051 -0.437027608641074 0.127265231615311 -0.163843758244639 -0.194672597343015 -0.420194305055702
"121" 0.199528516846726 0.363876271161416 1.52543015180458 0.387648098158706 0.181904214468062 0.121100203566016 -0.671137637481593 0.341709166253622 0.125717009526252 -0.50551587146856 0.211420875768226 -0.00312862420651072 0.0565319469018277 -0.36658658804788 -0.822001341848591 -0.214126002896592
"122" 0.147131385500671 0.42090249591638 2.08900026766787 -0.0927093349803272 0.234315907325865 -0.178735973683047 -0.764856185812164 0.0498713659837904 0.151559188319823 -0.0494176342004948 0.375824175924095 0.494888514078411 -0.0308112265974643 -0.583556047428317 -1.54674030474962 0.0202406497846823
"123" 0.0807459691829422 0.493777578587469 2.65454556331633 -0.614630416170485 0.283867628894015 -0.529730935201542 -0.848700125719517 -0.255820236457112 0.171817380441681 0.488748599083692 0.557664529462954 1.0484293243735 -0.134642881167167 -0.814598785588316 -2.3616261064908 0.279659580008229
"124" 0.00448563043650552 0.608216741109345 3.20215709060994 -1.16559172690108 0.3289034379535 -0.923079907959277 -0.921711985387446 -0.565498700097805 0.18367226810847 1.08765369649188 0.754881462306344 1.64614845930009 -0.254366722818361 -1.05920541545049 -3.25537598199389 0.559782267009723
"125" -0.077048103848341 0.790217585316668 3.71116929483264 -1.73162447253208 0.367810651574217 -1.34810977519328 -0.983077717396441 -0.868718009595568 0.184369522545467 1.72292776637346 0.964779330744136 2.27470609255943 -0.388964057378615 -1.31667156900056 -4.213435524739 0.855468260493581
"126" -0.159023240910983 1.06440043607813 4.16188117952538 -2.29825080515025 0.399156513798374 -1.79278302467094 -1.03232594674427 -1.15523808860303 0.171416750726337 2.36845896753971 1.18420979390282 2.91959438166668 -0.53705075432579 -1.58625399608684 -5.21881539079823 1.16112109228015
"127" -0.236642088399975 1.45235558257696 4.53722134003078 -2.85141147664422 0.421813561235624 -2.24422041755179 -1.06950873386199 -1.41579243261185 0.142771781884203 2.99772173826102 1.40975905838309 3.56597654645157 -0.69693605243242 -1.86730127443258 -6.25296436487042 1.47102416030975
"128" -0.305398720833892 1.97110929403016 4.82421689101693 -3.37831529800656 0.435060490124215 -2.68921417877471 -1.09534269617319 -1.64277697188277 0.097005817844547 3.5850579030157 1.63792756528471 4.19948274831404 -0.866680654974616 -2.15934120863545 -7.29662741256834 1.77965231895541
"129" -0.361315194345678 2.63181126670816 5.01514497773633 -3.86814936397263 0.438647748163589 -3.11470587436497 -1.11129311653337 -1.83080651126033 0.0334272914462943 4.10683981401098 1.86529108781804 4.80691256927093 -1.04415170757204 -2.46211142119557 -8.33064173389903 2.08193792848215
"130" -0.401143735551102 3.43872970150028 5.10827408903742 -4.31260215253883 0.432820533283802 -3.50820708192555 -1.11958909275791 -1.97709706844307 -0.0478441855130889 4.54245483255022 2.08863422980494 5.37680295934479 -1.22707248366774 -2.77552555810018 -9.33663104585685 2.37347470657551
"131" -0.42252401820349 4.38861806263594 5.10813806686269 -4.70616820736768 0.418296033416127 -3.85814619214477 -1.1231643199684 -2.08164750938317 -0.145860001480933 4.87506425759148 2.30504989917392 5.89983226219556 -1.41306494204683 -3.09957437436526 -10.2975678224693 2.65064847815302
"132" -0.424087143969331 5.4704916668843 5.02532526265941 -5.04622168144692 0.396196178116796 -4.15413082647547 -1.12552512228353 -2.14721068480526 -0.258882222707296 5.09210622540945 2.5120012749054 6.3690443769392 -1.59968378709853 -3.43416806655762 -11.198184321378 2.91069033176063
"133" -0.405500935556972 6.66582473839594 4.87580521667974 -5.33286496162236 0.367941470438097 -4.38712197758173 -1.13055420447495 -2.17906132300345 -0.384477301978894 5.18552993253365 2.70734586421133 6.77989118535152 -1.78444125997932 -3.77893289588724 -12.0252251284201 3.15165422143036
"134" -0.367454474621752 7.94915158625622 4.67985210258553 -5.5685763263366 0.335115218121757 -4.54952259436811 -1.14226464785025 -2.18458377792649 -0.519655950203216 5.1517664943342 2.88932422631933 7.13010497049981 -1.9648226091561 -4.13298074481247 -12.7675458068597 3.37232716049402
"135" -0.311583295845253 9.28903109307521 4.4606549553298 -5.75769569089016 0.299310345105411 -4.63518946522868 -1.16452338647002 -2.17271607692328 -0.6610477173137 4.99145859674854 3.05651859891645 7.4194246448169 -2.1382930051227 -4.49467423356418 -13.4160732062501 3.57208535420068
"136" -0.240340091516146 10.6493133763022 4.24272700178835 -5.90579882037332 0.261972681738641 -4.63938245081158 -1.20076636433652 -2.15329653615436 -0.805096343866495 4.70898568967118 3.20778880937678 7.64920931505367 -2.30229753097088 -4.86141199700342 -13.9636522934325 3.75071351138467
"137" -0.156818993979073 11.990632485669 4.05023869588558 -6.01901715553254 0.224255066294319 -4.55866900060789 -1.25372855563859 -2.13636484507811 -0.948260737228892 4.31183286833584 3.3421943350595 7.82197937814817 -2.45425673465679 -5.229458484936 -14.4048113699937 3.90820688950407
"138" -0.0645442985170348 13.2720399892871 3.90540072537556 -6.10336223466925 0.186895720633117 -4.39080416955835 -1.3252109807803 -2.1314706940716 -1.08720654280132 3.80985911424932 3.45891209834986 7.94092857063879 -2.59156099555172 -5.59384020369339 -14.7354817643309 4.04457622737755
"139" 0.0327633044857976 14.4526914049825 3.82701465161153 -6.16411066226806 0.150132292740693 -4.13460686097392 -1.4159039069724 -2.14703986487029 -1.21897465337425 3.21452383407745 3.55715950587216 8.00945007799419 -2.71156755317719 -5.94832585799497 -14.9527092684912 4.15967461884793
"140" 0.131428447427282 15.4935002764639 3.8292911945241 -6.2052981411864 0.113659893429926 -3.78985172537807 -1.52528088791547 -2.18984072470812 -1.34111544351313 2.53812958162348 3.63613139305448 8.03071612470558 -2.8116043858564 -6.2855017609113 -15.05439269828 4.25306273294336
"141" 0.228055581894779 16.3586824856018 3.92101141744092 -6.22936004904318 0.0766376869420782 -3.35719314173184 -1.65157260701227 -2.26458407653831 -1.45178076561636 1.79313371665125 3.69495799905883 8.00734385045143 -2.88898513693303 -6.59694666373196 -15.0390801891617 4.32392486643948
"142" 0.319741360693541 17.0171250271903 4.1050766483479 -6.23694247312528 0.0377444674898157 -2.83813323083939 -1.79182316633995 -2.37367734187001 -1.54976947278665 0.991573071043376 3.73268900800872 7.94117138012189 -2.94103890831424 -6.8735024212242 -14.9058466159649 4.37104349090805
"143" 0.404251213864484 17.4435276805095 4.37846159008882 -6.22689273656306 -0.0047204688052318 -2.23504025383193 -1.94202506722849 -2.51714122341923 -1.63452609460693 0.144634216641634 3.74830622561853 7.83315761849371 -2.96515794461845 -7.10562928420939 -14.6542664462804 4.39283465579865
"144" 0.480148511487243 17.619281473997 4.73255442226127 -6.19642351986204 -0.052698612170289 -1.55121747499891 -2.09732320043707 -2.69268444211616 -1.70609594874053 -0.73761141212367 3.74076481611951 7.68340832546892 -2.95886501802363 -7.2838277086031 -14.2844861501326 4.38744127822429
"145" 0.546867582738543 17.533063328689 5.1538402385313 -6.14143090686593 -0.10820624638221 -0.791016128243768 -2.25227318284988 -2.89592088950599 -1.7650431241142 -1.64630246385309 3.70906041220223 7.49132034143258 -2.91990073787589 -7.39910293242781 -13.7973898169921 4.35287641867762
"146" 0.604725376924279 17.1811407452858 5.62486190861659 -6.05693510940864 -0.173153930952822 0.0400199457731105 -2.40113571703148 -3.12070441111405 -1.81234019422606 -2.57372156565953 3.65231703451707 7.25582625777861 -2.84632913143041 -7.44344461713035 -13.1948417275953 4.28720448715831
"147" 0.654870513621091 16.567393092663 6.12537683178152 -5.93760405797661 -0.249165354263809 0.934995606792654 -2.5381865527375 -3.35955001727416 -1.8492400582906 -3.51308978545467 3.56988879848268 6.97571406117095 -2.73665779831742 -7.41029186251865 -12.4799810942877 4.18874524686544
"148" 0.699172636148347 15.7030664900499 6.63361981250659 -5.77831501451556 -0.337409475040147 1.88551310262505 -2.65802119179938 -3.60410688909951 -1.87714090292046 -4.45825389862921 3.46146699215603 6.64999084321607 -2.58996688935903 -7.29495400629753 -11.6575377207773 4.05628368192993
"149" 0.740059087362852 14.6062872731545 7.12758151143953 -5.57470807795062 -0.438458803712052 2.88155165522733 -2.7558346504407 -3.84564811315863 -1.89745495529876 -5.40330648447912 3.32718338158656 6.27825688021039 -2.40603928216278 -7.0949597734658 -10.7341334781622 3.88926836245446
"150" 0.779630463898258 13.3245915833118 7.57899304122793 -5.32825584152806 -0.550195380486088 3.89408543127263 -2.82669563857968 -4.07186479333836 -1.91130233858722 -6.32666986786717 3.17055014402513 5.86835141885422 -2.1894394184758 -6.81572156916877 -9.7361033910438 3.69160068042038
"151" 0.82174969262519 11.8555343459318 7.98154052734139 -5.03164012177626 -0.674543332404895 4.9362204554634 -2.86986935502404 -4.28091615125618 -1.92019532096857 -7.24615731854988 2.98897232901811 5.41177931458333 -1.93639452894925 -6.4533977410091 -8.64911544914048 3.45969222548592
"152" 0.8687681975739 10.2431756709143 8.3150385898432 -4.68742202133262 -0.808915002152574 5.98410713928104 -2.88278300061853 -4.46356816472598 -1.92480283827306 -8.14590786209533 2.78563646295959 4.91527232237968 -1.65121254999218 -6.01527517493525 -7.49511079966487 3.19743077615203
"153" 0.92305388681774 8.52370949629608 8.56709832191086 -4.29815229009591 -0.950991089621979 7.02181319718056 -2.86479547997465 -4.6138802154419 -1.92564680648125 -9.0176253424313 2.56301849007912 4.38349046008079 -1.33736971018314 -5.50888477074875 -6.28940518050695 2.9080467038948
"154" 0.986416465760698 6.73530227407514 8.72912966730564 -3.86844568474157 -1.09782589075866 8.03237755542295 -2.81640309324968 -4.72723172619339 -1.92293623246067 -9.85189901769968 2.32419539765249 3.82262370204262 -0.999346902482188 -4.94398596378619 -5.04932350113813 2.59574542655173
"155" 1.05993495798828 4.91692597093424 8.79647615858676 -3.40485005830374 -1.24597213221747 8.99821439889945 -2.73916519091944 -4.800424733623 -1.91658346989455 -10.6382575468335 2.07278263106843 3.24028958528106 -0.642572992973413 -4.33223631824444 -3.79384780271994 2.26560276959572
"156" 1.14383497768742 3.10719700267578 8.76832553048507 -2.9155885916814 -1.39163831752334 9.90160594624092 -2.63557885447187 -4.83170568995115 -1.90624422414231 -11.365365772101 1.81283849735541 2.64532704764497 -0.273315591413052 -3.68676976832893 -2.54313562091738 1.92340677452194
"157" 1.23742528404134 1.34325521033975 8.6474257074326 -2.41019589521193 -1.53086842631735 10.7252641504066 -2.50891372220372 -4.82071592019474 -1.89137640507552 -12.0213562870161 1.54874001979476 2.04749945994445 0.101480014998799 -3.02170529776384 -1.31792899604716 1.57545503947949
"158" 1.33909894999596 -0.340283880575726 8.43964491253564 -1.89907526039406 -1.65973254867139 11.4529346295598 -2.36301972767728 -4.76838330062515 -1.87131198325953 -12.5942762551699 1.2850367335559 1.45712620907398 0.474399314918088 -2.35161161742349 -0.138883439512028 1.22831954715184
"159" 1.44639977338591 -1.9122716660122 8.15341999818997 -1.39300857792705 -1.77451659651885 12.0700108220308 -2.20212113309725 -4.6767694440864 -1.84533556453407 -13.0726198817315 1.02629048981998 0.884667007481767 0.837806216247756 -1.69095561019094 0.974146739687058 0.88859292590314
"160" 1.55614970870724 -3.34583428691076 7.79913863994898 -0.902652181707936 -1.87189960983606 12.5641231510615 -2.03060987024367 -4.54888706886186 -1.81276344608034 -13.445909142794 0.776910348609363 0.340286042193839 1.1841182621778 -1.05356284644915 2.00282581185002 0.56263109453721
"161" 1.66462849562285 -4.6190193348591 7.38849915957007 -0.438051156571419 -1.9491083118879 12.9256672528234 -1.85284997209374 -4.38850148787776 -1.77301739384942 -13.7052804844266 0.540992015596316 -0.166576017712032 1.50609503056769 -0.452117331588681 2.93101420198036 0.256307216908681
"162" 1.7677926959276 -5.71525974820986 6.93388706411588 -0.00820166378252907 -2.00404035307517 13.148237255691 -1.67300296642776 -4.19992855092278 -1.72568821528441 -13.8440336399862 0.322170990158725 -0.627595266243588 1.79712349689771 0.102275082478741 3.74536532284174 -0.0252091278653097
"163" 1.8615183713066 -6.62363928087154 6.44780066752469 0.379314043270142 -2.03534997070018 13.2289346697634 -1.49488172213717 -3.98783920290077 -1.67058529541908 -13.8581006364094 0.123497665856405 -1.03589918551097 2.05148346893608 0.600439313419486 4.43580533857767 -0.277635572336294
"164" 1.94184991182259 -7.33895136051592 5.94235021411168 0.718601542925626 -2.04249240190715 13.1685303990633 -1.32183761613209 -3.75707838415997 -1.60776952171992 -13.7463983443723 -0.0526588653862632 -1.38632339579999 2.26457681621606 1.03538463119793 4.99586685715849 -0.497714054516109
"165" 2.00523722044646 -7.86155168950609 5.42884654643808 1.0056259035307 -2.02572612580462 12.9714662491258 -1.15668324425812 -3.51250355994694 -1.53756834417976 -13.5110361560928 -0.204673490193443 -1.67557709748689 2.43310612815593 1.40245016554059 5.42285702379377 -0.683295238091887
"166" 2.04874460762774 -8.19701414123267 4.91748725464197 1.23827731927236 -1.98607468345391 12.6456924147756 -1.00165042935728 -3.25884593615399 -1.46057300910084 -13.1573608822306 -0.331691647243872 -1.90231032087468 2.55519152699259 1.6993396991715 5.71785136036124 -0.833367600522251
"167" 2.07021724621966 -8.35560877766852 4.41714098006059 1.41633413239663 -1.92525224780515 12.2023480034351 -0.858381142877022 -3.00059554490122 -1.37761918664358 -12.6938328639895 -0.433619564130993 -2.06708285754848 2.63041840519983 1.92604946640728 5.88551610095283 -0.94803205023527
"168" 2.06839465037758 -8.35162948133984 3.93522452249931 1.54133303123899 -1.84555913192596 11.6553018299085 -0.727947265869801 -2.74190994135415 -1.28975321684762 -12.1317395983832 -0.511080215819845 -2.17224119562889 2.65981351972689 2.08469858163045 5.93377279987453 -1.02842624143159
"169" 2.04296503189461 -8.202606059289 3.47766284718864 1.6163614021267 -1.74975491297482 11.0205796738138 -0.610893934470937 -2.48654525695599 -1.19818697575305 -11.4847648293116 -0.565339122160196 -2.22171544773937 2.64575176064712 2.17927678716006 5.8733287657501 -1.07660562038291
"170" 2.01094137611094 -8.01988907576236 3.17049593425463 1.64163192330227 -1.67374234989194 10.5269803300251 -0.536067478108635 -2.30932640351489 -1.13174461179528 -10.9830626330932 -0.590724321543007 -2.22588393443402 2.61136284915702 2.21049803381837 5.77161422385007 -1.09276558770944
