"V1" "V2" "V3" "V4" "V5" "V6" "V7" "V8" "V9" "V10" "V11" "V12" "V13" "V14" "V15" "V16"
"1" -13.5576153934404 5.421283706726 0.135808728897956 -1.31479503411379 12.4431382574298 -4.4867346367872 -0.011443615580589 1.22762826950137 6.74755221675789 5.41781843629232 0.0771105172350985 0.890780904463099 -14.8084694069566 -3.64542683087691 0.68259543401723 -1.04455303075702
"2" -14.7126461416365 6.47913747011518 0.107364321858896 -1.67336715659553 13.9638620232771 -5.70268546578893 -0.011332408634118 1.50180700144884 7.60827953547577 6.93572342732625 0.100176996706949 1.18245114675983 -16.307443326292 -5.17815951934901 0.812350909283623 -1.43853409323128
"3" -12.9944078309882 6.58827930461007 0.0322976837937148 -1.82690571406067 12.9254139093297 -6.28504790373049 -0.00816612392776506 1.55173869915205 7.25462872952344 7.70039920593203 0.111717725682546 1.40846184565908 -14.5842211189375 -6.45699685686921 0.831954871501807 -1.78439941312718
"4" -10.1576310538923 5.95176115369583 -0.0381404668843004 -1.75456050199273 10.6065826027343 -6.11146923948775 -0.00429981573854832 1.40822266373337 6.29577102429035 7.51924383718915 0.108089111037621 1.50727503618327 -11.4180663992003 -6.90654519888101 0.769842170861466 -1.97027596397766
"5" -4.84556121990467 4.07957496511301 -0.132352935618556 -1.37587840354672 5.79969392804384 -4.88535880547028 0.00239102938118663 0.955638249582506 4.30916299156649 6.01409317492471 0.0817294759227352 1.56082758866887 -5.14340949850211 -6.46824044626699 0.592982207217801 -2.1410646171862
"6" 0.373145747987977 1.34415417738387 -0.18221751713601 -0.721841870098842 0.575836207054884 -2.53031107725241 0.00899274502966563 0.282611105242864 2.19102385374016 3.02689372533121 0.0296207195940497 1.54517355224652 1.46369104186516 -4.42661535081356 0.359780869465339 -2.23056837046261
"7" 3.87318221114738 -1.76696244286518 -0.159434623511473 0.09689247108372 -3.50376696888033 0.673019979638354 0.0142643258842625 -0.486734214326617 0.544169165148428 -1.10965290138677 -0.0426512048956269 1.51211638857421 6.42084993385637 -0.789097335101587 0.135994569149716 -2.28555411270372
"8" 4.79354626966951 -4.67769166918782 -0.0635494956964635 0.952983618528606 -5.41185855618473 4.17814015446712 0.0179941711804616 -1.22895306939452 -0.30651964110379 -5.67295934970093 -0.122442123085989 1.50651490738619 8.45050497147989 3.8754543305004 -0.0174898152795322 -2.33805939916965
"9" 3.2250090296742 -6.82735991453853 0.0774673818701075 1.74063814146393 -4.94028076362316 7.25936204317591 0.0210107946552895 -1.85674057695877 -0.359997247636432 -9.65858403031558 -0.192231286142352 1.54602523226185 7.3270704686459 8.4938709835905 -0.0580370240322736 -2.38008408950009
"10" -0.00353145827452295 -7.76701746306838 0.218695727936023 2.38528611160609 -2.61285214130043 9.17521072682933 0.0247128003615558 -2.32245435849762 0.146814122633572 -12.0148457516306 -0.233699826910176 1.6160254519591 3.75483459566931 11.7732580226465 0.0314188129354989 -2.36491892626964
"11" -3.74776446514544 -7.2430294545 0.315438693921749 2.82600527337183 0.644720814016161 9.36507415171621 0.0304011053545992 -2.59455354394686 0.878144744365798 -11.9368694135148 -0.232465655162336 1.67961295194164 -1.0557696271436 12.6077730536241 0.239786250783709 -2.23373151323267
"12" -6.96622219620596 -5.2494571209366 0.338475677320105 2.99064571997417 3.88230045406796 7.60795110314936 0.0387000885526412 -2.62856759915965 1.52626476063431 -9.10904998944366 -0.181919852706102 1.69575217292549 -5.86618703959374 10.4368200190175 0.529968546312944 -1.9515196616012
"13" -8.98993678323369 -2.03120128220672 0.282047185717019 2.78726761339396 6.39588015417406 4.08494185313478 0.0492414780254862 -2.35575595181353 1.8906125763273 -3.80403489597387 -0.085016308575895 1.63591259035093 -9.74977491367126 5.41514496219024 0.846179700979974 -1.5320143610079
"14" -9.60066634005982 1.96598970499343 0.163191067676721 2.12286233120767 7.83348368067859 -0.671630988110138 0.0606549874273199 -1.69919422629228 1.90162621917919 3.19006559280177 0.0463395412208882 1.49158399001408 -12.2242194141028 -1.64933910155999 1.12551734386977 -1.03802931126938
"15" -8.95581154818071 6.18557480903922 0.0144675634607836 0.942194600380617 8.16363196613262 -5.91728011719985 0.0708286386314683 -0.609636430525768 1.60056437896414 10.7767543760722 0.193882084474488 1.27078634021382 -13.2127299048543 -9.53924290380166 1.31129877574574 -0.557525128823727
"16" -7.43390014194397 10.0661183464044 -0.12628817365345 -0.731617759318169 7.57092322663892 -10.8731158494988 0.0773704400556419 0.896532157558994 1.09495175108242 17.817105550976 0.33663875814338 0.987425954708669 -12.9153232940294 -16.9509326723938 1.36503217128359 -0.167560512694763
"17" -5.47125811065516 13.1363958729223 -0.225661317363119 -2.77329821866351 6.338455731907 -14.8899300195045 0.0781901517829553 2.71454727652099 0.509450571144967 23.3746310094366 0.454602513608769 0.649656008121383 -11.664100755453 -22.7925121577482 1.2741926726859 0.0979909387269799
"18" -3.43762632442227 15.0787275872611 -0.261392345990316 -4.95927972308061 4.75378089666775 -17.5588395253942 0.0721038155868214 4.65371926626497 -0.0527978089094283 26.8786343344599 0.53158620772561 0.252402169869129 -9.80742254914225 -26.3808543056196 1.05397212385424 0.264796095462771
"19" -1.57192267897028 15.7508256718941 -0.225223131413472 -6.99984986377842 3.05235958081883 -18.7492207209422 0.0593416783453691 6.46545635369921 -0.530368853162493 28.1771503512623 0.556820162535736 -0.222719495019192 -7.63984462967551 -27.5047072576741 0.742832536150104 0.412730407422714
"20" 0.02276609086897 15.1694151355337 -0.122282892611892 -8.59095062496851 1.39717407043042 -18.5763179263781 0.041822873685522 7.88865844661439 -0.904516467639549 27.4836092138652 0.525292206474482 -0.79860513164931 -5.37571497537525 -26.3632326716559 0.393574414850036 0.649229647864559
"21" 1.34093892492037 13.4691184946192 0.031704392868221 -9.47128215863177 -0.114840602280907 -17.3185889404733 0.0230723462815376 8.69914318607005 -1.18582742809785 25.2481630853992 0.437183306099968 -1.48581526078488 -3.15457723544593 -23.4212651256429 0.0628356478075602 1.06753124586612
"22" 2.4171429553008 10.8542669608914 0.213960345982073 -9.46950665008626 -1.4318033724908 -15.3151879133037 0.00772280399876024 8.74942168700386 -1.39469375537205 22.0001777055386 0.296933282983694 -2.26203684468601 -1.06371057542333 -19.2380218499874 -0.198180822584618 1.7017087934546
"23" 3.27415043004395 7.55864405811519 0.397988371270031 -8.53042896904299 -2.52334738501725 -12.8752364674813 0.000662890734709265 7.98948193298509 -1.54412745971552 18.2101412489296 0.112438706015183 -3.05588755009649 0.835519543442189 -14.3231770419752 -0.350265183401689 2.49426874015353
"24" 3.89116676294647 3.85647485047349 0.555250988307137 -6.7366326641893 -3.35751656999351 -10.2476742449847 0.00589962967379876 6.48351750682755 -1.63076464130243 14.2444241696103 -0.103215030555774 -3.73912681056936 2.47386653130141 -9.10527816465496 -0.370712977322455 3.28460887415622
"25" 4.22987855154507 -0.118640985581521 0.664253134490892 -4.19278880809816 -3.92791816167073 -7.49169673337866 0.0261372331010605 4.31153245119205 -1.63964627144665 10.174185607053 -0.341861395208873 -4.17111306049719 3.83447744166276 -3.68663154659805 -0.254332831509146 3.87247752362691
"26" 4.21755156665756 -4.07267884318486 0.701785722199702 -1.15612669875986 -4.19952196875739 -4.71561611112057 0.0614531769731101 1.6807208314415 -1.5491054387788 6.13710042181157 -0.582215168935655 -4.18310792992634 4.83493354199302 1.69225100952448 -0.0179333206592673 4.01484922956297
"27" 3.82305059045653 -7.77446636099171 0.656746594778326 2.09931642680681 -4.1736560119775 -1.96595123119283 0.109223176018723 -1.18469799378289 -1.3503732197554 2.17371339285705 -0.802761822851132 -3.6722587222639 5.44356453409023 6.89782432849287 0.293674978270019 3.55493134707376
"28" 3.07175051125843 -10.9995378039313 0.530413520175458 5.28161117664717 -3.88300647468293 0.685026367993657 0.164359787449442 -4.03846734916186 -1.05552927271517 -1.63609776741282 -0.978811634353448 -2.63217582961897 5.66443617933442 11.7591856487794 0.606755425813617 2.47335165684217
"29" 2.05251609336456 -13.5410606259302 0.33813812591761 8.09408253355559 -3.39451016745172 3.11867844344215 0.219897840639284 -6.62002078684085 -0.699569616072395 -5.13956636405413 -1.0839199250404 -1.17437886791777 5.54301848831722 16.0489045100755 0.82064710733016 0.917248262635439
"30" 0.903514444706673 -15.2269973647673 0.108508710957167 10.2466732844221 -2.80130444932291 5.17856981289222 0.267844032771542 -8.66345819347669 -0.33446901719179 -8.12234432997076 -1.09254266264324 0.481275863032351 5.1591947586806 19.5053273891574 0.817587956515354 -0.817822777258698
"31" -0.215828297560364 -15.9392524772107 -0.120541544491573 11.4759960356021 -2.20582361133947 6.70043115090601 0.300207506575468 -9.91735113172385 -0.0179835904904806 -10.3522863560307 -0.983970726430911 2.04668224911256 4.61022602830494 21.8796236474768 0.482454985131426 -2.34957386457063
"32" -1.15643735122764 -15.6299591835829 -0.308473798651647 11.5812002895361 -1.69913101409935 7.54921329667758 0.310152312298271 -10.181026149111 0.199218643807718 -11.6335309054525 -0.747266256539959 3.22764559443931 3.98985833556966 22.9838882654753 -0.268143319347928 -3.29969906156111
"33" -1.80615806386872 -14.331408247275 -0.420688274397804 10.4739523891412 -1.34201132754271 7.65024773428522 0.293187033630304 -9.35455750654612 0.285044981754709 -11.851174414538 -0.386495782466596 3.79475896848635 3.36985860664845 22.7224697793256 -1.45166857675099 -3.39345949241761
"34" -2.10647681606996 -12.1579973327973 -0.437045239218349 8.229933202447 -1.15203533823883 7.00722477970854 0.248226866336388 -7.48977745858588 0.233905558833484 -10.9961560758165 0.0749541854792284 3.64683254254578 2.78814502109148 21.1008898999311 -2.98865608330811 -2.54566125010206
"35" -2.05804330841963 -9.29974078517046 -0.358019083952911 5.12084425482863 -1.09921870966464 5.70531098376577 0.178273540923684 -4.82210882350842 0.0696000204506859 -9.16905566756935 0.592616874915834 2.84951316060688 2.24535945404801 18.2173379361892 -4.68631042478728 -0.909994345760424
"36" -1.71573612026779 -6.00724711276473 -0.206202382711211 1.60445361665893 -1.11167002263923 3.9009853414357 0.0904287100929011 -1.76197559950288 -0.157732704936542 -6.56659344591873 1.10340246703177 1.63360100298905 1.71025618757525 14.2464077890594 -6.24816500274187 1.12836934111147
"37" -1.17507980850883 -2.56850442220355 -0.0217649844981906 -1.7414019146463 -1.09129436415378 1.80144064311321 -0.00495443532960138 1.16730909556438 -0.380689378444053 -3.45603029645662 1.53325363169107 0.344941904409097 1.13323652472232 9.42362428375279 -7.31659001364096 3.02715284639453
"38" -0.552626963520396 0.720933537225278 0.147814475929266 -4.33720798241211 -0.937540355490597 -0.362966936468297 -0.095958698880608 3.44133362418603 -0.528537915341857 -0.142478468163858 1.80954168410497 -0.64862913061279 0.465878061102018 4.03483176950255 -7.54536328015365 4.22046455927921
"39" 0.0361722952010837 3.59080506878115 0.261325807688252 -5.74694665959623 -0.574510497300309 -2.36894697050434 -0.171320824462008 4.67128849728289 -0.54332873488336 3.06612139530887 1.87592842561392 -1.07113786127775 -0.317717367577785 -1.59064048446061 -6.68762194577039 4.28124539489909
"40" 0.497370540173989 5.82674711178072 0.296622021144685 -5.80719249866866 0.0253889911459027 -4.02820452732047 -0.222633506541399 4.72442699385397 -0.394312247533101 5.89167805225588 1.70597131652512 -0.837959946760748 -1.20359580599217 -7.08788409966945 -4.67514952694637 3.06507039974531
"41" 0.773054858013694 7.29297817673512 0.258153050810648 -4.69381691665762 0.828317781324657 -5.20824173738066 -0.245916681007216 3.78400167587233 -0.0866695189222426 8.11205661484865 1.31145527826273 -0.103770284290476 -2.13054210659035 -12.0712937077833 -1.66316922280612 0.784948538190292
"42" 0.847206108644059 7.94295175127604 0.176064508215887 -2.89449865340339 1.74108391912583 -5.84272649335966 -0.242101421827662 2.31850883316372 0.338131885714766 9.57773492891675 0.742651928364438 0.765813867804354 -2.99630190569815 -16.1603779586005 1.97709223444258 -2.01663234284933
"43" 0.742404465843833 7.8169566331859 0.0963377386246975 -1.08380308985625 2.62875441445318 -5.93077373234593 -0.216307532980608 0.95769812693726 0.810633989376754 10.2182763861908 0.0800807984823138 1.29990048210129 -3.6772034715178 -19.0163416632935 5.7201453205596 -4.60046210227665
"44" 0.509371917395271 7.02893441980632 0.0644716267744343 0.0703248341415019 3.34338305303478 -5.52727821361398 -0.176178855957168 0.30384798402838 1.2480215828575 10.0400932854427 -0.580080577590721 1.0797437101628 -4.05668082786619 -20.3846989920397 8.98730376361573 -6.23515878245053
"45" 0.212989645686861 5.74679600003151 0.107517370740851 0.115804503267782 3.75620895287614 -4.72819029262678 -0.129814870752192 0.730155061823552 1.57106453763311 9.11827641214364 -1.14309225850603 -0.0973973546242632 -4.0551965129562 -20.135838187755 11.2605463230666 -6.41537272322785
"46" -0.0813156732272091 4.17040362655018 0.220206614210895 -1.02051675736675 3.78496996478552 -3.65462510315015 -0.0839087925046513 2.22711113862601 1.71914901294279 7.58505407496114 -1.53120346037976 -2.10024775574129 -3.65325250808181 -18.2942964034065 12.180639274527 -5.02848161691509
"47" -0.318009079940509 2.50945325897328 0.360372399440791 -2.97144555046179 3.40972862710552 -2.43811984011211 -0.0425743847757047 4.35172020285933 1.66040399703381 5.61589946636911 -1.69477500528751 -4.43706733588078 -2.90061933667482 -15.0484753597515 11.6079680949751 -2.41596629184096
"48" -0.457832631119516 0.961147731336382 0.457027073293148 -5.00518372815077 2.67415439291682 -1.20725510779141 -0.00709623382434188 6.31492623077173 1.39578620865673 3.41251250788878 -1.61788642275542 -6.34833798920772 -1.9082277647783 -10.7352442417595 9.63642536805401 0.699634389264247
"49" -0.481201111841699 -0.313307056372651 0.431342648463044 -6.24046238768051 1.67362289801666 -0.0746944608862918 0.0234333533253022 7.20926751972394 0.957493458800755 1.18147965674643 -1.31887626177006 -7.01717694055515 -0.823847941323834 -5.79844165765712 6.56280725546503 3.41788748816725
"50" -0.390352782391119 -1.21241495120228 0.226309044894805 -5.95648718490384 0.535194769031861 0.875519630087069 0.0508643806030591 6.33083829474594 0.402809235123065 -0.890518417334874 -0.846938722850624 -5.85585151105261 0.202294217279075 -0.72705067177904 2.82348178784605 4.94939459756461
"51" -0.210440955897582 -1.71315160801623 -0.164261493541829 -3.90109458945381 -0.604447225128709 1.59821054755491 0.0765759416442506 3.49551031821289 -0.195215321058505 -2.66022653322659 -0.275668397911431 -2.78133231006905 1.05216460716372 4.01343004831753 -1.0845461855788 4.9047130648396
"52" 0.0129533495299086 -1.87594107914595 -0.680085774697147 -0.467851381760283 -1.61879212410007 2.09058021740782 0.100428412188734 -0.785275393597033 -0.758611338256799 -4.04242549014157 0.306197169776567 1.63745892445695 1.6641362251803 8.03809684296766 -4.68003992536751 3.4712349093079
"53" 0.222862201950818 -1.82747861707401 -1.20301441803178 3.36684312520629 -2.40657020648854 2.38512359457559 0.12052651627215 -5.38340003825419 -1.21525670186922 -5.00898925668378 0.806836572460867 6.26331446136464 2.03814472833005 11.072537900616 -7.55653042340282 1.3794982597301
"54" 0.365761464466459 -1.71973015776371 -1.59196064896764 6.36595073642457 -2.8998596213851 2.53173705675783 0.133949862869571 -8.90835441029435 -1.50819772077391 -5.57140522214604 1.14546298135701 9.72995000858464 2.21837886960679 12.9507012565809 -9.41579753418682 -0.370420601924707
"55" 0.406602620295388 -1.67504478187971 -1.73305997079291 7.50336820418352 -3.06391784067679 2.57421384645886 0.138158035309615 -10.2205782334327 -1.60236910972299 -5.75366507371564 1.26627477080854 10.9371534416168 2.25899135620114 13.5904044497355 -10.07711687145 -0.938338949548779
"56" 0.33764410905323 -1.73822597060644 -1.58373800257215 6.38011420152952 -2.8912786423457 2.53020411819705 0.132345155307817 -8.88382071043713 -1.48792629886101 -5.567895618541 1.14892824578584 9.49212015650301 2.18832103885831 12.966273559621 -9.47366221071889 -0.0370043907423678
"57" 0.178457711155289 -1.85814768461273 -1.18965501189967 3.3894029059079 -2.39635685537533 2.38315540323168 0.117913330910184 -5.34272063556227 -1.18028265987602 -5.00423467282155 0.812598507606538 5.87399481597095 1.99080061127091 11.0990916000886 -7.65203587308633 1.92546666428825
"58" -0.0312164562762405 -1.90890536338759 -0.666081321400611 -0.447197668034732 -1.61556082270748 2.08969330842802 0.0977080891275648 -0.739738698977192 -0.717652827671095 -4.03959581573326 0.31244718907584 1.22750350710157 1.61739026392848 8.06865871804462 -4.78217566305011 4.04593020084576
"59" -0.242155667260135 -1.73963192261374 -0.153219790579868 -3.89204694618684 -0.612254864646715 1.59929728301677 0.0745031902520878 3.5372616994315 -0.156759183579069 -2.66129976043362 -0.270535357328242 -3.10114705089654 1.01924517852228 4.04151808804096 -1.1663905461196 5.35189403876575
"60" -0.406355485307671 -1.22855630542972 0.233061879136955 -5.9617124250899 0.519044248025835 0.878236301919969 0.0497171400398884 6.36446089326955 0.433134788957453 -0.895007929700796 -0.843659666205056 -6.04221780588159 0.186590591269464 -0.705447487463687 2.77339759730557 5.20786755451081
"61" -0.485475716885816 -0.320470913765348 0.434521559293813 -6.25458137297983 1.65559321846358 -0.0715301278610809 0.0230296912775714 7.23356250981442 0.977858722465946 1.17581221942021 -1.31726823032919 -7.09288523620489 -0.826943945250378 -5.78435309437108 6.54018430471478 3.52023902677502
"62" -0.456557582233472 0.959193853132888 0.458133534979964 -5.02016815015395 2.65969670347508 -1.20470692774217 -0.00711657560711387 6.33055590808402 1.407445779971 3.40779067074038 -1.61731621491101 -6.36336869777006 -1.90568912458644 -10.7274511442139 9.62986445198339 0.717131742176207
"63" -0.315640422806268 2.50948168608966 0.360622766799025 -2.98230125767122 3.40076236838065 -2.43656108617313 -0.0424888571912447 4.36050513394963 1.66607402318951 5.61295385202015 -1.69466258844582 -4.43161391531794 -2.89736789331869 -15.0448324390494 11.6077106496291 -2.42616592948434
"64" -0.0796600151581686 4.1707913240773 0.220216019601594 -1.02653317329145 3.7805444907019 -3.65386525539813 -0.0838371596948306 2.23134618294296 1.72148139302367 7.58360123742591 -1.53122517268991 -2.09313205555372 -3.65114976143124 -18.2928643264665 12.1816890013927 -5.03990381885342
"65" 0.213787556521879 5.74707776694379 0.10748896636386 0.113108332498541 3.75444976914673 -4.72788108489928 -0.129776158489001 0.731875410085479 1.57187460123365 9.11768356752543 -1.14312915196831 -0.0930492681745818 -4.05423442672281 -20.1353699900681 11.2613785935741 -6.42213995634484
"66" 0.509668850185136 7.02908859282218 0.0644467587301563 0.0693034728435578 3.34281822688712 -5.52716602748424 -0.176161156552666 0.304422110579992 1.24825973346591 10.039880715004 -0.580106474850894 1.08190440288854 -4.05634469159912 -20.384576720353 8.98777730546726 -6.23845149028057
"67" 0.742494743816508 7.81703404406278 0.0963208971060112 -1.08414538139937 2.62860864910557 -5.93073433571769 -0.216299804823983 0.957847563970319 0.810693771672547 10.2182039619173 0.0800661330234789 1.3009103869972 -3.67711083402088 -19.0163200646424 5.72038680577521 -4.60196830885798
"68" 0.847229806612575 7.94298744084631 0.176055049093435 -2.89460466211358 1.74105419970084 -5.84271231915969 -0.242098157706657 2.31853509393682 0.338144885120577 9.57770992408069 0.742644779238759 0.766259962663753 -2.99628108246446 -16.1603778528228 1.97720410835404 -2.01728587966682
"69" 0.773060528506733 7.29299218847018 0.258148786990461 -4.69384809756343 0.828313431622419 -5.2082359034537 -0.245915433645045 3.78400268981378 -0.0866670575363244 8.11204681849478 1.31145230953156 -0.103594313314716 -2.13053828397204 -12.0712944262368 -1.6631241018847 0.784693528947173
"70" 0.497371255362197 5.82675003947509 0.296620493009016 -5.8072011256877 0.0253898710624441 -4.02819809269272 -0.222633153280732 4.72442541246519 -0.394311863165377 5.89166799606971 1.70597021329856 -0.837899147219105 -1.20359674301957 -7.08787820070691 -4.67513401385099 3.06498262476453
"71" 0.0361681096376287 3.59079686356586 0.261325467348968 -5.74694851773597 -0.574504467978642 -2.36892299635176 -0.171321025233176 4.67128596968183 -0.543328146611834 3.06608471718272 1.87592771215149 -1.07111214925862 -0.317724650290074 -1.5906071952279 -6.68761672633264 4.28120775806383
"72" -0.552652700736672 0.720890459416978 0.147815243364079 -4.3372069909949 -0.93751638644838 -0.362862246790684 -0.0959600865202361 3.44132516159942 -0.528532623394661 -0.142638377314995 1.80953971693194 -0.648587794976265 0.465851511021185 4.03498133352088 -7.54535927082611 4.22040183512581
"73" -1.17520198299832 -2.56868161252555 -0.0217605308298232 -1.74139364148255 -1.09120861764208 1.80186442012442 -0.00496021337347941 1.16727502358776 -0.380658803726867 -3.45667744941721 1.53324584914444 0.345082754034593 1.13315406275723 9.42422839768261 -7.31658042206891 3.02693607744368
"74" -1.71622640578875 -6.00790061543501 -0.206185313789405 1.60450796464261 -1.11139055187977 3.9025491652487 0.090407059569813 -1.7621186857744 -0.157597407441642 -6.56898119317754 1.10337340551555 1.63409330283957 1.71002968169216 14.2486201256944 -6.24813403218423 1.12761092036271
"75" -2.05976149119999 -9.30192933097987 -0.357965904323407 5.12114375864303 -1.09838191196789 5.71057732845799 0.178199261065949 -4.82269034713343 0.0701039640266643 -9.17709530612774 0.592517443619343 2.85113151935002 2.2448017041753 18.2247157961561 -4.68620407298499 -0.912470310084245
"76" -2.11188098104203 -12.1646939954112 -0.436900592929078 8.23126437228871 -1.14971791863837 7.02345500447998 0.247992891706026 -7.49193172585717 0.235570266617422 -11.0209291927139 0.0746430913132485 3.65175543247096 2.78690844467394 21.1234007302356 -2.98830447575961 -2.55311020268346
"77" -1.82170588084993 -14.3502197233102 -0.420321130894365 10.4788463077991 -1.33604758630968 7.69614611822104 0.292508907400943 -9.36165321719261 0.290057120887823 -11.9212223345287 -0.387385599263879 3.80846533142721 3.36741257665219 22.7855575850545 -1.45062300878908 -3.41395458186344
"78" -1.19764964223351 -15.6786547254652 -0.307555001573832 11.5965519568033 -1.68483957718969 7.66856776868724 0.30834084866251 -10.20177195094 0.21306506155117 -11.8156668697941 -0.749595799652539 3.26235694981733 3.98566850826521 23.1467332674181 -0.265423382315248 -3.35104525806855
"79" -0.316150891013152 -16.0557692696861 -0.118240194402205 11.5181851724524 -2.17398267275745 6.98627730475468 0.295742654742185 -9.97165287195355 0.0168897088310551 -10.7884636383395 -0.989568752564765 2.12653949892774 4.60449284843276 22.2674036056421 0.488631176451008 -2.46661391348607
"80" 0.681111026725276 -15.4853175772504 0.11412659002356 10.3503966428641 -2.73574947268643 5.80988458364109 0.257681435069706 -8.79217419433678 -0.255186901783798 -9.08563917349949 -1.10493717268652 0.648602334814314 5.154810327582 20.3580134294396 0.829958866380366 -1.06108106868214
"81" 1.60712706227591 -14.0725596834347 0.351024450410392 8.32575721943499 -3.27100550362249 4.40617778239491 0.198516320101817 -6.89926200002614 -0.538009643331204 -7.10405793249583 -1.10929634877883 -0.853550817985706 5.54982437200277 17.7815464916353 0.842861266990894 0.454458425233497
"82" 2.2697626576649 -12.0153185287854 0.557563307939972 5.75650367901221 -3.67251717281326 3.11326229235343 0.122721379730606 -4.59721673028176 -0.761016197171617 -5.34118176038027 -1.02698413904572 -2.06640241242712 5.70719170155746 15.0157086331015 0.643098052972164 1.66413444101454
"83" 2.52524012111492 -9.57840064021934 0.708931760535393 2.99774743568605 -3.85304693232945 2.27700272984353 0.0340325666048145 -2.22053986580119 -0.868868772895169 -4.30084904596595 -0.887675622487507 -2.75117122902429 5.574681476769 12.5670646059832 0.3483037355129 2.25066704974051
"84" 2.32513498679819 -7.0505900194492 0.793550908692112 0.416901745445102 -3.7698808336392 2.16788702315912 -0.0647358233047797 -0.101946576641467 -0.83921538273945 -4.36904591247799 -0.721278084749656 -2.79726553284581 5.15156465291204 10.8508138687654 0.0568233941908147 2.07636546596405
"85" 1.73556920416125 -4.69120428462412 0.812719287039997 -1.64023541099687 -3.43718745476489 2.90146232107318 -0.171173516141671 1.46133506867858 -0.690218281598177 -5.69538098566125 -0.553479123344729 -2.24860393372455 4.49728996095041 10.0732418962246 -0.164873950313222 1.22357747504066
"86" 0.921987516574731 -2.68142879441177 0.77706513843772 -2.8928234419302 -2.92305887139645 4.39262480765066 -0.282252572289586 2.24728474970905 -0.475126850886181 -8.12670061529604 -0.402460440314904 -1.29481139294239 3.72240367657685 10.1644428253329 -0.287139100676768 -0.0199691212710604
"87" 0.653453229229839 -2.13385753946051 0.756662799400345 -3.09061498987103 -2.7391585193688 4.98190222035626 -0.317639233072484 2.31313816015972 -0.40488611238759 -9.06170294436441 -0.359919539479456 -0.953791352175358 3.47402802971013 10.326919147634 -0.305076448297768 -0.428851473321629
"88" -0.110846556050319 -0.683658750920756 0.669749673702213 -3.05191901801504 -2.15102134582729 7.02984460131111 -0.42706469497935 1.93590828117445 -0.214422662036007 -12.2520712898786 -0.243635118102205 0.0883691309645656 2.74698828719295 11.0330086145494 -0.30823176172089 -1.54400334153615
"89" -0.58307917350848 0.38902049239266 0.55378076287414 -2.0518797486427 -1.64210588439177 9.03454105457379 -0.525757765815982 0.751871451356294 -0.122910195834358 -15.3027534851693 -0.153307661407851 0.851888468711877 2.19373645427925 11.6402644078882 -0.259218876596151 -2.08927186482561
"90" -0.61907704049132 1.1900114449416 0.405496952570203 -0.280784048552732 -1.30165366740364 10.607331182056 -0.602193672636353 -1.02161126761408 -0.173731456743983 -17.6284182492226 -0.083420124242096 1.13248258652493 1.87918198003086 11.705472184714 -0.198975305180511 -1.82186698367605
"91" -0.188519820236323 1.8353345395617 0.208549436847164 1.95137476468153 -1.16791763464479 11.4743892769956 -0.642500438668669 -3.07191584376963 -0.374696427220826 -18.8279917582465 -0.0277758652567286 0.872598156087406 1.80338329558151 10.9709872745804 -0.15990615470082 -0.734233512466744
"92" 0.620454270602963 2.41470770554838 -0.0643747249099818 4.27666024329164 -1.2227496261016 11.5240296611093 -0.631955000316694 -5.05040157582971 -0.697588149859087 -18.7532562532827 0.0175402665422055 0.170473261928237 1.90739543409165 9.4218451912553 -0.15625552336428 0.942683271168789
"93" 1.63332112281365 2.97339972357031 -0.445067378771967 6.33707095949876 -1.40489841165497 10.8007629828136 -0.557234716594799 -6.6341012661662 -1.08714261984787 -17.4953587119954 0.0528106247002071 -0.754220441843245 2.09474759914079 7.25893049468249 -0.181204338499583 2.80301962689646
"94" 2.63967505622355 3.51268817088578 -0.959239023540547 7.84049138135333 -1.63260721323685 9.4609524630599 -0.409319806922909 -7.57530814026487 -1.4750340858117 -15.3128126887699 0.0751170711880533 -1.62308766508067 2.25922888365844 4.81319588889816 -0.210654774100021 4.37114546806242
"95" 3.44147216762558 4.00180933759395 -1.61297457628574 8.59478325387113 -1.82480607766273 7.71451234980347 -0.186823435639241 -7.73153764169976 -1.79373563929494 -12.5389173112493 0.0801371210229505 -2.17261144645909 2.30957150136808 2.44086963885768 -0.212417586172251 5.22013979337316
"96" 3.88790091281594 4.39243849524888 -2.37867308855488 8.51926708207407 -1.91539336031725 5.77344957420141 0.100763437709105 -7.07552609252346 -1.98698389350424 -9.50070103180849 0.0645535080476378 -2.2235375233322 2.18541755248214 0.433883543962281 -0.158482826404452 5.07987823817894
"97" 3.89479621189216 4.63002671757573 -3.18458366030468 7.63868843385853 -1.86021037181203 3.81782993853554 0.430828580138808 -5.68909630976592 -2.01600679139809 -6.46585088175203 0.0282559052143654 -1.73247256385457 1.86361450722526 -1.03596955853469 -0.0369864460642475 3.91432489343788
"98" 3.450435381007 4.66127172319199 -3.91309828912679 6.06640310979174 -1.63868887013942 1.98018604947896 0.767595174988102 -3.74556476241222 -1.86225064034766 -3.61957068216179 -0.0243685152038324 -0.812655832763085 1.35687772815027 -1.93534654022859 0.140102684743397 1.94906630700825
"99" 2.61048474813097 4.44020303809316 -4.41228017114437 3.982347177468 -1.25250833324516 0.34405603525542 1.06533748283081 -1.48437627102888 -1.52783819073006 -1.06514546378992 -0.0845085358496931 0.286170616089294 0.707543066218875 -2.35513058934761 0.336961488155566 -0.365213876450071
"100" 1.48493411768062 3.93555310614266 -4.52195408203312 1.6091555811704 -0.722990248150936 -1.0489046732082 1.27516917591977 0.819514727640922 -1.0347412614789 1.16026750167839 -0.140458390209005 1.24044952854911 -0.0214915344606936 -2.47241050617234 0.502868043650551 -2.45508747406348
"101" 0.219722510031929 3.14002221247142 -4.11051347729432 -0.812189323449502 -0.0880310061192944 -2.1878501880004 1.35448122553425 2.88941804930025 -0.423045257916719 3.06232491342126 -0.180260634537845 1.74627335389778 -0.757187316105615 -2.49894186361851 0.588267502632334 -3.77433241397921
"102" -1.02436923624076 2.07938972683644 -3.11332071610005 -3.04688676080877 0.60140158094201 -3.08090346886158 1.27683662209702 4.48132948442404 0.251924252882041 4.66492360705701 -0.194719612044281 1.61807915485406 -1.42686777637388 -2.62735577997893 0.562924950266279 -3.96263619778074
"103" -2.09306552580092 0.817779609913771 -1.56086505266893 -4.890693630133 1.28555271094972 -3.74462100275184 1.03946323377743 5.41572477449191 0.924139324763793 5.98930286924332 -0.179844349663114 0.859955810426072 -1.96746516396107 -2.98637755316152 0.429485889123498 -2.96345328515599
"104" -2.85790797646129 -0.544325405731456 0.413354986212028 -6.19277548756122 1.90123283390676 -4.19603363034324 0.665889601507743 5.60291075252718 1.52342479476356 7.04028336107007 -0.137913984339917 -0.318097848869911 -2.33233870650159 -3.61407995464175 0.226681566799243 -1.05856998224772
"105" -3.23178326406278 -1.88059640447523 2.58909525509279 -6.87405498404451 2.38817633776003 -4.44785850343365 0.202711400884588 5.05813938957803 1.98381167697711 7.80119247209535 -0.0768155041317158 -1.54980084438557 -2.49506589537526 -4.45342908228392 0.0198358111147172 1.19815725232547
"106" -3.17965448044009 -3.05621718768157 4.69561691200605 -6.93663503364633 2.69591135886934 -4.50686229326448 -0.288625450475834 3.90325147902061 2.25275816369184 8.23693141987997 -0.00790575314761099 -2.41660608460916 -2.45040766151209 -5.36846274302675 -0.119079602319289 3.13219420960741
"107" -2.72407410141255 -3.94804276505135 6.45747968636925 -6.45952654860412 2.79031331631965 -4.37488878814449 -0.742632028557182 2.35259023588378 2.2997544442679 8.30300409545606 0.0568621125301974 -2.57602617160865 -2.21328575646137 -6.17468430055683 -0.135759736637056 4.14140376331852
"108" -1.94509961334923 -4.4627998055895 7.63763978890861 -5.57765683016964 2.65886331809214 -4.05183640828182 -1.10030560351441 0.682452037719969 2.12259632951603 7.95766747219636 0.107633932711906 -1.87632762919111 -1.81672000004551 -6.67540896085788 -0.0145642992006287 3.8753888205556
"109" -0.973594587816365 -4.5496851534914 8.06876034017239 -4.4456502380051 2.31360576626128 -3.53986241467661 -1.31716517752574 -0.814073552146056 1.74968173117456 7.1746837065553 0.138437864488736 -0.423668019821889 -1.30911156384602 -6.69699703950209 0.210573889706893 2.35107458108359
"110" 0.0239330513145433 -4.20587548263416 7.66978209475295 -3.19475623001654 1.79084196600139 -2.84818972062945 -1.36790662086053 -1.8810251700925 1.23701574192755 5.95499732622824 0.14773093029747 1.42038639896055 -0.750284549896946 -6.11878067729599 0.459479290968602 -0.0289392780778144
"111" 0.87059136057016 -3.47543559665678 6.45073136724028 -1.89817127688093 1.14686719804402 -1.99797057382054 -1.24808281327661 -2.35166724499112 0.659371719535692 4.33642044478432 0.137822334769979 3.11821733453871 -0.205068132551617 -4.89612216685217 0.62419984782241 -2.56832870238577
"112" 1.41356716268447 -2.44309861796023 4.51152723394691 -0.562410160300715 0.449851536881994 -1.02655635542467 -0.973863508981374 -2.18480216713937 0.0964635358183514 2.40053815504871 0.113592015696938 4.1030118826784 0.266204078778372 -3.0758916736761 0.599985107265638 -4.4696557705447
"113" 1.56214971789018 -1.22452012838608 2.03878021207032 0.844431312829556 -0.230801419007463 0.00991134027393059 -0.580697387565351 -1.47224343283852 -0.38322254974279 0.275270392281527 0.0810267918034242 3.9628831447726 0.619061067100631 -0.802289458284747 0.321991283637317 -5.08894847866577
"114" 1.31866229193554 0.0455900910842502 -0.700850244745226 2.33408220369142 -0.83524316051259 1.03720401958606 -0.12081486050181 -0.41186531932766 -0.736867202457375 -1.86959010632421 0.0460107653225634 2.60821259113618 0.835052321662005 1.69114407620428 -0.203497001282358 -4.17906364297414
"115" 0.788936464169609 1.2265144107804 -3.37783281305448 3.83745168372479 -1.3213518224472 1.96847521799842 0.341380214319273 0.746206893302912 -0.955437491219932 -3.83644680689076 0.0135889531395321 0.353540139272809 0.926892750666298 4.10727175577463 -0.886723379665 -2.02515784152274
"116" 0.161154762982903 2.18551848351638 -5.63564097688965 5.1816035839804 -1.66772857708487 2.7146149076309 0.737085613455243 1.760301893037 -1.06156119461222 -5.42372766927633 -0.0123247950709668 -2.14155374554048 0.935182967281833 6.12855447554205 -1.57088325313543 0.60996136346148
"117" -0.348205032846437 2.81262983878037 -7.14683442784795 6.1304074313457 -1.87015723684347 3.19765396414206 1.00397992418765 2.4427455365836 -1.09599695160866 -6.45581253147509 -0.0289791658284742 -4.07842058826009 0.914938603408103 7.47100130435692 -2.07694924377665 2.74571051536805
"118" -0.565808943338823 3.03467351251129 -7.67854560556191 6.47720188413246 -1.93303403603987 3.36405622943869 1.09820699593647 2.68011123030624 -1.09685949385171 -6.81249531509218 -0.0347403132278288 -4.80725160160728 0.914079165535043 7.93735108554564 -2.26310808681387 3.56409187512145
"119" -0.421235076998244 2.82537193506403 -7.1462471656109 6.13961094937918 -1.86048829678967 3.19461536765974 1.00392322389033 2.43529199725529 -1.08083179905182 -6.45082027551314 -0.0290593318776047 -4.07857880437405 0.951567848488963 7.45677459801431 -2.07555306016047 2.74789411160782
"120" 0.030766939270876 2.20868264887872 -5.63461683217642 5.19899722159562 -1.65228303736376 2.70842878350422 0.736962288112998 1.74621855687462 -1.03555473356518 -5.41363792164668 -0.0124624141568432 -2.14289533902866 1.00618787469801 6.10062915538046 -1.56849603780643 0.615488014183939
"121" 0.631665224116546 1.25514163297657 -3.37660392033897 3.86012803269273 -1.30635222377138 1.95962485748515 0.341182932606657 0.727875594678977 -0.926279026397701 -3.8221321093194 0.0134369742591929 0.349646522681724 1.02385183287913 4.06882798115929 -0.88413767506222 -2.0150709194113
"122" 1.1713818977091 0.0730887292041871 -0.699627415605562 2.35728313242225 -0.826167733233817 1.02724245949031 -0.121075746913299 -0.430561432114899 -0.712748795395449 -1.85360307693094 0.0458925066079559 2.60121578110829 0.941612148110039 1.64909519618257 -0.201613605643388 -4.16468314693702
"123" 1.45270400003696 -1.20362333726086 2.03987315346265 0.863467661099094 -0.229471805537699 0.000943417970091787 -0.580989094794361 -1.48754697286842 -0.369007846109618 0.28956667486176 0.0809693559845783 3.95391125920651 0.715832666329476 -0.839631279199665 0.322681061962157 -5.07276836060009
"124" 1.34982548868018 -2.43073282192472 4.51244093219182 -0.549862325992763 0.445615744344508 -1.03302265835742 -0.974141658631432 -2.19496046997102 0.101058626335643 2.4107909031564 0.113587494463175 4.09448428678661 0.339323945988014 -3.10294724768646 0.599692823717305 -4.45540191730288
"125" 0.842838745328635 -3.47001218841808 6.45144569988031 -1.89153804532589 1.14088209854933 -2.00170083572613 -1.24831031636647 -2.3572603700685 0.658122949347323 4.34231436421589 0.137840819613658 3.11230432876346 -0.158947263033923 -4.91217978595077 0.623571021171301 -2.55880178438383
"126" 0.0162577265831487 -4.20436713814138 7.6702907483359 -3.19194499749233 1.78590439979868 -2.84991458022657 -1.36806706008952 -1.88372792883328 1.23396880826309 5.95772321512931 0.147746426052763 1.41769728054987 -0.725905770915915 -6.1266657324212 0.459046146419041 -0.0245496547231596
"127" -0.973631705644465 -4.54964241760604 8.06908211680755 -4.44469662753522 2.31059129252075 -3.54051236907858 -1.31726321377126 -0.815331739510498 1.74715009048919 7.17571927049391 0.138441899944226 -0.424031403579647 -1.29824369988947 -6.70027931791211 0.210472812479566 2.35191023785956
"128" -1.9437050088893 -4.46301165432419 7.63781897606253 -5.57740900465569 2.65739630656421 -4.05204853710251 -1.10035775763343 0.681853968236652 2.12114598557724 7.9580131753213 0.107630628962085 -1.87571810765439 -1.81258935029396 -6.67662474708301 -0.0144696147701779 3.87471442465176
"129" -2.72311835093382 -3.94817097469149 6.45756791535703 -6.45949544433756 2.78972076894895 -4.37495774472222 -0.742656292718301 2.35231583889168 2.29910885294906 8.30312038259405 0.0568575316085287 -2.57536046960649 -2.21192340976719 -6.17511336448123 -0.135632699829785 4.14056203859946
"130" -3.17923242685725 -3.05626123842467 4.69565569007838 -6.93665433516912 2.69570674012361 -4.50688771752971 -0.288635363699463 3.90314294320029 2.25252430532267 8.23697515803843 -0.00790879664039323 -2.41619435134362 -2.45000779329271 -5.36861367256081 -0.118994438160598 3.13165519358336
"131" -3.23163978857204 -1.88060568527828 2.58911056964868 -6.8740758899155 2.38811448127294 -4.44786845704405 0.202707829203788 5.05810597205354 1.98374110621607 7.801209496517 -0.0768169171241055 -1.54961343620926 -2.49495842023964 -4.45348082582309 0.019876388001876 1.19790669577742
"132" -2.85786852484124 -0.544325826193017 0.413360409363463 -6.19278818380303 1.90121627484656 -4.19603699301189 0.665888459755166 5.60290408374021 1.52340700935632 7.0402890239663 -0.137914473257311 -0.318029704276341 -2.3323118822338 -3.61409599702888 0.226696651786824 -1.05866288249126
"133" -2.09305832855756 0.817781359414312 -1.56086344348657 -4.89070125349372 1.28554954285386 -3.74462099021045 1.03946290201193 5.41572610660779 0.92413627024311 5.98930284348057 -0.179844392912244 0.859977894522672 -1.96746017347519 -2.98638088897115 0.429490434804393 -2.96348428152487
"134" -1.02437698570523 2.07939697779051 -3.11332087846074 -3.04689935911847 0.601405605778197 -3.08089901958527 1.27683650782573 4.48133842039616 0.251926779997945 4.66491615207616 -0.194719132481225 1.6180928275644 -1.42687366357029 -2.62735230014 0.562925981578019 -3.96265680634315
"135" 0.219681664682284 3.14005510569069 -4.11051635311944 -0.812237293660701 -0.0880086172749657 -2.18783178333646 1.35448108239681 2.88945627372695 -0.423032388537038 3.06229376275513 -0.180258293336806 1.74631205075912 -0.757219943678962 -2.49892596123084 0.588267289073656 -3.77439248152587
"136" 1.48477117057611 3.93569262926161 -4.52196644541263 1.60896186858122 -0.722898614807221 -1.04883960124903 1.27516873579987 0.819670056757246 -1.03469116783697 1.16015569539803 -0.140448577536603 1.24060228662347 -0.0216251713449651 -2.47236086130751 0.502866680308671 -2.45532434414781
"137" 2.60989634474565 4.44074467440629 -4.41232683599509 3.98162264327971 -1.25217013202955 0.344260015126451 1.06533611817547 -1.48379511439092 -1.52766036282845 -1.06550338175271 -0.0844709973314366 0.286738026678904 0.707046613379646 -2.35500599598923 0.336958094848569 -0.366091297913954
"138" 3.44851124775606 4.66319474348717 -3.91325922314579 6.06392573679386 -1.6375475192887 1.98074255107161 0.767591342111182 -3.74357727523258 -1.86168063704897 -3.62057868916162 -0.0242370163079499 -0.810731089247383 1.35518321036838 -1.93514031847198 0.1400971230712 1.94609900258365
"139" 3.88911349480622 4.63628025526543 -3.18509299273536 7.63096426500215 -1.85668510916624 3.8190962980272 0.430818756196054 -5.68289679381076 -2.01436556507014 -6.46827617750336 0.0286782655320366 -1.72653258795526 1.85829300666387 -1.03607242932587 -0.0369871708469418 3.90520078634563
"140" 3.87274187494731 4.41110462065421 -2.38015495428218 8.4973091451177 -1.90543659349921 5.77559202139253 0.100740130482428 -7.05788927190557 -1.98273782580796 -9.50536573430111 0.0657992080085066 -2.20686423062125 2.17005734274935 0.431211678813824 -0.158444371070118 5.05438442008563
"141" 3.40481989756972 4.053064942925 -1.61694033432015 8.53776496793944 -1.79910014203621 7.71587209619412 -0.186875132033478 -7.6856935861401 -1.78382271599724 -12.5446027001451 0.0835165982401378 -2.12996695711445 2.2688993034738 2.42691012722277 -0.212227079111926 5.15530861908974
"142" 2.55881240817409 3.64242758822161 -0.968998062500063 7.70480128344548 -1.57188708300919 9.45306585173054 -0.409427616600674 -7.46607026202372 -1.45399761063384 -15.3093381571549 0.0835652116803445 -1.52342198454153 2.16060371676869 4.76109035419951 -0.21001768683368 4.22067082656486
"143" 1.46919406039756 3.27664187376547 -0.467136611311815 6.03998316054049 -1.2734036004858 10.7566888303237 -0.557448095543982 -6.39454488250038 -1.04622020510907 -17.4467508470355 0.0723053432561329 -0.540767840254375 1.87586217852461 7.09886930079482 -0.179491728788889 2.4833041653792
"144" 0.311880826116521 3.07013178858983 -0.110231056247784 3.67600012621438 -0.961047127409486 11.3761310037576 -0.632365550366735 -4.56506830995244 -0.624090319096407 -18.5649716931595 0.0591397947533352 0.590235683454011 1.46227765984523 8.99679187725829 -0.152388914556695 0.319469137045417
"145" -0.72743148599119 3.14711993587912 0.120944015145994 0.826529026023081 -0.688231226907739 11.0796376868264 -0.643299065742035 -2.1606541736947 -0.252351491402123 -18.2947771773441 0.0544639448321931 1.63117288867124 0.971521577293743 9.97090724445059 -0.15253054348932 -1.84972184417711
"146" -1.49229243698876 3.62483463780814 0.251408698831241 -2.23640960704529 -0.490139866703338 9.70406684175654 -0.603813553119359 0.567972634447187 0.0150233492666416 -16.3679917768766 0.0675071806402059 2.39179985603369 0.443851667441919 9.58922740942205 -0.187321931325414 -3.65428722227807
"147" -1.89245494072431 4.5879340471173 0.303859438703768 -5.21449514577353 -0.370602757686711 7.20425274370402 -0.529157318545934 3.33321222688747 0.14624881846466 -12.6950416880521 0.104369044018227 2.77024168085427 -0.10633132747256 7.57142027950768 -0.244896685901949 -4.84738920055315
"148" -1.92742939695358 6.05911296240788 0.29546918739365 -7.81877255717086 -0.294716507879443 3.68726209110017 -0.434156393836076 5.84618760914344 0.138956115201534 -7.41892435719035 0.166530184784385 2.76579158919503 -0.699258745592942 3.87163813901405 -0.29737953779113 -5.33860724225997
"149" -1.68856182936899 7.97396547668711 0.238813009075159 -9.8027763815835 -0.191149994753701 -0.580540771669689 -0.33176440292246 7.85158466140561 0.0206447109089432 -0.927168045276176 0.250103764822136 2.46317637402899 -1.388596827046 -1.27834386297152 -0.309134218612598 -5.18437141514369
"150" -1.34467375687171 10.1311576555007 0.146954235311554 -10.9762542472554 0.0293180120693819 -5.1200847461775 -0.23380714064686 9.14180625889159 -0.154504991237971 6.06383815514323 0.344397667612093 2.0042428075476 -2.23238860773299 -7.27216800340568 -0.249369868718077 -4.55792390289662
"151" -1.08228328336713 12.3347580135669 0.0310360975011861 -11.2893215174573 0.464569571343155 -9.56973292036982 -0.144751379740825 9.65218597791579 -0.328073969925853 13.0156113993216 0.439056980077353 1.51418416424895 -3.32131960303484 -13.5636660655193 -0.0987117080176176 -3.64735928231948
"152" -1.09662981673372 14.2499097196002 -0.0908587910603842 -10.7304931620556 1.18457895289891 -13.3803250610684 -0.0698655720670303 9.35308417795602 -0.434284904175094 19.0976527259971 0.518524862549711 1.10446747825154 -4.69256400615882 -19.2850051762988 0.141183147029778 -2.65075281732334
"153" -1.54020476530694 15.5366022849666 -0.197566852550437 -9.39780713905486 2.2150877681213 -16.0730953090433 -0.0111532983159961 8.3243334177111 -0.417512745905491 23.5799496370308 0.568490237879082 0.837505464635797 -6.33921970093297 -23.6045844121574 0.446256187456015 -1.72623842181019
"154" -2.49237364546971 15.8826324185673 -0.267050992358477 -7.47549694703412 3.51718226305471 -17.2551469424752 0.0311657164658179 6.72994356188238 -0.241105022482248 25.8543711357152 0.5775157079864 0.730869301418352 -8.18224824431178 -25.7884101860078 0.772980418000657 -0.986826138909237
"155" -3.92795712220683 15.0591931712075 -0.28111279794571 -5.21182391790148 4.97288718149745 -16.6754087236851 0.0581558531983681 4.7948952164005 0.101575116486529 25.5187607872413 0.539166089443853 0.768922271088741 -10.0533291690514 -25.3192310183882 1.06643688613428 -0.503854133769892
"156" -5.68917702274297 12.9719601884136 -0.230641090493791 -2.88225846583634 6.37729154984643 -14.279070876278 0.0717876063289076 2.76901489567891 0.576283733931422 22.4600696042956 0.453472604520066 0.916868944353155 -11.6848784182702 -22.0133834608537 1.27173118409814 -0.311471881806028
"157" -7.47032356911721 9.69857631051826 -0.119796374036852 -0.742987849147539 7.44284764345858 -10.2520086241072 0.0746547336980043 0.883539448084832 1.10109489284853 16.9236840727812 0.32751606885644 1.12981130768367 -12.7152301795034 -16.1148845760758 1.34593593118495 -0.403902822035889
"158" -8.83234721554287 5.50304317546426 0.0325199669133696 1.01410009161873 7.8261413050754 -5.03882935487414 0.0696867667840984 -0.688654129169151 1.5496504315324 9.54352182280962 0.175039258249342 1.35140819945354 -12.7223768129422 -8.33365173027501 1.26670134202413 -0.721480995293859
"159" -9.2668943932278 0.818880482548821 0.195228358385833 2.29206422258244 7.18950310509182 0.684181367653949 0.059748568705924 -1.85676133925205 1.77047145179551 1.30370896967514 0.015100706635252 1.49876332390886 -11.3022039421083 0.208078734066561 1.03364234013134 -1.12452264363492
"160" -8.3197966868705 -3.80327030913884 0.332013806143323 3.09555583396752 5.30341096191155 6.0943946642231 0.0471205207232614 -2.61167720718851 1.62442301302852 -6.58838734232305 -0.130224669222763 1.43912103974071 -8.19871917081485 8.14401547945062 0.661476290067185 -1.36535943471608
"161" -5.7564600171948 -7.78123824320443 0.411116236256234 3.50806922322533 2.17460137260527 10.3666386249597 0.0331035605368655 -3.00184777614095 1.03258845099461 -12.917392110416 -0.239270717434813 0.989700055203684 -3.46553897392124 14.1396652875361 0.171407335235472 -1.1030417926695
"162" -1.71198096425242 -10.6081891495409 0.414237603690054 3.63892267956726 -1.84767203523039 12.8557342363376 0.0182382103575236 -3.09465536077815 0.0148502381603919 -16.7323303784472 -0.295570739417059 -0.00233210858550592 2.40424337320107 17.2250424408506 -0.40494064610607 -0.0390166617871728
"163" 3.25417676310575 -11.9592363549442 0.340554965730973 3.55403346186222 -6.05871159874801 13.2726322154342 0.00336767696780527 -2.940352226507 -1.30244647940532 -17.6067878712651 -0.293414652246675 -1.48383657323666 8.46988934335479 17.0868847817678 -1.00188860363551 1.8095502638671
"164" 8.25424643477274 -11.7720602357745 0.205203282061518 3.2340207658176 -9.53832670625773 11.7874561284548 -0.00925461111511794 -2.55935651355594 -2.71512148491249 -15.7856307684209 -0.241579826871771 -3.05080263678974 13.5256892240831 14.1971424733829 -1.49976888507922 3.88875153768186
"165" 12.306285563334 -10.277040276752 0.0356390895419167 2.61291864938426 -11.4421209269142 8.99626913248804 -0.0163724493430806 -1.96587505897381 -3.98870755091119 -12.1249063016415 -0.161535944640477 -4.05865347188319 16.4655733949884 9.68274233178771 -1.7541324982667 5.26637257103266
"166" 14.6262724641753 -7.95400162138981 -0.131907467197124 1.69248250804185 -11.3469113102771 5.73538314155093 -0.0160265183256811 -1.21527562915296 -4.9023969508859 -7.80744544611105 -0.0791871649750462 -4.02810735131243 16.7095372995471 4.94211783497424 -1.68139803073382 5.22733755448553
"167" 14.870760275404 -5.40370462187462 -0.25909959669859 0.632762112433511 -9.47152435874349 2.80464454898018 -0.0096551267511984 -0.433599050296777 -5.2861676262788 -3.93721819735174 -0.0146270380250328 -3.02174112572538 14.4817552153862 1.15283325311705 -1.33114486974796 3.83211044990639
"168" 13.2388108687389 -3.16273033336421 -0.318280992596314 -0.289446291086165 -6.60567815237984 0.719754252171199 -0.00149862384621358 0.21089634733994 -5.06483266116548 -1.19753169934691 0.023631447782769 -1.60367821491309 10.7436836219357 -1.0989639094423 -0.864615423078817 1.87063638968903
"169" 10.3858539205582 -1.54376112456919 -0.305427146888889 -0.839648455843417 -3.73709459729935 -0.394570487070624 0.00434468301461521 0.587385397464601 -4.30466589331933 0.271536093689718 0.0376794319256462 -0.411981194404234 6.76078919929148 -1.88808407160925 -0.45158527552519 0.248335535839942
"170" 8.09413887151682 -0.804035220746954 -0.263613773173276 -0.966516386316925 -2.11880250680461 -0.696951298515273 0.00612518888204505 0.674563106406211 -3.55213851668497 0.687298203282069 0.0372136246632415 0.105974980380779 4.3623195039724 -1.83082612006889 -0.243525854876339 -0.428577418791519
