"V1" "V2" "V3" "V4" "V5" "V6" "V7" "V8" "V9" "V10" "V11" "V12" "V13" "V14" "V15" "V16"
"1" -20.6208483751041 11.3500604910028 -0.133779535053691 -0.784025883680442 16.2234122995805 -10.4086749004795 0.0305491777112081 1.00628044674278 11.1499862319516 14.1138703336667 0.400148596737552 0.361694018953131 -20.6702214900199 -12.4873211823654 0.323268765383546 1.02337464544689
"2" -22.097178310303 11.4867193309096 -0.0882570383375878 -0.886081162705523 16.4790919993801 -10.396578526418 0.0268047396511975 1.12230848190308 12.4188076426977 14.0183968005827 0.396536573667561 0.250010611332982 -21.0605249872798 -12.4233485072212 0.314603531067405 1.13385300330992
"3" -22.8077780778328 10.8658507168761 -0.0148486390339713 -0.926670046769686 15.8621894004907 -9.61144105389667 0.0202555256016694 1.17707799348409 13.3672801018578 12.8547969289568 0.361948553128286 0.0782921669160714 -20.3654991741283 -11.3664606358705 0.290244021993203 1.21578932510602
"4" -22.8353746006357 9.96061361566581 0.0527798429660606 -0.902922491814934 14.9290077882596 -8.57937686816933 0.0143104546307598 1.16633918595835 13.8057572018453 11.3789489361961 0.318446122383875 -0.0760206320337602 -19.2582398935274 -9.99830481837648 0.266166324817277 1.2559880403569
"5" -22.2642844678828 8.09091705563105 0.165634281655343 -0.779147359193303 13.0399947143745 -6.51654851827834 0.00503292978584113 1.06996253554053 14.0747749931486 8.47640970771249 0.232913070348559 -0.331192496705626 -16.993413005247 -7.26639805244179 0.227684806628531 1.29271846314077
"6" -21.1152142193948 5.69635411091031 0.289095897694551 -0.542118679406485 10.7125106341905 -3.92075234073036 -0.00366492753073544 0.87638830481319 13.9380105434808 4.87140878677428 0.126256009380427 -0.615421777743904 -14.203105514244 -3.81778496758477 0.190534440358533 1.31835643581871
"7" -19.5842653285956 3.05032201157746 0.408407971953011 -0.202688390441836 8.25172256883528 -1.08550265389272 -0.00960778762481596 0.600977361797504 13.4301607381788 0.983693094101 0.0102149764741171 -0.911006268426718 -11.2773100971294 -0.0346022844611298 0.160935869174864 1.35335019474587
"8" -17.8737137721195 0.483847286090622 0.506371980754011 0.203011374524067 5.95834760146371 1.62553497855356 -0.0104763761321465 0.281409846710517 12.6095799940058 -2.67211986511938 -0.100826123814045 -1.20327544389875 -8.59878165297312 3.59550695059022 0.142206622957019 1.42377230917918
"9" -16.1487678263441 -1.66273521083258 0.565859936884863 0.612641726547736 4.07163524942399 3.82824587718892 -0.00413256633009951 -0.0222259547913382 11.5456866603083 -5.55731360192431 -0.191960863979261 -1.4850850340008 -6.46986179290764 6.54424666560328 0.133703463812708 1.55845407079323
"10" -14.5065346980515 -3.09094067370916 0.572606089688634 0.941889874715343 2.72810847355629 5.17328449496108 0.0110643569922217 -0.231662984931745 10.3072657630184 -7.18712887338552 -0.250143200431921 -1.76010408817092 -5.05972872319319 8.31902598675231 0.130965194919554 1.78547999600414
"11" -12.9632556593123 -3.58917114136057 0.517726717311461 1.09411863238893 1.94430463852839 5.39722306469889 0.0360098036375121 -0.259168034680556 8.95389578014053 -7.20251377060276 -0.266426116780963 -2.04400249846367 -4.382680163391 8.53761375169927 0.127179977484047 2.12850926686951
"12" -11.4609073090135 -3.06432639774812 0.399445648032724 0.974582362407091 1.62521205592324 4.36122958334431 0.0707209022559141 -0.0200194703394345 7.53154235639965 -5.42372099654904 -0.237678572933532 -2.36305177096074 -4.30941992232817 6.98833177200174 0.115730990723023 2.60335799006862
"13" -9.88997481643469 -1.55550272780238 0.2236546910367 0.507303621574465 1.59403785541292 2.0715552358356 0.11434282417315 0.552829871999052 6.07228000369511 -1.87777242992115 -0.167495126100221 -2.75015195704327 -4.60536184891555 3.66597287540662 0.09325194527446 3.21518093664781
"14" -8.12242312670594 0.771449422574278 0.00317346775364058 -0.348076118909376 1.63489216799903 -1.32045561203563 0.165292220672768 1.49414286339436 4.5973608762267 3.20326337165079 -0.066143312264785 -3.23878219153994 -4.98482000109141 -1.22175404390191 0.062431667227429 3.95647201751126
"15" -6.04771795653949 3.64666835542266 -0.244165968551215 -1.58249879782488 1.5385103380894 -5.53768804746051 0.221509688609558 2.79438657522314 3.12244605428276 9.4113307001353 0.0504624679181234 -3.85575569730281 -5.16841598785629 -7.27723780237875 0.0337852365537401 4.80599569124752
"16" -3.6048680023365 6.73205376561873 -0.498257219759125 -3.12958823399458 1.14199321236728 -10.2119391161311 0.280772541941133 4.39273570129524 1.66362842613123 16.2129165330048 0.162637501076347 -4.61389572749613 -4.93262292799272 -13.9606782753729 0.0257548237077572 5.72869622630242
"17" -0.804550156783193 9.66428014186704 -0.739779419578554 -4.86578246347381 0.355986048741329 -14.9281390108899 0.341007395813278 6.17693582920526 0.242819772930972 23.0125958786257 0.249421826223283 -5.50582495690469 -4.14385835112682 -20.6542874614106 0.0627811777230818 6.6766247972846
"18" 2.26272908225428 12.0987677442308 -0.953030694245399 -6.61949660987557 -0.824092024005154 -19.2715611515587 0.400541372739724 7.99092560982331 -1.10883119782881 29.2201774701894 0.29138798284032 -6.49998554027115 -2.77362103469022 -26.7330607438939 0.171345622342415 7.5909708556137
"19" 5.43392153575735 13.748816179052 -1.12804102250925 -8.18889485138607 -2.32291135368962 -22.8717997330623 0.458241568723622 9.6499311271491 -2.35049215357404 34.3126036810004 0.273420311721566 -7.53979297941987 -0.894880548341007 -31.6322953378781 0.374368325296018 8.40534977184871
"20" 8.49473672955889 14.4153881871744 -1.2616090753445 -9.36637166015316 -4.00354324234064 -25.4384651219245 0.513513251118809 10.96150199851 -3.43456543951262 37.8835368918512 0.18712702658388 -8.54648342385917 1.33720851086866 -34.9036423532034 0.684710152887419 9.05052067621727
"21" 11.21079690939 14.0048035778314 -1.35710409380113 -9.96655334294519 -5.69459567256547 -26.7852578731922 0.566154694288002 11.7498620765872 -4.31256835414493 39.6760978324919 0.0325822043000699 -9.42575196810503 3.71531550603345 -36.2540996878992 1.09881426931315 9.46061282460869
"22" 13.3626552948576 12.533507386594 -1.42309499489852 -9.85377408703607 -7.2205927395801 -26.8409940173926 0.616095779398677 11.88019573002 -4.94280138440254 39.5970091681111 -0.180841352125185 -10.0777255280336 6.01479866047544 -35.5653978019571 1.59169368821495 9.580673153112
"23" 14.7782206825394 10.1207833710473 -1.47107845533424 -8.96474446157299 -8.43013602914988 -25.6479525810048 0.663073085891256 11.2792388134679 -5.29813003141862 37.7129751012958 -0.434701885288518 -10.4092253870331 8.02755845059914 -32.8941443134614 2.11448035045032 9.37491725484142
"24" 15.3557113470605 7.0030632089215 -1.51235518480007 -7.34083417684633 -9.21232528606208 -23.3748658450247 0.705935108013591 9.96421993912793 -5.37270171822442 34.2704660507939 -0.700398523788579 -10.3492668146428 9.57790875981652 -28.5032789259425 2.59159962465856 8.84099469604553
"25" 15.0845624349352 3.35835242531493 -1.55718596525298 -5.04381576856395 -9.53440389621639 -20.1744490114172 0.744228139160953 7.97396718885125 -5.18276005017512 29.483226536388 -0.953368808281311 -9.84939158952329 10.5993411584542 -22.6046143535124 2.94558648499151 7.98525197464187
"26" 14.0178331693273 -0.459697352596777 -1.60953434061321 -2.29088825414328 -9.39116349112803 -16.3605100790189 0.774775872631437 5.48200408080402 -4.76620025513836 23.8017919968734 -1.15487086970427 -8.90480447046139 11.0288527358607 -15.7061633569089 3.06901236736303 6.87410134205129
"27" 12.3014804278887 -4.13973787862733 -1.66810068762902 0.661551235803927 -8.84855031874974 -12.2451542869164 0.794391345495512 2.70413505642114 -4.18413622784306 17.6708567038254 -1.27248816031681 -7.55824778351234 10.9015575030443 -8.31191372197122 2.86894625870809 5.60070518695284
"28" 10.1367807832786 -7.39363059823427 -1.72559435636981 3.52753911781838 -8.01174684525478 -8.14040553248992 0.799424563159107 -0.110551327647727 -3.50979028422898 11.5367512102926 -1.27991041635801 -5.89532188503654 10.3069596718067 -0.941875432867164 2.27455475681563 4.28201127833745
"29" 7.75425383342008 -9.98037540882251 -1.76993662403379 6.02726085406175 -7.0058670226301 -4.33308374539911 0.786248432231559 -2.70962842753431 -2.81915426343164 5.81357845843831 -1.160889208149 -4.03617056994699 9.36936692513962 5.9045177344575 1.25352264760113 3.04396798687958
"30" 5.38587758101335 -11.7243527284541 -1.78643012090834 7.9223431192404 -5.95555317918556 -1.06405289959116 0.751858540999535 -4.86767656871291 -2.18127830446582 0.855179617338763 -0.912395450109216 -2.12217306489765 8.22577696422104 11.7800590342677 -0.174038150627894 2.00303824892035
"31" 3.23904508788962 -12.5268887847233 -1.76047076236091 9.04542899095577 -4.96653109771637 1.48719190349675 0.694492458213176 -6.41251284155362 -1.64964902737037 -3.0660979827162 -0.546478381436941 -0.299735596017854 7.00484147988311 16.3158310973259 -1.9270191467258 1.24714161139855
"32" 1.4751449517421 -12.3707115254874 -1.68028596875843 9.31955342202855 -4.11163808456322 3.21206623427702 0.614160626021999 -7.24340634148712 -1.25590880698326 -5.77338220946194 -0.0904199569990851 1.29614407494955 5.80993860699323 19.2415369429104 -3.8625682133752 0.819827824394451
"33" 0.194942020231565 -11.3173768108236 -1.5391958733926 8.76441905080537 -3.42307552038028 4.07637695454832 0.512986013340424 -7.3386857112107 -1.00680970929963 -7.19188199817927 0.415052359465903 2.55585323758714 4.70848010019131 20.4000712239911 -5.78478768920831 0.711328911842429
"34" -0.567882749013847 -9.498216023434 -1.33700741673829 7.48879747707724 -2.89172282120541 4.11785111677091 0.395273928357199 -6.7519484999292 -0.884835007555409 -7.34821186548243 0.919497045912749 3.40458869365102 3.72848610703102 19.7561491058912 -7.46318212380174 0.859062950665248
"35" -0.844601691901516 -7.09978906310971 -1.08033875629485 5.67060492381825 -2.47335125672248 3.43813043517162 0.267273613726843 -5.59807448366553 -0.852404910244417 -6.36274554194961 1.36816131855835 3.80621082364087 2.86231143881264 17.3985583825249 -8.65954593939205 1.1583265963709
"36" -0.721294493061009 -4.34521312928973 -0.781891456398398 3.52831020721896 -2.10058333376452 2.18999014847464 0.136643044589107 -4.03205109254509 -0.859066081563412 -4.4355946742312 1.70850346280031 3.7618012740204 2.07633265862148 13.5354271882532 -9.16032622737293 1.48169545068231
"37" -0.322261801842501 -1.4730569329995 -0.458891437707734 1.2888122895074 -1.69857707614989 0.560904998420028 0.0116790595217822 -2.22485901624032 -0.850611189590552 -1.82718332690411 1.89704728337654 3.30436300274596 1.32453542306712 8.48194436027939 -8.81010985983266 1.70357691281242
"38" 0.210571724657143 1.2842904831823 -0.131061254638098 -0.842555663486564 -1.2018113700608 -1.24557388812354 -0.0995827433474687 -0.341041978152589 -0.77875325659673 1.16518016489727 1.9056364943674 2.49180725646875 0.563396814731504 2.64030724084955 -7.54107341671261 1.72496831935132
"39" 0.739277604808535 3.72078596734536 0.181465009189651 -2.70483759944182 -0.56912969601666 -3.02891458103704 -0.190268179950579 1.47803614714394 -0.609849859031272 4.23291888221956 1.72614155082317 1.40040135826712 -0.234673133125852 -3.52769916894363 -5.39323431541197 1.49317010723462
"40" 1.14944333818153 5.67353653056307 0.459925302130159 -4.19366562908908 0.205565876547723 -4.60935736455167 -0.25543070480893 3.12277052553509 -0.331271119183782 7.08187020186779 1.37280584283735 0.12017714366084 -1.07175056759411 -9.53424419637781 -2.52125489686296 1.0121398728952
"41" 1.36480915639595 7.03463591526361 0.688188479156224 -5.26181955912398 1.08890015083557 -5.84261419359882 -0.292568971053015 4.5153641471461 0.0456654428369063 9.45580307003775 0.88169760007122 -1.24738606128085 -1.92037681617717 -14.902947436575 0.814689827737311 0.341181907511782
"42" 1.35502477760258 7.75691730818471 0.853444461506569 -5.90965140043772 2.01079303981896 -6.63012544065327 -0.301820335940192 5.60317026742337 0.486750341100247 11.1556740089477 0.307126385298261 -2.59041538560268 -2.72578878904915 -19.2073408842321 4.27410796786899 -0.417712616763311
"43" 1.13564106238914 7.85316395808422 0.946451581011388 -6.16905835953548 2.87410761528218 -6.9240004679516 -0.285807263833306 6.34885777131944 0.939852044107454 12.0529278472504 -0.284667052418172 -3.78845698961231 -3.41397347972861 -22.1067670693485 7.47499355012042 -1.14097332679376
"44" 0.760706431726476 7.38908199543675 0.961577108475012 -6.08591381980659 3.56969748349275 -6.72641630184694 -0.249169431771634 6.72166484042327 1.34308265790594 12.0957826898857 -0.823802606050322 -4.71736445903662 -3.90409012578175 -23.3760648632872 10.0414259790778 -1.70821532288392
"45" 0.309523885023737 6.47111293153375 0.896883371107151 -5.70582319642381 3.99443213272417 -6.0839381052308 -0.197863611450884 6.69351714961954 1.63489774112463 11.3082270255832 -1.2459410667667 -5.25895267746819 -4.12304871318497 -22.9257802502977 11.6534651416932 -2.02517172390071
"46" -0.129959966661772 5.23083357939777 0.754428527023265 -5.06675010573781 4.06924093906997 -5.07785210554857 -0.138347416002148 6.24213914945813 1.76452166639024 9.78229002012222 -1.50106294682121 -5.31563099534833 -4.01968290511559 -20.8105184865628 12.0921406156594 -2.03997750212147
"47" -0.478171759911447 3.80814303600255 0.540793314069106 -4.19979131435684 3.75417453761656 -3.81206612119422 -0.0767761880589433 5.36088373094003 1.70100238676156 7.66489848469837 -1.56055230288155 -4.82827487074246 -3.57605878490131 -17.2243206851651 11.2727765748896 -1.74983531766338
"48" -0.678387253522033 2.33557490789553 0.267663968080569 -3.13677560447832 3.0579401204858 -2.40035687052705 -0.0183331533307864 4.07250328240639 1.43939029667746 5.14118641276309 -1.42149138809771 -3.79374434004421 -2.8139802280657 -12.4834147473548 9.26142905430606 -1.1975922180136
"49" -0.706234919944336 0.925846602674937 -0.0478401855116317 -1.92115644396836 2.04024147041719 -0.954686043741731 0.0332159078221821 2.44222939912015 1.00297627921844 2.41638437015445 -1.10745061440093 -2.27734635857632 -1.79557461243803 -6.9981231990987 6.27159295140518 -0.460201270863763
"50" -0.57272163499033 -0.335823605276346 -0.383452487117211 -0.617521069738359 0.806392929347567 0.424025178595457 0.0756948161913442 0.584944955905939 0.4411428548309 -0.301656873124557 -0.665561398216482 -0.415658115540282 -0.617809692294259 -1.23687481916386 2.64117147440993 0.36724202548794
"51" -0.320451034166581 -1.39395701195099 -0.71293728451883 0.684663883406756 -0.505111883781126 1.65182520196959 0.108415637975554 -1.33777219312083 -0.176921068831007 -2.81764392885998 -0.160209889454563 1.59334734547883 0.598266268727684 4.31401862367261 -1.20746787019743 1.18765690865985
"52" -0.0139289389037458 -2.2199253692097 -1.00824399075918 1.87573385794167 -1.74030558026442 2.66419867761169 0.131849086991906 -3.1325211124406 -0.771729835081146 -4.96068107138035 0.335799210424966 3.51324517479225 1.72200058004887 9.19097999223368 -4.81913851465288 1.91480409758515
"53" 0.274091577478885 -2.80518038265654 -1.24245443265545 2.83893338335474 -2.75015278685868 3.41556907540235 0.147147493917146 -4.59938011892359 -1.26480299908718 -6.59246295601042 0.751368913328633 5.10232642984192 2.62927250108214 12.9906611337942 -7.76236727001378 2.48089904457447
"54" 0.477568912164543 -3.15254353070577 -1.39308267704064 3.46913852743455 -3.41067970835041 3.8768588720136 0.155621421800674 -5.56296600494443 -1.59003204603499 -7.61217793357173 1.02707887863198 6.15126230832539 3.21805579619399 15.4014801455558 -9.68338110042532 2.83909943769686
"55" 0.550559373828946 -3.26779801504017 -1.44511828565874 3.69234045712074 -3.63989638218249 4.03240076298744 0.158273555773008 -5.90245897733053 -1.70336052499067 -7.95893561318462 1.12355837150653 6.51785190535884 3.42130512202675 16.2272080201421 -10.3505145766612 2.96256760206597
"56" 0.476466371563674 -3.15365598279095 -1.39318778804363 3.48046555199471 -3.40905497367663 3.87745294445949 0.155478710715784 -5.57348802900879 -1.58927839366777 -7.61267255701659 1.02704894828844 6.15152883614064 3.21546056613306 15.4014089261859 -9.68331397290603 2.84252713440219
"57" 0.27137770461286 -2.80756192037188 -1.24236282749644 2.85726024411269 -2.74661341795854 3.41722810654255 0.14686961071618 -4.61647076062991 -1.26312012105745 -6.59429671886483 0.751348483917127 5.10225966834696 2.62345919987615 12.9921684899466 -7.76262373685313 2.48736039768846
"58" -0.0191579209242718 -2.22386343550079 -1.0074310478708 1.89351426225403 -1.73432919740401 2.66778089155514 0.131449398302152 -3.1492904724048 -0.768804661016304 -4.96538179600338 0.335854388899179 3.51184406536049 1.71185849559583 9.19699478379471 -4.82038263353024 1.92354063226958
"59" -0.329314040397776 -1.39983469072013 -0.710787127601179 0.693015479739188 -0.496043507933621 1.65844961518678 0.107909779125976 -1.34612270474418 -0.172361470467649 -2.8271716102854 -0.160008353674698 1.58954281077604 0.58243480961778 4.32813892435729 -1.2104385183884 1.19760064351431
"60" -0.586391286704384 -0.344105031704203 -0.379397759765197 -0.626704298329059 0.819227377647678 0.434974819871513 0.0750948925156081 0.592375787050514 0.447761326143336 -0.318188797810762 -0.665163944272877 -0.422632762041758 -0.640658989377926 -1.21100473780302 2.63588236079522 0.377078692108626
"61" -0.725897447658099 0.914571200054525 -0.0414618407969556 -1.95343082614818 2.05744891574381 -0.937938910637513 0.032521609610626 2.47042753184678 1.01211573261327 2.39047641853267 -1.10685335656444 -2.28763296271791 -1.82648960873462 -6.95718701967371 6.26372860372794 -0.452001352401567
"62" -0.705425848494542 2.32043933270143 0.276615891425763 -3.19412281120822 3.0800520369221 -2.37590303084562 -0.0191480532629384 4.12310253944929 1.45164897653586 5.10300411988283 -1.42075673275406 -3.8066186098149 -2.85359910953844 -12.4243062485084 9.25118806841056 -1.19284486441757
"63" -0.514660076549035 3.78769864933474 0.552480207863937 -4.2804836303585 3.78177537374864 -3.77698516409964 -0.0777844074817722 5.43197096481413 1.71734003367834 7.61017117472556 -1.55982720690702 -4.84195077611366 -3.62468461042408 -17.1433404754753 11.2608644466309 -1.75090690233628
"64" -0.179530610103257 5.20252366121531 0.76911068633035 -5.16597163038023 4.10329928529211 -5.02720054207248 -0.139699437256809 6.32869897251157 1.78663116878329 9.7038549785193 -1.50060056235145 -5.32701744163933 -4.07763633748255 -20.701740225895 12.079784796897 -2.0503421984904
"65" 0.240390621011329 6.43044818905764 0.915210057324884 -5.81671003272459 4.03690833724511 -6.0091722887596 -0.199834738342702 6.78818820763013 1.66572372090951 11.1936585444373 -1.24613486738076 -5.26324113375449 -4.19135915931133 -22.7784623162627 11.6424473930238 -2.05034736609377
"66" 0.660938747252317 7.32841546281179 0.984974234241236 -6.20058446107396 3.62450947555493 -6.61309666154443 -0.252229399472412 6.81539581387938 1.38746931031076 11.9239572412521 -0.825243918319188 -4.70733394144918 -3.98557032257804 -23.170968622873 10.0341916525322 -1.75713144120527
"67" 0.987340495361536 7.75994228849959 0.977609514032338 -6.27921555656212 2.94854121167253 -6.74859552136445 -0.290720893610285 6.43106199951535 1.00529186670857 11.78927087803 -0.288237034081817 -3.75342003525293 -3.5147086062891 -21.8112040042183 7.47488853738469 -1.22777825877711
"68" 1.13069396931724 7.6112749880167 0.89691939924046 -6.00641380855632 2.11743349804829 -6.35571866276587 -0.3097890160563 5.66105144983862 0.584210412830657 10.7458079861735 0.300120855332807 -2.51478480680089 -2.85705518802774 -18.768736647535 4.28577427407072 -0.563969154842198
"69" 1.02399266023531 6.80621210020945 0.751139240244129 -5.33455112500633 1.24812046615767 -5.41333488170108 -0.305422836375953 4.53219212371323 0.19049345988924 8.81733822222986 0.869338003559506 -1.10890956496587 -2.10097539369667 -14.2407207072404 0.844623621816936 0.104030725531629
"70" 0.634758340751432 5.31744475270989 0.553007265280257 -4.22769792246436 0.448513391962024 -3.94343264000531 -0.275879272152395 3.07501428756223 -0.118317777186775 6.09418536948033 1.35232543574807 0.352390692271001 -1.33067523173986 -8.52989426790145 -2.46401199850334 0.64023367104528
"71" -0.0280939307934887 3.17276692287669 0.319889305099878 -2.67813067956195 -0.197267743905002 -2.01039845851028 -0.222211785051229 1.33141858320369 -0.301373311326671 2.72500646121853 1.69364563289662 1.76785154032405 -0.613912135843293 -2.01321742306709 -5.29633955290592 0.927916826258297
"72" -0.914511414844924 0.455235100572281 0.0736737819572681 -0.721527829318802 -0.638705645304299 0.284928833820231 -0.148477493026007 -0.636304513869391 -0.33921212838851 -1.0979939446861 1.85579834772375 3.04825292164605 0.0063215316415608 4.89521190509004 -7.38817762193321 0.891355365660274
"73" -1.94071182088351 -2.70281235103266 -0.159850184029438 1.55384159158893 -0.862509931356385 2.81582914231103 -0.0615755728949239 -2.73913397535011 -0.234571873377973 -5.15881356915634 1.82281282728752 4.11673062656337 0.514934527894752 11.7827783238636 -8.58036618453116 0.509624533602619
"74" -3.00240018693103 -6.13115475991526 -0.352329507384411 4.00741391052907 -0.889965162306169 5.44355322913339 0.0292787042276359 -4.86094940406178 -0.0094482808194698 -9.23998665147928 1.60085358652111 4.90983134997077 0.922516745509938 18.2742981402262 -8.82831813016128 -0.180330563467578
"75" -3.99129849214012 -9.63710138827355 -0.474944533553526 6.45749506695211 -0.769003442539599 8.03254515117737 0.11339064050452 -6.86578611463835 0.300726115399073 -13.1446416777553 1.21599584791898 5.38027549552498 1.25861840177038 24.0615646446529 -8.19585889060909 -1.09161934957956
"76" -4.81182298382794 -13.0230310271581 -0.501141693293448 8.70225139008289 -0.562839832447708 10.4648397507751 0.179640863341149 -8.61231111617303 0.654379985134938 -16.7153317548591 0.709714555219534 5.50116157779848 1.56219313523343 28.9236426199783 -6.83582216698051 -2.10406290604442
"77" -5.39473368304107 -16.1039494468205 -0.409728795786805 10.5472979476199 -0.337457095941318 12.6515029875886 0.217642583355087 -9.97318772897052 1.01097252811604 -19.8470360725723 0.132901073471771 5.27030186118645 1.87129790369227 32.7362456055408 -4.96157347960616 -3.08547281927895
"78" -5.70526001711119 -18.7230051995602 -0.187967370901333 11.8351599407561 -0.150234007252322 14.539405658533 0.218880694308552 -10.8556383052214 1.33661400035922 -22.4925056640295 -0.460657358643289 4.71287574693997 2.21412725829612 35.4698713123984 -2.81448672199986 -3.91272095321619
"79" -5.74443552292973 -20.7632192094879 0.16573102452503 12.4713320293686 -0.0416106459227876 16.1123525907601 0.177722753553496 -11.2189883622545 1.60723218858729 -24.6592404237954 -1.0204320439218 3.88077863759827 2.60304212063511 37.177730272904 -0.632349180859819 -4.48831174208317
"80" -5.54386302539103 -22.1542258365353 0.63986638709207 12.4420953236877 -0.0309726649573179 17.3865165821489 0.0922131354544717 -11.0853364674665 1.80906792929616 -26.3986777459104 -1.50419934441857 2.84784790287813 3.03255145469836 37.9757281953903 1.37716308353811 -4.7497530428227
"81" -5.15551554133481 -22.8735258095958 1.20895978581393 11.8205405367844 -0.117054569458617 18.4010889376202 -0.0354132646634753 -10.5406246913499 1.93694261908641 -27.789431901253 -1.88148722514006 1.7012883849311 3.48137021894627 38.0176989592585 3.05516670439101 -4.67114726905129
"82" -4.63912585600758 -22.9425200102437 1.83390930414544 10.7591452607285 -0.282270359667336 19.2058778880296 -0.198538595408309 -9.7250515561999 1.9911975376574 -28.9174152694968 -2.13521630274693 0.530725717922905 3.91785659997925 37.4695920368431 4.30122908172962 -4.25846257387457
"83" -4.050028127818 -22.4183132566936 2.46369539862303 9.46945912124102 -0.499640441817178 19.848102891287 -0.386314774487118 -8.81367929045041 1.97437009448362 -29.8561976564329 -2.26160307470639 -0.582959893763473 4.30745646214984 36.4862954165451 5.07433272776507 -3.54132580081932
"84" -3.4299675949552 -21.3828316904282 3.03844612829926 8.19162758442872 -0.740538117812719 20.3607422209936 -0.584174154127709 -7.98992267661788 1.88855872036976 -30.6508991651749 -2.26861230310033 -1.57673928696749 4.62037009390372 35.1941939251097 5.38666088185528 -2.56456292037183
"85" -2.80253513716787 -19.931089315588 3.49378118456207 7.15829000491431 -0.981421807357322 20.7544687674181 -0.774701963166024 -7.41605554370119 1.73412120070751 -31.3082609118051 -2.17338572862161 -2.41069530884852 4.83760734633813 33.6814883744624 5.29243824948389 -1.38207462993887
"86" -2.17375751312863 -18.1604162374156 3.76625583047348 6.55850285238739 -1.20806980612332 21.0145169931986 -0.938861658792177 -7.20565960523072 1.50995735688136 -31.794412884612 -1.99912754441186 -3.06861761951586 4.95397209812427 31.9968976916398 4.8742811944594 -0.0542573441707646
"87" -1.97381501009215 -17.5490536424395 3.80500680537602 6.48002912920674 -1.275888317903 21.0633582943319 -0.982185364497184 -7.22401717901539 1.42437215045385 -31.9022155312991 -1.93173964616346 -3.24020364644093 4.97073853268023 31.4316164206068 4.6900763789381 0.385273111103743
"88" -1.33259069991789 -15.4961011814953 3.7530821819571 6.61191527432311 -1.47914942238467 21.086680041501 -1.08273100875698 -7.54660595702489 1.10755528334852 -32.0539262835191 -1.69324938087755 -3.67448102312483 4.96783114719767 29.5404870591494 3.99420589415058 1.80019074910524
"89" -0.670246201057239 -13.3186751156823 3.41013857445796 7.30114681601663 -1.67041860261892 20.8652297570839 -1.11558497810836 -8.21390915642996 0.724072910355716 -31.8426856950146 -1.43560247515234 -3.96029258057388 4.89456601943539 27.4824729200249 3.20081716622553 3.19043427816359
"90" 0.0156431932026635 -11.0810599038596 2.76171638933852 8.44194268876709 -1.85686227418677 20.3396089892494 -1.06859384869034 -9.09259240319432 0.28436547601919 -31.1721371414542 -1.18118998870295 -4.12022821379651 4.76927531159151 25.244075655865 2.39724560705872 4.46720597863168
"91" 0.712867083104697 -8.83793585636658 1.82076335702232 9.84643726655122 -2.0416450419994 19.4601670578581 -0.935744320336994 -9.99600666812501 -0.192329241906634 -29.9626833833104 -0.947839030918203 -4.17382964338321 4.60417517963504 22.8208086674183 1.65457714886725 5.53633944199828
"92" 1.39129285968363 -6.63861171228018 0.630931118987746 11.2719474836904 -2.21953705884943 18.1975817616042 -0.718691399936631 -10.7133058632382 -0.677454909158712 -28.1663930659329 -0.747995319926758 -4.13436291345715 4.40125549014476 20.2253493485606 1.02451074482997 6.30692093914695
"93" 2.00430828252752 -4.53158581587286 -0.732814607037199 12.4565894816951 -2.3748937174403 16.5504236977611 -0.427703847817952 -11.0435224543046 -1.13456220132997 -25.7770502652861 -0.588517044779678 -4.00889456047298 4.15156105179562 17.4902333103524 0.538570081151192 6.70373447866587
"94" 2.49499287647723 -2.56807876449693 -2.1669327557247 13.1576860797104 -2.48258061921493 14.5486091441246 -0.0817864665028765 -10.8290937470525 -1.52271215468926 -22.8341051891907 -0.470976219058343 -3.8010846700854 3.83803120051562 14.6651567484816 0.209131522133248 6.68116637077765
"95" 2.80596553541136 -0.803452129736797 -3.54578429411117 13.1871102294372 -2.5116802111144 12.2524220162218 0.292201540192195 -9.98336313453569 -1.8014538695937 -19.4204328002866 -0.392355294428853 -3.51533331322571 3.44107513348831 11.8101987947667 0.0317799714084686 6.23521234735381
"96" 2.89097578303176 0.704110634272183 -4.73182169239362 12.4383629558943 -2.43117507299482 9.74754353430944 0.661506858510677 -8.5075232460091 -1.93659959649204 -15.6548506278418 -0.346032811912664 -3.16057674562035 2.94537715024137 8.98713140518691 -0.0114042173536291 5.41010409055161
"97" 2.72580346731365 1.89771576831117 -5.58893601734076 10.9016228119817 -2.21639620765077 7.13712747214981 0.990451841154879 -6.49414169134297 -1.90579483042669 -11.681092058167 -0.322961117377872 -2.7522261796621 2.34620542483765 6.25127479891353 0.0520492016639764 4.29692434333992
"98" 2.31604147710436 2.72813545646022 -5.99783375811899 8.66495355656298 -1.85491339860371 4.53230519842327 1.24418120721447 -4.11652972416437 -1.7028556279279 -7.65526297721908 -0.312943850692704 -2.31141992568882 1.65373020543063 3.64604661202236 0.189198976924672 3.02326083245862
"99" 1.69987961721495 3.16142024741566 -5.87179045880839 5.90198909526589 -1.35071123119278 2.04256591637477 1.39279623465478 -1.60544189764255 -1.34002532270159 -3.733712553651 -0.305918540040238 -1.86171712826035 0.894407158927834 1.20154571870773 0.365861265090643 1.7350692057953
"100" 0.944979940179678 3.18638421106789 -5.17075843529665 2.8483975210911 -0.725865857235817 -0.232738029835673 1.4153662989296 0.783410394724797 -0.847649580595942 -0.0628000853671438 -0.293143018536853 -1.42430146431434 0.10916356952805 -1.06258551850374 0.550367961510347 0.573933283492806
"101" 0.139727276564599 2.82049105767965 -3.91169002033371 -0.229032320630722 -0.0194161516716349 -2.21088831300631 1.3032506960256 2.80608762790985 -0.271211922089918 3.22861848600996 -0.268179995855007 -1.01338024252618 -0.651228256079889 -3.13090485513067 0.716519175053691 -0.345725460298127
"102" -0.619703936763926 2.11281468980724 -2.17314365186985 -3.06595203226061 0.716388417717837 -3.82988775391232 1.06219028875495 4.26574538705154 0.333873999003657 6.03385908114979 -0.22757938201687 -0.633538239839254 -1.33270838138571 -4.98430960252472 0.845395294671107 -0.954638505645562
"103" -1.2441494805164 1.14313258072343 -0.0927852837032788 -5.43180944822598 1.42186240118224 -5.05016767127813 0.712745399178743 5.04107237681535 0.908937457030248 8.270689323635 -0.17117843506503 -0.280276554178272 -1.88524308148112 -6.59284912242845 0.925847312437327 -1.23793949084939
"104" -1.66538970316913 0.0167796977566468 2.14276111213758 -7.15477034470132 2.03678934991291 -5.85429108754329 0.288854503212519 5.10338939982375 1.39916910794884 9.88202969630674 -0.101977073726175 0.0560349240986397 -2.26964703797478 -7.91145371937739 0.953712092406931 -1.23366669283132
"105" -1.84661246328074 -1.14444487083438 4.31522553119248 -8.13721546369379 2.50743328144495 -6.24522802820729 -0.16545703521615 4.51969386420592 1.76010267935317 10.8359645435039 -0.0255964908626538 0.383744232130994 -2.46279696455076 -8.88027526187204 0.930051655959687 -1.02100465157127
"106" -1.78743796071649 -2.21437560297363 6.19759883920437 -8.36044360711639 2.79266841188752 -6.24382437136001 -0.600914776004288 3.44112475333668 1.96250340613571 11.1257745606995 0.0506140681046645 0.702982414790313 -2.46042376292962 -9.43038430750551 0.858923030325968 -0.701153266491019
"107" -1.52256532086187 -3.07611148293381 7.58011461467663 -7.87893238123252 2.86842615274406 -5.8859978359244 -0.968825908490317 2.0786271345745 1.99499553580259 10.7703446814999 0.118705012365695 1.00059351222444 -2.27709822893803 -9.49440697924649 0.745281327617704 -0.375386596439057
"108" -1.11431734829796 -3.63539367841167 8.29612441064978 -6.80604249625321 2.72995902810356 -5.22001910649283 -1.22716522339886 0.669648152542095 1.86415975504195 9.81487025308388 0.17133332861772 1.24902392015065 -1.94351095289585 -9.02054550614946 0.593562689489772 -0.125356577220373
"109" -0.640532740160893 -3.83189509951626 8.24444165151863 -5.29416143465096 2.39177950938648 -4.30402846345078 -1.34609466671844 -0.558836821705427 1.59226585674452 8.3313944486672 0.202878075727199 1.41025399840146 -1.5016105038236 -7.98753922899391 0.407287067517245 0.000118985903100111
"110" -0.180155025346835 -3.64681555240713 7.40497125516458 -3.51281652765101 1.885482896871 -3.20375190785171 -1.3121294846261 -1.4250393128109 1.21319463007623 6.41845763416677 0.210304734246165 1.44437747685151 -0.998522125844147 -6.41767191983718 0.18971176173909 -0.0105731114163063
"111" 0.200688276842811 -3.10564608960431 5.84516175669842 -1.62820207012373 1.25594518095562 -1.9902561756287 -1.13031780069906 -1.81921569871986 0.767371348748725 4.19908533260923 0.193654625795489 1.32091756894806 -0.480351873524 -4.38502027568848 -0.0547604885250621 -0.136269850205281
"112" 0.459433325494956 -2.27560421724866 3.71593166662524 0.213075557985576 0.556552984932637 -0.737540475459809 -0.824054890803097 -1.71832900318429 0.29662991788976 1.81649999015144 0.15609060310112 1.02988847496454 0.0130510825667898 -2.01677116253336 -0.318963748759415 -0.333991433159099
"113" 0.582626963262783 -1.25795132801613 1.23708557655937 1.89427205641186 -0.155846932168458 0.480195727095179 -0.432473586887909 -1.18617608349405 -0.160164127062131 -0.572718662565876 0.103495069849714 0.589341742685065 0.45154428869796 0.513486877698597 -0.591777980676852 -0.552739505001227
"114" 0.585322100592293 -0.176082301424685 -1.32634091267028 3.33226548212224 -0.825686167601134 1.59166382645799 -0.00569220937455839 -0.359060717911007 -0.570156757978197 -2.80784830332914 0.0436807027152781 0.0468235268199351 0.815927902109593 3.00025364016142 -0.857901949635561 -0.746183025636128
"115" 0.504649898821185 0.839168241396692 -3.69408911236587 4.47545928156615 -1.40269168113701 2.53189269752079 0.401488917603615 0.580476648636022 -0.907993132235475 -4.73496507960454 -0.0146716499853028 -0.526334621128626 1.09701797532091 5.22678264173419 -1.09885988469796 -0.881181686301716
"116" 0.389109870838752 1.66519873363086 -5.60337414284368 5.29743368025265 -1.84498858271422 3.24571293245253 0.736618716944633 1.43734077302338 -1.15589683856174 -6.21856393350572 -0.0631969248166797 -1.047065728897 1.29305613457814 6.98917751358749 -1.29515330034155 -0.94079323328333
"117" 0.28600276507143 2.20236453561301 -6.84014175752532 5.78851930514793 -2.12129014037902 3.69100331247523 0.95641143313793 2.03918733823139 -1.30278415454049 -7.15256651639538 -0.0949861090750801 -1.43636518251878 1.40627665378815 8.12047064197873 -1.42912465989684 -0.922310677080532
"118" 0.22979143964244 2.38594705572359 -7.26485227315902 5.9475942351346 -2.21230382271392 3.8413468317724 1.03241864991577 2.26729620931292 -1.34301304235885 -7.46938502947705 -0.105525650620393 -1.6351268905637 1.4395816492638 8.51109873760629 -1.48787054220156 -0.832359414052917
"119" 0.233932241802336 2.19390949644094 -6.82941724995908 5.77611097773297 -2.11152118399906 3.68777575471881 0.954776181269324 2.0777223639974 -1.2753515105982 -7.14588805960329 -0.0933082244338266 -1.61617348269647 1.39418945261787 8.12265467203224 -1.46549613557181 -0.681708144635195
"120" 0.287929280021444 1.64950554032112 -5.58305245208817 5.27572509134916 -1.82551514219614 3.23938120130401 0.733506505338141 1.50910244217471 -1.10257649794139 -6.20548407720753 -0.0600329734920706 -1.38953236093948 1.26884414955612 6.99278806490224 -1.36415393036077 -0.482072748854989
"121" 0.360204509990808 0.8184423639741 -3.66627095881699 4.45004398957826 -1.37376952867999 2.5227038530893 0.397195622618938 0.675776940008859 -0.83183548030479 -4.71603992873588 -0.0103694266180128 -0.999695209291531 1.06077043256323 5.23048327522793 -1.19361481647502 -0.246013302516076
"122" 0.406105343461036 -0.199034660691723 -1.29381431030447 3.3100822721135 -0.7879560767567 1.57998052991888 -0.0107716547919381 -0.252602712392559 -0.47559633604817 -2.78390206430913 0.048681888326314 -0.515614991250914 0.768117875771281 3.00243349054608 -0.969493964154026 0.01050937816035
"123" 0.379264127970828 -1.28015201692688 1.27122090237935 1.88214102331585 -0.11049843615865 0.466464701398991 -0.437895900810076 -1.0814983038407 -0.0527581428704025 -0.544794631455716 0.108745211098494 -0.0159950308734551 0.393259277405605 0.512599873409272 -0.710592788280337 0.264684678200865
"124" 0.243811145395171 -2.29423497991866 3.74866921636044 0.216158576526141 0.607744361938899 -0.752862101868459 -0.829383434748536 -1.62672486501322 0.410638947479555 1.8472552703397 0.161212665581616 0.426475184191077 -0.0539289155016149 -2.02193936278036 -0.43602765164178 0.484924378062715
"125" -0.0152371215285712 -3.11815712086172 5.87395321076269 -1.60777070902441 1.31076709928345 -2.00683756912576 -1.13517279427725 -1.74843727853886 0.88164978720161 4.23163303626779 0.198420737207584 0.758174552771379 -0.553719487797366 -4.39525777760059 -0.162837135290829 0.63256618170999
"126" -0.385717044869921 -3.65071504163188 7.42798578202564 -3.4769559239503 1.94162330747309 -3.22161365570309 -1.31622486859231 -1.3779685579193 1.32198674308739 6.45220249946851 0.214701590474533 0.952031118162267 -1.07587767700227 -6.43349814576777 0.0954126983233436 0.668115314751049
"127" -0.827644603655926 -3.8241550618468 8.26067207161145 -5.24949114422816 2.44729594230438 -4.32389215182229 -1.34925536823965 -0.532805220011596 1.69101319698095 8.36668600792336 0.207167549798896 1.00820066225424 -1.58112548437225 -8.00967463731206 0.328820133012414 0.561194267807878
"128" -1.27845764800441 -3.61142053922322 8.30532191968473 -6.76429158380051 2.78378902957115 -5.24383726598671 -1.22932231822756 0.683026047917906 1.94994449739247 9.85373583262299 0.176123754949003 0.948605208883237 -2.02473109335494 -9.05075050367816 0.530293377989437 0.301681427125004
"129" -1.66330477129759 -3.02821502165352 7.58256601536368 -7.8574176855891 2.92084494839651 -5.91775029787209 -0.969991381328157 2.0934307552385 2.06672194640083 10.8175639887836 0.125056391315297 0.807586040828028 -2.36178633092106 -9.53677171204731 0.694105025329918 -0.0915108589542797
"130" -1.90848458740652 -2.12962914129821 6.19378592789212 -8.38302911334358 2.8456256033266 -6.29070583468956 -0.601141150833769 3.47735054482064 2.02079846148439 11.190464748327 0.0602052180289547 0.621768382734444 -2.55336675878561 -9.49320735607159 0.814456032583621 -0.567507263665902
"131" -1.95548019982641 -1.00177733162673 4.30541817296194 -8.23616675560879 2.56473995536481 -6.31939442346948 -0.164789282242793 4.60415840950543 1.80698349741894 10.9339127747376 -0.010209613375423 0.422117469264776 -2.57254530599334 -8.97875215922511 0.88460281216976 -1.04863630863838
"132" -1.77287081517488 0.250460221110188 2.12659162557475 -7.37380039900017 2.10416284687551 -5.97537087753176 0.290426866083351 5.27162781555808 1.43756672077907 10.0390755241765 -0.0769853467803614 0.230181120175985 -2.40919596071774 -8.07149062603708 0.896884535455683 -1.44381956999132
"133" -1.36376852564365 1.51798725094704 -0.116734535753722 -5.83038424896222 1.50685711837929 -5.24876538443891 0.715328765048127 5.34033115520958 0.942170529618949 8.52750273214815 -0.131006363004417 0.0590153789889882 -2.0726896855665 -6.85639675163793 0.843678109818939 -1.66791682154872
"134" -0.767254306117593 2.70243681437751 -2.20772682318216 -3.72461834973183 0.82824847406593 -4.15229161219827 1.06601379172236 4.75889333779901 0.365134640606016 6.45245407492848 -0.164227758463198 -0.0822360825259238 -1.59192639301864 -5.41663912732247 0.719006901468674 -1.66281041732873
"135" -0.0534165007587717 3.72957775975328 -3.96155914514179 -1.25519114172675 0.130059741230923 -2.72511675294186 1.30867391805151 3.57597844548377 -0.23934997168368 3.90084976945718 -0.170437053113119 -0.182232482045947 -1.01260970141777 -3.83017110079174 0.520328151136709 -1.41510158590972
"136" 0.687185571084683 4.55946045271548 -5.24270012723809 1.31516791540162 -0.526672311545639 -1.03589355324038 1.42286237791217 1.93697101688701 -0.813740008404011 0.995269419965098 -0.145704758792817 -0.222289903795172 -0.392177254672561 -2.17178803113484 0.249977223515089 -0.965716803533724
"137" 1.35772898103653 5.19200360827926 -5.97502187965028 3.68620288606871 -1.08836015244768 0.815945724031963 1.40290454802704 0.065690819418478 -1.30433944437934 -2.10509875047137 -0.0884959986041167 -0.174282208994555 0.206742664211902 -0.519467357902954 -0.0841429010633874 -0.408400460961275
"138" 1.87036064657309 5.66729060829857 -6.1442110702244 5.55434501623131 -1.51431254356609 2.70160730577163 1.25742394655254 -1.76621991561785 -1.66809646031101 -5.2060138010952 0.000520553766250487 -0.0026572328133625 0.72316017322612 1.03736457905438 -0.468815567068305 0.123425209058041
"139" 2.15955475284977 6.06047339466659 -5.79299120860992 6.65035315434579 -1.77990170120847 4.46793567151508 1.00721054059812 -3.2777230800782 -1.87790044774707 -8.08377435043622 0.11887659194258 0.329651337713585 1.10355304522841 2.39072670976316 -0.886634787088042 0.479257395432796
"140" 2.19098224790901 6.47179832816073 -5.01051110761341 6.77529172063259 -1.87681793133021 5.94655284119403 0.681859238241145 -4.21893770821634 -1.92547283442167 -10.4960930936268 0.262799103387692 0.852815521939192 1.30558255345568 3.41133419546668 -1.31770551482077 0.519176600515493
"141" 1.96409264760393 7.01280855630739 -3.91781751801432 5.82968521669318 -1.81028112338876 6.96717794927918 0.315726237186425 -4.40782411367547 -1.82130364216468 -12.1988331151729 0.427670405064305 1.58135671686614 1.29902542419552 3.95280470606667 -1.74150543555697 0.140980237767508
"142" 1.50782718629796 7.79019790245275 -2.65156574398134 3.83140233769336 -1.59368381128795 7.37448926212323 -0.0562200772703818 -3.75759385475453 -1.59156890890713 -12.9681924946535 0.608351779303689 2.50732939585578 1.06390835463469 3.864162424661 -2.13850298154102 -0.698744667934079
"143" 0.8703110498451 8.88906788621489 -1.34804419334432 0.919238877448151 -1.24174586657406 7.04713559038078 -0.40213288392107 -2.29082697094634 -1.27250664824635 -12.6267344521611 0.799316393778327 3.59725825804344 0.586584125557465 3.01024688094355 -2.49125294513578 -1.97385188184853
"144" 0.104752239804498 10.3574634986958 -0.129258284213165 -2.65890794551706 -0.763741092197392 5.91679170404495 -0.696206338160948 -0.138246145626795 -0.903243766851887 -11.0704691139354 0.994596607892504 4.79371408502629 -0.144827131612487 1.29771131951827 -2.78489014734441 -3.59023597199848
"145" -0.745180676113478 12.1940350807545 0.90767392485418 -6.57222446702326 -0.158586527096645 3.98462128545953 -0.920542114933482 2.47764647406166 -0.518452784048776 -8.29323075519414 1.18760909240825 6.0213000345102 -1.14376971174431 -1.29745396503233 -3.00714860762673 -5.39932723648963
"146" -1.65678315833975 14.3404950875683 1.69711970520211 -10.4443978278687 0.586530838793294 1.3322968029604 -1.06589395764786 5.27164851046894 -0.142377927877192 -4.40409124157168 1.37096510843253 7.19581888725224 -2.42545659103428 -4.70614537115978 -3.14818359506535 -7.22067449583119
"147" -2.63315455042459 16.6802076621884 2.20736486195483 -13.8974471666679 1.49282298713413 -1.87506308446018 -1.13137289308139 7.9333761219649 0.214365033388304 0.366305317273145 1.53639225387542 8.23474947788054 -4.00249672525149 -8.75174096784394 -3.20052012270753 -8.8691760577276
"148" -3.69921744843782 19.0437588023851 2.43917814111501 -16.5961109025448 2.58157356040735 -5.39598357861837 -1.12331063686236 10.1677245076926 0.554260697617536 5.67370194042587 1.67488241889828 9.06701209700987 -5.87543755019965 -13.149986723035 -3.1593790063871 -10.181889016967
"149" -4.88852010013477 21.2217000253559 2.42114509556359 -18.2867347883184 3.86166298461185 -8.93053140386155 -1.05354672423016 11.7323808160269 0.888398691263887 11.0840460999866 1.77713929002823 9.64034434114001 -8.01904393401674 -17.5262917961483 -3.02346233776734 -11.0397818545389
"150" -6.19930727449901 22.9592202373001 2.20758091705147 -18.8260800508451 5.28971134707118 -12.0991874710799 -0.939642985182218 12.4620753218668 1.22289782050464 16.0347063609524 1.8337950971985 9.92299447928963 -10.3265470962873 -21.3916802622934 -2.8005521402556 -11.3797572889962
"151" -7.65079388510787 24.0857875335628 1.85513983992018 -18.2196429871328 6.84471928159061 -14.6715079755174 -0.795498509039987 12.3244161540704 1.5694383120547 20.1874361481327 1.83965253896463 9.91942034473323 -12.7379908877795 -24.4286115933464 -2.49454189367316 -11.2150738855053
"152" -9.1623028285228 24.3904366872839 1.42892036183594 -16.5524561921084 8.41002512056457 -16.3397185962017 -0.638107529122749 11.3461512021653 1.91027965439068 23.0736945899771 1.78922712932024 9.63982225883956 -15.0533064027023 -26.2231237892692 -2.12205725543572 -10.5923607791483
"153" -10.5956245640938 23.7350049796478 0.988690009035736 -14.0205427880501 9.83353092587231 -16.9052576541778 -0.481835620963693 9.65313743403851 2.20634263892165 24.3808542174838 1.68125138596577 9.11474949592957 -17.0349968660311 -26.5061209802112 -1.70422357077769 -9.60526884537103
"154" -11.74331324846 22.0570900122311 0.583650086448188 -10.8927158063761 10.9253592427945 -16.276165739888 -0.338264493578947 7.43866138627379 2.39202325328341 23.9475420986491 1.51866511032756 8.38653694979439 -18.403968461525 -25.1607156739128 -1.26725745243493 -8.37279641194618
"155" -12.3446152046713 19.3839062292896 0.248129624953435 -7.47610090418129 11.4791906861888 -14.4835729094457 -0.21560769866295 4.93575677987894 2.37903292273836 21.7901464843194 1.30890863805382 7.50496093116089 -18.8702077754972 -22.2489857192201 -0.840385976831385 -7.02238140166446
"156" -12.1176604485648 15.8360154061938 -0.000256950542052437 -4.0802406591738 11.3029115468329 -11.6824478664255 -0.118548297295433 2.38742574286709 2.06660874872642 18.1066714448402 1.06365838921181 6.52361230091628 -18.1751817945436 -18.0131857601257 -0.452977263586945 -5.67485749421758
"157" -10.804483680897 11.6195146939936 -0.159944203774785 -0.984509634077767 10.2540490938562 -8.13539174494213 -0.0484453646689076 0.0190180150871129 1.35726264763886 13.2558326232711 0.797968428164268 5.49697593434394 -16.1398748548995 -12.8492990681879 -0.131295077781033 -4.43296016218665
"158" -8.2221038860439 7.00697610010684 -0.242554736493958 1.58766247286439 8.27336507845058 -4.18106231353704 -0.0038330322468596 -1.98404772193817 0.176006629310507 7.71340062494482 0.528880960126457 4.47789357128931 -12.7095251775282 -7.2560095176915 0.104611370559724 -3.37400834402069
"159" -4.31050789665392 2.30926879109029 -0.268475074592743 3.48581713588464 5.4091300521531 -0.191556907443555 0.0188787559785624 -3.49143255082822 -1.51002476329106 2.01185055550286 0.273667206830169 3.51502076029283 -7.98497963070952 -1.76708246300893 0.243376775635625 -2.54652097407961
"160" 0.832431713737606 -2.15801197372639 -0.261718586679308 4.64021430743742 1.8255012327071 3.47481524728755 0.0245999899787535 -4.43539540319694 -3.67524819872855 -3.32749494427253 0.047939647792191 2.65006440365687 -2.23183342994912 3.12140579969707 0.283737394160198 -1.9700428811484
"161" 6.93795780561356 -6.10878410909663 -0.244993675154092 5.06075694399442 -2.20887181191341 6.5179545075016 0.0187514178967376 -4.81107491594958 -6.22635310713795 -7.85913827449758 -0.136079999955996 1.91490957317728 4.13777607314705 7.01641132672273 0.234642179939328 -1.63737022288842
"162" 13.5811129351366 -9.31647670756774 -0.235796305103122 4.82809043024827 -6.35186302799957 8.73055251821324 0.00654125486266821 -4.67039862204035 -9.00319747013461 -11.2646908468059 -0.270858378009848 1.32906810491841 10.6103723737542 9.67472323880691 0.113993121345629 -1.51854987320257
"163" 20.2241220804358 -11.6355590845742 -0.244098912246727 4.0781839538231 -10.233934591718 10.0175223051863 -0.00759844995354797 -4.11070502531697 -11.791615166162 -13.3829846125705 -0.354194843472897 0.898069400362147 16.63700946926 11.0238353406987 -0.0538441225289716 -1.56627352858777
"164" 26.2837773896523 -13.0117881551796 -0.271863680217848 2.98204543904467 -13.5110023582351 10.3977146970453 -0.0203680750864805 -3.2593833733265 -14.3477575121367 -14.215121518534 -0.389101971950026 0.613381577757536 21.7085190556771 11.1546490891482 -0.241416766371913 -1.72241045253031
"165" 31.2125309107379 -13.4802352782244 -0.314237472697187 1.7227345699539 -15.9139517848303 9.98860512802094 -0.0297341020203703 -2.2561930714985 -16.4310143820481 -13.9051725524732 -0.382949896694981 0.45419097237027 25.4262395924704 10.2892038254215 -0.421936432832808 -1.92533460178674
"166" 34.5788737068505 -13.1521348940355 -0.361964076923641 0.472416875532872 -17.2851216476032 8.97772053361086 -0.0348589737799898 -1.23536121403095 -17.8400734174055 -12.7016178660783 -0.346041876468405 0.390948234962707 27.5548380935911 8.73119924720061 -0.572795300826328 -2.11744086190447
"167" 36.1312707943899 -12.1933251898226 -0.404343633334861 -0.62744984899382 -17.5948760339658 7.58684568942101 -0.0358751166234299 -0.309845038903973 -18.445052896763 -10.9078645661275 -0.289896395189658 0.390133964523557 28.0474321056709 6.80983077958865 -0.678250549745826 -2.25195306063688
"168" 35.8323083555719 -10.7982176745327 -0.432022817328743 -1.47991284824002 -16.935838539824 6.03599550217723 -0.0335697068219361 0.439977507701769 -18.2086321258268 -8.83158964854897 -0.225558789778802 0.419350719792419 27.0390895284572 4.82785405860784 -0.730827796272024 -2.29798395653052
"169" 33.8557100393697 -9.16363638665916 -0.439020254963452 -2.03834645189454 -15.497305390094 4.51355161056688 -0.0290511707631254 0.971602010964205 -17.1910694293751 -6.7419368318599 -0.162238920851792 0.45173199164492 24.8115058751224 3.02281942914595 -0.731255866205174 -2.24295222630462
"170" 31.6219813419755 -7.95767357301952 -0.430355347301884 -2.25510411492542 -14.1393119846492 3.52885040942101 -0.0251352569954406 1.2118765391217 -16.0731646121512 -5.36589871237948 -0.121655761564114 0.466137671133765 22.6956563274978 1.93688814319125 -0.703876291527195 -2.1448594837093
