"V1" "V2" "V3" "V4" "V5" "V6" "V7" "V8" "V9" "V10" "V11" "V12" "V13" "V14" "V15" "V16"
"1" -3.16969522294616 0.383401395111092 0.0479800675167483 -0.866825512030601 0.877253078986779 -1.37907062481312 0.00353698334967074 0.742606593092232 4.38783948908717 1.22161105533078 -0.0103534002092333 0.13949801155885 -0.447541991671508 -0.911676588366954 -0.152088314991992 -0.417094522012736
"2" -7.00833231902867 0.594945704830505 0.0812276213933543 -1.69776063939911 1.03756321408193 -2.9822135064997 0.030584068195689 1.52395436170365 9.57309020085263 2.74614047067883 -0.0425218138272462 0.273053315958776 -0.422876842431314 -1.62799619766067 -0.354167105215844 -0.860487453110025
"3" -4.07806036205055 0.808751171704943 0.0766878672067121 -1.41864906165463 2.10331751355373 -1.83859105538483 -0.0205869713872051 1.13990878302928 5.9413994577585 1.52917989646171 0.0143730796385828 0.234495631924467 -1.20586648740461 -1.71731748804113 -0.190011710627509 -0.628715271625104
"4" -2.26427705787986 0.645264279598317 0.0356337767410887 -1.11376457086765 2.09133790224396 -1.04365978609695 -0.0276479877595081 0.857083952232445 3.63634571796312 0.782460910915832 0.0350320193867265 0.214312962034064 -1.27680027216876 -1.36040830100213 -0.13903669390949 -0.479655836375748
"5" -1.84623757998798 0.228802772180126 -0.0331475478567047 -0.817359062313458 0.973423563081567 -0.623208533968691 0.00375004938382942 0.700693799408367 3.11259375392682 0.560565393646279 0.0253763472176419 0.180709030203655 -0.584467449023716 -0.89702580091368 -0.173529325237316 -0.383544845334335
"6" -1.35204151100325 -0.169970664185573 -0.0841322570462364 -0.509804958215852 0.417979339995523 0.0439515565922679 0.0223533072254266 0.498868801427361 2.39413408175163 0.0190131948038417 0.0273966438938901 0.128173175417057 -0.209195562652801 -0.520004895588214 -0.161335076617557 -0.25265628419433
"7" -0.854345955226073 -0.579229993282923 -0.115505156450347 -0.142228023082057 0.1548958326729 0.899276432517878 0.0326700839961918 0.224645454842157 1.53265816671916 -0.760447445449027 0.0333093999587377 0.0431937116372119 0.0173187744223029 -0.153815855707292 -0.102753194574572 -0.0721092145459608
"8" -0.520704540075993 -0.982739560173966 -0.132131780302165 0.246083952598353 -0.0297062055825987 1.77358535707596 0.0398906272953535 -0.0736632814324922 0.784288817942092 -1.5842807866442 0.0371680123688314 -0.0605974552759569 0.222816201254941 0.203205758755645 -0.0237913902852132 0.126544321443816
"9" -0.291011727405166 -1.3261696016964 -0.139817391026429 0.599188037908276 -0.15383390218812 2.5437563695107 0.0441217007569319 -0.350205521769648 0.132651715520224 -2.32095649366614 0.0388448666096699 -0.158454419378725 0.400708916188345 0.527063813586797 0.0532338215204389 0.309192304709711
"10" -0.0895921852811234 -1.55148337253046 -0.144565366941693 0.860451591726861 -0.217345104287254 3.0808295335836 0.045255222659643 -0.559260478226038 -0.462317495676979 -2.8309210689408 0.0384843359480712 -0.224873563907675 0.533937996195023 0.787637264663696 0.105839054821909 0.442055847065589
"11" 0.144649831342278 -1.61487701134198 -0.151078584601456 0.986807982207374 -0.219864283560467 3.28410914873358 0.0432868583384268 -0.665895051271859 -1.03439215743262 -3.00394852371259 0.0361827978406004 -0.24032022969525 0.609290434259166 0.960399617621853 0.116776044767685 0.49939236685578
"12" 0.443435066767822 -1.50186002436395 -0.161349167907471 0.96171071200253 -0.166334116108553 3.11970170107832 0.0382633005714069 -0.656723005830649 -1.59938386239672 -2.80271258855474 0.0320906233256718 -0.197116814557422 0.623069957616835 1.03750257446993 0.079622612927758 0.47089175967546
"13" 0.804011505147232 -1.23261060228833 -0.174166521115814 0.799720133075675 -0.0692424871972728 2.63460854180462 0.0302587764323306 -0.543730114301962 -2.15086751302863 -2.27878829577686 0.0264607607028139 -0.101533690784365 0.583116252894548 1.03183658690614 0.000778309118802945 0.364299711916146
"14" 1.17952819092936 -0.815371241213763 -0.18751268820292 0.537143675777194 0.0508286887847937 1.92342052508302 0.0186783781975199 -0.356558769274234 -2.65782582150272 -1.52949081415274 0.0215156196333106 0.0258979668279267 0.512393955277826 0.919581843755051 -0.103146234238748 0.210032037500341
"15" 0.805654559114803 1.08908932535974 -0.234689435599279 0.320612379938495 0.099472910998591 0.488844804275245 -0.0199501956189946 -0.199375752844869 -2.75325012552672 0.392992181973304 0.0858768939817522 -0.0690318032891888 0.660579460235633 -1.61352746942556 -0.113026218546962 0.510280238573827
"16" 0.300441318108463 2.23903631796622 -0.133037098144045 1.1164017786648 0.289878492563782 -1.37892224281334 -0.0338956607543316 -0.792380129730362 -2.65879680767563 3.59851137452411 0.109646304606973 -0.664881736340661 0.664844972875597 -5.59994123923743 0.330214489753676 1.49726204956943
"17" 2.05901178219733 0.35072717737598 -0.128458057035375 0.0239249275780899 0.448794839357575 -0.526691834195625 -0.0211364191982975 -0.0280437021266811 -3.6498274961392 1.27267041415163 -0.00915376631597598 0.210252146058227 0.213249562497112 -0.183568125217983 -0.203594827622317 -0.0272321206333999
"18" 2.43340644098796 0.697861256030048 -0.14025141101911 -0.586130618347916 -0.236130664233997 -0.770866180025614 -0.0430036575635119 0.394320407551869 -3.13365616575297 1.07459496907529 -0.0183361946141012 0.505987361400614 0.124334987243058 0.661829332540679 -0.414382498221726 -0.499466806853043
"19" 2.53047891629441 1.11057832950385 -0.0653585194136713 -1.05194132248014 -16.4979216549895 -1.00473064718883 -0.0263346598287347 0.874466638685883 14.3319913730576 1.18618704341378 -0.0547036224181602 0.479525762867503 -0.510305622741119 0.235062498271539 -0.480130630184902 -0.767755933254286
"20" -3.10096707830093 1.20330115535078 0.157663444127843 -0.692904894690923 -19.4860216244521 -1.10394284318122 -0.00664088814073155 0.692084941906094 21.7604174788264 1.34413252595734 -0.125788262241691 0.242876656134815 -0.688689634591623 0.0419005933033691 -0.13129905238643 -0.697963898258863
"21" -9.48036003986505 0.483416672323859 0.402246688220754 0.0676700213645383 -1.01156936703218 -0.924070122735325 0.00507774708148147 0.0604724638840961 6.95770051549313 1.47485379898552 -0.171070122715489 0.146164542559756 -0.386862417954414 0.251375480262988 0.586846446156791 -0.675029905695482
"22" -0.0389795218546389 1.15715640537443 0.198664042905146 -1.52204901810826 1.09470181011286 -1.24092554064975 -0.0881884619649956 0.9957907459361 -2.47630231291368 1.28498889602336 -0.0937493765720355 0.965603705849844 -0.413828400388172 1.00951823674154 0.0735994459194358 -1.69982760728197
"23" 2.3497659254526 1.0981042565783 0.13354537515345 -0.849555473159022 0.626515809667015 -1.64564414986019 -0.112486288960076 0.382964020812428 -3.51544572628212 1.63882122364295 -0.0858187627660229 0.52008061845838 0.0482774307547293 0.667502568314179 -0.135773827624356 -0.786504044642236
"24" 2.06932615902517 0.763282045757322 0.154369812257716 -0.639682102150442 0.425518651095311 -1.81161529469208 -0.0966092383373671 0.251901226138373 -3.10152305966365 1.83205741233336 -0.119619790801695 0.386187384986172 0.295492595286564 0.802712499047112 -0.0516737246951173 -0.696037774413917
"25" 1.3771735325577 0.296413881837371 0.168370345727867 -0.554740987382324 0.259805184179649 -1.982596751098 -0.065262313366578 0.267218157816244 -2.55398290236998 2.0565233262987 -0.169666569083842 0.33664502953377 0.572419837314333 1.16049826736247 0.0858830753257314 -0.838107531535364
"26" -0.0123023350265985 0.17491380791235 0.241598123381581 -1.33640217942188 0.764406243607099 -1.61483194015901 -0.0414041792604573 0.942214359336798 -2.0236510937731 1.67632183013138 -0.185865828420425 0.828563582161337 0.0648910675458731 1.5747232921577 0.366845129010239 -1.92807609957118
"27" 0.607976185330886 0.467378911279338 -0.120711666362749 -0.901874133347358 0.701559333291297 -3.01003528694679 0.0664644512379822 0.842827865377023 -1.48382937571474 3.74412493981588 -0.0413769819961571 0.575737721373632 -0.344547800336721 -0.271439110510918 -0.240387630797617 -1.01598660998031
"28" 0.839357425780161 -0.205678428880022 -0.242544222383209 -0.245244794165728 0.143428158707401 -4.76316438522536 0.133456095302428 0.511699045251328 -1.67152441573932 5.86504215254187 -0.146775362778778 0.161274283834707 0.704042318990426 0.0898323497790354 -0.264091114571008 -0.648698553965254
"29" -0.8401230406302 -1.40263506563841 0.0229715155124208 0.399423266308437 -0.578355917868401 -2.05117084921459 0.0730844976394694 -0.072192104729127 -0.377288280230477 2.30725885770846 -0.270897782128273 -0.274867023865283 1.75055664224834 1.96002872536028 0.510408390643414 -0.619050615997509
"30" -1.32132483340432 -1.68309730891912 -0.0025329716145428 0.629681059039694 -0.729030313595314 -1.65806802899874 0.0874799655092041 -0.185421940665709 0.109601017512349 1.8515723297046 -0.263598275496545 -0.433424537015831 1.93527396261335 2.10577838392867 0.627258166063053 -0.531397515797579
"31" -2.8122418325155 -1.70953809527589 -0.0734789156151641 1.01516031336343 -0.870435468931828 -1.36778789554016 0.11147767115612 -0.391879982962688 1.40954324248072 1.53485523022351 -0.217647528318356 -0.642134383300416 1.89686368764748 2.09418580456563 0.591704093699962 -0.215916717772487
"32" -10.7258211404515 -0.508733119856528 -0.394791278212286 2.30456685674794 -1.15784122950139 -0.517291063588385 0.204319972506158 -1.19132569312143 7.8692253415459 0.527549656688363 0.00619567411284133 -1.09287608407837 0.772280495934383 1.81725472096591 -0.254286531561305 1.39954428484412
"33" -3.5973742776494 0.020912027593922 -0.34337278290773 0.892753565160973 -0.262274907025733 0.130918628534429 0.117376259911411 -0.358214520435002 2.85966652356748 -0.116407540761947 0.0180985305017415 -0.313813817817296 -0.0455451196161701 0.123772096968142 0.225675064062764 0.109335653855224
"34" -0.563426616482342 -0.979840258135741 -0.398414614270375 1.01872891772766 -0.233513473432242 0.0889732055315851 0.123267220388621 -0.24162386469329 0.757280653639599 0.054646900831003 -0.0922728689916868 -0.452318862242343 0.567966318127056 -0.122757725405428 1.5393919481133 -1.14656582306417
"35" -1.33040207198656 -1.19631436237034 -0.166057302624111 1.14132466551995 -0.664271011123272 -0.302328123125295 0.035078087909537 -0.488342551174858 0.951866721253444 0.364699619683411 0.155201728252046 -0.774683408892592 1.30545524095611 0.901446114388699 0.279937433294596 0.10836965968258
"36" -1.06931423373682 -0.824542756638186 -0.112463968238257 1.09643016733413 -0.596915079425852 -0.108989246531167 -0.0246247658304154 -0.54680221656604 0.879490758294192 0.115150443723243 0.328676195355163 -0.783310633013826 1.03686490144264 0.614354232276082 -0.164075498095255 0.478732646527874
"37" -0.712967500330397 -0.363059774166647 -0.0951362814973764 1.04852531536211 -0.401402725953943 0.13491571219127 -0.0788546313843624 -0.587497801071767 0.722584095458092 -0.177897129740483 0.492504616186318 -0.751832417242042 0.581885940897089 0.19693384624795 -0.504067641288943 0.73598705959111
"38" -1.03129970933387 0.644504663858698 -0.38167632180958 1.05045232547363 0.671557044232163 0.32371750712425 -0.0521160565732408 -0.632140506854465 -0.0358081831233807 -0.433137807599788 0.708743278004724 -0.433701656000665 -0.785682027479696 0.352583430131122 -1.50301852236797 1.23380439162646
"39" 0.126398509398062 0.97780684873823 -0.349348711148185 0.42179515014202 0.743445427453194 0.186914402508552 -0.00426051181974395 -0.557168603973732 -0.712476705065789 -0.287540099490688 0.466364275724968 1.03662234745425 -1.07015838226995 0.1085306228 -1.25325953940238 -0.340861451094273
"40" 4.18314684858271 1.4973892676129 -0.104065278225209 1.29587864004605 0.757797740032799 0.524347569420859 -0.178153364370136 -3.10391510408927 -2.04030645810192 -0.703114001686414 0.653856312075974 7.04200869870573 -2.07935830752183 -1.31603662126668 -0.225170242360994 -7.37907639447901
"41" 1.42369454977176 0.59961669104371 -0.00501571188553596 1.07886268330613 0.0676984496881148 0.804372130154325 -0.208237219057157 -1.43417123034691 -0.00918915924887642 -0.926384606218308 0.638053320032682 1.70260671487819 -0.715721278513615 -1.34899842270387 -0.0757750920918872 -1.81751647532893
"42" -0.1505185589827 0.0712741002108702 0.0475846646814669 0.68699076549067 -0.250676561577336 0.840588256959602 -0.184588125008333 -0.310020760947921 0.993264586998198 -0.907396462162416 0.465081391430338 -1.14068376366924 0.0308557364368585 -1.23531187107285 0.167487215719779 1.13868128514331
"43" -0.519125808445743 -0.229963591493981 0.0339172565540209 0.627210869518887 -0.322910818293468 0.861297534124386 -0.151716034518702 -0.159114102083708 1.26652597680649 -0.888609629631862 0.289123476145112 -1.35085574623375 0.250135776779628 -1.22195149564621 0.6825522319182 1.14624692286786
"44" -1.13856988402642 -0.220018988493343 -0.119595270220173 0.675548154276241 0.0933717176873019 0.822049669824418 -0.0895441050152799 -0.12936241975099 1.14335972357942 -0.829667698273524 0.195530699575032 -1.31486697544736 -0.0870949122185278 -0.834429518177876 0.697366207032484 1.24950217514751
"45" -1.0422112022816 0.554283598581352 -0.403771582814226 0.28461287458203 0.849274393496809 0.401007216459306 0.0238587913206061 0.0530414082369144 -0.0342730588947671 -0.44880226590135 0.285331973864625 -0.437028195458669 -0.961683480080894 0.0784845395129485 -0.578582796771311 0.974486861105945
"46" 0.760266727867206 0.75419424231683 -0.179764212319994 -4.6200678351301 -0.0620740065169335 0.0475833986935106 0.0627170828982434 4.67251440763564 -0.30539299494417 -0.0938283294943632 -0.00956384890045209 -1.22365707347134 0.0205810733518994 -0.684388625273626 0.375567005035426 -0.196004687094909
"47" -0.0722694953484364 0.135927734615317 -0.172659716490248 -5.2156053236667 -0.557857577334505 0.387588300517046 0.0562685208409651 5.41974739929815 0.817238029518036 -0.38608105442001 -0.230969564241138 -2.03240273907782 0.813587579403982 -1.2309836984894 1.60252860904348 0.256153360193892
"48" -1.72208541171443 -0.933347298466456 -0.0772686192844616 -0.265378305103386 -0.65404272313921 0.529334007536904 0.00294168835672082 0.393079066488887 1.78447744180355 -0.462192407883632 -0.312709312479421 -0.845184740401606 1.14798512593255 -0.613416230060675 1.58369407595704 0.937195989024332
"49" -1.81837491133647 -0.86630206329687 -0.084802545177318 -0.0796940460989362 -0.652531306776611 0.404433483423651 0.0106496250808719 -0.0906707561827638 1.68545845826657 -0.347347049398918 -0.322446972280004 -0.218097614986362 1.16155524853032 -0.380714688949311 1.24507274134731 0.923595147025026
"50" -1.58165950337698 -0.582138545248998 -0.0574979430586615 -0.00125123263790883 -0.478294497215872 0.00409187061114835 0.00399375710083305 -0.547837707438036 1.37189354025836 0.139471559511914 -0.284943109729797 0.477281908258647 0.862054476766699 -0.458924391868374 0.761011800107481 0.945061402791822
"51" 0.0279358885238388 0.345773113002015 0.175343492611523 0.555847286744772 0.546707137128436 -1.53416409488291 -0.0790774053643111 -1.19742204644982 0.275988701636527 2.25167165420018 -0.0580805127708035 0.473812244702863 -0.890718810009578 -2.04987929503386 0.0966390681031006 1.33501929931722
"52" 1.02565160986096 0.879992146069877 0.0295884817234013 -3.10426616965509 0.190092007992563 -0.635110633292265 -0.00451380429813411 2.59424626937783 -0.573023498333409 0.792883990750695 0.0462711825919602 -0.0298910652883109 -0.457684849479046 -0.908059903692302 -0.247593986995966 -0.0234983097568637
"53" 1.24324962814081 1.61097384854515 -0.113168288441228 -6.64317349887201 -0.249985507100556 -0.496565728729711 0.0526190471790779 4.5638706220874 -0.979379417771767 0.334417943316053 0.0156590649594263 2.20501551676503 0.0779437008506125 -0.181709833207091 -1.20107941398874 -0.845218063118054
"54" -0.320088087288845 0.903254928622332 -0.0360522829723087 0.431280133922872 -0.125771646975092 -0.501301823936241 -0.0367711120973521 -3.62269601632848 -0.421805507209633 0.356198714923182 0.106004196539216 6.00443167509508 -0.0528076224792127 0.840100153759925 -2.50589152875533 -0.417860590041613
"55" -0.291315288258836 0.982656679160722 -0.0105182642699801 1.48409093180452 -0.0259195745930301 -0.570222918602103 -0.0578912531207172 -5.07499145710974 -0.58475175965556 0.410356096684742 0.171904786253273 7.06653898036049 -0.252611172726563 1.04751621365421 -3.00045282348593 -0.557701367770534
"56" -0.52283538282795 0.772972575639399 -0.0136408072405481 1.22848352523562 -0.0844271085767314 -0.455600028030662 -0.0479708982342633 -4.40214912931834 -0.285285820058363 0.331923749154278 0.103174343542283 6.11116730966222 -0.104422062367123 0.842161877467975 -2.48981021898418 -0.273015216957589
"57" -0.817455732337745 0.303936240234126 0.138160834716159 1.41768060030146 0.242591618431343 0.0202026083491349 -0.0657577742440845 -3.32362573330847 0.460237508357135 0.0577693944781192 -0.0247175723913062 3.20819338410585 -0.578460849221972 -0.325503327289079 -0.934228299158748 0.700042092465267
"58" -0.406449296325842 -0.157707339177158 -0.0432867928604491 0.99181206746592 0.675115080949643 0.381704784852002 0.00614946563473293 -1.1526838508966 0.351192567870454 -0.233724038233511 -0.178707671397455 0.454444290857939 -0.960841216196411 -0.773230722310594 1.02893199424186 -0.145589035650044
"59" -1.41671343622491 -0.46539739002274 -0.298406669770908 0.732471463983016 0.764014589647475 0.494963203699305 0.0660922870987087 -0.931973314843687 0.666822556944217 -0.378449743179081 -0.371308280105361 0.751057230392149 -0.731910581086475 -0.363852303025568 1.62496904120945 -0.316221756908263
"60" -1.78025149230296 -0.659141764835227 -0.113452774237046 -0.0401676602608951 -0.4913343532163 0.284207731142296 0.0193743748339974 -0.477371689372841 1.40883114164004 -0.244570249004305 -0.305652028689504 0.529996750353334 0.93634807178204 -0.157940916669572 0.839657369595889 0.782173629044621
"61" -1.82019303244476 -0.866550528450062 -0.0851844347759463 -0.0792216521009763 -0.65213907971579 0.406398776696833 0.0107187770036188 -0.0910117480239787 1.68537616022265 -0.350111416684806 -0.322426564496986 -0.217472087278594 1.16149526193952 -0.378049679310093 1.24475827943174 0.923044028933958
"62" -1.83654982882274 -0.916931553694154 -0.0804006515540576 0.0596793106279101 -0.519707938968495 0.539055068317275 -0.0032976188678584 0.0693663983314901 1.73659792017799 -0.473178242170509 -0.293278722417465 -0.766140308623648 0.987559100523753 -0.526883794233466 1.4910873663968 1.01603399627294
"63" -1.39670560615313 -0.0183617952392089 -0.132364209304087 0.424214597256052 0.728440525541652 0.58316382898935 -0.051839018417186 -0.231110146459084 0.58708987463436 -0.573255602869177 0.0091485776226391 -0.613896150260253 -0.775659964186303 -0.342507585843725 0.587150557651829 1.09142539629939
"64" 0.142298883590176 -0.167763083499147 -0.218387527388126 0.636703061435917 0.562700631128207 0.835164435294464 -0.00723167524948182 -0.147646334829052 0.491546314978876 -0.732828042021724 -0.106219722760126 -0.481621885616459 -0.867547369010195 -1.49552510311022 1.98140584723175 -0.739654674343214
"65" -0.793671520986912 -0.763233924591126 -0.0764537792493095 0.565116173312692 -0.324746320776448 0.915046442827669 -0.0551906432933092 0.0528447253037481 1.57753941291357 -0.835417322416572 -0.102601141569191 -1.35220602991214 0.430930118443717 -1.408309346652 2.01957813674481 0.400724304234714
"66" -0.870808188326226 -0.538235335645378 0.0154085568957282 0.546962867939659 -0.420047202188032 0.851891602670245 -0.114171286161286 -0.021979321322128 1.52355282992841 -0.839538307902488 0.107178918034706 -1.46534126361951 0.506216324370322 -1.17185450071269 1.17872991950058 1.07823120271968
"67" -0.50895191871783 -0.258034979098923 0.035565587751346 0.632563723444751 -0.320197203628446 0.866210347866557 -0.150978257901286 -0.162422269642295 1.26179254203725 -0.891605076123213 0.28799148998372 -1.35258294590309 0.245352149251222 -1.20105653292316 0.68427471109846 1.14634068245675
"68" 0.166681735491014 -0.974018228493442 -0.0193662919156712 0.518324399478722 0.457363144553935 1.06800391079297 -0.114838603940216 -0.032132531977882 0.253713565453412 -1.07184940565344 0.521685618818889 -1.18538741331805 -0.871797542971455 0.253583091875402 -0.331778731296341 1.33446247694856
"69" 2.5928193970489 -2.51827463144263 -0.089049934882479 -4.83334440912206 2.04952292262219 1.31144322606719 0.0554522476198157 5.0123681886309 -2.77213057313522 -1.34025703839215 0.948151160906868 -1.27445024072382 -3.0830435239235 4.19763956060672 -2.70289225572129 0.915075735782167
"70" 1.17050115215272 -0.335126477326341 0.101442840502224 -2.12532351645306 0.330499605445823 0.757248632329197 -0.142592686190676 2.24554361967988 -0.514665054923473 -0.879199671534726 0.762560252479937 -1.11840947374282 -0.829083481431888 0.53317741581235 -1.23188701823519 0.835127703959515
"71" 0.0531767839701125 0.259336125608853 0.00792525367797414 0.791755314447018 -0.238998917066037 0.53629973874549 -0.180293292715847 -0.50052669880458 0.560443852456954 -0.644791976100154 0.692496397578232 -0.78766709660686 0.0062750693046838 -0.646558450516499 -0.780910385725091 1.07345191164477
"72" -0.260906870255688 0.0012771424911668 -0.0505092979280457 0.952328696537926 -0.342390445225047 0.349633474074906 -0.134435264482606 -0.580215034090613 0.634518016407933 -0.432567262477527 0.616175284029798 -0.751629979664216 0.293167226786377 -0.281502348550378 -0.692743920558063 0.91644417092418
"73" -0.722191783461476 -0.215074084881024 -0.597339921762205 1.34683228676659 -0.425922024761002 0.0949679175045759 0.0310589429452984 -0.478618238812901 0.558216536447564 -0.159649046708666 0.474452511235184 -0.795656663411137 0.709747243292509 0.323588322115609 -0.489745572143293 0.643043050185327
"74" -1.17724396028425 -0.532540034285224 -0.949794517932613 1.60753480639173 -0.529513876076849 -0.170488646524523 0.157832257688056 -0.390426051130956 0.558363510324543 0.1392506787991 0.310665440317003 -0.840061014563858 1.12995273747179 0.88136828799035 -0.209725580167771 0.373605006294056
"75" -1.43365722744018 -1.19692946305222 -0.196144600812269 1.16636683955948 -0.70560307503074 -0.37219157412415 0.0402010090306923 -0.491802325591629 0.934847465126097 0.422986434328058 0.170205223588102 -0.799961229744362 1.39873351325515 1.06443306066551 0.124055764786805 0.245173233302026
"76" -1.6724561370091 -1.53258241331773 -0.134636793199893 1.11420564684502 -0.793904461021042 -0.634362750805296 0.0653934923313814 -0.451430263569629 0.965619469366249 0.730865548497093 0.0313694922988439 -0.782304059098315 1.67790642688895 1.41716329475839 0.368863217025261 0.0448224217402071
"77" -1.78553570876422 -1.7402608156114 -0.118660446651351 1.05377171598099 -0.838997007550898 -0.903412508844964 0.0902364228247553 -0.392791205841079 0.883668796502738 1.03584938646089 -0.0832306307603138 -0.737301227516816 1.8772203855627 1.7163009595593 0.538352520078975 -0.138606408520033
"78" -1.75879208162062 -1.83324718863791 -0.0881794476780929 0.94895692330901 -0.842981745002685 -1.16855989563345 0.101104862379928 -0.328667691506491 0.709738875063625 1.32918906597733 -0.169688490653003 -0.661036055749648 1.98425535363172 1.93271534646792 0.632648147208906 -0.295287119843934
"79" -1.59778343109148 -1.81248591686535 -0.0476680379687938 0.804895367940437 -0.805772366826355 -1.42287649865072 0.0994559693800816 -0.259244014933837 0.447440536112948 1.60386031569768 -0.228962843404405 -0.55759159069239 2.00162207788743 2.06271088908948 0.658583325539214 -0.426056685640944
"80" -1.31402308299979 -1.68372657234893 -0.00237463389603232 0.628403718830636 -0.728697802539023 -1.65777557459231 0.0873986511743924 -0.184652424429339 0.103817767645074 1.85117580351976 -0.263645886954035 -0.432897522502628 1.93595976866184 2.10581460080128 0.627640816067989 -0.53264495542885
"81" -0.921319990176858 -1.45483599712044 0.0427604960070265 0.427073579981037 -0.613566719676032 -1.86203230274665 0.06710467874945 -0.105672769361744 -0.312703125066538 2.05931249341702 -0.276819391232237 -0.293581891750136 1.79526428057197 2.06333022166819 0.55282457831987 -0.616506705415361
"82" -0.433812929758185 -1.13448235003638 0.0836849375909353 0.20895215808825 -0.462133404857332 -2.02071691414535 0.0404796008475674 -0.0242321941088304 -0.793413561277609 2.21184588804531 -0.271446047436515 -0.146411762793143 1.58739805552456 1.93776019713124 0.447109683089927 -0.678182865156373
"83" 0.134836723663073 -0.731731764136166 0.117484612813975 -0.0173956650640115 -0.275863067227228 -2.11393066082358 0.00900765724590791 0.0562088221122852 -1.32974711104993 2.28611494637463 -0.250084721384803 0.00187677385213192 1.31941713858508 1.73284802504449 0.322833626846865 -0.71693428378348
"84" 0.772736967162288 -0.255018001991869 0.142700166821488 -0.24270392369745 -0.0549670013205383 -2.11367293173463 -0.0264324392971114 0.129934405528116 -1.91412555330849 2.24915950918282 -0.21465659677673 0.144605620410672 0.996239445254722 1.45299194196052 0.191856318913336 -0.730380450681032
"85" 1.49572605637681 0.304317219801178 0.164755706567098 -0.453931118609441 0.213741543701807 -1.96012162026645 -0.0679575205887242 0.177862930951394 -2.5501368226225 2.02574788299726 -0.164529778431296 0.274184445217777 0.600665967881673 1.08277881503942 0.0705256913875711 -0.708343258855713
"86" 2.33184818274236 0.975752126836211 0.211045567397925 -0.618633935100721 0.543642927098735 -1.54574938509291 -0.123315469823163 0.145118077143824 -3.19373324469471 1.47163299474326 -0.0967023700989257 0.358341319838331 0.0888516256408791 0.555513161982214 -0.00225461294188012 -0.607209174500305
"87" 2.58915726874695 1.19308875228979 0.235012849613772 -0.650707212508973 0.654572114974933 -1.36782067572675 -0.143026763353239 0.109833359299651 -3.37042569754313 1.23549867115886 -0.0737102156458047 0.367578317555726 -0.0810906853667621 0.361866675664404 -0.00776450307036924 -0.554536351140683
"88" 3.25244170389525 1.75666880420872 0.329192581162271 -0.675894825126548 0.977711752227549 -0.827916902186176 -0.199427196311522 -0.0592433463885205 -3.7712925044738 0.518877825507074 -0.0115661756094603 0.354205793107603 -0.550467411369582 -0.219173067079536 0.0219148114924756 -0.36765741825802
"89" 3.67961168831269 2.11270915595858 0.424630171550331 -0.636455645545601 1.1981784039131 -0.439644711728719 -0.238648491678222 -0.246705568403342 -3.93995903834166 0.00704991106655695 0.0316087863904141 0.311158171711796 -0.888487700486264 -0.691048219641441 0.0722700671740295 -0.188700407235039
"90" 3.96181779579746 2.35414109330853 0.495610678313413 -0.571503614497294 1.35541220220591 -0.163026978724245 -0.260820027780118 -0.418817521721667 -4.00349223390826 -0.348590174791709 0.0647386509102462 0.265440593005145 -1.13459595739378 -1.08105904301083 0.107012615138457 -0.0225810577526531
"91" 4.11462244885786 2.52390073675066 0.489035387119881 -0.460713238707351 1.47011655271672 0.0384121988344051 -0.255871806829633 -0.561605579275506 -4.01362287949584 -0.598382112232101 0.0892010720236978 0.217473304558041 -1.29521469770999 -1.3798404018663 0.12065448918869 0.12573410423493
"92" 4.14834958526529 2.56343165703379 0.568994166711613 -0.409058175490401 1.52802069241585 0.195494543601373 -0.259013337319387 -0.702121728733312 -3.90330935529413 -0.771506280924248 0.107846969060548 0.17715090174152 -1.38187084925988 -1.63228547796289 0.125236382964226 0.275683092069762
"93" 4.03058658984015 2.5205249038985 0.589140038047305 -0.332653813179151 1.53847474760577 0.310525340780893 -0.237478741482354 -0.808252139034519 -3.72174323470077 -0.880704811705085 0.11627602105788 0.133046677431572 -1.36958947612852 -1.78505550195704 0.116974372206324 0.406485041489809
"94" 3.74511063166488 2.39654414955494 0.534665978722785 -0.228623333792543 1.49961066856683 0.391850791986621 -0.186992767720594 -0.871531611369495 -3.46673123446785 -0.937749917964365 0.112629223666513 0.0824866923881729 -1.24708499228001 -1.82775846458604 0.099645673286564 0.513374830136705
"95" 3.28015588265126 2.18252026835295 0.420598307874624 -0.112536781310043 1.40704520152792 0.447383107094921 -0.109756738756948 -0.888644142183551 -3.12465745015412 -0.951845767013975 0.0955796635360002 0.0247765239716244 -1.00651169298591 -1.76069173345252 0.078872453335447 0.594986857569346
"96" 2.62484230924187 1.87979609642931 0.237663830085615 0.0155309959907335 1.25934433404955 0.481328189561315 -0.00299164664979659 -0.852247325114291 -2.69356847167952 -0.929200861156729 0.0635056520913566 -0.0421481553057248 -0.639777271374821 -1.5785439884267 0.0587479543378366 0.646843020695442
"97" 1.77995013121228 1.49357241398674 -0.0185896072062782 0.154984631759335 1.05785683545023 0.496763953849036 0.134034196538941 -0.758204408739513 -2.17677205600741 -0.87495216118735 0.0157107486216915 -0.119116599979996 -0.146396492933429 -1.28196416218706 0.0426945238763956 0.665516344550355
"98" 0.771399298585219 1.03670970266404 -0.339983874402779 0.303079030240264 0.809944547762416 0.496448255566205 0.297106980090353 -0.61017854736721 -1.58825744802941 -0.794614931616848 -0.0464678239708264 -0.204107834609381 0.457488238553576 -0.884367324631389 0.0329445071374881 0.650314870378125
"99" -0.330788624812234 0.535217319916737 -0.69515956257262 0.452952040749631 0.533568543343775 0.483641242805315 0.473084574755946 -0.426019646294629 -0.960497204426682 -0.695752744630523 -0.118184341854057 -0.290049356305879 1.1264667845228 -0.421530073921819 0.0300369076670597 0.605490422176423
"100" -1.4164766466083 0.0507212295210384 -1.01809333931227 0.579310225431987 0.255164954910081 0.458574756156559 0.635972668259875 -0.2343759472128 -0.334717630139378 -0.583014063477115 -0.19001662768789 -0.362902148899842 1.7843622447691 0.0147025550309934 0.03964856184726 0.535580499018394
"101" -3.67803651303329 0.415008312101839 -1.12295879705011 0.0205171094630199 -0.327018526094133 0.230962684825921 0.744584174319814 0.393132539447462 1.20692284993157 -0.159110419388778 -0.25382062084987 -0.413291332939629 2.88062711436917 -0.736239488154032 0.338444823857705 0.170872545981915
"102" -9.35354627465054 0.921334155847349 -0.953834514882848 -1.02153022388959 -1.19162379857629 -0.00882428984914729 0.840778274208451 1.307278022416 4.57295586193603 0.382120858681647 -0.260449550026149 -0.523988170792059 4.65896830392217 -1.26334535255006 0.318405565243543 0.0372050124430956
"103" -4.76969983858508 -0.769334413432761 -0.92129762503879 0.599238924413921 -0.250744036262174 0.392789761518166 0.739050856046102 -0.0527895640173504 1.68039304974536 -0.286575443868103 -0.259288777739964 -0.387565419965419 2.91872260331258 0.650912783554212 -0.0971210851965045 0.538476291903677
"104" -2.29883708879702 -0.976057925301515 -0.540176256218996 0.745439656172174 -0.036371098321752 0.390411918599216 0.571327652368669 -0.39794563233808 0.585612235750366 -0.324362605845878 -0.244614751240907 -0.210646757888981 2.17738117452505 0.345703841435265 0.0249367684281214 0.39483855404297
"105" -1.62475271151336 -0.928004368891467 0.000147952517723926 0.678476501274645 0.10379989050776 0.376961449643631 0.375565340196327 -0.631539537469703 0.396826662592854 -0.307648064958684 -0.19371981341503 -0.071066157554931 1.70058232586628 0.0138517852257687 0.00878509683607476 0.385149430961263
"106" -2.59789664195466 -0.823742350343254 0.702305842385453 0.47904284260637 0.215814541823121 0.414851556855349 0.148358521825375 -0.850859543415987 1.00052476052884 -0.331877110199418 -0.0962896834185926 0.00681654491590677 1.3669176078267 -0.0163644531467861 -0.244901020886328 0.636385871950395
"107" -4.87303033531299 -0.812750465339006 1.62035698820252 -0.55411997840123 -0.0753757517507072 0.431053757723715 -0.131265990582841 -0.606106366452414 2.62398940971411 -0.296708921283959 0.095762495043469 0.0309777030948162 1.20919010456616 0.382629533157457 -0.81061092607539 1.02437659434039
"108" -3.38526137585364 -0.635734953977896 1.74091064505957 -0.128839755949278 0.275619400617537 0.397345285789065 -0.22963639476602 -0.825223223351865 1.69024999268209 -0.297879805601331 0.0734319254330064 0.124316839737588 0.767528661535699 -0.116078956580061 -0.615995445137268 0.810098675918532
"109" 0.34698300618463 -0.475956646168571 1.4642810953926 0.309681296399738 0.584512952135434 0.244806756453223 -0.261640949708819 -0.736248294799335 -0.339983843257201 -0.199005570979168 0.000250882422557108 0.248048111963257 0.173090193815137 -0.899978794596421 -0.137853747444397 0.138188788745225
"110" 0.939358374841998 -0.384174176367783 1.44189548434692 0.204243371710035 0.61412739228486 0.165629520392801 -0.317580600805484 -0.38526910413102 -0.665060468541098 -0.128041343559872 0.0150760714458733 0.208582665173573 0.0273292530254694 -0.987654442580735 -0.118318016939452 -0.074544273862017
"111" 0.621609766635562 -0.307197135918838 1.34752861867288 0.084110702280368 0.598176118453539 0.106359453836073 -0.338966618925111 0.0691832380365165 -0.588755893796268 -0.0686322929266452 0.0258236140531279 0.0599595443108001 0.0856273872575337 -0.861783611513018 -0.161490566400762 -0.172822394317677
"112" -2.61312139284056 -0.502104681158662 1.55191906249967 -0.205860233781561 0.324776902931629 0.19939926045004 -0.3333939458624 0.122910300909532 1.18253151287484 -0.11260815206555 0.00659631559207491 -0.20736846862895 0.602332144185977 -0.198206178856154 -0.241357302167001 0.277558365603547
"113" -3.22521696437475 0.447000192446005 0.756940534387794 -0.00814874662384035 -0.298503861663673 0.774768066324767 -0.183148067820638 -0.00636666736706792 1.99184655229317 -0.863405745137221 0.0307306604174945 -0.508328122038632 0.904936943479081 -0.797097225680157 0.0621512491439813 0.629163152817728
"114" -3.50164611865056 1.44193083634543 0.154426851667799 0.253126908814789 -0.352379767077689 1.1836388125094 -0.204813215441717 1.50460815842459 1.8242545569105 -1.43270279784085 0.0740505389358546 -1.38713778841304 1.56270682538864 -1.69012608406575 0.119103424847194 0.511245721179122
"115" -1.08108229773861 0.0595452345770729 -0.320181928652371 -0.567484606031279 0.119050136974876 -0.13273527426244 -0.0992339060513127 3.57405009242823 -0.265234484852433 0.155162904489839 -0.0116680835523567 -1.62741824213167 1.32365862590591 -0.0520426015867441 -0.176644844989561 -0.488964804445828
"116" -1.65699769393639 -0.072120316875061 -0.953223546118818 -0.770276806719417 -0.0155000449918345 -0.332861369440315 0.0276250819923197 4.82752592650555 -0.215009674743685 0.394995022327612 -0.050382311923476 -2.34483705895995 1.78528124832557 0.457760834238354 -0.18575249790706 -0.491677009422702
"117" -1.34768915826707 -0.162275562596718 -1.57107029369812 -0.839905560504482 -0.328120206116899 -0.437657203603871 0.144431779377107 5.80030862982181 0.141697243548444 0.524352299004363 -0.0719395752492611 -2.70227839849371 1.10184182597053 0.958186211298457 -0.143402796443953 -0.811160820511162
"118" 5.78926412831732 -0.637410922826281 -1.34654911645331 -0.949760228747941 -1.24319795112134 -0.655264427616979 0.107861464105116 4.01143374415152 0.595794567678169 0.759639583308238 0.039164116453081 2.03068380266624 -5.83703153584375 2.00938170367617 -0.0408487421625647 -5.61223822081384
"119" 0.864636519284995 0.215571614082209 -0.423889491499936 -0.230380568398426 -0.617387143062009 -0.331348475637567 0.0553271359780566 0.879058387354394 0.798520394033039 0.429016946462627 0.0272413298540319 1.53809442023038 -1.41781671827778 0.186357148585742 0.0359210865510706 -2.6511244686278
"120" -4.19787057434026 1.69665474604348 -0.723771312857828 0.0834681569851394 -0.444239939025948 -0.557680585024066 0.0456126654765622 2.48630811509712 1.87538913507545 0.830404770911892 -0.00992120341808878 -1.78637777697963 1.99751891237114 -1.95430357257935 0.0746496768461267 0.439786922781977
"121" -1.27791163290414 0.225326585121986 -0.321851687796179 -0.522477718847448 0.10531294236376 -0.302561691257694 -0.0947276312477157 3.48228898330952 -0.138693687922961 0.386848250887479 -0.011945683962747 -1.61981529383888 1.35781389672264 -0.308753600117256 -0.166725138059116 -0.42336120460358
"122" -0.0970258921303113 -0.103988714037902 0.233533248735598 -0.440113494207917 0.331029325385128 -0.162960767698707 -0.196171254381914 2.54457381870402 -0.639712270052916 0.201916716880122 0.00627230855708816 -0.971027866217874 0.795477067867996 -0.254617049575473 -0.203130421717611 -0.568973141374002
"123" 0.410236064925833 -0.16836194850151 0.697421301308083 -0.271951258506919 0.435119152472113 -0.0820126578702873 -0.270949189138506 1.56666798570236 -0.729844756398281 0.116345608709158 0.0249218754865093 -0.332073548345029 0.46734544915379 -0.494298119558181 -0.197808340762601 -0.700125369200194
"124" 0.376721565139121 -0.446937945361956 0.925601130847869 -0.501814110193072 0.0343214595008803 -0.155785273335303 -0.254861929519847 0.464437317399512 -0.476746548452866 0.188721674520548 0.0864156352319471 3.27187296948254 0.769002727313711 0.157691486234529 -0.267166083965245 -4.51879280532097
"125" -0.333138485565646 -0.372586860017819 0.499818800963927 -0.501139003226609 -0.285934639561446 -0.112194463286056 -0.0922930362917483 -0.166220813621894 0.186418849104097 0.135260896568388 0.0808160200465988 3.28558565537675 0.646064190885859 0.560228996920645 -0.21696528869115 -4.01254937655132
"126" -2.77382100171276 -0.421163040425623 1.48373976836013 -0.40075191933074 0.114024516965245 0.266699896558053 -0.251373677124865 -0.483014709237447 1.52054569261376 -0.190281816416696 0.1027148246625 0.224462350133326 0.473346552193285 -0.0138697003355035 -0.545937286378997 0.454799113669601
"127" -0.816394959886297 -0.480803791695848 1.58570306703756 0.242839503498393 0.544549372926431 0.295886649505987 -0.270654315864872 -0.817726213268606 0.256969785787755 -0.239271113248195 0.0231322606082467 0.211492588690376 0.301705869762673 -0.699385529687125 -0.275732987045005 0.35786116092487
"128" 0.359558297011958 -0.591052695987479 1.27529962520619 0.414206248656278 0.515722526792942 0.284238115822266 -0.155606282814654 -0.896774047472549 -0.334786050791484 -0.234721253822964 -0.0402180145139952 0.248848297282237 0.366857221802579 -0.852784423471761 -0.0620163411581514 0.198585823124006
"129" -0.0213583668007757 -0.716516806258618 0.97095303350659 0.503933165562733 0.394498030472921 0.322691842097334 -0.0119770909132159 -0.929529690429657 -0.116877874142302 -0.26455459099881 -0.0834303942030323 0.18421145990591 0.590980382487527 -0.64009334704732 -0.0311963806117124 0.289388424807044
"130" 3.88397298935993 -1.10241084255362 0.812203194407737 0.392441383008892 -0.166370413565915 0.279559585361563 0.0667757787562817 -1.0408331893832 0.561508726145414 -0.166746655733752 -0.0613400354017332 0.226629523722927 -3.79317659538185 -0.138913560993451 -0.0752692294980202 0.471226990431568
"131" 7.48172375629631 -1.23810097709083 0.887926742130922 -0.41395709818682 -0.891472260603908 0.0894083247055826 -0.0482392849885111 -0.647714585685543 1.39230077071825 0.0753673475479268 0.0757773982491914 0.308167653418494 -8.05143953536135 0.415220399400825 -0.275179362365582 0.478229019297821
"132" 3.38313525939857 -1.30323444128713 -0.370024328575853 -0.272581164658163 -1.09823281988045 0.0141619748084436 0.334542079468746 0.23316583057959 1.75656074785941 0.16357989829987 -0.0513116340959522 -0.000771140012114202 -4.42948472337371 1.21813015498747 -0.233996594414982 0.175286340228032
"133" 4.95495748471144 -1.65362886428129 -0.822860368753563 0.376447095018722 -1.11662121363649 0.219590438027236 0.654765394539335 -0.252717775407175 1.80560597725364 -0.0445422703958812 -0.173906814308329 -0.101665514193968 -5.93676081048609 1.356986041053 -0.128820200102576 0.505366996491503
"134" -2.08986108027711 -0.784399327634668 -1.20958991617919 0.759954176178853 -0.152583594019196 0.408103157165933 0.777920599601605 -0.120918707838963 0.559212493647196 -0.391827709844842 -0.272723207773837 -0.375617902972529 1.89014758487193 0.637174000159153 0.0351411457128759 0.440755135305089
"135" -2.2268024124762 -0.413559298944022 -1.22543893109879 0.702738347612232 0.0357154352533771 0.43906193229782 0.751489112296595 -0.116477010253477 0.163167255997443 -0.488890134815268 -0.247845796752845 -0.40297310742676 2.26555024255465 0.410834223742842 0.0370391676897457 0.477593941652806
"136" 0.443266055781056 -0.118724831195002 -0.979110915247829 0.574248901291105 0.0725853540439894 0.427713514660912 0.619748892198926 -0.321863833419316 -0.144828800822834 -0.527943934775615 -0.169844936434914 -0.305636762274482 -0.201462832509081 0.178445493474412 0.00969960604883457 0.578156747854287
"137" 8.72459795202322 -0.931962033525272 -0.535201304168822 0.0180964676351785 -1.03127140844896 0.167163596165856 0.425213877560969 -0.376061016685983 1.19409277291781 -0.10145571000083 -0.00520068842699639 0.0464057971637502 -9.37682179612116 0.986475092599445 -0.269110310584142 0.617120473915726
"138" 1.44812896234663 -0.324155068437449 -0.598353269537794 -0.108985197151569 -0.496877163711213 0.0427699710673833 0.28524539385115 0.276667311463174 0.649901995541123 -0.00903545425503011 0.0308232141108722 0.00357728120907641 -1.91897251521089 0.691257878991808 -0.39272936784354 0.150493143625093
"139" 0.603172006300415 1.12776466320988 -0.577949552075593 0.0744152624498007 0.552092294518073 0.319737284882306 0.258999463003059 -0.152255022777395 -1.31528244927207 -0.5785102138234 0.0943562258300134 -0.03156836164586 0.250935839350662 -0.467800428673062 -0.444228820290385 0.454723717670156
"140" 2.53724159880895 1.86518385938682 0.186721710884278 0.0126332524815265 1.22883693958146 0.473059052284809 0.0109380512887704 -0.809837357042663 -2.6448659533416 -0.915186959787074 0.0699181757746441 -0.0370704592139433 -0.599876448910291 -1.52347620131448 0.0175601075396008 0.637914249954747
"141" 3.2796902369907 2.18245217424137 0.420322909445607 -0.112538529650475 1.4068961344016 0.447352112015571 -0.109675433791872 -0.888439332141715 -3.12441077910311 -0.95178508611571 0.0956157168849332 0.0247995244285875 -1.00628859720246 -1.76042307783445 0.0786433193691556 0.594963800768099
"142" 3.68920752151493 2.3818136618135 0.509658255319959 -0.22652207709841 1.48164734721796 0.389898156696308 -0.178867685649591 -0.853511436334196 -3.42971732834636 -0.931191038603469 0.116208485312635 0.0843869285024539 -1.22307265449905 -1.80077592062183 0.0763689409658035 0.513077015758611
"143" 2.57886273521462 1.97870872490149 0.0918030725975025 -0.262212952188671 1.05877207904431 0.253004656898471 -0.0675031985236392 -0.405767933471276 -2.64110900029478 -0.678940483978049 0.165009165166722 0.152778831250025 -0.79803721092162 -1.12452250865808 -0.296023490515161 0.353393339708056
"144" 0.0689440921980529 0.890570851242683 -0.0451165284192646 -0.700902115104091 0.50915831894346 0.0803411862927733 0.00863795750454559 0.418538873504372 -0.868120418079709 -0.263473956724599 0.0716653828591529 0.391345845313019 -0.237571598401813 0.0106216227570402 -0.147951581273015 -0.541840537591478
"145" 1.51997420914677 2.0940099011328 0.566006087693045 -1.58154473470389 1.43700193083499 0.0598630253849834 -0.211926058069562 0.52224136888774 -2.76757313439818 -0.526976466097354 0.0236878748744885 0.795334093977207 -1.03939995121335 -0.433728832423385 0.353761925764815 -1.279755349747
"146" 3.78083926913278 2.35526363212591 0.517180722552466 -0.690970051081059 1.37876317136041 -0.157728944657443 -0.26208925029787 -0.325265928943274 -3.94877047121817 -0.354674922011374 0.0599690568632988 0.325547487551134 -1.13445084484172 -1.01748960743033 0.133478665172905 -0.156209640527649
"147" 3.68143777573721 2.11456423532674 0.425039608872625 -0.63750812871535 1.19945911089844 -0.438046484116321 -0.238852072593457 -0.246486269880533 -3.94184437155032 0.00514839544202705 0.0318407324880231 0.311642179469139 -0.890170597252312 -0.692596636230492 0.0721259009220514 -0.188806608398984
"148" 3.28332214444085 1.72360521837516 0.382418662000037 -0.6807182621781 0.997706861505481 -0.806707535500443 -0.208488430534939 -0.0931959956373012 -3.76671167977774 0.536586762468115 -0.000341177978423812 0.347759157444202 -0.591010446090972 -0.31574617757828 0.00694827364285278 -0.316207521000862
"149" 2.39626026210938 0.282961495761201 0.872697413570307 -0.607002579563526 0.64132830299065 -1.1911545476348 -0.212897279064369 -0.273644807290444 -2.58979380176093 1.6763038334257 0.0330672336777232 0.229173729580815 -0.376699199763208 -0.763805522243807 -0.0770355124951019 0.00481659770672849
"150" 2.71032434485528 -0.477665948605661 0.795760095654263 -1.41390896343231 0.372363087262651 -1.44221368928994 -0.130321656849019 0.643536744243089 -2.39495926374123 2.30537478775199 -0.0760019325451493 0.679993982813377 -0.18537539565668 -0.957469400406359 0.54993587709389 -1.44377516633806
"151" 3.15328977455605 0.869401554629829 0.255753846078955 -1.48628067873935 0.564184789002219 -1.65098459157182 -0.117556997099765 0.86264683415462 -3.82153996805716 1.87050615300146 -0.0957087482560309 0.828979237578253 -0.0111689954052803 0.222705657806284 0.116753438590183 -1.50289014139215
"152" 2.69678408116828 1.17355525592706 0.0151045418588612 -0.884238265370632 0.619249377398643 -1.53862950607075 -0.0970452369846061 0.471969252279182 -3.91634672272414 1.63381122813067 -0.0522955149642834 0.580306987248726 0.0226769035413468 0.589851578608511 -0.31606825726401 -0.720674800906721
"153" 2.65394180899507 1.08487273948842 -0.0484373866532425 -0.824942671054488 0.597502722366396 -1.40171281239703 -0.0801461239795214 0.477461872178807 -3.98469235353871 1.56931202297666 -0.0399435784168176 0.580323552236635 0.0497991750024016 0.619438872442361 -0.382232738053327 -0.663392655783738
"154" 2.43472808979078 0.566023422429647 -0.101561423564864 -0.406928161923247 0.696566019079373 -1.32519249483782 -0.036022077901556 0.25691447232749 -4.05856590474551 1.87239513637801 -0.0386978203538702 0.449535779136493 -0.0133914775691784 0.42430499446004 -0.353102453124245 -0.409012297131355
"155" 0.94295847112347 -0.434156132143243 -0.442608524678008 0.449623390301465 1.49371633789435 -1.6665276717324 0.13120674784202 -0.00171097693345379 -4.68616421654302 3.24871910814686 -0.00194059536427105 0.354540358427208 -0.421592403245299 0.510077344917534 -0.685949022262252 0.094957141824402
"156" 1.48116561231579 0.331295580631519 -0.373359976100213 -0.304943236850411 0.808958124754766 -0.520144222704449 0.0398586201471481 0.382944034330502 -4.13392841839409 1.1307924871323 0.0242632637759742 0.543929502779701 0.0460469210782197 1.06328200799581 -0.68317649976063 -0.329048993347662
"157" 1.9136042628987 0.00285186724471143 -0.193227058526187 -0.0817927170399173 0.313743419777022 0.395180593079886 -0.008181588534699 0.0763752208880595 -3.48976026663858 -0.00375211197620329 0.00391873826317862 0.31569220792311 0.309792115488166 0.817423861684655 -0.317388172674818 -0.183271110728768
"158" 1.5845004710627 -0.426117350067919 -0.191767104556996 0.231707022379053 0.183333324201695 1.15495977771053 0.00600182440453917 -0.141839396069534 -3.1165042636308 -0.755185221478477 0.0117014863620717 0.173472984430521 0.410332466479157 0.887850812365384 -0.21260393686237 0.0108668513521764
"159" 1.1974240949864 -0.854588870852345 -0.185842150824766 0.539866838310252 0.0535124853149729 1.93691289050616 0.0194161629125999 -0.358742746531434 -2.66588467953217 -1.55018055231087 0.019581578955168 0.0292579217211397 0.505831852281524 0.971535010717209 -0.103401019776722 0.201547370625164
"160" 0.804031042634724 -1.23265755972402 -0.174164314111226 0.799725904512746 -0.0692391858580572 2.63462269466538 0.0302597389422612 -0.543734412155501 -2.15087606857555 -2.27880840206522 0.0264582494460919 -0.101531324383188 0.583108821581099 1.03189224891881 0.000779769238335781 0.364291589211788
"161" 0.443434781045253 -1.50186012699078 -0.161349195901576 0.961710795158306 -0.166334077601715 3.11970169930499 0.0382633177564957 -0.65672302163331 -1.59938384016536 -2.80271257175891 0.0320905717993928 -0.197116872689946 0.623070020713466 1.03750271907023 0.0796227421448004 0.470891750683442
"162" 0.144650064664292 -1.61487705097513 -0.15107856302395 0.986807935735103 -0.219864369518358 3.28410914313916 0.0432868542823097 -0.665895027861385 -1.0343921649937 -3.00394851575542 0.0361827942102724 -0.240320225790761 0.609290483595642 0.960399534857907 0.116776085118394 0.49939232257195
"163" -0.0895920835120183 -1.5514833916089 -0.144565355751627 0.860451573546211 -0.217345142884062 3.08082953140391 0.045255220531024 -0.559260470686418 -0.462317490080109 -2.83092106555682 0.0384843343394421 -0.224873564072759 0.533938016480162 0.78763722273273 0.105839074562133 0.442055829652574
"164" -0.291012221334741 -1.32616952432806 -0.139817396947883 0.59918778079308 -0.153833752353977 2.54375610152569 0.044121701662233 -0.350205302851976 0.132652745753092 -2.32095624132799 0.0388448712585759 -0.1584543662747 0.400708772011995 0.527063525821458 0.0532337670877867 0.309192184210843
"165" -0.520859897021461 -0.982716404485876 -0.132133824327966 0.246012985795213 -0.0296563151822038 1.77350810748818 0.039891017561941 -0.0736022471386955 0.784585364459836 -1.58420803334753 0.0371693794697943 -0.0605833302090915 0.222775148773983 0.203124224581874 -0.0238076523884665 0.126512344625596
"166" -0.866818317982144 -0.577430312463959 -0.115615331573197 -0.147166081973605 0.159369344853477 0.893915675175953 0.0327007620862451 0.228909281724024 1.55306551928914 -0.755466548204868 0.0333968821638173 0.044208156820865 0.0145866614792449 -0.159286663057657 -0.103830540189171 -0.0744154770371068
"167" -1.57227653743736 -0.135133225619179 -0.0851136184841944 -0.596774366181409 0.507396744083863 -0.0497523961812185 0.0225575355094293 0.57295661529498 2.74403591543784 0.10398257269543 0.0289405559823114 0.145983983278462 -0.261322433426229 -0.616362700240351 -0.178754232461948 -0.293515445852535
"168" -2.77611294151855 0.413974690119699 -0.0322858689472538 -1.22259334455949 1.49805416247234 -1.03355838043401 0.000910329392169784 1.03411927795892 4.6152813404284 0.912023210408798 0.0346315270149156 0.263487025645603 -0.9023136894878 -1.35607359987736 -0.244238592828496 -0.570051272978134
"169" -2.30582498053162 0.731007639963116 0.0247135044646184 -1.31065412422583 2.50465261520066 -1.07757826749048 -0.0331466251156505 1.00432796170892 3.92505040015545 0.779628901361465 0.0488648860913718 0.270542909800653 -1.56341524921237 -1.56506795292412 -0.172018950078551 -0.569072193108688
"170" -0.825110183842009 0.366720260854876 0.0189762990885036 -0.575694252251486 1.3210793658638 -0.417537125774691 -0.0216504631167051 0.419289528645842 1.46473541380746 0.253519398436877 0.0261543998854343 0.118939916984196 -0.832568326515159 -0.709822940803967 -0.0581374599649522 -0.240673316004418
