"V1" "V2" "V3" "V4" "V5" "V6" "V7" "V8" "V9" "V10" "V11" "V12" "V13" "V14" "V15" "V16"
"1" -2.03987060097806 5.18691838805972 -0.463712750057326 -2.3224621229607 4.06468711661394 -6.2772639621822 0.0303709357395263 1.95520205032841 2.53775388606022 7.64102948041466 0.364255009686055 0.413088334571512 -3.51316489880593 -7.23422495702286 -1.21347182469196 0.285025837287321
"2" -2.1230921919086 5.14981536167789 -0.458776708282613 -2.36106471499426 4.2456694244553 -6.32869668317608 0.0271182361300504 1.97563038832816 2.80575701049205 7.63857101905191 0.36173610234809 0.395521612669199 -3.50121716348343 -7.31445249577176 -1.21986818197922 0.289165842900275
"3" -2.11358313096965 4.7282587300663 -0.419064099859256 -2.24179763110885 4.21347201957424 -5.94371530112392 0.0211217733819424 1.86115057645276 2.98396233292533 7.0890082456884 0.332119126254099 0.342612230479972 -3.26347465284568 -6.89688655538885 -1.1390533434477 0.27476753503197
"4" -2.05328589326542 4.19616104717034 -0.370142263023865 -2.05825281755074 4.05686969048077 -5.40189867622431 0.0155680991293323 1.69674371698864 3.04481811335666 6.36746713933599 0.294673845513543 0.284175876393419 -2.96524723931503 -6.29319567686358 -1.02770974643488 0.253378187926501
"5" -1.90605149468401 3.15177112467518 -0.275768162764066 -1.6699387156317 3.66076147109785 -4.29354923861129 0.00679831212419657 1.35845885687736 3.03183839334516 4.93386729110975 0.221133550221786 0.175929787232235 -2.39330513185158 -5.04693016394117 -0.800809803355151 0.20948565415074
"6" -1.71104706287509 1.8537370043573 -0.161125173421027 -1.16251984529129 3.09802762756709 -2.88004672252853 -0.00147665628156801 0.926603344824869 2.90396497532912 3.14728679013282 0.129707390139657 0.0460532199099362 -1.70771147975691 -3.44925275693161 -0.510788802847742 0.154521093926633
"7" -1.50214866307308 0.446004505449025 -0.0409788646541358 -0.591605448440873 2.43103470652118 -1.32195145444507 -0.00707545628691264 0.452618291595172 2.67218706581189 1.22188161015578 0.0305076902579486 -0.0925568589054819 -0.998177756665754 -1.68306137715284 -0.188552848424933 0.0963718342018183
"8" -1.31383796066472 -0.898335379851687 0.0670506113437739 -0.0277289752543766 1.7336461607041 0.183020859044632 -0.00761298567640267 0.000644904116313683 2.35636097239828 -0.582945997639115 -0.0644238275797591 -0.225338844908947 -0.361774230700078 0.0260470879648409 0.127979905485972 0.0444791520139916
"9" -1.17482003557313 -2.00209345544403 0.145016787075576 0.453098633167883 1.07926843634615 1.42738476813668 -0.000822381443718712 -0.360944694175174 1.98198270517265 -1.99866939584052 -0.143006250759655 -0.338642701813114 0.112857568839189 1.44165358773289 0.399725099337957 0.00843346871988615
"10" -1.10299616225391 -2.71066864918299 0.177369954620701 0.780081952765727 0.529755419534458 2.22360530073249 0.0151173793968624 -0.569031806181243 1.57662740033637 -2.78650236743607 -0.195147274737053 -0.422343025503324 0.359588303799697 2.35133707213452 0.592912223959956 -0.00357349034038634
"11" -1.10272375285727 -2.91573505423662 0.153382525610624 0.897818573931204 0.127241572692128 2.43098976245449 0.0413088483089581 -0.574685674550437 1.16672295711908 -2.77225168993732 -0.21455126518903 -0.471998886438996 0.344590828967824 2.59835880786764 0.68507215713089 0.0138151496248611
"12" -1.16471478645981 -2.57208287566687 0.0688494439858118 0.774399122831483 -0.109920843185739 1.97543362728663 0.0779690648049183 -0.350176550718999 0.775113764693034 -1.87152672096573 -0.199996265753882 -0.49015356354721 0.0704040205321661 2.1050376365296 0.669500328667937 0.0620252085500397
"13" -1.2683718701648 -1.70518243749768 -0.0732192776200407 0.406314152000505 -0.186950772062626 0.85927079600765 0.124398354659462 0.106890899253358 0.419616160698681 -0.101749977401028 -0.155865599801871 -0.486517054327123 -0.425871936101871 0.884440462977523 0.557426809582921 0.13796164739324
"14" -1.38594863752448 -0.408705921274304 -0.26300977553214 -0.18038412175531 -0.128829525786656 -0.839661887005832 0.179088915015527 0.772764980388615 0.11254340733575 2.42012370764215 -0.0918427115150422 -0.476954673012187 -1.07930855607519 -0.960790959097892 0.377487934120381 0.234011431102772
"15" -1.48768180720946 1.16717562600081 -0.48532385063092 -0.932652591137071 0.0258970146515818 -2.97887447219443 0.239950262371806 1.59998185639711 -0.138980658221963 5.49293496778967 -0.0218033534692381 -0.481383850648854 -1.80718827264096 -3.25152806895344 0.172489497061861 0.338642826118303
"16" -1.54696268764094 2.83463892469837 -0.721748878521652 -1.7762653597598 0.232305533232952 -5.36973324237707 0.304606385215671 2.52254129259666 -0.332190035252679 8.85661650655626 0.0379509604838404 -0.520835094972426 -2.52047891011534 -5.75450619280721 -0.00617681365429235 0.43753253171235
"17" -1.54467515764343 4.39130663630016 -0.953210470330788 -2.62401073603633 0.445969506648217 -7.80052249636998 0.370706075711581 3.46301122022874 -0.46762804295247 12.2232613210197 0.0708917861425959 -0.614047953849877 -3.1349780659273 -8.21021738181742 -0.105794413629837 0.515097700063961
"18" -1.47201253238 5.64439020531995 -1.16249619215859 -3.3852223741435 0.628514609901909 -10.0606711745346 0.436185988086649 4.34059101034767 -0.548161023471843 15.3094201693907 0.0626189681004945 -0.774041728566772 -3.5807021129945 -10.3622609177859 -0.0803724727252302 0.556276623566191
"19" -1.33138133625464 6.43282336086543 -1.33636246200351 -3.9755269326879 0.751253041917366 -11.9629987005397 0.499435948570444 5.07914971334145 -0.578263621109995 17.8654496323445 0.0030811286160457 -1.00512078444081 -3.80855836460807 -11.98435669379 0.101517882745384 0.548387844064564
"20" -1.13536531246133 6.64486699471456 -1.46692064616363 -4.32575339536857 0.796723722696383 -13.3614839213689 0.5593361391808 5.61436597720466 -0.563675972094589 19.6986459566754 -0.111613133444024 -1.30074527469424 -3.79384299690379 -12.9020273941675 0.450137204859629 0.482896726312902
"21" -0.90408596229706 6.2294563500447 -1.55212630460554 -4.3891109461556 0.758349631519696 -14.1629611142558 0.615162236388201 5.89929774627507 -0.511405311065628 20.6881446814287 -0.278024501544508 -1.64262178320314 -3.53658883335301 -13.0070660310401 0.950127363372758 0.356923252470551
"22" -0.661571214231493 5.2004621863162 -1.59534556165129 -4.14597214474838 0.638706158991477 -14.3321255561646 0.666382351218928 5.90796195596467 -0.429928889591654 20.7909010461074 -0.485019906557795 -2.00124954052353 -3.05919273558392 -12.2641043132359 1.5589630192103 0.174328699332364
"23" -0.431866362482829 3.63391120308029 -1.60412016915346 -3.60586551477695 0.447039180492725 -13.8901296164622 0.712393306080912 5.63676675193308 -0.329383347137979 20.0392707034504 -0.714306498492576 -2.33800503614202 -2.40203632037098 -10.7096812773764 2.20879125657234 -0.053778785249051
"24" -0.237174722496903 1.67845836959265 -1.5885990622848 -2.81490685364315 0.19919196994707 -12.9189220412408 0.751924573643734 5.10986062934575 -0.222502857262251 18.5484835612732 -0.939865620744342 -2.60662692261576 -1.62554734177309 -8.46862425245025 2.80679111418635 -0.306870101502682
"25" -0.0875219709417365 -0.552418612286374 -1.55844129525792 -1.8121280789004 -0.0966848773835096 -11.4971200130588 0.784469323503096 4.34816786609964 -0.11939573016969 16.4217704019285 -1.13991818624335 -2.7680140880102 -0.767731574856782 -5.62920135326246 3.26847341550774 -0.567681984847695
"26" 0.00594203774787871 -2.83423763701671 -1.52264630913805 -0.691459272187899 -0.420880745190198 -9.77485798758048 0.807198167959527 3.41257588934134 -0.0352900577383899 13.8666604546031 -1.28183963928416 -2.77546611177513 0.0973706413479363 -2.42024730229475 3.48203046038952 -0.803508251268795
"27" 0.0433648769567156 -4.96915970567017 -1.48695981517457 0.45341990368081 -0.757671344226329 -7.90191867174063 0.817478014121576 2.36827599067853 0.0174910131154515 11.0882397626839 -1.3396580371725 -2.59800878057285 0.911665819756379 0.93834108828031 3.36015628781342 -0.984676667850181
"28" 0.0316486069324213 -6.77506419548138 -1.453062804723 1.52690561212717 -1.09154808625967 -6.0256525206938 0.812411800959524 1.28613438377864 0.029396965017634 8.2902525630935 -1.29360812406104 -2.22053402605434 1.6245664759382 4.21951137685323 2.84323238984052 -1.08416161824425
"29" -0.0172506880000043 -8.10258203174698 -1.41846873102045 2.44075184880444 -1.40671936117183 -4.27842149444837 0.789247105925298 0.237298616750678 -0.0047010700723904 5.65915035693126 -1.13324643492936 -1.64797613395331 2.19558776950939 7.20406167166139 1.91184366722587 -1.08163792199139
"30" -0.0884621191873123 -8.84859451737429 -1.37719794725496 3.12254765300531 -1.68650444421701 -2.76751043410931 0.745873306478757 -0.711779253093908 -0.0841556897822713 3.35113964717601 -0.85981817053586 -0.907661593344528 2.59587003297371 9.69397006934116 0.595994271679047 -0.967319170467817
"31" -0.166448543708157 -8.96503751659873 -1.32108869966638 3.5224991275096 -1.91298112429792 -1.56807016585731 0.681327451711972 -1.50358516075875 -0.201770284833564 1.4827711086908 -0.487492090399712 -0.049322964437124 2.80879661165829 11.5237889838299 -1.02074539864225 -0.744918313019298
"32" -0.237075606687569 -8.46224902251703 -1.24150722686375 3.61777921691851 -2.06718982480295 -0.719410692171408 0.596219339937228 -2.0928398631238 -0.343836825301901 0.125343085801319 -0.0431618279207413 0.857529766769403 2.82989510508358 12.5699978174081 -2.80355553777554 -0.433066399173185
"33" -0.289269986149506 -7.40656558011045 -1.13116554419383 3.41395950352512 -2.13008470069021 -0.224733689169739 0.492991756466701 -2.44875081952603 -0.491113721739955 -0.696820447936773 0.435349831210644 1.72892459099603 2.66618983923783 12.7582318720776 -4.57588722208561 -0.0646610228814097
"34" -0.316104220005087 -5.91239529446023 -0.985750580466799 2.94337079087074 -2.08427142218167 -0.0541624005942651 0.375952284419419 -2.55622726939364 -0.620742663885119 -1.00434895746395 0.90266027050491 2.47417020654666 2.33513358374296 12.0682412039721 -6.13602635241728 0.31610885576174
"35" -0.315223313962207 -4.12954086478999 -0.805110500638961 2.26061736660154 -1.9164013141578 -0.150683434783616 0.251045881108851 -2.41615657427715 -0.708957265353399 -0.857393243301317 1.31052901461464 3.00544586776232 1.86320327725703 10.5363330260755 -7.27949071497255 0.65893283497644
"36" -0.28861242571196 -2.22706450642352 -0.593823772713449 1.43584116174338 -1.61992576865679 -0.438365554097146 0.125377595004871 -2.04489813487052 -0.734293994170331 -0.347332982999035 1.61343164609039 3.24835125173377 1.28420928847758 8.25496892359201 -7.82499113201015 0.914190150977447
"37" -0.241788730245247 -0.3754121375365 -0.361078689220278 0.546635035876307 -1.19778019333325 -0.831990751398422 0.00653593832772259 -1.4731655934865 -0.680899312455807 0.413601958899903 1.77435826333752 3.1522735939534 0.637347399767364 5.36916846655218 -7.64079858540731 1.04046654221293
"38" -0.182573944986714 1.27122295086861 -0.119897701539571 -0.330319065506046 -0.664489846392113 -1.24706152901268 -0.0981974260402936 -0.744433420960178 -0.541458047581437 1.30382898297228 1.77007202456785 2.69926674045109 -0.0349798806409183 2.06944416554308 -6.66782161231754 1.01159081352125
"39" -0.119655586530143 2.59027588139026 0.114165430530591 -1.1268017443017 -0.0471921322159687 -1.60907685569941 -0.18264316498265 0.0870728679322497 -0.319264530870264 2.20394105728019 1.59504673488445 1.91010937102601 -0.689531513786832 -1.41882772086618 -4.93566368721667 0.821955076437007
"40" -0.061165613859643 3.5021194257875 0.324661030252088 -1.78887987486337 0.614837908783551 -1.86102962659115 -0.242410312337562 0.958841416113899 -0.0290295394364044 3.0071682483067 1.26340428657379 0.84635332853577 -1.28471643726098 -4.84941505885294 -2.56848429908268 0.489066019674283
"41" -0.0134904099550681 3.97596846777134 0.495985339566886 -2.28040349186995 1.27239386920053 -1.96828214214841 -0.275370717766386 1.80311685409018 0.303839280466679 3.62779640724278 0.808392692558996 -0.392491483859885 -1.78309784870885 -7.97207098526175 0.221377444858717 0.0526753561789519
"42" 0.0195218172611646 4.0297166072146 0.615007723234925 -2.58398690431841 1.87026625057412 -1.92030839220459 -0.281849427370709 2.55067627928389 0.645542759373164 4.00681559710466 0.2792622151904 -1.6769657324121 -2.15377391382596 -10.5512627529386 3.15245404138909 -0.429608801785434
"43" 0.0368629120300028 3.72383974538286 0.672398406303699 -2.69970441874852 2.35260588429932 -1.7292118010742 -0.264500968552269 3.13543842334261 0.957605728279998 4.11441687340721 -0.264230159116522 -2.86051843706264 -2.37446956567199 -12.3854547965442 5.90445042829515 -0.889723061256518
"44" 0.040167595312198 3.15030963975551 0.663529254780059 -2.64207441545273 2.66916960940109 -1.42537349829604 -0.227889943090709 3.49984910392305 1.20159571641024 3.94934941224875 -0.759084157183054 -3.79611791935986 -2.43316428736769 -13.3252985380319 8.1565281035555 -1.25851696436075
"45" 0.0330914443443362 2.4181557391039 0.588886158082232 -2.43610493555775 2.78168645614485 -1.05098872070283 -0.177840664836225 3.60074115616501 1.34424817051643 3.53553032624637 -1.14717078361606 -4.35479897814548 -2.3290922310614 -13.2889050829121 9.62879356090366 -1.47567692264784
"46" 0.0204045560069233 1.63778330512787 0.453994446030094 -2.11319581867065 2.66947164623316 -0.652540849597528 -0.120656863189666 3.41508095696511 1.36228861073187 2.9166079584503 -1.38308544745031 -4.44376876612569 -2.07298536291802 -12.2723945523082 10.1213094111247 -1.49867364561942
"47" 0.00698097796043839 0.906317540196937 0.268909478511233 -1.70754626518692 2.33343060539526 -0.273393264731567 -0.0623323112116623 2.9447600936227 1.24623103877579 2.14936987391332 -1.44059056273133 -4.02142395180363 -1.68648533971788 -10.354165270883 9.54485745116949 -1.3093468611969
"48" -0.00312887987340105 0.296061197955964 0.0473583428900781 -1.25345255432171 1.79774507391749 0.0523759860259645 -0.00787295466824389 2.21945479068111 1.00253271733393 1.29693406442914 -1.31663978928077 -3.10675584708224 -1.20071978297631 -7.6918161363123 7.93849042948546 -0.91712140236632
"49" -0.00738099663003311 -0.152353965997804 -0.194364855958014 -0.78357584881951 1.10880570422516 0.304006296812901 0.0391695143395339 1.29663153562993 0.653690215410467 0.422565896716947 -1.03228496813585 -1.78118554628327 -0.654115237135358 -4.51135778502176 5.47055123050018 -0.358385547961007
"50" -0.00506632376371385 -0.431299883861584 -0.438645231567989 -0.327998106777159 0.331316371248406 0.475439787753743 0.0768903435267134 0.258064172621431 0.236144426377807 -0.415251875105866 -0.630204016743363 -0.181846169719392 -0.0895930098420479 -1.08919436151827 2.42210674696435 0.307847445485095
"51" 0.00275409593757558 -0.562038353768116 -0.667836893316462 0.0862684736855499 -0.458106180252239 0.574002970390609 0.104936637359984 -0.797269005355759 -0.203817668498504 -1.16615987777237 -0.169089785937103 1.51340569339845 0.448643587504961 2.27175543667578 -0.845689503214089 1.00733501811737
"52" 0.0136716522740983 -0.586110169692915 -0.865509633778117 0.435666219414543 -1.17913833977845 0.616787957369127 0.124160954613927 -1.76339568434807 -0.61566900000696 -1.78965025307218 0.284372647299364 3.1076101684921 0.9184784329411 5.26962693198563 -3.93632656643331 1.65999484214808
"53" 0.0246075855808954 -0.553899194661994 -1.01757824480552 0.700607598492979 -1.75677037422104 0.625521052224144 0.136103749614421 -2.53949851429161 -0.951015698607558 -2.2554372592972 0.664820392789551 4.41011274990888 1.28313559606391 7.63210562471029 -6.46881883631613 2.19000382838567
"54" 0.0325958671510307 -0.512485473029187 -1.11325201890622 0.866178104856772 -2.12999263687298 0.620949719333566 0.14241381608548 -3.04231932121135 -1.16985737472507 -2.54292220764466 0.917470294543762 5.26211204314859 1.51404803700296 9.14281540713398 -8.12769173911329 2.53529216306924
"55" 0.035504447494759 -0.494986150801878 -1.14575348737856 0.922909304917084 -2.25900366069354 0.617838476742691 0.144324733880339 -3.21690518698492 -1.24584606732954 -2.64028849533366 1.00594944461972 5.55847759199241 1.59310268744525 9.66267063609634 -8.7049642716147 2.65525474946116
"56" 0.0325428377303609 -0.513293724997197 -1.11276760148183 0.867406740414481 -2.12997113995631 0.621530029696316 0.142292186851407 -3.04392491542404 -1.16978468756597 -2.54372406178959 0.917523428552272 5.26241962989297 1.51407293375846 9.14375834248192 -8.12806363719346 2.53576363224056
"57" 0.0244492803920764 -0.555505962984171 -1.01659624291528 0.702629511270743 -1.75669762474485 0.626724001655077 0.13586418681065 -2.54229904368003 -0.950854501455806 -2.25712151297648 0.66493103099242 4.41066385970225 1.28311694966806 7.63414355624528 -6.46960101794502 2.19090494023294
"58" 0.0133176474832055 -0.58850543969038 -0.864008237104258 0.437728255350521 -1.17896271308662 0.618706142701342 0.123809755436298 -1.76667890528233 -0.615391281246916 -1.79238459528057 0.284546681705933 3.10829394559551 0.91829898800404 5.27304082261386 -3.93757706638644 1.66124424348163
"59" 0.00209936718690074 -0.56523238432726 -0.665791164402805 0.0875012035792224 -0.457768677238285 0.576800774823823 0.104480216838851 -0.800209409517862 -0.203388774709062 -1.17022189036356 -0.168850073978888 1.51409311928182 0.448173717290018 2.27692310913592 -0.847452940497078 1.00881627401941
"60" -0.00611608193985091 -0.435359288126165 -0.436027037864193 -0.328349293858082 0.331863199074462 0.479400634803511 0.0763306612777228 0.256185359447841 0.236761445487254 -0.421087808929542 -0.629906531384165 -0.181271223636941 -0.0904464704783265 -1.08181250259382 2.41983972235357 0.309414437120722
"61" -0.00889102090263805 -0.157462447536773 -0.191128398878334 -0.785944984823573 1.10957684232419 0.309625967004479 0.038496135656942 1.29622097836332 0.654535382915235 0.414214519509699 -1.03195518320825 -1.7808005387742 -0.655351830114142 -4.50117912405399 5.46788596457804 -0.356905679691408
"62" -0.00513115781642171 0.289501543111896 0.0513156710784415 -1.25780846746761 1.79870216531541 0.0605327583697033 -0.00869619461579418 2.22044309760577 1.00365900173654 1.28478978959708 -1.31632905945861 -3.10658206992684 -1.20218134426042 -7.67799909922695 7.93567003466933 -0.915934041609944
"63" 0.00447402429375643 0.897519834286868 0.273822261023867 -1.71331373884414 2.33446214910775 -0.261147775720957 -0.0633889925106672 2.94647555561431 1.2477265794723 2.13120053608617 -1.44038667271803 -4.02141457881862 -1.68778167278437 -10.3353258956802 9.54230946521147 -1.30871316651974
"64" 0.0173694378392923 1.62530992676375 0.460353257613775 -2.11921447019836 2.67037406404789 -0.633510428315617 -0.122112063915509 3.41612530128856 1.36431316608066 2.88854397500575 -1.38312812739821 -4.44379553509225 -2.0734000735044 -12.2461190145622 10.1197104065179 -1.49896099479338
"65" 0.0294516201461477 2.39950762242961 0.597625928343973 -2.44057239583299 2.78214460791044 -1.02060308270444 -0.179992789638817 3.59880623592272 1.34708389494223 3.49100705139256 -1.14767628028476 -4.35462957712389 -2.32745207399186 -13.2509901099212 9.62917200415882 -1.47744520528977
"66" 0.0357495106411534 3.12131535506921 0.676301702476508 -2.64240690709198 2.66873441384383 -1.37610442317413 -0.23124713138683 3.49139837357868 1.20571074509853 3.87753725158234 -0.760383972073868 -3.79537833706854 -2.42764850554732 -13.2686384791988 8.16043082653391 -1.26264618002642
"67" 0.0313615844402193 3.67778102367959 0.691953457462802 -2.69224626726304 2.35066604242567 -1.64902357348592 -0.269890403274786 3.11517242786709 0.963728286105192 3.99797976208896 -0.266829488185977 -2.85863879371482 -2.36233017346947 -12.2984817100468 5.9141998148018 -0.897582672982026
"68" 0.0124876180601063 3.95612520395821 0.645713110087001 -2.5635085659103 1.86601019363248 -1.79052571447238 -0.290568895757751 2.51070600440431 0.654744396375765 3.8188294915866 0.274601220906774 -1.6731129745549 -2.1309349266983 -10.4158406145587 3.17152050887967 -0.443262815973867
"69" -0.0226336963790033 3.85903896069294 0.544513832937014 -2.23934349711817 1.26475602096659 -1.76077161254744 -0.289391576815731 1.73178287766532 0.317628779896662 3.32767645614877 0.800539230725363 -0.385496822073037 -1.7436022037859 -7.76075638892686 0.254884012359071 0.0302413926183362
"70" -0.0730633674228898 3.31871042656059 0.400867006412057 -1.7163101636545 0.602419136235888 -1.53463338417023 -0.264638561465397 0.839143542067006 -0.00859564098102084 2.53551221268975 1.25071803027198 0.85806043696266 -1.21999469265801 -4.52203604700449 -2.51312281291825 0.453718945758737
"71" -0.134917551836807 2.30752520123451 0.232152581614656 -1.00713097122912 -0.0662466759718852 -1.10532084592649 -0.217239528626337 -0.105280158993793 -0.289445266777477 1.47631425355331 1.57521156148525 1.92854516542957 -0.587477295123549 -0.918411667749638 -4.84798619253638 0.768221965232442
"72" -0.2016092830291 0.843886044245949 0.0594488671462727 -0.141797592268176 -0.692679907195893 -0.485295784529882 -0.15094728099168 -1.04327613048031 -0.49865675342303 0.203706665472453 1.7399144723217 2.72689556478235 0.121164998911127 2.82123341821436 -6.53350051534858 0.932544540910385
"73" -0.264556474708598 -1.00767477751293 -0.0940233845484784 0.833481460120538 -1.23853578022206 0.295691132808486 -0.0721732799900678 -1.9242586461543 -0.620459723115995 -1.21504553475239 1.72966892465142 3.19194535553743 0.870267500290467 6.47674058689604 -7.44084085462441 0.92774318238844
"74" -0.314245156254358 -3.14208096790321 -0.204726340273055 1.85965011213102 -1.67801405628679 1.19511197256145 0.0105038808764348 -2.70815802987133 -0.650288213816947 -2.7069883443811 1.54881697443723 3.30314775739953 1.62387798745203 9.8530895577641 -7.53508946786951 0.75819999137002
"75" -0.341463888434532 -5.42417381480146 -0.250758102815325 2.87023342217731 -1.99846268154688 2.16394830012521 0.087106414568666 -3.36733116288659 -0.594023096563283 -4.20227377414619 1.21933028838419 3.07841064323839 2.34820356353117 12.7931484141044 -6.86969351848052 0.449328402444735
"76" -0.338488660148883 -7.70256411352574 -0.213786833544134 3.79817852868018 -2.19945806508865 3.15366516845299 0.147221233892054 -3.88751628710531 -0.466062854231146 -5.64246865430368 0.776983826589273 2.56790382463078 3.01373369799343 15.1859772934205 -5.57092439830853 0.0425639128452531
"77" -0.300009018605266 -9.82496913312781 -0.0808349689617387 4.58317984359178 -2.29072767153692 4.12265983817349 0.181062389893903 -4.26781518453524 -0.286652672201676 -6.98703626974179 0.266255634272866 1.84504449910946 3.59688752337804 16.9703449589239 -3.81552267388088 -0.411333913269118
"78" -0.223646040850198 -11.6530095955735 0.154188239236248 5.17844426617057 -2.28936826323962 5.04106571863758 0.18053069055194 -4.51965872958499 -0.0789454983154041 -8.21687509012514 -0.26527051906983 0.996021335467049 4.08106979399599 18.1335577196473 -1.80523394866441 -0.859480557884126
"79" -0.110007736932232 -13.0746274853576 0.48927599450991 5.55591869626312 -2.21682370185776 5.8930906026481 0.140175790504749 -4.66472685533381 0.133773031527081 -9.33424014121073 -0.77224937311739 0.109198934608685 4.45706869603279 18.7061152852447 0.258135880564396 -1.25345253220075
"80" 0.0376669081075462 -14.012734322706 0.913483959729916 5.70923166645912 -2.09603068662607 6.676521099924 0.057979302028933 -4.73186329185842 0.330370145814563 -10.3589642125542 -1.21604353150481 -0.734416093545406 4.72278999575433 18.75307074719 2.1941023121376 -1.55441415408586
"81" 0.214136520795634 -14.4293283391924 1.40650911634791 5.6539449204214 -1.94903707830743 7.39954968644133 -0.0641069795591136 -4.75314387408207 0.493475616582562 -11.3215366469841 -1.56789406295776 -1.46873039323873 4.88239033874686 18.3632488311992 3.85921094974742 -1.73632250807714
"82" 0.412873966037729 -14.3250191875384 1.93875810504457 5.42510537171097 -1.79526711402238 8.07557857821635 -0.219919090003096 -4.75940533573919 0.610369432249033 -12.254168104846 -1.81059639533228 -2.04755128177658 4.94493681205273 17.6376326737496 5.15605342770323 -1.78714938991834
"83" 0.626692701489503 -13.7345549804994 2.47201459660087 5.07246752614174 -1.65047367176123 8.71703107784575 -0.399174132807985 -4.77569004647285 0.673217813379565 -13.1813587300258 -1.93870507909108 -2.44676900937884 4.9227672666803 16.6782360188579 6.03562797810241 -1.70838866575832
"84" 0.848157263128492 -12.7194560320149 2.96085387976476 4.65406440832305 -1.52630160308245 9.3293846598005 -0.58792625883445 -4.81717676407423 0.678807232036461 -14.1116144532673 -1.9574709025345 -2.66383457258416 4.82974746413737 15.5786233298633 6.49395159396158 -1.5133151730297
"85" 1.06973275791113 -11.3591499932371 3.35496785174277 4.22900009214595 -1.43030606485545 9.90659714937092 -0.769399044955421 -4.88621388436358 0.627964828290506 -15.0317914841974 -1.88083430714455 -2.71492379109441 4.67961618576514 14.4169385084085 6.56441293066837 -1.22450891752669
"86" 1.2837123507794 -9.74204257082818 3.60253082501961 3.85039725746969 -1.36623673290319 10.4288384136167 -0.925187498621554 -4.97102198303109 0.524854574235873 -15.9051192164289 -1.72885326754682 -2.63039269761703 4.48458516108963 13.251895039607 6.30761361453665 -0.871079502222528
"87" 1.34851499136817 -9.1917084212543 3.64228560783354 3.74736583524918 -1.35275947049546 10.577545295354 -0.966105393084405 -4.9974083389051 0.482405521086131 -16.162676795368 -1.66883136975068 -2.5815734604621 4.41520290086667 12.8894669679528 6.17039621416211 -0.751091102274586
"88" 1.54011611248475 -7.37260140631156 3.62357956605125 3.49002244190683 -1.33069719816562 10.9752530312031 -1.06010852828187 -5.06288571132193 0.321266011612826 -16.8828133828914 -1.45354428697307 -2.37861606807928 4.17532920886315 11.7751632581919 5.6011995162994 -0.362913407613632
"89" 1.70462615944968 -5.49680398811972 3.35864847356437 3.34895484655851 -1.33665142597242 11.2270128105929 -1.08846947040084 -5.07091313244629 0.126871211778758 -17.398907750244 -1.21783388187468 -2.13392323297194 3.90826574089571 10.7176554150259 4.89029204093822 0.0126191952513182
"90" 1.83280330417011 -3.63876495238168 2.82690304279298 3.32423347288 -1.36421265014134 11.2854180583368 -1.03953028998956 -4.98030764751827 -0.0895342091617941 -17.6307584367336 -0.9833491692156 -1.88524808669172 3.6166661684388 9.71651236286083 4.11528658163706 0.344127097365345
"91" 1.91531325864375 -1.86403626532825 2.02968075705843 3.39764119189044 -1.40446569851797 11.1079254307957 -0.907648657227966 -4.75329905268319 -0.315222219819882 -17.5056187118252 -0.767943781894928 -1.66249546831295 3.30091703434981 8.76138940261414 3.34293014272293 0.604989995628785
"92" 1.94343827812597 -0.230269870957841 0.994863588647831 3.53524775301673 -1.44628641955777 10.6638784245193 -0.694651342139025 -4.36263330656584 -0.536183216427076 -16.9684715915066 -0.584652498079407 -1.48520919058592 2.96023816962116 7.83633042031216 2.62565475578822 0.775648736327639
"93" 1.91007168849454 1.21119075347434 -0.220621034652709 3.69154716200592 -1.47681168552305 9.94029586070857 -0.410696996312197 -3.79788000642688 -0.737451046199579 -15.9903620980166 -0.441227533244913 -1.3615721809656 2.5940240587268 6.92338225801046 2.00018924923575 0.845592756993938
"94" 1.81087555613554 2.41402385099497 -1.53133497415391 3.81466347712887 -1.48216698308474 8.94553819245536 -0.0743282658162556 -3.06986195361088 -0.903662857919309 -14.5736818495598 -0.340181081652901 -1.28883619670887 2.20319684430271 6.00526118831615 1.4878220718449 0.8147546815635
"95" 1.64541514672189 3.33669099857775 -2.82757972720759 3.85210631737482 -1.44848970417176 7.71032122254471 0.28844332104957 -2.21231773915676 -1.0199194118881 -12.7538112029578 -0.279260918028186 -1.25495841480097 1.79132454771586 5.0671232023634 1.09585851161501 0.693978631295977
"96" 1.41804814103474 3.94368895652065 -3.98361949154969 3.75658095017025 -1.36322529523399 6.28596540643559 0.646072647889298 -1.28026290075809 -1.07294320246171 -10.5970822344312 -0.252276928440224 -1.24113373300861 1.36529105837792 4.09772490816673 0.819849402809723 0.504266007517799
"97" 1.1383515039095 4.20834584619433 -4.86956475457853 3.49140204083869 -1.21660863928305 4.74017498976778 0.964354505367652 -0.344984205341547 -1.05245448820145 -8.19553207953044 -0.250191338415348 -1.22487529989576 0.935383144592535 3.09036482306955 0.646245131145179 0.274644813324812
"98" 0.820919810338069 4.11681280159326 -5.3659627575631 3.03510481789112 -1.00318416776038 3.15097070171805 1.21000397987066 0.513882872937728 -0.952613758175484 -5.65929226153256 -0.262379223170555 -1.1833031746728 0.514765693879824 2.04394660206086 0.55521413150268 0.0387384611703965
"99" 0.48446105904614 3.67255512897265 -5.37953086322543 2.38488542485698 -0.723173693350208 1.59960917295948 1.35457188368359 1.21825950186357 -0.773326891684468 -3.10766159967565 -0.27795702100029 -1.09633650698197 0.118424288651411 0.96432749071375 0.523435273956693 -0.1696187673042
"100" 0.15023451161121 2.90041643473188 -4.8580059006257 1.55854013025021 -0.383478482196201 0.163393521326924 1.37821747658311 1.70220253815617 -0.521186980658724 -0.659932062762437 -0.287067149114122 -0.949530019095619 -0.238259097489191 -0.134137746767998 0.526718210916897 -0.32112479506759
"101" -0.160002688039782 1.84925720200124 -3.8018748817943 0.594626732117831 0.00189164358982108 -1.09078122015543 1.27281334306067 1.9216467580803 -0.209840850695779 1.57309447461981 -0.282000991254222 -0.736335715175301 -0.541080567939744 -1.22720043233469 0.542327107689971 -0.395359822333376
"102" -0.426272358513856 0.592273642502221 -2.27087704062114 -0.449341046673226 0.41212984921196 -2.1114717257382 1.04388529642486 1.86181487758236 0.140380210518899 3.49619607534166 -0.25804601490961 -0.459598690761595 -0.778511038551414 -2.27999056409482 0.550891959652972 -0.383977439388218
"103" -0.632549515734354 -0.775625809885014 -0.383650758523117 -1.50072144512455 0.820779019677323 -2.86588031106169 0.710999247479997 1.54104408714525 0.503641885889222 5.03500633644239 -0.213960177967181 -0.132115778917978 -0.942911424173985 -3.24752631298597 0.537801819782089 -0.292118587311052
"104" -0.768505531448426 -2.14360534588218 1.69029295196813 -2.47746816966833 1.19770707338864 -3.34102650687075 0.306389091872447 1.01022891100072 0.850570328681629 6.13932866329282 -0.152010109326056 0.223888103190802 -1.03131267603226 -4.076917089033 0.493997534773371 -0.137720660225568
"105" -0.83054772868573 -3.39358780341013 3.74605228477995 -3.29540530664042 1.51178708547563 -3.5429797218078 -0.12814684824523 0.347682395222989 1.15085356577688 6.7845669704605 -0.0775572266731928 0.578458838874212 -1.04567311325148 -4.71145941999148 0.416123943481352 0.0512291385994104
"106" -0.821988718192657 -4.41109765263957 5.56493488375787 -3.8764819744963 1.73404244976744 -3.49445118973694 -0.54580114403327 -0.350112401050552 1.37623209801939 6.97150322028034 0.00176726910100911 0.896784395223222 -0.992597822011092 -5.09646756244087 0.306061348016783 0.241064536447993
"107" -0.752316640549822 -5.09710250989377 6.9398122595473 -4.15723297169984 1.84092193103571 -3.23119530228232 -0.900252603638329 -0.980750264421999 1.50355184979565 6.72472779104339 0.0771998780260077 1.14308990106292 -0.882575182193833 -5.18629434032373 0.169924987319064 0.397700091091792
"108" -0.635683661171015 -5.37941837986978 7.70110145346413 -4.09653371947559 1.81731265984707 -2.79774894368146 -1.15141640114562 -1.44953443691315 1.51751462259114 6.09003754742344 0.140147092064154 1.285223543131 -0.728846362123107 -4.95166247440346 0.0166864107627589 0.491888840112551
"109" -0.488858781204897 -5.22215631454429 7.73989159905818 -3.68169879067534 1.65889365719655 -2.24304243103376 -1.27068033460911 -1.68258497877446 1.4127714617685 5.13107916252801 0.18347366968915 1.29940878653542 -0.546068022539785 -4.38621587936122 -0.143381626078508 0.503609156281527
"110" -0.328978750932393 -4.63181522272498 7.02487124304588 -2.93205688559954 1.37348323982685 -1.616355815464 -1.24488415650715 -1.63750586563995 1.19506375974891 3.92545634567426 0.202591727026942 1.17448700217301 -0.348950549236591 -3.51116568338213 -0.300215840118881 0.424903690976862
"111" -0.171460529760878 -3.65896259202941 5.61035696949193 -1.89934784197931 0.981136623766343 -0.963984887622985 -1.07843615421911 -1.30996887315976 0.881218942591276 2.56046230714009 0.196187113081365 0.914915444755025 -0.151049925560898 -2.37706708924176 -0.445222485335989 0.26080283921965
"112" -0.0284032238576373 -2.39495618847525 3.63380856228849 -0.664615421348799 0.512892937022959 -0.32684147426869 -0.793195185672495 -0.73511230712532 0.497939311404781 1.12856029682905 0.166467692142433 0.541860524206641 0.0361397329143927 -1.06210524213895 -0.572128083498683 0.0283174827154653
"113" 0.0922883163631809 -0.963782088587266 1.30260158050766 0.668320897022681 0.00823519301043252 0.260936984727635 -0.42604651896653 0.0166157982529569 0.0794669060506967 -0.277275895234197 0.118886688193214 0.0919513912140246 0.203700080964552 0.33325723839566 -0.677334555172365 -0.246198015853224
"114" 0.186965127336421 0.490265511315954 -1.12867849344548 1.98229216968002 -0.488509252233745 0.77243368188914 -0.0244237329577004 0.848723154345038 -0.335654571131359 -1.56823351227132 0.0613731059712279 -0.386386598641366 0.345384715390779 1.69488435518941 -0.759777313483482 -0.530792528740676
"115" 0.255543982204344 1.81775140765939 -3.38777536895569 3.15817313434854 -0.93245869987185 1.18763401307456 0.359671287959308 1.65182277972704 -0.708385351241062 -2.6641819876715 0.00317801594799505 -0.838673292930253 0.457344940551707 2.90592749444522 -0.820367232406852 -0.792161286815826
"116" 0.300270836036404 2.88036821780349 -5.21743378211286 4.086997865483 -1.2826888348067 1.49259908978644 0.676368771558749 2.3188285330825 -1.00315116405636 -3.49784215453758 -0.0464925456949743 -1.21143367397417 0.537593677000686 3.85884913080783 -0.861163056301621 -0.999797541981025
"117" 0.324243066021438 3.5663495783059 -6.40694638994503 4.681390253377 -1.50645399049087 1.67842144417082 0.88444837276397 2.7600120620117 -1.19152107334972 -4.01837407441855 -0.0798509345385554 -1.45951664388031 0.585355590508414 4.4669947577716 -0.884458796427452 -1.12957425931836
"118" 0.330032390809535 3.80311994998965 -6.81836142896577 4.88492428234258 -1.58262591664108 1.74024274130343 0.956777046472219 2.91571966958321 -1.25518578018773 -4.19415079351995 -0.0916964027770888 -1.55249395042028 0.600462032305032 4.67419649328504 -0.891975105284018 -1.16642385679916
"119" 0.318716395215134 3.56558655118744 -6.4037925128049 4.67824643304402 -1.50394106635374 1.67656340687142 0.88390976734344 2.76486981742167 -1.18789455379168 -4.01451473790138 -0.0801974887202164 -1.47906445979606 0.582929267789012 4.46111642003359 -0.884314726016555 -1.10592590371743
"120" 0.289529460899573 2.87901760476251 -5.21145545388237 4.08118154938461 -1.27778426280169 1.48899356976355 0.675347111870465 2.32796731734334 -0.996125055095268 -3.4903758988815 -0.047166322274208 -1.24870506465777 0.532812112553458 3.84745986640741 -0.860785970638972 -0.954725331434929
"121" 0.240204461558292 1.81614107382308 -3.37959806475513 3.15055087605379 -0.925410507776887 1.18249540219799 0.358271930261878 1.6641840335206 -0.698405326741517 -2.65359869457637 0.0022179347845821 -0.890278640621545 0.450361864411434 2.88974706870294 -0.819625506700504 -0.72978376451465
"122" 0.167924277836832 0.488840817940172 -1.11915749883065 1.97398099693885 -0.479695191400179 0.766061993877486 -0.0260572246566824 0.862940600799561 -0.323363796555761 -1.55522299288282 0.0601932816902035 -0.447837549869291 0.33644965498037 1.67494102177387 -0.758575724300727 -0.456527967294278
"123" 0.0706684040249854 -0.964484403283507 1.31247635426524 0.660490442352511 0.0183191940737206 0.253680429108044 -0.427749494686097 0.0312402651153434 0.0932682630415451 -0.262656346228255 0.117584870217073 0.0256591329080038 0.19315679962736 0.310794768814645 -0.67570571426495 -0.166023712594324
"124" -0.0513488152845269 -2.39429721107388 3.64302564965914 -0.670970783514463 0.523668897735276 -0.334651366442785 -0.794803097404113 -0.7213729044677 0.51235597765495 1.14395793025977 0.165180620792 0.475661416523508 0.0243930929234608 -1.08578635480106 -0.570319099754897 0.108611683115669
"125" -0.194478983174065 -3.65611972223144 5.61799432761003 -1.90364020474419 0.992008159794647 -0.97213326446348 -1.07980688525294 -1.29802847788423 0.895337798782427 2.57596000720253 0.195103434852413 0.853196905577533 -0.16361095441259 -2.40084064988234 -0.443773411095208 0.336235590721117
"126" -0.350971940909758 -4.62559041229832 7.03017831691318 -2.93431761517604 1.38392072662861 -1.62488842864522 -1.24591748746619 -1.62772099073675 1.20803133825237 3.94074889928675 0.201975690215662 1.12080949302617 -0.362079285539622 -3.53438061878769 -0.300046795333628 0.491704511115131
"127" -0.509036932868838 -5.21062632023956 7.74231455128816 -3.68276712538182 1.66852836490202 -2.25246805473103 -1.27133053621456 -1.67462010854533 1.42385055635431 5.14651855422068 0.183708403264006 1.25647557657612 -0.559836777723518 -4.40906631780192 -0.14592691234111 0.559363417089116
"128" -0.653696667000858 -5.35936658322464 7.70022960363903 -4.09824109502028 1.82602640333655 -2.80932708452258 -1.15169527601678 -1.44225034745821 1.52609856264601 6.10700964421346 0.141809331525366 1.25511418094266 -0.74387536561467 -4.97564478639751 0.00924148685180626 0.535442084713395
"129" -0.768351531131785 -5.0631540949127 6.93523504197771 -4.16263298261981 1.84892424302291 -3.2473543901564 -0.900222638959178 -0.972069706814437 1.50912042757113 6.74617743373 0.0811806962810522 1.12774173933212 -0.900323590722152 -5.21480306319868 0.154238324823837 0.428880769701209
"130" -0.836837823767183 -4.35445904647548 5.55601117743308 -3.89020189422138 1.74193722535114 -3.51940450435239 -0.545561005610473 -0.33680054976378 1.37824200429378 7.00269880249186 0.00945544551372279 0.898691563872489 -1.0157398948746 -5.13562596451655 0.276989775039965 0.260306504348591
"131" -0.845667874837133 -3.30027226408697 3.73160366162963 -3.32420904058631 1.52064154750028 -3.58362776133572 -0.127813391002 0.370391311726792 1.14856506172298 6.83423028250405 -0.0640115141095094 0.601557149907421 -1.07859703540299 -4.77132397505041 0.365774244549584 0.0591784061316503
"132" -0.786098535694066 -1.99201765049628 1.6682371471955 -2.53111681848691 1.20914427268819 -3.40824973535345 0.306697337303575 1.04922030461302 0.842817961859271 6.22128191679406 -0.129334341741924 0.274600816913335 -1.08079001353362 -4.17322752666983 0.410416815615918 -0.140539338961389
"133" -0.655694882122532 -0.533391364414342 -0.416708961446034 -1.59319419490771 0.83711881581146 -2.97632838089717 0.711172537300961 1.60616844616206 0.488559440541369 5.17049660713718 -0.177288254995389 -0.0436924077248477 -1.01898725163967 -3.40418385718869 0.403271500939809 -0.305511953381028
"134" -0.459133960307341 0.972302969689963 -2.3200795863425 -0.600436587060017 0.436602171019456 -2.28993602345435 1.04382361493896 1.9669994225772 0.11509002027479 3.71703712609934 -0.200332440392174 -0.318399153796236 -0.89565524589139 -2.5324261152792 0.339826004558063 -0.408116899790002
"135" -0.208114477705877 2.43379308635548 -3.87454582678356 0.357347522123064 0.0389408428478264 -1.37318711221477 1.27241554959284 2.08624045747868 -0.249563884418701 1.92570413729112 -0.193331783701026 -0.520973739479814 -0.719617947224819 -1.62673010456507 0.218834863789652 -0.430588998673556
"136" 0.0796194544675259 3.78113873331677 -4.96405265600035 1.19758344934201 -0.32778707430393 -0.273569784222076 1.37735721164258 1.95247039349434 -0.581262802186385 -0.109638284170273 -0.153902595684897 -0.630993710815346 -0.506058373223084 -0.753282292047317 0.0419812402963089 -0.36749786825203
"137" 0.381994164295442 4.97173482301355 -5.53175524220458 1.85062453495777 -0.640644234498285 0.938857735823461 1.35305917103104 1.58888401951165 -0.861706222598828 -2.26874529652648 -0.0823736705768141 -0.636894598877916 -0.27592450044618 0.0257716573384457 -0.186833651373718 -0.2261378603107
"138" 0.674804839453941 5.99249098965902 -5.58020153899599 2.26384191192801 -0.882891383656406 2.17467927610312 1.20753174188005 1.0492696377348 -1.07956437166408 -4.41011614704851 0.0185825883590098 -0.535855723431268 -0.0547569948599715 0.652557090371019 -0.462392618491094 -0.0248083827709706
"139" 0.934074869547452 6.85811838160055 -5.16455813801139 2.40407391291751 -1.04424375785092 3.33079507076786 0.9604299746197 0.410142429685806 -1.23073950307154 -6.37872785624023 0.144544462689652 -0.3330424605183 0.128993800094207 1.07325387069888 -0.779028991900987 0.210638921679674
"140" 1.13824625469687 7.60588475408207 -4.38049586048874 2.25856565045615 -1.12044971315201 4.2983519726086 0.63993547483274 -0.239759805045637 -1.31781166081384 -8.01628995355728 0.290028136087955 -0.0404093003480739 0.246054837811769 1.23833945251829 -1.13123210755202 0.451295647374536
"141" 1.26992055172606 8.28756381347245 -3.34885478077723 1.83462814109339 -1.11239507698714 4.97244220592506 0.278975343780168 -0.811142278204329 -1.34881277928181 -9.17360444807298 0.44913326204238 0.324758665912668 0.268687933937755 1.10410751820944 -1.51381851450628 0.669878822874125
"142" 1.31696806023253 8.95957931072309 -2.1993586104532 1.15827477800269 -1.02497873950027 5.26280676354205 -0.0886922224942026 -1.22544851852398 -1.33553737679283 -9.72424364810954 0.616035514967834 0.741422926003906 0.173169943426458 0.635969397630241 -1.9215907272644 0.844755881244055
"143" 1.27295243850829 9.67251612460478 -1.05546869406606 0.272062941847139 -0.866005069106421 5.10453835321454 -0.432042832495952 -1.42439997095649 -1.29163400651019 -9.5783900028421 0.785258081658583 1.1863757097799 -0.0577586512450239 -0.186433771154888 -2.34852631467425 0.962646688249151
"144" 1.1369539808589 10.4612362267479 -0.0220302909862369 -0.767696695114637 -0.645298938437094 4.46760804042754 -0.725624554072397 -1.37670337625477 -1.23072847686009 -8.69537636649559 0.951708777319524 1.63574308766965 -0.432634004068589 -1.36284345910719 -2.7866636479846 1.01963508925473
"145" 0.912989195935054 11.3367985926026 0.823229402008025 -1.89427217110858 -0.374176735190514 3.36397532500592 -0.951435457384918 -1.0812644701837 -1.16480918002515 -7.09328723878272 1.11052492953232 2.06633708669779 -0.949360036385713 -2.86579233757138 -3.22495116476603 1.02047154404954
"146" 0.609290626828084 12.2812414974404 1.43393041572115 -3.03434248817439 -0.0653130613805191 1.85111531653067 -1.09975708988419 -0.566705051519065 -1.10305947148651 -4.85399274899697 1.25681362922685 2.45680457559865 -1.59382109049584 -4.63527320091507 -3.64838152788161 0.976473472175712
"147" 0.237710384595339 13.2460449723958 1.79516055462099 -4.1122968341333 0.267058029358311 0.0310311483903547 -1.16899971069064 0.112576788063862 -1.05125598117993 -2.12223330040626 1.38540146736084 2.78854219860841 -2.33919718903643 -6.57627913615791 -4.03772465632596 0.902566659256991
"148" -0.186561696309468 14.1547523285938 1.92011238164329 -5.05492478014821 0.606761190295373 -1.95577910641941 -1.16472365778282 0.883185123172694 -1.0117709477942 0.90212648394089 1.49070988370202 3.04637285193076 -3.14616840859686 -8.56065795403595 -4.37009912128156 0.81411876972561
"149" -0.644907735994245 14.909799041744 1.84416078308159 -5.79633448523975 0.935341041247551 -3.9413801415389 -1.09807022276982 1.6614455512394 -0.984129618162581 3.97881679738498 1.56684855977808 3.21900647384155 -3.96418483641864 -10.4342207141501 -4.62048747056451 0.724184108679765
"150" -1.107161445472 15.3976204556143 1.62213163375228 -6.27705049104782 1.22747536044784 -5.71826601489266 -0.986060730239267 2.35240442780292 -0.966231423163258 6.80350481868936 1.60760576162535 3.29876986787986 -4.72189061221432 -12.0059270129931 -4.76273666819884 0.642909908156071
"151" -1.55952296554437 15.5313624285063 1.30533502382951 -6.47624538633352 1.46920227446734 -7.16585683380798 -0.84237279095678 2.9012665090532 -0.954583431657436 9.2051831369395 1.60937969568319 3.28604352182901 -5.37709881619134 -13.1600958730225 -4.78080219360959 0.571940113257369
"152" -1.96786122425491 15.2187348102801 0.950514219069618 -6.37131018455443 1.63496858322758 -8.12124766249738 -0.683914767971999 3.24326698498838 -0.946968195430989 10.9393697964343 1.56792205754552 3.18120442678082 -5.85945880847274 -13.7420878336574 -4.65803885818673 0.511461847261671
"153" -2.29909677951252 14.4034535341798 0.606504691444826 -5.96701562569945 1.70341028237041 -8.48102864305102 -0.525174832812766 3.34264135295373 -0.94240999285585 11.8452561562016 1.48171092407375 2.99011700905521 -6.11147203372867 -13.6544535627349 -4.38875615693382 0.457516184656015
"154" -2.51873029922172 13.0703270889418 0.311270611340603 -5.29031217756267 1.65700535073814 -8.1972749945559 -0.377980108281371 3.18908985068182 -0.941906993280897 11.8379607440579 1.35209649053887 2.72289134348557 -6.08734788574442 -12.8567231129715 -3.97846647913502 0.404414904521218
"155" -2.59377064194652 11.2518374600663 0.089350726525339 -4.38885893377244 1.48495163383104 -7.28514853646504 -0.250846350761705 2.79826308853094 -0.948438742370373 10.9203082823333 1.18372590593336 2.39363589896038 -5.75906871731043 -11.3752553352652 -3.44476618115209 0.346439993354579
"156" -2.49663454266092 9.02895410738688 -0.0487875672955909 -3.32752131057453 1.18592658397927 -5.82303136495631 -0.148761310042929 2.20939516298193 -0.966434000469699 9.18439279691884 0.984574686320016 2.01994538319468 -5.1215198981136 -9.30480373899369 -2.81672296816851 0.279273496436872
"157" -2.20957170948793 6.52553754763051 -0.105640380577142 -2.18298371393826 0.770156044624498 -3.94466126910575 -0.0733576157904281 1.48037318051789 -1.00077832893764 6.80205062004723 0.765514025982426 1.62203580217647 -4.19578621539839 -6.8007570714489 -2.13268755608897 0.200924433393993
"158" -1.72892552991176 3.89665489718925 -0.0941301357263455 -1.03687807340191 0.260210450484354 -1.82394445641947 -0.0233999648437546 0.680805312081958 -1.05552937738736 4.00503884171815 0.539421300423555 1.2214857597919 -3.02978135481462 -4.0625826312516 -1.43669211903011 0.112063503521313
"159" -1.06839917165257 1.31214900295043 -0.0340973737460502 0.0319195733017068 -0.309923329153391 0.345669440022533 0.00450976755930554 -0.11611361492217 -1.13257245792675 1.05739809187577 0.319926206354268 0.839625825607072 -1.69563604966946 -1.31060498351899 -0.773843691247521 0.0158100979942901
"160" -0.260505162437724 -1.06232105918912 0.0516345521211292 0.954963038919686 -0.89767376492968 2.37438706355249 0.0151168218948285 -0.841964376834397 -1.23048083758199 -1.77615370865448 0.119960991858463 0.495719460212968 -0.283720026774162 1.24045246788955 -0.185326889182306 -0.0828893211555624
"161" 0.644445347829986 -3.08400649964284 0.14105435299345 1.68090090617932 -1.45642197953899 4.09844708033586 0.0136948225598559 -1.44063923641326 -1.34383884565911 -4.26118903511929 -0.0496662818974443 0.205171922222689 1.10624738220832 3.40704387760691 0.296245600347675 -0.178109480299099
"162" 1.5821159046703 -4.64872537445422 0.216098492553613 2.18017694558216 -1.94114366933483 5.39831742380082 0.00532068784615802 -1.87405214395412 -1.46323695169955 -6.21932167918141 -0.181444595883931 -0.0219429371209117 2.37594724761223 5.05745462671649 0.650392122022595 -0.26384352304558
"163" 2.48051326564605 -5.70105349060077 0.264732243656908 2.4470134823016 -2.31423140609586 6.21001214359973 -0.00568178517931983 -2.12524089885025 -1.57605263335674 -7.54501324311747 -0.271881170428415 -0.181758164326311 3.43955183151743 6.12434246802698 0.870625765232262 -0.334807597795589
"164" 3.26825296614326 -6.23755527536457 0.28176714846586 2.49830751601462 -2.55043104720716 6.52799364788248 -0.0160849765650255 -2.19845512610809 -1.66799053681822 -8.2112452488164 -0.321648482527365 -0.276693856971178 4.23342654984545 6.60743944497577 0.96429114267562 -0.387060148987075
"165" 3.88353243372332 -6.30276450592817 0.268428494131555 2.36958047413259 -2.63992932957894 6.39960225437288 -0.0238775346221303 -2.11631224586033 -1.72518512657516 -8.26381273033653 -0.335139045750182 -0.314686723545037 4.72284510295452 6.56647545619388 0.950409615981926 -0.418389758397097
"166" 4.28229650038316 -5.97889915175193 0.23090473686635 2.10866049724109 -2.58897751903868 5.91245173169074 -0.0281861315810659 -1.91461259112602 -1.73650366094433 -7.80597223132102 -0.319521985571456 -0.307684759724907 4.9045956179479 6.10613661964182 0.855952680816586 -0.428461194581359
"167" 4.44404512915477 -5.37137417530801 0.178279080542652 1.76820969022367 -2.41795324537592 5.17743212748279 -0.0290508547177026 -1.63581756582279 -1.69557851808958 -6.9767814859251 -0.283489349082288 -0.269678491273226 4.80509139076298 5.35622504561413 0.71127118897266 -0.418733523129049
"168" 4.3740658188345 -4.59282323440991 0.120322603584171 1.39841572495379 -2.1573165431335 4.3106002504751 -0.0271216791190199 -1.32240299757102 -1.60209725660561 -5.92735746491027 -0.235932480039025 -0.214637033745475 4.47443919224755 4.45085110525678 0.545555585052966 -0.392180669449772
"169" 4.10155296244654 -3.74840792912119 0.0655991954734958 1.04107850795577 -1.84235504648804 3.4171660987646 -0.0233446461437303 -1.01124199605549 -1.46201273065501 -4.79926438901509 -0.184786067042914 -0.154725640336892 3.97766884012781 3.51032383064779 0.383144564515419 -0.352858837448366
"170" 3.81109693091517 -3.15810494208432 0.0322105522265161 0.812072709603001 -1.60530061872095 2.81403408684952 -0.0200851836002478 -0.807477520175674 -1.34045588627043 -4.01647746646405 -0.149807485330307 -0.114443458004189 3.56320353877918 2.87477905271425 0.279723929185934 -0.319759809443894
