"V1" "V2" "V3" "V4" "V5" "V6" "V7" "V8" "V9" "V10" "V11" "V12" "V13" "V14" "V15" "V16"
"1" -0.853564593223171 10.782907017672 -0.246598359529392 -6.56106923530647 5.05808527965805 -13.2035404398457 0.0211877077149429 5.74266072236508 2.20865823299216 18.051176152842 0.51574085479357 -0.216911746196459 -5.19718477210467 -19.1629023866679 -0.170610958771064 0.0982123695664825
"2" -0.785326744941231 10.7908018891536 -0.241710731231343 -6.63752515561306 5.25696197898981 -13.3433777947485 0.017434226001499 5.79158374833584 2.3736005749495 18.1789479733422 0.514499404832591 -0.231602772796791 -5.17443760086141 -19.3946785000753 -0.162510542315331 0.0892060253489113
"3" -0.634932551668381 10.0160821712996 -0.217904283076066 -6.26263977374121 5.15138371153956 -12.5692622956201 0.0114167417688851 5.44117462130166 2.42986832905173 17.0421328235411 0.475323741724146 -0.235761434547292 -4.76897434159625 -18.3137063210583 -0.137941952644795 0.0697400596599813
"4" -0.482062206380299 8.98774267929092 -0.190036415263144 -5.71794978503633 4.88097733535598 -11.4561171211932 0.00617088248403785 4.94751340994019 2.39522694752292 15.4605360780111 0.424421922620841 -0.231745177077904 -4.24972545879711 -16.7367301800202 -0.110393850672438 0.0497952720619388
"5" -0.214309661934207 6.92861904743407 -0.137933621839945 -4.59187132369834 4.23731855227951 -9.16288119519265 -0.00170037457366856 3.93935788166907 2.23942838925815 12.2447600047995 0.323380635928284 -0.21655183505402 -3.22739699076986 -13.4740123592846 -0.0583618741395782 0.0141279369531624
"6" 0.0872039188236717 4.33751974879051 -0.0768130666873255 -3.14715860672985 3.34024473688521 -6.22742208742119 -0.00856711748118855 2.65843733855682 1.96865176470669 8.17010907494306 0.196972298919132 -0.191905589141911 -1.9598682495794 -9.28910499346148 0.0058422945215284 -0.0277235631673598
"7" 0.382425201325241 1.50713132394088 -0.0156908204377295 -1.54891551584818 2.28601120546217 -2.98631157870593 -0.0123331668855791 1.25514725165951 1.60765583237863 3.71512855909045 0.0593820398042304 -0.161208730496355 -0.59723770755433 -4.66443794077688 0.0771143301942061 -0.0718088222508229
"8" 0.62548905696368 -1.2062021580994 0.0349466444184579 -0.000190247490411188 1.19868257301282 0.146078768431508 -0.0107399664283481 -0.0866300513977123 1.19257351096909 -0.535408334517896 -0.0723888657683567 -0.129291886233773 0.679520368368763 -0.192526294933757 0.14980785114227 -0.113675059681796
"9" 0.771163775787699 -3.43346995019244 0.064696717651767 1.28687307881424 0.212570077551948 2.73582147817632 -0.00167262859252837 -1.17550178358149 0.765861227079036 -3.97288766483367 -0.181152487793867 -0.10208182816163 1.68427324564269 3.50831589277252 0.219266112914994 -0.149192103883259
"10" 0.781594333778586 -4.84790716596282 0.064884525848953 2.12222678280157 -0.547129832986069 4.3925086265157 0.0165317125849391 -1.84056380535113 0.370460636142194 -6.05373148203626 -0.252352258732884 -0.0862329991816893 2.25328467954258 5.8849710292891 0.283508532491027 -0.175429134889718
"11" 0.632178660614831 -5.21420865536694 0.0299892058105193 2.36598682051938 -0.982067315935044 4.82610607037814 0.0448314304037023 -1.9565076155908 0.0442266734569969 -6.37919535995895 -0.276567643535721 -0.0887797429014654 2.26978871776611 6.53124537094328 0.344748785255973 -0.191428059257007
"12" 0.315612503663987 -4.42402304379371 -0.0414106160962788 1.94882964819835 -1.03399536383146 3.88839249464238 0.083331903531116 -1.46176236889985 -0.184504086328793 -4.75315472103787 -0.251275962744206 -0.116825901708111 1.68158253780639 5.24708280944421 0.410408406810348 -0.198731430717658
"13" -0.15649654116355 -2.51264431227775 -0.146340651684365 0.881856107172956 -0.6917602793106 1.59318935125987 0.131268620078821 -0.367127219475549 -0.299654393707119 -1.20975761316369 -0.181585979799522 -0.177244241374382 0.509129179433476 2.0669684626727 0.49333261006953 -0.201558263504957
"14" -0.754609865849881 0.344708183191894 -0.277831494451807 -0.744963781579807 0.00853719825651922 -1.88641122847445 0.187123462249476 1.24585567376526 -0.298272844476379 3.99151594892545 -0.0798351901348973 -0.276323832770871 -1.15658065155885 -2.74497172136313 0.611003669058306 -0.206569976497448
"15" -1.43458029286559 3.85534301024246 -0.42594145818105 -2.77479396670365 0.989638624521472 -6.24185121588661 0.248849692115961 3.23585148494123 -0.189669478591824 10.4005178061195 0.0358823613258394 -0.41928890577725 -3.16549749440063 -8.73022708176993 0.783667814472778 -0.222222351469618
"16" -2.1427311668695 7.64601459958039 -0.579226009779216 -5.00396465784889 2.14404404174271 -11.0690434120212 0.314160357864941 5.41976154829356 0.0067981893146758 17.4337930704337 0.144044547172452 -0.609623083521285 -5.32710074710738 -15.2943397068871 1.03143123769354 -0.257751220708961
"17" -2.82190214559989 11.308420047163 -0.726411250843014 -7.20673190559256 3.34779738318579 -15.9177559537502 0.380823194418008 7.59479916047963 0.264778257367281 24.4450914751176 0.222569845942044 -0.848169613747018 -7.43309560538179 -21.778797200913 1.37052990429419 -0.321885614209499
"18" -3.41760861437171 14.4468193928308 -0.858002790502507 -9.16118243326924 4.47504747716998 -20.3432038330846 0.446904600233502 9.56135438179941 0.554282472913854 30.7987126251932 0.251856174682281 -1.13203871600489 -9.28095831123662 -27.5358917844955 1.80912846107543 -0.421420133314733
"19" -3.88353222637581 16.721718910677 -0.967576140935467 -10.6729708719729 5.41147530118932 -23.9531682700256 0.510915854801796 11.1436752257832 0.844879013414767 35.9362040550014 0.217613017645665 -1.4534303834245 -10.6953195980709 -31.9969235306379 2.34314493077693 -0.559806832852679
"20" -4.18573660818082 17.8847168658757 -1.05254623954083 -11.5942723006494 6.06511030584494 -26.4453949539544 0.571834394375209 12.2060746955209 1.10837506031958 39.429011003719 0.113144264903781 -1.79856249750097 -11.5448207475156 -34.7262537220047 2.95271285085045 -0.735943901831654
"21" -4.30524308381536 17.8012592884605 -1.11429433567299 -11.8362864229423 6.37363399762534 -27.6319776943714 0.628998143252943 12.6632911779622 1.32079958870065 41.0125037612059 -0.0591943899024798 -2.14696266009319 -11.7529610677969 -35.4565941657163 3.59995654970339 -0.943341076266449
"22" -4.23885881103465 16.4598814626281 -1.15762974278398 -11.3746549011143 6.3078743127714 -27.4495362679294 0.681897084713841 12.4846045672783 1.46365042581757 40.5998304924872 -0.287550906009002 -2.4714181466652 -11.3024081658115 -34.1039853679695 4.22874071128524 -1.16982661407401
"23" -3.99838003742066 13.968231918852 -1.18966846692843 -10.248081033247 5.87172722213543 -25.9558992415977 0.729908653458933 11.6921765560191 1.52449385169606 38.2767552595748 -0.551231055277306 -2.73886420622959 -10.2331048874671 -30.7636537577228 4.76693883445719 -1.3979248539205
"24" -3.61262654694881 10.5725164390482 -1.21803511556053 -8.56893420540952 5.10759260967835 -23.3442165977353 0.771681975361495 10.3691836031783 1.4977395096198 34.323977636442 -0.820001631879151 -2.91136346148683 -8.6518750265953 -25.7433727958022 5.12923891490601 -1.60422797062965
"25" -3.10445609108371 6.46537239311875 -1.25046556875401 -6.42649271784402 4.05080222846491 -19.7824906824993 0.806676981661775 8.58111206949904 1.38142555260839 28.9776672097404 -1.06855893342985 -2.9546649438966 -6.64141784577165 -19.2761770546232 5.23662509236723 -1.76976980592436
"26" -2.52076040620484 2.044061085383 -1.29109097509508 -4.01725101594399 2.79055140111532 -15.6160295765881 0.831899609686417 6.48025262974219 1.18078199414139 22.7375461806328 -1.25834634500064 -2.8304511506991 -4.38304354091433 -11.9145408076463 5.00075604350462 -1.866449641716
"27" -1.90565025604032 -2.32728295971238 -1.34074246024625 -1.52870313871932 1.41780715352793 -11.1818546097097 0.844559979218648 4.21540633989185 0.90681870881258 16.0896854620334 -1.35827006192519 -2.51330524999872 -2.04775997400358 -4.1895158224424 4.36077189983101 -1.87304668504802
"28" -1.30211853252165 -6.30084854582672 -1.39583937092102 0.852822804320839 0.0284674873124686 -6.81379060060976 0.841582101423228 1.93844555563733 0.57561188801728 9.51842071485555 -1.34415297695237 -1.99236966549694 0.195430791581076 3.35983471161136 3.2878892567104 -1.7746652310298
"29" -0.748813856622334 -9.57517529646468 -1.44850563893608 2.95692394992434 -1.28316601515457 -2.81571923724818 0.820020333220233 -0.205763491206106 0.207801399285428 3.46917199327102 -1.20233836802217 -1.27624254457798 2.19239245826295 10.224493637603 1.7962958485395 -1.56564021726795
"30" -0.277442838940171 -11.9195800240904 -1.48743719678375 4.64167348483956 -2.43017565316669 0.560347217465381 0.777567215620138 -2.08773687983286 -0.172113185208534 -1.68227290083782 -0.932421499505374 -0.39642600880245 3.81456817388588 15.9582151015118 -0.0493495380713398 -1.25174827295937
"31" 0.0890868195052612 -13.191265644752 -1.499412010272 5.8032767743066 -3.33798170615852 3.13029612043617 0.713073254791922 -3.59997708305541 -0.536804555291763 -5.652716793146 -0.548686225702721 0.591532244738318 4.9670555389647 20.20391044161 -2.13159165721109 -0.851300719512196
"32" 0.33772366794547 -13.3440027097097 -1.47123327258706 6.38235315207057 -3.94843627990354 4.78744117258033 0.626988884425822 -4.66189504932031 -0.857578721023287 -8.26605717831707 -0.0799186693681619 1.60989911406051 5.59375545302841 22.7131753446492 -4.28441962198201 -0.394773973934463
"33" 0.465516712458742 -12.4279279741705 -1.39182781831183 6.3665639079646 -4.22303971388584 5.50534983971573 0.521643525209331 -5.22319700130389 -1.10630263580747 -9.4591175932565 0.432575531325615 2.56399914753069 5.67948021025758 23.3587205951408 -6.30477807402119 0.0772199278639079
"34" 0.479076001467667 -10.5807090642173 -1.2541957523627 5.78952247097409 -4.1452336573317 5.33417005645302 0.401296343471271 -5.2658584819936 -1.25774402896934 -9.27901302418347 0.938717609945165 3.35077734455611 5.24906504724276 22.139620687816 -7.97111119742999 0.517613343854194
"35" 0.393324557456948 -8.01105874020778 -1.05692656696149 4.72616507022547 -3.72168064846687 4.39105920371057 0.271925464879489 -4.80473654047667 -1.29216415756419 -7.87268417354603 1.38489398647631 3.87009238497147 4.36368612193589 19.1794006925114 -9.06760725079232 0.877959816950742
"36" 0.229664794877483 -4.97629373313828 -0.805057488376931 3.28502309880316 -2.98240211591215 2.84573076045291 0.140762243643954 -3.88678677202978 -1.19790450202881 -5.46968524616312 1.72017374646394 4.03761630532742 3.11474985144224 14.7171087607614 -9.41171404393177 1.11440479322898
"37" 0.013729261632911 -1.75624004662834 -0.510141225927143 1.59809738370099 -1.97963271163068 0.902519949554849 0.0156184041555285 -2.58878599159173 -0.973633224089941 -2.35975565023069 1.9027875124325 3.79776347465935 1.61587414779155 9.09170695929288 -8.88157941074036 1.19383441637761
"38" -0.227076761745656 1.37380616785681 -0.189498265343957 -0.190747642880368 -0.785270359469656 -1.21932870032968 -0.0959104130561617 -1.0134371903474 -0.629883917556221 1.13291273828658 1.90602084727376 3.1347927461143 -0.00638759367914687 2.72036485471821 -7.43952287812238 1.09935176382774
"39" -0.466013051967303 4.16823135286082 0.135262823044911 -1.93781486112878 0.513136300140648 -3.30529497955871 -0.187257241726508 0.716233753484445 -0.189540702956243 4.67655763959905 1.72265603769563 2.08020012407313 -1.62234567656281 -3.92845449475631 -5.14762246695628 0.834208970760876
"40" -0.679198818012339 6.4317564374687 0.440280260879902 -3.51094984948151 1.81781886280277 -5.16332294692698 -0.25359750259458 2.46418401451565 0.312994166356781 7.9576778627217 1.36720672472285 0.714791672214673 -3.10874340667158 -10.3658910841618 -2.17209509490638 0.423437929083285
"41" -0.847370617220632 8.03352870015837 0.701786225796624 -4.79927844933815 3.02745777927467 -6.63810711313296 -0.292359641260818 4.09020020192308 0.834074550722217 10.7037957453488 0.87543060647009 -0.835601473245802 -4.3573953624926 -16.1160018699498 1.22564236409787 -0.0873276720171319
"42" -0.957065780694561 8.91343038642745 0.89849200365925 -5.72053654386525 4.04474924030424 -7.62080908958442 -0.303456614515166 5.45991853140173 1.32446720988951 12.701523561538 0.300953727190922 -2.41098414292388 -5.28230979080491 -20.749606900501 4.71163243695119 -0.63598335080394
"43" -1.00116506195308 9.08038576502387 1.01374203773671 -6.2255173288357 4.78436764049247 -8.05366198545093 -0.289203478179093 6.45542298482019 1.73412638138254 13.8088512913234 -0.29074857747981 -3.83388721953914 -5.82487290491794 -23.9165098185827 7.9141568493589 -1.15075246646207
"44" -0.978805728301239 8.60347484755601 1.03720614194986 -6.29949385660499 5.18067582358125 -7.92953502886736 -0.253934330420973 6.98560504461862 2.01762373835532 13.9611859987707 -0.8303546194728 -4.93017100844152 -5.95685674103736 -25.373744483181 10.4670392859828 -1.55893343551462
"45" -0.894747481315415 7.59755360405393 0.965942832893866 -5.960793969601 5.19443488064257 -7.28709389521152 -0.203378604770009 6.995297581982 2.13961416707655 13.171263312868 -1.25367400321996 -5.55141388679851 -5.68119178228996 -25.0074385687872 12.0562086793386 -1.79651023659964
"46" -0.758327722002544 6.20570013148048 0.804745177222088 -5.25696613627069 4.81773657459278 -6.20262036319193 -0.143894206184742 6.47211792429958 2.07963210343716 11.523542193944 -1.51036903704641 -5.59585484354463 -5.03060073557391 -22.8460113840089 12.4632395047567 -1.81730958839204
"47" -0.582172569125911 4.58106156039915 0.565762294895251 -4.25914750797765 4.07644730674831 -4.77979315642339 -0.0816766228773282 5.45000996508887 1.83552241706786 9.16403785383866 -1.57114265716507 -5.02478074074358 -4.06431003960283 -19.0627952202157 11.5994449740391 -1.60034335731456
"48" -0.380833216924996 2.87053646359765 0.267464176065445 -3.05531781533661 3.02962567792986 -3.13876190068616 -0.0220648934512901 4.00868704481344 1.42492490776607 6.28673264762372 -1.43226664061379 -3.8716533967804 -2.86314047552932 -13.9668286838051 9.52495084405126 -1.15414124381534
"49" -0.169496060994958 1.2022272302947 -0.0669234039083264 -1.74310141831542 1.76565326211816 -1.40568729189087 0.0309534722902445 2.26854747806158 0.884446872967914 3.117751231499 -1.11666245819868 -2.24213749075554 -1.52333498524063 -7.98151966822971 6.44897570171366 -0.517247623783518
"50" 0.0371241019914006 -0.322169812205338 -0.411348251585601 -0.422686659584786 0.395178023678135 0.296377401583808 0.074972832393625 0.381134670456419 0.266450703893899 -0.101564974916883 -0.671230762668237 -0.304416048900521 -0.149520982502448 -1.61206099123254 2.71007565883508 0.245416909885563
"51" 0.225646806224106 -1.62976664881802 -0.73904259173036 0.80970333871368 -0.958629848002225 1.85475760718248 0.109116846529185 -1.48421511319511 -0.366286012291454 -3.13165187395553 -0.160683901840486 1.72940717321885 1.15276535484091 4.59621561792534 -1.26197998673456 1.05001963096707
"52" 0.384631777605913 -2.6742851908789 -1.02463510462761 1.86750012872232 -2.17162602145592 3.17244462810068 0.133735340358342 -3.15633543551475 -0.947461658669912 -5.75087014096319 0.341318831031352 3.62863962287119 2.28454128963411 10.1051174080704 -4.99820205793731 1.80419955484034
"53" 0.504955100247375 -3.4305779187989 -1.24610181470966 2.67848214172959 -3.13085643175839 4.17156902985208 0.149927152492268 -4.47914919953581 -1.4148623670076 -7.77000156807729 0.762492121960989 5.17277171875921 3.16036108986922 14.4320920866517 -8.04945752442262 2.41898190517465
"54" 0.580009026980436 -3.8876250671316 -1.38642110772518 3.18841108737391 -3.74598463532061 4.79543341698567 0.158995237034642 -5.32763503410474 -1.71771948176644 -9.04439263538004 1.04220099337661 6.17974214768614 3.71436225734126 17.1950297673482 -10.0445112635202 2.82054971653287
"55" 0.605788617840737 -4.04186772640291 -1.43482986348192 3.36361437339486 -3.95864138526011 5.00955778449002 0.16194986031504 -5.62093224806317 -1.82283370189723 -9.48315035296297 1.1401637815443 6.5296928031093 3.90495325365295 18.1485347688121 -10.7388060352228 2.96017005731559
"56" 0.580922497606366 -3.89249835176534 -1.38760915310678 3.19253944216903 -3.74855906896575 4.80215236251615 0.159163208266303 -5.33095666642568 -1.71863048237629 -9.05492203544395 1.04226802067288 6.18077868206746 3.71779771779284 17.2075865019911 -10.0469272422339 2.82081237373036
"57" 0.506686511470556 -3.4398045654638 -1.24835697651623 2.68630227116763 -3.13572697523463 4.18429995096322 0.150246392136186 -4.48543059792404 -1.41658477946621 -7.78994803302636 0.762613532538744 5.17471810621674 3.16686504467068 14.4558506317976 -8.05400083627273 2.41947281563149
"58" 0.387012778938147 -2.68694645529733 -1.0277322235095 1.87823293105401 -2.17829470948516 3.18993857547641 0.134173843376061 -3.16493558954076 -0.949815843061739 -5.77826429630989 0.341470174266618 3.63126539535651 2.29346180204134 10.1376587973159 -5.00434523065934 1.80485628104927
"59" 0.22847831727421 -1.64476854117428 -0.742680220410392 0.822399029432544 -0.966486049820752 1.87552862309717 0.109629253172711 -1.49436652807461 -0.369047525834404 -3.16413820942324 -0.160537707821867 1.73241911408758 1.16331618811398 4.63458845588036 -1.2690451822221 1.05076324006609
"60" 0.0402328207056768 -0.338540949242269 -0.415178104952112 -0.408924561465799 0.386718895978369 0.319109708001566 0.0755013109335838 0.370122964819657 0.263506441483838 -0.137027843702825 -0.671134972340425 -0.301322851745851 -0.138061639708681 -1.57064743301959 2.70280888128178 0.246166618493149
"61" -0.166190459953671 1.18498599079359 -0.0705691424936035 -1.72886332363151 1.75699495635569 -1.38165967381605 0.031425295936911 2.2570528122381 0.881496978557607 3.08045596777792 -1.11667444913529 -2.23922773897198 -1.51139550338837 -7.93891377846779 6.44216572958175 -0.516559013503041
"62" -0.377239475902786 2.85205044798617 0.264411720602112 -3.04061489768884 3.02082715815082 -3.11290183115643 -0.0217458798367982 3.99650342498903 1.42205269220585 6.24694327877694 -1.43246268040274 -3.86910639433481 -2.85060014827547 -13.9230938076174 9.51911235918021 -1.15355297375859
"63" -0.577929976014193 4.55959196523882 0.563786206975671 -4.24310133379814 4.06704165320883 -4.74968185889637 -0.0816480916815276 5.43602312519515 1.83267227432219 9.11827690255608 -1.57163267055937 -5.02265576216743 -4.05019718640097 -19.0152565341588 11.5949033208682 -1.59985417247427
"64" -0.752672403418425 6.1774837334343 0.804492856479101 -5.2374138997572 4.80650657849329 -6.16304111246276 -0.144367319288072 6.45387271228108 2.07656049756879 11.4641657576659 -1.511323389801 -5.59406606796668 -5.01269656251191 -22.7880494945698 12.4601252927562 -1.81686629968221
"65" -0.886317377004271 7.555846497142 0.968380372026957 -5.93373230290872 5.1791014129842 -7.22870344275796 -0.204689416203612 6.96837504140811 2.13582676473186 13.0845113177568 -1.25536719628646 -5.54970922053431 -5.65546363128152 -24.9267945645628 12.0544888115621 -1.7959950900561
"66" -0.965351019312672 8.53713647751081 1.04385475267119 -6.25826010119245 5.15744083560836 -7.83689557325773 -0.256621661434789 6.94270066309554 2.01228517728094 13.8242959792567 -0.83323163482558 -4.92810556009471 -5.91662062795346 -25.2500258271466 10.466575327449 -1.55814661897598
"67" -0.979125594282851 8.97181587431686 1.02701897504767 -6.15959310261764 4.74724551150289 -7.90237243178943 -0.29412179198486 6.38500063071325 1.72592749264366 13.5858474741276 -0.295520223083088 -3.83078025120564 -5.75957039150297 -23.7175414616213 7.91477969004012 -1.14938509157183
"68" -0.920975829458477 8.73566969011036 0.922181904903546 -5.61385842824986 3.98462036198051 -7.37346941431334 -0.311933352499562 5.3443115450216 1.31143507604872 12.3372855142285 0.293180160388289 -2.40584800995676 -5.17578258973063 -20.4262697697809 4.7132227547302 -0.633575708563022
"69" -0.789056149007419 7.7463641173751 0.741668477353954 -4.6279594844874 2.93078937219829 -6.23888725883152 -0.306406078983445 3.90304824568024 0.813313887752837 10.1160658511438 0.862980319450266 -0.827032174143056 -4.18555806920989 -15.5952564533708 1.22820781878752 -0.0832075210526
"70" -0.586745789041252 5.97674625666938 0.504930467892599 -3.2403596476007 1.66502355619717 -4.53100508104245 -0.276179468137867 2.16713981578725 0.280354621612886 7.02680930339676 1.3476241308247 0.728770273575293 -2.83659747971062 -9.54181713538654 -2.16835435957026 0.430241702729951
"71" -0.322510148312437 3.46269925959895 0.237028115035827 -1.51904305869021 0.276583188598423 -2.32483478632789 -0.222625973783462 0.254957286445219 -0.239866985176334 3.2330629686131 1.69245308935896 2.10234229619758 -1.20035449695458 -2.65137272228087 -5.14226955358748 0.845080529278952
"72" -0.00917495145732738 0.304058312741329 -0.0333825102439249 0.443408098175167 -1.14351074731852 0.267745096483402 -0.149983527769297 -1.71384962492819 -0.70581603793098 -1.05672709553705 1.86039960599805 3.16888469122226 0.633649432947394 4.65626492650442 -7.43187347174756 1.11623082443
"73" 0.337343776446236 -3.34193867503212 -0.276373161488706 2.53731887311532 -2.51013721667319 3.10817140375199 -0.0651491237411843 -3.6286099329665 -1.08566952745714 -5.60801015983759 1.83536141043319 3.84891312666207 2.56514769468168 11.9613172391396 -8.87074059230025 1.21938320862661
"74" 0.699719896603085 -7.27409841073458 -0.463170889419402 4.64533949739947 -3.75055338678036 6.04478384476412 0.0228511545018719 -5.3961618286257 -1.35954536998217 -10.1819246085596 1.62272613855583 4.11255429673743 4.49146420393805 18.8764067237865 -9.39669089705373 1.15218928271759
"75" 1.06109429795069 -11.2660115244855 -0.568486633181571 6.6527933022935 -4.80922903586507 8.92818829737134 0.103661798739374 -6.94703942137726 -1.52020628590979 -14.5577100658474 1.24722743486366 3.9774429692456 6.31605476912656 25.074314159491 -9.04749512049054 0.932626869721737
"76" 1.40688480863085 -15.08766975123 -0.572574056332648 8.45777701170669 -5.65074422179284 11.6263571961344 0.166585148830086 -8.2389172660033 -1.57234194109664 -18.5530149598479 0.748660138767974 3.50123988977057 7.95634498916467 30.3089374875116 -7.94538667856139 0.595036150489328
"77" 1.72625478394498 -18.5271105839842 -0.462899844218001 9.97980580700269 -6.26063311491417 14.0373280739925 0.201658779359274 -9.25714163358268 -1.53068136313213 -22.0394188940195 0.176217041450357 2.77036401427921 9.34997005694064 34.42780894852 -6.2736920582974 0.184574694866065
"78" 2.01300369519208 -21.4092535194091 -0.235366868775973 11.1659508327717 -6.64423427207113 16.0976185270153 0.200722708778356 -10.0124148358174 -1.41728615679223 -24.9509690251681 -0.417689978200286 1.88681083788973 10.4586704452388 37.3752588715638 -4.24948112115464 -0.249044468762037
"79" 2.26572529458748 -23.6095581096653 0.104915252871542 11.9937436483201 -6.82377982671684 17.7850738106457 0.158383337759712 -10.5359446835332 -1.25841967714958 -27.284419416177 -0.983295546566289 0.95491319291942 11.269373823367 39.1862082463881 -2.09611213874936 -0.657684358763333
"80" 2.48719429964553 -25.0609718761935 0.543286407909868 12.4705721403874 -6.83411237602565 19.1157163614322 0.0727941661779319 -10.8726153228479 -1.08138114495948 -29.0910466450325 -1.4783509435781 0.0696378781332641 11.7923643692771 39.9715532224194 -0.0189946964244143 -1.0000660032625
"81" 2.68307167366984 -25.7536989218895 1.05559407963882 12.6297900447023 -6.71754341528453 20.1351321791475 -0.0538117769125481 -11.0729565421324 -0.91164471714076 -30.4612047093142 -1.87153953054393 -0.692422502478493 12.0568493450201 39.8970518397918 1.81302581597171 -1.24568617636141
"82" 2.86013800651346 -25.7284213651194 1.60866305120652 12.5242195042459 -6.51844327119037 20.9058337097338 -0.21488926475036 -11.1848546526605 -0.770562863519501 -31.5039487685194 -2.14423332700601 -1.27871796146408 12.1046096681846 39.1583887471263 3.27935660716463 -1.377095394188
"83" 3.02435138979683 -25.0645551924074 2.1612459632772 12.2180614126161 -6.27816408806545 21.4927134083819 -0.399688039832339 -11.2460244085443 -0.673793799200155 -32.3248794901338 -2.29063101172589 -1.66293418323086 11.9826976957893 37.9555358396787 4.31220411749217 -1.39049489512887
"84" 3.17906320267034 -23.8657618527307 2.66558813523218 11.7783844282665 -6.03083649105843 21.949017353879 -0.593729114654105 -11.278219286304 -0.630507460050667 -33.0056730074569 -2.3165163491396 -1.84400756910001 11.7362691754992 36.4695468399802 4.89469317277212 -1.2948090576147
"85" 3.32370431508564 -22.2451702579691 3.06978132401689 11.2673201490094 -5.80045059500174 22.3051626107615 -0.779665800365977 -11.2839829383735 -0.643326412619306 -33.5884948318556 -2.23700698479853 -1.84257199701864 11.4025828651005 34.8444943723278 5.05393624698797 -1.10953134862195
"86" 3.45317834258304 -20.3125711389704 3.32107061116478 10.7358692519181 -5.59944935697575 22.5622144425073 -0.938524098661054 -11.2464451624818 -0.708878475113321 -34.0676890969165 -2.07371930478575 -1.69562198124092 11.0069796691752 33.1764350604287 4.8507830591542 -0.861720922993989
"87" 3.48955747902 -19.6525838815013 3.36061033092506 10.569785273518 -5.54245941603049 22.6189641592211 -0.980036814489758 -11.2205664182761 -0.739351864524609 -34.1902836924215 -2.00863966616841 -1.6262736888892 10.8712624299125 32.6485660859689 4.72404039801415 -0.775303016282798
"88" 3.58416463561848 -17.4549622035048 3.33680344451754 10.063439226853 -5.38003265839664 22.6968497388958 -1.07449838380803 -11.0733023971581 -0.860898749653462 -34.4451209198511 -1.77353180915764 -1.36028766136359 10.4101284851826 30.9844603333055 4.17205186326993 -0.492887229840186
"89" 3.63707849166737 -15.1446571625979 3.06031931440815 9.59406942467585 -5.234575062776 22.5708782921367 -1.10089146610089 -10.7904568676722 -1.01022216690334 -34.4152725303575 -1.51340904151467 -1.06230406034624 9.8957736274838 29.3111399537165 3.46329339406944 -0.220483842844104
"90" 3.63393338007775 -12.7801297812497 2.51128186197659 9.15945866815248 -5.08796531388809 22.1683089886372 -1.04737534474972 -10.3261024924818 -1.17214084996603 -33.9803656232311 -1.25133476430105 -0.778729220410369 9.31580946366616 27.5811012365077 2.68862720757392 0.014318207997718
"91" 3.56153532305035 -10.4082127088636 1.69223936385367 8.74403621594 -4.91869182524304 21.4176542669991 -0.908364693674637 -9.64312951350285 -1.3305214197774 -33.0218270524679 -1.00634661094323 -0.547202438255269 8.65443727057685 25.7293543884268 1.92819162906756 0.190147804748655
"92" 3.4099766598809 -8.07044712959604 0.63288666211799 8.32232864729295 -4.70497970445726 20.2622011305468 -0.686023743080776 -8.72146008448961 -1.46924063932695 -31.4430756193627 -0.792446097259987 -0.393314790626377 7.89757979690092 23.6890133705352 1.2463026507485 0.293679729428007
"93" 3.17440911684447 -5.80939128079303 -0.607319264166783 7.86280285053456 -4.42753928457809 18.6716701940765 -0.391145988871279 -7.5643214929476 -1.57296379100372 -29.1868254661979 -0.618177874930552 -0.328847553326412 7.03746989190142 21.4052483511481 0.688773242697636 0.320606621658065
"94" 2.856220838063 -3.6732822552556 -1.93962947538659 7.33173308816682 -4.07170229435522 16.6502822694985 -0.0431910706659426 -6.2015590827487 -1.62779506698513 -26.2471257376947 -0.486724615032184 -0.351558048353411 6.07599631153813 18.8459138182225 0.282337257496636 0.275701895969114
"95" 2.46346063677849 -1.71786859884973 -3.25030297941001 6.69691218870121 -3.62885742466559 14.2401565375936 0.330683329195615 -4.68935701178065 -1.62188656312023 -22.6747186898404 -0.396427393235996 -0.446437262177056 5.02637328588639 16.0079499366675 0.03574230051413 0.171979214137316
"96" 2.01046812507888 -0.00485690685099271 -4.40904555140068 5.93118100825751 -3.09722588634252 11.5197365370022 0.697648656504695 -3.10622412453281 -1.54609185909625 -18.5753868426746 -0.341638772238312 -0.58826873700302 3.91300968244123 12.9194623326217 -0.0579554189037879 0.0290174030683303
"97" 1.51678113249246 1.40289134857112 -5.28130008763875 5.01581922141558 -2.48210229349088 8.5976882718122 1.02220526108491 -1.54562385768471 -1.39471694772567 -14.1019784963942 -0.313817945314447 -0.745226873831498 2.76974592303197 9.63805216086358 -0.0183280136940311 -0.129410893777056
"98" 1.00548431374266 2.44863875309858 -5.74342118673086 3.94380227288841 -1.79571279587482 5.60331779827263 1.26991295175674 -0.106107591460784 -1.16636163171206 -9.44158675309334 -0.302777712510824 -0.883165032144277 1.63685308062587 6.24638126177678 0.125889796804046 -0.278196221603139
"99" 0.501223072856494 3.09027186031231 -5.69911332547811 2.72279733503203 -1.05681305827749 2.67493454900179 1.4114644405613 1.11981691286572 -0.864771465074835 -4.79981294093096 -0.297988810898921 -0.970166490494606 0.557319257914001 2.84607669282008 0.340380269169771 -0.393957194904026
"100" 0.0281298370888454 3.30851067638059 -5.09500979263201 1.37759038093104 -0.29008062512488 -0.0522874319787299 1.42660387206776 2.05663821680479 -0.49955140801708 -0.384149438923878 -0.289839429107708 -0.980877089031111 -0.427023446671082 -0.449060418932774 0.588714111841512 -0.45798526704268
"101" -0.392103091275844 3.11331101250664 -3.93303480936164 -0.048528785452123 0.474723695361178 -2.45750706857292 1.30734362613657 2.65514979280907 -0.0865460060778922 3.61168522221549 -0.270741105904033 -0.900122771044707 -1.27903907785077 -3.51988354725033 0.835539744207665 -0.458721232853627
"102" -0.7418115932891 2.54717772081623 -2.27730796311083 -1.49398061113519 1.20391347235556 -4.44331997994816 1.05996199971216 2.89882453021037 0.352317698259892 7.02104336836681 -0.235972709827887 -0.725352531430886 -1.96912600810015 -6.24846490946125 1.04934554506474 -0.393436241658982
"103" -1.00847690473575 1.68453830601377 -0.253849139160362 -2.88121893599093 1.86146326959134 -5.94201612422452 0.705378124987364 2.80631841185166 0.789890810242767 9.71438397291431 -0.184167368878068 -0.467545890616449 -2.47713706286404 -8.52438643935793 1.20466851274162 -0.26885795235502
"104" -1.18530891393491 0.626888272314726 1.95781084418903 -4.12147523903509 2.41110319110357 -6.9186745414414 0.277690309252229 2.42965581198053 1.19545028777656 11.6056768398429 -0.117376203076596 -0.15038282379426 -2.79331746822595 -10.2509008655129 1.28364084096657 -0.100595374166382
"105" -1.27129937834723 -0.505967892861864 4.1409140063664 -5.12190389410489 2.81891848950196 -7.37118341319225 -0.179092570525222 1.84821326443482 1.53709959405098 12.6552477399924 -0.0406869980507558 0.192319520484418 -2.91832404714616 -11.3510864779348 1.27679442334394 0.0886366150159787
"106" -1.27080547424259 -1.58767641450602 6.06426522838002 -5.79469268691912 3.05633431540644 -7.32760014269778 -0.615833857648687 1.15918518094406 1.78475427275422 12.8694523502552 0.0385689358083994 0.520668674512876 -2.86247847623867 -11.7739482356981 1.18308890909924 0.271828475431647
"107" -1.19276510370611 -2.49872190323781 7.50904325355184 -6.06727883811694 3.10323872799403 -6.84148618551221 -0.984030855627518 0.465707381778259 1.91341762258394 12.2977406173682 0.111930367420136 0.793800379206431 -2.64445469267724 -11.50015637334 1.00919212181807 0.421202303855367
"108" -1.04966819233162 -3.13977621855889 8.29632656007299 -5.8924631011434 2.95088960590796 -5.98595664993307 -1.24183860783986 -0.135837611104428 1.90635602257243 11.0277199598896 0.171097501812731 0.97538800870953 -2.28960969423261 -10.5468444958271 0.768116048904488 0.512009403385626
"109" -0.856412921464573 -3.44326562980308 8.31163724394855 -5.25702055433217 2.60419022763121 -4.84718350117752 -1.35955099923079 -0.56765940875782 1.75773929764059 9.17877931504079 0.209223555400563 1.03881933087935 -1.82814714134534 -8.97069651199962 0.47738513323921 0.526087417757175
"110" -0.629164801085492 -3.3815716493335 7.52293999661277 -4.18742117772798 2.08292332156733 -3.51800390352332 -1.32376057639403 -0.779945075176251 1.47433154162773 6.89473904143085 0.222018577676081 0.971299278791633 -1.29326571298311 -6.86850215943731 0.156971187451234 0.454668177625514
"111" -0.38431366503336 -2.97066026270271 5.98920848408733 -2.75151690138113 1.42161184798162 -2.09213927760911 -1.139561595834 -0.756494546465753 1.07590466394321 4.33588568413541 0.208495710622287 0.77624465396768 -0.719400156158166 -4.37448945007812 -0.172743419416577 0.300006210992748
"112" -0.13759388295963 -2.26849193814114 3.85781961029916 -1.05550587008565 0.667820755009711 -0.659355667307436 -0.830405721728456 -0.515801869259576 0.59419225192147 1.67066816576727 0.171236317983407 0.473546803726421 -0.140621356321471 -1.65404629734573 -0.49272527931538 0.0755459245351915
"113" 0.0965987476704124 -1.36823232417515 1.35051052268627 0.763907543164872 -0.121091207759605 0.698280524204188 -0.435534600572339 -0.107397905319523 0.0703867121318176 -0.932708574202259 0.116119176605849 0.0975665573623559 0.410771629835562 1.10611698219751 -0.786577676310714 -0.195455630673955
"114" 0.305689501015846 -0.386974284195215 -1.2607722685469 2.55156395177643 -0.882545358151766 1.9090534026876 -0.00525389552723077 0.396066715448725 -0.448617928813437 -3.31455289585346 0.0515402182674976 -0.306947777411779 0.90545732322126 3.71080696192631 -1.04125120475572 -0.482711649050039
"115" 0.479226639799593 0.548698444353693 -3.68532358486893 4.14888127392427 -1.55421667142398 2.91327772962312 0.405371132865646 0.909908215576849 -0.914851471312357 -5.33154372406523 -0.0127697888618883 -0.690513239389205 1.31809750955945 5.97114503117544 -1.24717994181128 -0.75274404803902
"116" 0.609039143765132 1.31851644604095 -5.64848908000639 5.4101426536398 -2.07982639518038 3.66420903163157 0.743576561603579 1.35010763030748 -1.28423604656038 -6.8638555228068 -0.0671554523365288 -1.0053769519658 1.62814954789665 7.71990185136494 -1.39795129449217 -0.973260518141274
"117" 0.689294668867585 1.82368135106559 -6.9252920810267 6.21804751652538 -2.41459263922439 4.1284187414398 0.965766483199815 1.6458111282569 -1.52130135006714 -7.82120064927353 -0.10346007454001 -1.21188784684112 1.82049181030147 8.82574638866585 -1.48969829005659 -1.11745898199413
"118" 0.716502126958856 1.99940119474843 -7.36837915207303 6.49654785534657 -2.52968830008648 4.28586390516984 1.04324198776026 1.74983397326736 -1.60306080747318 -8.14744455542011 -0.116240810312561 -1.28385986294836 1.88586680199104 9.20481062463239 -1.52044109134656 -1.16764475685537
"119" 0.689496245244415 1.82315048703119 -6.9264849122122 6.21929663065638 -2.41515896991174 4.12984204867465 0.965994967925653 1.64564543444384 -1.52155642255721 -7.82350179101473 -0.103584240173547 -1.21214278457889 1.8211446680295 8.82822389902408 -1.48959110107737 -1.11763623511152
"120" 0.609428997120123 1.31755561598706 -5.65088095047753 5.41259112510599 -2.08093667871197 3.6669574140152 0.744034409381403 1.34981692571497 -1.28474490005079 -6.86831800700882 -0.0673928255733074 -1.00587331417957 1.62940871776327 7.72472156810944 -1.39776898631573 -0.973607284938517
"121" 0.479776786257596 0.54752038090631 -3.68891968278955 4.15241972078552 -1.55582222590635 2.91714372367288 0.406058385170521 0.909575665786654 -0.915610513725248 -5.33787125813123 -0.0130964808828438 -0.69122053225361 1.31986389689261 5.97801572394995 -1.24699145779337 -0.753242563002011
"122" 0.306354837380299 -0.388021692827927 -1.2655646810842 2.5560053546422 -0.884564319053833 1.91370038734542 -0.00434111091459144 0.395821511096131 -0.449619943199714 -3.32226297434075 0.0511650969074253 -0.307811512967675 0.907567891401966 3.71924327355156 -1.04117299349932 -0.483329515015257
"123" 0.0973136781050314 -1.36862376928124 1.34455525165033 0.768962278494845 -0.123399572662667 0.703213924618129 -0.434407852601263 -0.107373786408516 0.0691530103823297 -0.941091094724122 0.115760311513995 0.0966360153901178 0.412981922437131 1.11538380151698 -0.786793089431171 -0.19613855468797
"124" -0.136920784760514 -2.26744568974067 3.85076713860823 -1.05026504477366 0.665401145570574 -0.654834702291804 -0.829087908278717 -0.515258076090305 0.59274038240893 1.66261468472046 0.170993487037961 0.472691391630875 -0.138665964323463 -1.64501945820001 -0.493519098665217 0.0748851765959344
"125" -0.383810082257385 -2.96698666088364 5.98115034447198 -2.74671137066754 1.41933313241849 -2.08902218229032 -1.13808951237346 -0.755075495095845 1.07424498753065 4.32957346415384 0.208523227599045 0.775685746667392 -0.718217588646638 -4.36726000127472 -0.174563028215317 0.299505111034662
"126" -0.629016163931676 -3.37338954613309 7.51396669380296 -4.18396776321046 2.08114926338105 -3.51775086057063 -1.32218563747722 -0.777110416861632 1.47246134070111 6.89222980884202 0.222559054572038 0.971381759940812 -1.29363857669646 -6.86540002358588 0.153409750299488 0.454542350836434
"127" -0.856904245963763 -3.42749933358221 8.30178346545701 -5.25631503442404 2.60346798259048 -4.85205821071237 -1.35793766207102 -0.562530235668426 1.7556277778968 9.18324200082519 0.210665171255783 1.04008315168794 -1.83130890823886 -8.97535009839117 0.470920087744872 0.52667590697795
"128" -1.05125912167942 -3.11131488025294 8.28548204494169 -5.89669913234465 2.95207878363428 -5.99961720300268 -1.24026055953714 -0.126925920278069 1.90392412043563 11.0442454004228 0.174067288737604 0.978681795403347 -2.29756610766018 -10.5650955331264 0.756857077194553 0.513846693903673
"129" -1.19621480326463 -2.44909097279203 7.49682409340001 -6.07997227148324 3.10772830391745 -6.86995770098794 -0.982565632750038 0.480940036423149 1.9105130077851 12.3346921229028 0.117439427326293 0.800455603147043 -2.66050563377531 -11.5415573993204 0.990088887305291 0.425129278877137
"130" -1.27736808732375 -1.50303835693531 6.04984178800094 -5.82149874874936 3.06638586896466 -7.38078418785187 -0.614557134938861 1.18500641382423 1.78112268252013 12.9405740578692 0.0482286078138294 0.532756056080316 -2.89202100638198 -11.8540845638086 1.15130137706888 0.279156889145327
"131" -1.28301487268918 -0.364240988134483 4.12279331200752 -5.17183142840911 2.83818237961831 -7.46508781460072 -0.178073751362325 1.89161537179994 1.53235488714183 12.7827955425178 -0.0243568907961027 0.2130104974392 -2.97003226791024 -11.4950120397422 1.22481326277182 0.101383056607212
"132" -1.20541755862846 0.860019238512539 1.93357380473219 -4.20861457898518 2.44536129953613 -7.07856861743755 0.278389408450312 2.5017581139364 1.18904762502359 11.8248707274414 -0.0905259794725346 -0.116329278803761 -2.88080578909448 -10.498014922417 1.20011225136196 -0.0793907081746212
"133" -1.04198663660458 2.06093126559192 -0.287850693186137 -3.02710111008775 1.91965490016829 -6.20671766632546 0.705699732095987 2.92426923791992 0.781110268446433 10.0794877116181 -0.141065957363978 -0.41315917976236 -2.62121380394458 -8.93508657492737 1.07289728863719 -0.234716369621736
"134" -0.796243479828151 3.14300782684039 -2.32628113137024 -1.73066499781688 1.29949502989516 -4.8707813389421 1.05984229519199 3.08828157319148 0.340269195220138 7.6133288873009 -0.168319048017501 -0.640693518390236 -2.2007238916562 -6.91286096093143 0.845488645323229 -0.339927074665006
"135" -0.478427515130623 4.03731107071604 -4.00407588129759 -0.422460692493899 0.62739138524319 -3.13176306586601 1.30669438534067 2.95337510766338 -0.102882060265774 4.54939810185803 -0.166850011054528 -0.771424632190374 -1.64285548631755 -4.56870880785524 0.526564672815823 -0.376862297703497
"136" -0.105621637997817 4.7114315436065 -5.19739046669045 0.80101514977566 -0.0523196998193072 -1.09163188216425 1.42528396782742 2.51616166771167 -0.521231083431648 1.06602162438026 -0.13374188068191 -0.78965100072628 -0.985803746347491 -2.06663075259902 0.130283689881452 -0.335591756732896
"137" 0.298704074188288 5.17495642884027 -5.8444578603196 1.85418702581763 -0.695308008306927 1.10898185444411 1.40923920973188 1.81249120531037 -0.892726034880678 -2.60829433304145 -0.0685251324794258 -0.692384640850904 -0.28192391754728 0.407457401265049 -0.325065594313259 -0.215002119778667
"138" 0.705788854793933 5.47963933708175 -5.9456906402537 2.66469142660634 -1.25876240814894 3.29710497949429 1.2663996926898 0.914983933404443 -1.20115772489002 -6.20481150159863 0.0271913430539605 -0.488683622688058 0.404195146316894 2.65179224107987 -0.818684839553754 -0.0222787694054318
"139" 1.08332140372707 5.71403581492916 -5.55648877666368 3.17427411880863 -1.70278821234864 5.27792872954989 1.01680420885561 -0.0738785360046066 -1.4362393369579 -9.42965207930217 0.150272128495111 -0.197659313432155 0.999250814837445 4.45707592096926 -1.3289364525622 0.228537171224481
"140" 1.39776162671185 5.99295096076344 -4.77449811681127 3.33908000718459 -1.99193210442009 6.84925394781907 0.689461024084155 -1.03238716076248 -1.59316749895256 -11.9838782193802 0.296651809654808 0.15444642948944 1.42637550442682 5.61780641282155 -1.83485721248394 0.518629388575839
"141" 1.61711058165165 6.44261532950854 -3.72358338272124 3.13012145227181 -2.09703749888918 7.81912614807422 0.318421512252463 -1.83285597592516 -1.67188983548498 -13.5877525149043 0.461842686379537 0.537646371962609 1.61174953955308 5.94697585370037 -2.31735514565889 0.826783788335462
"142" 1.71392462827447 7.18302156720677 -2.53691877500874 2.53450569848759 -1.99751689126498 8.02538630840292 -0.0612914637718713 -2.35610667592159 -1.67629548514678 -14.0076314670798 0.64125121439514 0.921589925602348 1.49227454523648 5.29379935251083 -2.75999722172378 1.13172465297333
"143" 1.66830783257391 8.30927563436523 -1.3413863812514 1.55763531703481 -1.68395535626822 7.35537027236005 -0.417397531776517 -2.50566421523411 -1.61349310450156 -13.0832007003296 0.830251877994346 1.27854363135232 1.02365519654523 3.56327449798191 -3.14937162151512 1.41412362986054
"144" 1.47057255716572 9.87410004148255 -0.244987192003741 0.226144381457964 -1.16076482869699 5.76360522772107 -0.723322432566922 -2.22013659092143 -1.49326035271188 -10.7521367840308 1.02402869567867 1.58568401437462 0.18801648892355 0.735485596539874 -3.47508012085373 1.65808346330379
"145" 1.12324126888584 11.8737278965571 0.671676512423062 -1.40910537259377 -0.448434618346187 3.28515765050846 -0.960165868045737 -1.48238148422831 -1.32765935513054 -7.06891008559809 1.21725463199473 1.82655069054169 -0.999964911956624 -3.11816079408514 -3.72947206999288 1.85200359063912
"146" 0.642081291992909 14.2393035085617 1.35947502687713 -3.27097016490322 0.415186699033452 0.0423595173952336 -1.11758588771938 -0.32431791308953 -1.1307346996341 -2.21445354439466 1.40372603470597 1.99163943102866 -2.48946977354297 -7.82496482329488 -3.90726301990281 1.98883826457939
"147" 0.055924299703165 16.8355247721157 1.80062901328582 -5.25604288682529 1.37515289659074 -3.75696535821757 -1.19365630250187 1.17338754372872 -0.918161601339152 3.50608978667388 1.57609303421878 2.07822491219649 -4.19342306041501 -13.1103043146163 -4.00518366914537 2.06584322247956
"148" -0.594874796069523 19.4676114674161 2.00511562867032 -7.23775727948795 2.36168816203493 -7.83091478219788 -1.19386655190573 2.88705744004858 -0.70670315368749 9.67932120968198 1.72582155853915 2.08957832962001 -5.99250989102688 -18.6087154987919 -4.02177837098958 2.08396261824952
"149" -1.26134374908644 21.8967816605478 2.0046211547803 -9.07321403127957 3.29468961249417 -11.8446493367092 -1.12950554359578 4.66090906364438 -0.513369916848442 15.8135354026611 1.84348713815904 2.0337812582662 -7.74352488645071 -23.8877520853041 -3.95742151654659 2.04702891412057
"150" -1.88015578428233 23.8358338060009 1.84883198918902 -10.5913702503918 4.07870117176723 -15.3856702925806 -1.01790475264119 6.29654172099284 -0.356532116948165 21.2960758631976 1.91856830532904 1.92457185311484 -9.26845719368796 -28.4156190815155 -3.81754595394514 1.9627304588668
"151" -2.41630347572167 25.095228384313 1.5867157927334 -11.6981884151691 4.65858276239769 -18.2146543639694 -0.87315370809317 7.67111591626774 -0.245076603379106 25.7779231318728 1.94484195257478 1.77284282046803 -10.462359476482 -31.8808770731472 -3.60410265187625 1.83642928429949
"152" -2.81744801705772 25.4448498968964 1.27041959939141 -12.2626313368237 4.96175570990687 -20.0061926516927 -0.712555056451897 8.62038248959784 -0.190286614789997 28.7708549147666 1.9146130040953 1.5932531081703 -11.1815624352255 -33.8593542012525 -3.32556872216168 1.67649527027806
"153" -3.04768370866279 24.7405876761512 0.94561857085699 -12.2061798121397 4.9449810897804 -20.5526727587284 -0.550977137447038 9.03267089888436 -0.196625750743605 29.9582163360913 1.82418662973355 1.39927799322891 -11.3326128925151 -34.0806333845625 -2.9925312353713 1.49110216230745
"154" -3.08562014419982 22.9269778735163 0.648438714810165 -11.4992919942361 4.59302579913943 -19.7564566092965 -0.400567581713046 8.84679922014023 -0.262352775444125 29.1812408910096 1.67399018677333 1.20311430312371 -10.8697166859575 -32.4208841429329 -2.61863694496682 1.28855883038765
"155" -2.92703256690155 20.05114252156 0.403345030571948 -10.1688823937103 3.92252619193183 -17.6460979503062 -0.270087431959221 8.06054551863362 -0.379140731225775 26.4636533167945 1.46920492959196 1.01503871081917 -9.80273448957506 -28.9270284990224 -2.22020541782248 1.07715132392848
"156" -2.58565907418208 16.2647393388631 0.222728945648658 -8.29949381888749 2.98213136119458 -14.3781868132501 -0.16469558229509 6.73231043617757 -0.532522863289973 22.015702009058 1.21983878687519 0.842995454618034 -8.19890686792273 -23.8215459969661 -1.81540047569717 0.864996308444219
"157" -2.09193149779817 11.8125879012039 0.107964597705703 -6.0272695797467 1.8484995394669 -10.2234396194425 -0.0861349579295343 4.97535329923586 -0.703240106218058 16.2154801012811 0.940148073457049 0.692402136414699 -6.17754439712477 -17.4853995793294 -1.4229913568677 0.659848909948195
"158" -1.48970747968104 7.0085666597955 0.0515853103810286 -3.52691705564582 0.618349366233076 -5.53790872726875 -0.0332390000589413 2.94501079059239 -0.869410562077771 9.56863303492376 0.647420995839934 0.566157491599498 -3.89792681857568 -10.4197659869834 -1.06082116646303 0.468834432828736
"159" -0.831368754483138 2.20144308954486 0.040159598656178 -0.993036708989537 -0.602554623049475 -0.722563931084089 -0.00265567263200417 0.820387234328443 -1.00927522804863 2.65098363958028 0.360250319657691 0.464830039272385 -1.5417398728291 -3.19072967422132 -0.744173231646158 0.29810801200523
"160" -0.17191346258707 -2.26486213052173 0.0574189107128049 1.38174549139421 -1.71200124354693 3.82342315494551 0.0103233154096891 -1.21704854295574 -1.10412921693487 -3.95837805399295 0.0965251215172138 0.386999431359357 0.707653829972498 3.63578112851614 -0.484271673299588 0.152480576502469
"161" 0.437153364534015 -6.09085327309922 0.0872065835424394 3.42868600627702 -2.62364178847128 7.7490187563466 0.0109380406953505 -3.00490843898026 -1.14095929796919 -9.74402227120032 -0.128559715858003 0.32971366152475 2.68616367764269 9.55943225533238 -0.287160474546141 0.0350753143114133
"162" 0.953277740066255 -9.05487043058777 0.115879104827368 5.0215284780365 -3.2770582205622 10.7903643306981 0.00423684499018506 -4.41819436070683 -1.11430710471549 -14.3111881270463 -0.30416041900375 0.28901718927294 4.2670253542604 14.2013637560565 -0.153169958872411 -0.0529104287178868
"163" 1.34690592099399 -11.0351401837949 0.133894626491401 6.08889930458196 -3.64393846051172 12.7965920098259 -0.00547392681007075 -5.38173595342617 -1.02697904123533 -17.4243175425649 -0.424835161416205 0.260499796735303 5.37324207318667 17.3418692124069 -0.0771009661561379 -0.11227082778953
"164" 1.60359893451529 -12.01713353574 0.136462003721388 6.61861497587821 -3.72935894433414 13.7386791626319 -0.0149659803542317 -5.8749964928106 -0.889422445434322 -19.0216160542713 -0.490816858650224 0.23981507284536 5.98262087698254 18.9342548185066 -0.0491426180321355 -0.145644121441599
"165" 1.72401269217471 -12.0854929547802 0.123280111197563 6.65346170021055 -3.56806960532717 13.7005915269846 -0.02220468883701 -5.92883173325467 -0.717849406291759 -19.2043586004258 -0.507476493959199 0.223121188637506 6.12491176493382 19.0935008847092 -0.0564062822154483 -0.157151067894056
"166" 1.72190258750528 -11.4025975206871 0.0975468048190571 6.27956649610614 -3.21662788220463 12.8551614032177 -0.0262709062414421 -5.61523297638651 -0.531456805367272 -18.2041897370619 -0.484097210207512 0.207404917546157 5.87196998506584 18.0629466069247 -0.0848327014377332 -0.151862738564617
"167" 1.62063068902043 -10.1782311139517 0.0645300608895027 5.60980859012848 -2.74301357802107 11.4298470493745 -0.0271411862264248 -5.03231650630033 -0.349293695610728 -16.3355219193727 -0.432207512346441 0.190662517672379 5.32308009540806 16.1661495689176 -0.121143382068965 -0.135178841216131
"168" 1.44886886508488 -8.63623720016074 0.0300444209130255 4.76550767567805 -2.21577659991164 9.66908980271587 -0.0253925607277505 -4.28755241908259 -0.187403811228982 -13.9424249057856 -0.363795053840416 0.171927949644285 4.58832733561544 13.7534130824832 -0.154489870948794 -0.112218340257098
"169" 1.23626100348026 -6.98414570670025 -0.000849220484587576 3.85968595845252 -1.6947136650965 7.80005710338125 -0.0218983326834525 -3.48228868644367 -0.0567920943652496 -11.3496002617754 -0.289722151831974 0.151158968570336 3.77300984624922 11.1526799951976 -0.177518845310246 -0.0873209916807092
"170" 1.07569023914616 -5.84029316683782 -0.0186106268663604 3.2316769937412 -1.35418438178736 6.51235085550688 -0.0188658383746789 -2.92130921101029 0.0138472042022837 -9.53989727183638 -0.238590321107054 0.135540553616835 3.19541471901021 9.34484837398136 -0.185522500673102 -0.0703180591074002
