"V1" "V2" "V3" "V4" "V5" "V6" "V7" "V8" "V9" "V10" "V11" "V12" "V13" "V14" "V15" "V16"
"1" 1.21928458234942 0.320137393142831 -0.545186147812757 -0.038599079817196 2.27871321102625 -2.27475593497705 -0.0898725520332047 0.0623261522849674 2.19460722669537 0.290691040316702 -0.322439899474794 -0.042099922140693 1.19822587064428 0.763949692088204 -0.347556412898982 -0.0610704712774464
"2" 1.21410923657426 0.18194449171831 -0.640567680889994 0.00111525102171584 2.3149255645698 -2.42461325381712 -0.0578770592988267 0.110639139130249 2.24583976356798 0.468215154976566 -0.355821419721295 -0.0645167658140622 1.23055666768358 0.871282009670949 -0.32168673334624 -0.0875270225387226
"3" 1.1877696961854 0.0138166799821953 -0.743368678536903 0.0491326464721737 2.31960785066618 -2.57095192488316 -0.0192851350839174 0.166753946861661 2.27003938801753 0.678023812232514 -0.391615008217673 -0.0913223198894002 1.24975951157879 0.991367150831986 -0.283057344065469 -0.1183944249359
"4" 1.15609484473266 -0.122454084678603 -0.819743998016413 0.0879913910671704 2.30307274075827 -2.67214460207603 0.0117162597080327 0.210884763346407 2.27003192031853 0.845699158377339 -0.41839372433866 -0.112987425114 1.25510560248852 1.08426210973233 -0.247721876692452 -0.142855659726536
"5" 1.09298643850847 -0.338426376734041 -0.931893705742752 0.149654233960185 2.25137594790544 -2.81249990983187 0.0603296125775916 0.279167119990042 2.24552248002183 1.10971840999265 -0.458420719637772 -0.147534890985696 1.25104678835194 1.22747479080689 -0.186174719185061 -0.181128056535158
"6" 1.00890469240387 -0.580091737941764 -1.0478103944726 0.218935400757417 2.16682595649247 -2.95091768886627 0.113952656702608 0.353876670958158 2.19257042451237 1.40495105743056 -0.501155196255556 -0.186792435907535 1.23374333372687 1.38552341603262 -0.110888704136954 -0.2237088543136
"7" 0.90519362632546 -0.844208648613769 -1.16571281734461 0.295156358662688 2.05084057457484 -3.08856379437103 0.171588441329828 0.434079680189555 2.11232219886411 1.72937799999491 -0.546586798609432 -0.230695354280954 1.20400988683992 1.55873981135589 -0.0222552929872961 -0.270378255580567
"8" 0.783892231544999 -1.12666194693928 -1.28363947653537 0.377403182073706 1.90590104223034 -3.22674274725205 0.232045730221756 0.518624168453712 2.00684723576128 2.07998945277366 -0.594586407750736 -0.279051356063178 1.16310821654505 1.7470501257706 0.078839035621769 -0.320806143287314
"9" 0.647659367614629 -1.4225834515035 -1.39950990385111 0.464549004864587 1.735454253067 -3.36674119912899 0.293982387166821 0.606174493825087 1.87904709737017 2.45280794425558 -0.644874738596791 -0.331532519844131 1.11268122977753 1.94988517484574 0.190996990724983 -0.374555394997969
"10" 0.499666782252521 -1.7265075292699 -1.51119417424161 0.555285619154532 1.54376602370831 -3.50965695276895 0.355957741021999 0.695255586638758 1.73252109636933 2.84294993130258 -0.696994477819707 -0.387671213317446 1.05466436549454 2.16610040546601 0.312314753652032 -0.431088602163868
"11" 0.343466652279997 -2.03255302957471 -1.6165872657423 0.648162506327054 1.33573454286188 -3.65622637195721 0.416490978795398 0.784304562056711 1.57139694289546 3.24472459250858 -0.750288771634985 -0.446860469557805 0.991180079865094 2.39391202958093 0.440407691174556 -0.489777819199276
"12" 0.182841657507105 -2.33462164290233 -1.71368451107962 0.741631193356923 1.11667563453031 -3.80666385993334 0.474122200578993 0.871726948970796 1.400137242259 3.65176655150894 -0.80388877031519 -0.508359167941876 0.924422382045018 2.63085565732952 0.572457978613784 -0.54991684806771
"13" 0.0216465771848773 -2.62660217781232 -1.80065426722815 0.834092602294021 0.892093028491337 -3.96052681820758 0.527472609179842 0.955954482800848 1.2233340704849 4.05719769152574 -0.856712604007321 -0.571302201791241 0.856539076567689 2.87377307231744 0.705283689079209 -0.610735488979799
"14" -0.136349315981855 -2.90257048165978 -1.87590406657398 0.92394501130974 0.667447355478055 -4.11661812555412 0.575300407550721 1.03550132936947 1.04550429586412 4.45381193530397 -0.907477611761216 -0.634715622873216 0.78951946866494 3.1188316514624 0.835427951833424 -0.671415156650824
"15" -0.287610187976971 -3.1569756841004 -1.93813689367887 1.0096303636559 0.447937082860823 -4.27293580849145 0.616549322515151 1.10901573771393 0.870897800401552 4.83427593477408 -0.95472690129975 -0.697536540075475 0.72509479913583 3.36157939130665 0.959265832236042 -0.73110527012625
"16" -0.428964039757017 -3.38480497707514 -1.98639482245271 1.08967692317071 0.238303178138751 -4.42667640568203 0.650387226960767 1.17532444452812 0.703329375119666 5.19133806726114 -0.99687042685531 -0.758637322231095 0.664657652969225 3.59703664639082 1.07312566918682 -0.788939864657777
"17" -0.557709218323437 -3.58172107663268 -2.02008800251798 1.16273664760674 0.0426671053343903 -4.57429482039081 0.676233041764167 1.23346764141444 0.546042976951286 5.51803796615547 -1.03223979583067 -0.81685342278314 0.60920513088416 3.81982362229616 1.17342075785149 -0.844053937140416
"18" -0.671692553582515 -3.74416863603552 -2.03900784279809 1.22761609360348 -0.135590951837778 -4.71161950695785 0.693770900311481 1.28272292721917 0.401614450442005 5.80790899689956 -1.05915502041247 -0.871013919318671 0.559308816034168 4.02432052225977 1.25678652340838 -0.895599112121886
"19" -0.769356672192138 -3.86944799376121 -2.04332414253716 1.28330013736604 -0.293909736654034 -4.83401795741122 0.702951386337276 1.32261735477181 0.271895967887315 6.05516657904911 -1.07600048918246 -0.919973659154664 0.51511265663634 4.20485515543131 1.32021773668447 -0.942758294727696
"20" -0.849756092762071 -3.95575656651202 -2.03356680250475 1.32896825346334 -0.430579552305127 -4.93660393346451 0.703980446375613 1.35292739559941 0.158002561854695 6.25487599722903 -1.08130661573316 -0.962645740007645 0.476357969573082 4.35591090807494 1.36119991814445 -0.984759053215839
"21" -0.912543620408659 -4.00219979800618 -2.01059355555266 1.36400350741977 -0.544731819254638 -5.01447497524629 0.69729727618472 1.37366734141752 0.060338429853469 6.40309427737583 -1.07383298827747 -0.998032949624644 0.442432989684901 4.47234637797973 1.37782890527353 -1.02088554332647
"22" -0.957930207709065 -4.00877476182449 -1.97554583781539 1.38799476116679 -0.636289931798989 -5.06296660108855 0.683543042923361 1.38506729604232 -0.0213416375959361 6.49698177120566 -1.05264844627384 -1.02525675557484 0.412442864203028 4.5496167802239 1.36891265779838 -1.05048884781263
"23" -0.986622742012724 -3.9763302565764 -1.92979544425205 1.40073284941964 -0.705887703803539 -5.07790841241805 0.663522703153195 1.38754245191126 -0.0878421837059529 6.53488023675358 -1.01720338170009 -1.04358248839679 0.385294812609001 4.58398652967511 1.33404977397157 -1.0729956585144
"24" -0.999691261032174 -3.9073121293069 -1.87542592030874 1.40223906820673 -0.754403588427838 -5.05624602605936 0.638416577095889 1.38174590264062 -0.139992104293734 6.51678069447203 -0.967911755355352 -1.05240257294702 0.360022763996726 4.57303896390399 1.2743470284239 -1.08781407549372
"25" -0.998760478362488 -3.80186312426435 -1.8125717084889 1.39258961329077 -0.784600672288079 -4.99449483308283 0.608516193755875 1.36810436673468 -0.18058472882677 6.44236777271512 -0.90369916331975 -1.05144512030847 0.334773526013464 4.51438951983005 1.18925836647458 -1.09484036049253
"26" -0.985202267291012 -3.66389548422141 -1.7438131823039 1.37199866259161 -0.797603307007713 -4.8913107347508 0.575262372977484 1.34739563406941 -0.210439830461 6.31350676286606 -0.826180794508495 -1.04026741031498 0.308842173816643 4.40753965015314 1.08176690532241 -1.0934403042412
"27" -0.960879042462601 -3.4970191137047 -1.67087031015727 1.3409509057018 -0.795752023209219 -4.7465945120391 0.539705332279901 1.32038982842262 -0.231447385399349 6.1334025735758 -0.736785749923193 -1.01884882454567 0.281262037369581 4.25360378763599 0.954876554811449 -1.08339213578017
"28" -0.927702666994268 -3.30529393125996 -1.59539193787857 1.30006109889206 -0.781484087377994 -4.56160663021451 0.50284823266303 1.28783800974641 -0.245455515225655 5.90632914268571 -0.637445888499691 -0.987354128215202 0.251314368848892 4.05512760561604 0.812318723361557 -1.0645719915326
"29" -0.887551726642981 -3.09312204458426 -1.51890720537696 1.25005339450136 -0.75721760948209 -4.3389706866281 0.465615042978435 1.25043730989914 -0.254170181369131 5.63749789512117 -0.530547862898935 -0.946120404533644 0.218581290115845 3.81605272480487 0.658429505859033 -1.03695381825219
"30" -0.842201853022305 -2.8651377382775 -1.44278641681795 1.19174081986321 -0.725253490539095 -4.08261038428197 0.428825462664506 1.20880356752745 -0.259076427565166 5.33289997664505 -0.4188614692209 -0.895638467412937 0.182976748328112 3.54162091975538 0.497997711613664 -1.00060841123423
"31" -0.793271172601104 -2.62609660380826 -1.36821234880836 1.12600541832083 -0.687698188629153 -3.79762262680247 0.393177354506022 1.1634528132344 -0.26138379796173 4.99912729617688 -0.305446799689435 -0.836530130252982 0.144754163795586 3.23821965777347 0.336089826492753 -0.955701876940225
"32" -0.742181837977762 -2.38076500931924 -1.29616235726404 1.053779438257 -0.646408680781048 -3.49009269581867 0.35923667376569 1.11479239850851 -0.261996825857992 4.64317801869343 -0.193543876523023 -0.769522968179899 0.104490927967475 2.91317371979699 0.177859379122253 -0.902493810707142
"33" -0.690137554989251 -2.13381116243608 -1.22740105118021 0.976027846135437 -0.602959514629181 -3.16686044879805 0.327434470263167 1.06312196650489 -0.261509862386808 4.27225261472102 -0.0864494536644074 -0.695424343005357 0.0630513102077099 2.57449043566328 0.0283491751715133 -0.841335453638521
"34" -0.638116107598924 -1.8896992300467 -1.16248277067488 0.893732348076867 -0.558630555617085 -2.83524892460969 0.298070204225017 1.00864385994581 -0.260224083274172 3.89354687636187 0.0126135574135162 -0.615096447385326 0.0215305829532113 2.23056857113817 -0.107704601740409 -0.772668035326433
"35" -0.586875141060528 -1.65258829142907 -1.1017626614194 0.807877030226649 -0.514412997632966 -2.50276856005637 0.271320366209856 0.951481982389126 -0.258183341823562 3.51404843864137 0.100628094855921 -0.529433962983376 -0.0188157873421826 1.88988299596905 -0.226057396727015 -0.697021420461056
"36" -0.536968915520832 -1.42623824947706 -1.04541479463477 0.719435668322063 -0.471030448808868 -2.17681133400258 0.247251230275836 0.891707604371916 -0.2552246715836 3.14034328426959 0.174910266183332 -0.43934562675679 -0.0566532595738334 1.5606588219738 -0.32312186247816 -0.615013062068556
"37" -0.488773395397599 -1.21392513889821 -0.993455550868546 0.629360707376165 -0.428971439333341 -1.86434953407294 0.225834495768712 0.829370164790944 -0.251038704663896 2.77843844829873 0.233226000646468 -0.345740583563156 -0.0906545396108616 1.25054963099447 -0.396106455358449 -0.527347130037469
"38" -0.442516889771387 -1.01836848362798 -0.945770369548796 0.538573869968573 -0.388529514551417 -1.57165348712607 0.206964579385183 0.764530786014348 -0.245235062068551 2.43360666930407 0.273891501909198 -0.249519908146453 -0.119585818141349 0.966334646030861 -0.443120900044221 -0.434813542604502
"39" -0.398313489460591 -0.841673413254235 -0.902141961160766 0.447958313232007 -0.349847148205803 -1.30404154546216 0.190476394320712 0.697296020280334 -0.237407872760101 2.11025805517123 0.295852696216926 -0.151573150489071 -0.142387763666832 0.713649199399439 -0.463244109470338 -0.33828649504153
"40" -0.356196733043195 -0.685290110754835 -0.862278175942933 0.358352219134218 -0.312959998907109 -1.06567394278522 0.176162583536716 0.627849289892708 -0.227196954388824 1.81184295190411 0.298739835370782 -0.0527792456338148 -0.158246518482891 0.496761620646906 -0.456552091844742 -0.238721969734115
"41" -0.316151246141343 -0.549992812503476 -0.825837908891685 0.270543670016409 -0.277838491174671 -0.859399920595393 0.163789344376664 0.556477582374427 -0.214340794627223 1.54078914059897 0.282894559697013 0.0459893171455406 -0.166650605192844 0.31840774324829 -0.424105397632218 -0.13715364044333
"42" -0.278140502144705 -0.435880018329556 -0.792453679404673 0.185266633223236 -0.244424279882631 -0.686664891942442 0.153110176777854 0.483591213166974 -0.198718253135959 1.29847526906757 0.249367990438664 0.143860505372686 -0.167430517216145 0.179691690331238 -0.367897621692123 -0.0346865641490695
"43" -0.242129313549457 -0.342396817337161 -0.761749836583135 0.103197857345023 -0.212659802766936 -0.547481486594407 0.143877092863701 0.409734862490481 -0.180376801305894 1.08524108946477 0.199889736272773 0.239956561343888 -0.16077878525549 0.0800585586924996 -0.290768254185821 0.0675119043883115
"44" -0.208100148220637 -0.268379334972096 -0.733355689162792 0.0249544711198979 -0.182509792044954 -0.440465251867856 0.135849029268645 0.335588610352715 -0.159546070171623 0.900433671013381 0.136808997664346 0.33338927227112 -0.147249423922075 0.0173412212563733 -0.196284663665836 0.168224433257365
"45" -0.176062844227346 -0.212120313563531 -0.706913223076256 -0.0489079230678158 -0.153974261113056 -0.362932713128828 0.128797394799541 0.261958306363937 -0.136636429532817 0.742487345266142 0.0630101724394549 0.423258182752306 -0.12773680695747 -0.0121201205518613 -0.0885991213056059 0.266199557116352
"46" -0.146057745416682 -0.171453816534395 -0.682079431941361 -0.117896854047927 -0.127093071804707 -0.311056572381453 0.122508857233452 0.189755283935085 -0.112223221811611 0.609033784355582 -0.0181935493979424 0.508652923626755 -0.103435135319144 -0.0132905966804095 0.02771250509943 0.360171107795395
"47" -0.118152677654422 -0.143856063849185 -0.658523629969366 -0.181584448094611 -0.101942696418101 -0.28007017923531 0.11678561896721 0.119966120989588 -0.0870180795046829 0.497037377088176 -0.103184209473341 0.588660383627371 -0.0757806928667417 0.00780608932121396 0.147823450525493 0.448881031972178
"48" -0.0924345190021025 -0.126558530004488 -0.635920428600969 -0.239608875957359 -0.0786262007421032 -0.264511168999576 0.111443549055352 0.0536138184328792 -0.0618294311741789 0.402950019519317 -0.188175641485714 0.662376914398919 -0.0463799792655895 0.0443824296470758 0.266833283298581 0.531105113316244
"49" -0.0689963775736242 -0.11666872634391 -0.613939326075553 -0.291675845333671 -0.0572577822547862 -0.258492430896396 0.106308628198754 -0.00828762990306586 -0.0375148242872467 0.322878636191852 -0.269357031823304 0.728925189083611 -0.0169275272912017 0.0892159937211385 0.379943204797655 0.605680837467844
"50" -0.0479215755774476 -0.111293596902904 -0.592232073638343 -0.33756014166886 -0.0379434017973872 -0.255987424416013 0.101212224326446 -0.0647828062088678 -0.0149280502387237 0.252758246543969 -0.343037733414597 0.78747478756793 0.0108822793638286 0.134996716281103 0.482623603475133 0.671536388159893
"51" -0.02926574829117 -0.107660217857777 -0.570419136807999 -0.377107156369291 -0.0207591536509781 -0.251116354245333 0.0959857516277935 -0.115025751482406 0.00513575634737462 0.188523225393332 -0.405787616573257 0.837265114823026 0.035444791338449 0.174675876976991 0.570768853727941 0.727719564782319
"52" -0.013038407191571 -0.103228525958507 -0.548076660604806 -0.410234281226096 -0.00572903853936735 -0.23841986355697 0.0904552778433967 -0.158329147569233 0.0219938509988755 0.126269596933035 -0.454567499482252 0.877628921860151 0.0553314419487254 0.201799909902489 0.640835223810654 0.77342528648137
"53" 0.000814705831583495 -0.0957911154798836 -0.524725371918521 -0.436931996426651 0.0071962504518126 -0.213107699261712 0.0844366361155977 -0.194208775030418 0.0351253859374938 0.0624017489641844 -0.48684466694376 0.908014529071124 0.0693684082974357 0.210812916641594 0.689958618885157 0.808020309966878
"54" 0.0124272230084728 -0.0835557243693472 -0.49982280999248 -0.457264441496335 0.0181580343053258 -0.17127119656238 0.0777315712286821 -0.222420398538304 0.0442139014646545 -0.00624216243642195 -0.500689131788114 0.928004869927008 0.0767035430592742 0.197313341733301 0.716049673375096 0.831063845282188
"55" 0.0220245863975048 -0.0652068510637989 -0.472760168601525 -0.471369237372514 0.0274045153555806 -0.110050349515056 0.0701254075800222 -0.242986581544429 0.0491804022558342 -0.0822906691838767 -0.494847087338144 0.937331680803482 0.0768581370230699 0.158252624258768 0.717864382525477 0.842322905853734
"56" 0.0299323471702859 -0.0399439630946219 -0.442864863513648 -0.479456325188281 0.0353006743535449 -0.027748578455423 0.0613866689188498 -0.256211436976855 0.0502051013712759 -0.167768447226535 -0.468788907513932 0.93588354308838 0.0697608356409791 0.0920666375674024 0.695049014444805 0.841781467302098
"57" 0.0365795506863797 -0.0074949248991274 -0.409409709778402 -0.481805603712885 0.0423322952663128 0.076109047956102 0.0512690082081093 -0.262681950270206 0.0477364679252172 -0.264056341564455 -0.42273003827259 0.923707001342677 0.055761917180936 -0.00126579312289898 0.648158484315502 0.829642817983313
"58" 0.0424966425442435 0.0318954752787519 -0.371629309746893 -0.478763181284862 0.0491034672037745 0.200775565958836 0.0395157196841112 -0.263255227434541 0.0424868137930865 -0.371881892020895 -0.357624154796582 0.901000586794908 0.0356271014013672 -0.120239241441677 0.578647736918299 0.806324840796833
"59" 0.0483075612086008 0.0775007471773748 -0.328743920117418 -0.470736107220645 0.0563271824613683 0.34433844228284 0.0258670037304327 -0.259031781030714 0.0354142767347705 -0.491338682246059 -0.275128998276621 0.868102210113307 0.0105110489605238 -0.261911004736589 0.488836021701047 0.772448343806673
"60" 0.0547159256961915 0.128169292658548 -0.279990691140554 -0.45818550880476 0.0648089342788705 0.50382836125813 0.0100700378655141 -0.251315726078886 0.0276916790998221 -0.621931349963404 -0.177546320429101 0.825470988550251 -0.0180883140546424 -0.422057807212916 0.381844312289559 0.728818928824012
"61" 0.0624854774599566 0.182398887672193 -0.224661761963432 -0.441618129670616 0.0754235146100095 0.675373916844002 -0.00810822619265039 -0.241563472123801 0.0206633409519421 -0.76264182777026 -0.0677383202843345 0.773665080859473 -0.0483926006346387 -0.595390928440517 0.26150657190766 0.676403224348178
"62" 0.0724151893274687 0.23842463796705 -0.162148263052174 -0.421576340215864 0.0890855172045706 0.854393591742905 -0.0288657681064812 -0.231323127095038 0.0157914833212578 -0.912011410014223 0.0509761749482465 0.713317467536513 -0.0784200435391487 -0.775817977045339 0.132256138147739 0.616300588251079
"63" 0.0853097057450842 0.294315299371874 -0.0919888328762539 -0.398626767782872 0.106714359006725 1.03581482912911 -0.052348097743959 -0.222167339563441 0.0145943518697349 -1.06823262384566 0.174941784470995 0.645111796985134 -0.106073333037578 -0.956737384117895 -0.00101078490604323 0.549711587038246
"64" 0.101946021490177 0.348072437600599 -0.0139208177529895 -0.373347771042006 0.129194935202883 1.21430898332893 -0.0786293089569448 -0.215622673148445 0.0185786053401511 -1.22924466090418 0.300298300497118 0.569760400383871 -0.129234196317363 -1.13135033816165 -0.133091686553598 0.477904670463658
"65" 0.123037533014539 0.397726797386206 0.0720680893648478 -0.346316057301749 0.157335309353105 1.3845305154228 -0.107692324235774 -0.213098813926706 0.029168830293369 -1.39282631416999 0.423119029970955 0.487986359122488 -0.145860398012317 -1.29297438528189 -0.258650561713182 0.402182478239183
"66" 0.149196799091797 0.441426472004924 0.165690379999759 -0.318092811288764 0.191823096294561 1.54134898624653 -0.139409235083171 -0.215820952177765 0.0476372494352733 -1.55668094933815 0.53955047020834 0.40051110778154 -0.154080739278339 -1.43534328514268 -0.372402168082488 0.323849143127518
"67" 0.180898515741838 0.477512009885515 0.266314329669697 -0.289209767052697 0.233182406246152 1.68006316710318 -0.173522796004548 -0.224768556287245 0.0750367736221076 -1.718508981822 0.645947996091152 0.308048509279729 -0.152283736440152 -1.55287890359326 -0.469301943114658 0.244179802584767
"68" 0.218444334181784 0.504574444047027 0.372927750514407 -0.260155708282284 0.281733366953707 1.79658788065016 -0.209630254828358 -0.240623479975753 0.112140499330288 -1.87606456484153 0.739002405509552 0.21130569730758 -0.139195962571312 -1.6409228469463 -0.544734940587261 0.1643933158241
"69" 0.261931219245383 0.521493343008494 0.484113035255376 -0.231363922710074 0.337556310261613 1.88760591586617 -0.247170785160556 -0.263729932098272 0.159390570092504 -2.02719463566467 0.815852548071533 0.110990303394487 -0.113946520259159 -1.69591806927535 -0.594696511376924 0.085628925811875
"70" 0.311225049440848 0.52745330045936 0.598036524071631 -0.203201158904463 0.400462685518773 1.95067942443718 -0.285417814381699 -0.294068313879635 0.216859003488902 -2.16986001533935 0.874179839465484 0.00782303417588537 -0.0761147569310108 -1.71553364835767 -0.615957128489015 0.00892732856482326
"71" 0.365941090229189 0.521938731734473 0.712454936131621 -0.175958633194185 0.469974633636648 1.98431747813084 -0.32347749997794 -0.33124431817572 0.284222641760937 -2.30213980256867 0.912281220545388 -0.0974460024027621 -0.0257591039903833 -1.69872914258939 -0.606203817020457 -0.0647836618799147
"72" 0.425432823171883 0.504708341338343 0.824741118626065 -0.149845605009943 0.545314916447584 1.98799881648031 -0.360294487553752 -0.374494017314689 0.3607538272622 -2.4222217337315 0.929118026721859 -0.204019254159675 0.0365742195088838 -1.64575821540787 -0.564151143892616 -0.13469891550335
"73" 0.488790382631406 0.475752072748538 0.931930673220634 -0.124985975577218 0.625408546717522 1.96215110971021 -0.394665878737523 -0.422704969067752 0.445327753376981 -2.52838239343541 0.924339251458584 -0.311034254383969 0.109862989659931 -1.55811435431556 -0.489615666130419 -0.200141529731013
"74" 0.554849540206874 0.435234651958076 1.03079013089543 -0.10141826366899 0.708897012579096 1.90809017924462 -0.425264044261819 -0.47445267240586 0.536446722700916 -2.61896206208917 0.89827877194265 -0.4175490749098 0.192640683601409 -1.43842434282823 -0.383549109260173 -0.260564550266622
"75" 0.622211791025338 0.383430895517336 1.11790628515431 -0.0790991719950327 0.794165451710772 1.82792444789336 -0.450668540780139 -0.528051032724733 0.632280788045502 -2.69233950743808 0.851927204626286 -0.52253291444265 0.283046667205616 -1.29029751638038 -0.248027291578751 -0.315549411707025
"76" 0.689275646553829 0.320658688314936 1.18979510071843 -0.0579107806843879 0.879382527963059 1.72443134519701 -0.469406940045939 -0.581614875280934 0.730723492910557 -2.74691212021379 0.786880120210782 -0.624863707627981 0.378892621827863 -1.11814063268758 -0.0861938345737485 -0.364801691936805
"77" 0.754278741759793 0.247215878099528 1.2430273475665 -0.0376711968005523 0.962552125636022 1.60091340710146 -0.480003873660415 -0.633131999000227 0.829460703712322 -2.78108644350699 0.705265319362105 -0.723334154549036 0.477742278564291 -0.926949339780258 0.0978401138481786 -0.40814477677452
"78" 0.815349840909008 0.163327237858862 1.27436683992502 -0.0181482615720299 1.04157533806031 1.46104234799951 -0.481037059891023 -0.680541811741179 0.926049873750021 -2.7932833658712 0.609652703705358 -0.816666965388265 0.577000982327629 -0.722087700493249 0.299136704214845 -0.445511994002459
"79" 0.870569300448281 0.0691070953957471 1.28091597025814 0.000924314594620057 1.11432062447182 1.30869944145333 -0.471198541250292 -0.721817251839838 1.01800653461321 -2.78196108497764 0.502950930282012 -0.903539439296253 0.674011227444543 -0.509067044178703 0.512107223841838 -0.476937710351535
"80" 0.918036046578367 -0.035457765603784 1.26026220888464 0.0198292365338091 1.17869947955567 1.14782014621793 -0.449358856846949 -0.755046495963924 1.10289440614028 -2.74565747557058 0.388295480552095 -0.982616801846859 0.766150105953285 -0.29333461829334 0.730715573178145 -0.502547803516904
"81" 0.955938677543471 -0.150501722836367 1.2106184805312 0.0388473573118944 1.23274453865743 0.982250105115924 -0.414631438491295 -0.778510893781146 1.17841527696376 -2.683051810294 0.268932988033683 -1.05259306273911 0.85092459512054 -0.0800811929842613 0.94870054038438 -0.522549835361929
"82" 0.982627934590618 -0.276248958798323 1.13094991234021 0.0582400140881703 1.27468675895387 0.815618496186094 -0.366434190234308 -0.790755665394514 1.24249475159643 -2.59304400014062 0.14810664612358 -1.11223757025346 0.926060778517014 0.125924954171019 1.15980704219098 -0.537223171239589
"83" 0.996687526676062 -0.412957577183079 1.02107944133371 0.078233170239514 1.30302819652999 0.651233315121228 -0.304545020392801 -0.790650152755461 1.29336009505942 -2.47484776853253 0.0289472673434261 -1.16044496897359 0.989583433551475 0.32047224506918 1.3580160422336 -0.546909220349562
"84" 0.997000164320596 -0.560841674120599 0.881765218589607 0.0990045249010336 1.31660695602094 0.492001612526451 -0.229148070161003 -0.777434829772545 1.32960672979188 -2.32809257716143 -0.0856258918845327 -1.19628593927342 1.03988290782982 0.500004902762813 1.53776296140478 -0.552001916156996
"85" 0.982805673742636 -0.719975837306283 0.714743669154075 0.120674609056479 1.31465112794588 0.340376099990376 -0.14086754191413 -0.750752838242093 1.35025043886486 -2.15292780378872 -0.192991058758054 -1.2190559270216 1.07576682068971 0.661685775657181 1.6941350457511 -0.552938514118523
"86" 0.953748232736034 -0.890188347956549 0.522733445001137 0.143302645282297 1.29681894292158 0.198327973833404 -0.0407863808454181 -0.71066451042838 1.35476298079191 -1.95012173829544 -0.290893907415644 -1.2283190641067 1.09649483311889 0.803423702136365 1.82303930665162 -0.550190753763218
"87" 0.941467046048485 -0.946246696072105 0.45737784777269 0.150659023802334 1.28788121098942 0.15565359737035 -0.00691757757783407 -0.695262554231007 1.35281097461973 -1.88045231832064 -0.319577231375568 -1.22840743418624 1.09983888889637 0.843857891918587 1.85755319321675 -0.54863448541721
"88" 0.893045064298196 -1.13016388369051 0.238201776454346 0.174537462117385 1.24939790026095 0.0284028447509748 0.106271880733896 -0.638315461876047 1.33608399727824 -1.6436319372851 -0.402300942988418 -1.21974600154635 1.10027999476158 0.957402279850749 1.9456805115409 -0.541799151666169
"89" 0.830646581097971 -1.32321651039015 0.00381766266289674 0.19929097210818 1.19600030431565 -0.0865288349392728 0.227018842890221 -0.569654217683237 1.3038160947375 -1.38376260891083 -0.472005879128531 -1.19778344159658 1.08564667777521 1.04894258590111 2.00066053415497 -0.532458581074707
"90" 0.755408738635427 -1.52367183206083 -0.240306002205216 0.22481132556522 1.12884837211683 -0.188671497240176 0.352814878380173 -0.490604056552222 1.25701307661708 -1.1041512818362 -0.52792540385397 -1.16317812409102 1.05671916125566 1.11867140460281 2.02182880918591 -0.521140543394381
"91" 0.668899186314488 -1.72916231380247 -0.488178405823518 0.25096810956483 1.04950918164325 -0.277913285224137 0.480823989036729 -0.402774463492364 1.19708054782408 -0.808906986370935 -0.569751755123505 -1.11693440840173 1.01467707494371 1.16732539159062 2.00960244935266 -0.508373510045885
"92" 0.573075142464956 -1.93666155475099 -0.733486911478053 0.277627124005932 0.95990544569049 -0.354438551989883 0.607962130641734 -0.307991756248619 1.12576650692939 -0.502891729307443 -0.59761072005945 -1.06038577401876 0.96104589919595 1.19609363932371 1.96542537940363 -0.494679658034556
"93" 0.470225544082417 -2.14250034116879 -0.969818259947701 0.304669310753361 0.862249612551847 -0.418663169821986 0.730991565694666 -0.208224093974778 1.04509186598825 -0.191629827261686 -0.612022415710989 -0.995163762446111 0.897632361919843 1.20652115760037 1.89167495417144 -0.480568023381693
"94" 0.3628981414604 -2.34242674092041 -1.19089039387727 0.332008329000395 0.758966346195174 -0.47117129730535 0.846626645273361 -0.105502826176696 0.957272185751502 0.11882372268078 -0.61385081226652 -0.923153370259001 0.826451742764634 1.20041252785394 1.79153541710826 -0.466527685723804
"95" 0.253814151757143 -2.53171148833884 -1.3907839380358 0.359604862728034 0.652606730300228 -0.512657258853814 0.951646895950034 -0.00184428409126269 0.864634251134238 0.422052751782346 -0.604244893146337 -0.846436169665822 0.749650257296082 1.17974002630197 1.66884491084585 -0.453020857776323
"96" 0.145773743725372 -2.70529695944606 -1.56416213460847 0.387475888637852 0.545757930123211 -0.543875396140635 1.04301275902337 0.100823942915767 0.769531249464614 0.711481777947498 -0.584574450900234 -0.767223031834021 0.6694257661511 1.14655959341158 1.52792361045871 -0.440475763041263
"97" 0.0415561483378051 -2.85798498528986 -1.70646848419004 0.415697448239143 0.44095224449901 -0.565599843934397 1.1179790307459 0.200728514692941 0.674260255297275 0.980602426997926 -0.556363479729988 -0.687778866538792 0.587949984036607 1.10293704740296 1.37339101088057 -0.429279216951613
"98" -0.0561814535333758 -2.98465579511204 -1.81409246604017 0.444399941383004 0.340579477695637 -0.578595232645409 1.17420100655031 0.296304449043689 0.580985479149212 1.22321471000495 -0.521223961726278 -0.610342247540245 0.507295161003396 1.05088597302 1.20998046945775 -0.419768882824428
"99" -0.145001947394431 -3.0805077247227 -1.88449543945494 0.47375555985252 0.246806359697442 -0.583598393215738 1.20982854633906 0.386235402871705 0.491670323195095 1.43367199465504 -0.480792575995302 -0.537043145323253 0.429367889506645 0.992317828537901 1.04235880856012 -0.412225253462111
"100" -0.222778920098663 -3.14130516360098 -1.91629104811793 0.503958163321514 0.161506357940524 -0.581310297516527 1.22358374200076 0.469478604711881 0.408020734164136 1.60711762429779 -0.436672511825066 -0.469822217833212 0.355852275656218 0.929004053444791 0.874958162767626 -0.406863507299249
"101" -0.287775866451743 -3.16362071856403 -1.90927700761344 0.535196609887102 0.0862026784665648 -0.572396759696289 1.2148185568845 0.545273916510546 0.331441689162893 1.73970089821857 -0.390382163659382 -0.41035519796128 0.288164225348453 0.862549359345191 0.711826362373387 -0.403825496402078
"102" -0.338710355358489 -3.14505687890662 -1.86441787157318 0.567623226473088 0.0220265835462887 -0.557495889042837 1.18354968042642 0.613137519661443 0.263007935550555 1.8287605682639 -0.343312050799021 -0.359985849673365 0.227418061245855 0.794374962233633 0.556501038723866 -0.403172231088888
"103" -0.374800157384482 -3.08443266760976 -1.78378104995181 0.601319677085066 -0.0303076036797547 -0.537229946563489 1.13046884898636 0.672841680063655 0.203449374669608 1.87296512821391 -0.296690860209331 -0.319670733695375 0.174406130687272 0.725710263438174 0.411911379339216 -0.404877319413004
"104" -0.395789101506179 -2.9819218910663 -1.67043080304721 0.636262900707464 -0.0705102355618956 -0.51221912430108 1.05692796863511 0.724382877089162 0.153150773424025 1.87240093130777 -0.251561075374696 -0.289938626004698 0.129591512832839 0.657591393519665 0.280310113627024 -0.408821885715838
"105" -0.401951311800412 -2.83913163169391 -1.52828698612456 0.672293998430611 -0.0987070416831819 -0.483094832572206 0.96489947667574 0.76794121944296 0.112164845578219 1.82860148839971 -0.208764243241966 -0.270866873917953 0.093113408722747 0.590865071027116 0.163236932824105 -0.41479151876365
"106" -0.394073433883269 -2.65911247937273 -1.36195683617616 0.70909292050009 -0.115413772968528 -0.450510326787363 0.856913437313125 0.803834470280407 0.0802371978868743 1.74451406071803 -0.168935556889984 -0.262076270633543 0.06480432057492 0.526196363062008 0.0615131954760102 -0.422475777298018
"107" -0.373415451195729 -2.44629552713197 -1.17654898543105 0.746161528050607 -0.121496437543252 -0.415146902153595 0.735973829943376 0.832470138265094 0.056841208112465 1.6244027258349 -0.132507102438723 -0.262745205382259 0.0442177129846826 0.464079131218794 -0.0247335080052551 -0.431470704461276
"108" -0.341651666151727 -2.20635517196017 -0.977479121126493 0.782817093407814 -0.118119340664845 -0.377714393099705 0.605457311931701 0.854298956722658 0.0412206064698051 1.47369030223494 -0.099718840790004 -0.271642938488526 0.0306645108288421 0.404848170482671 -0.0960175181231762 -0.441284672922961
"109" -0.300794334684863 -1.94600103188116 -0.770276310609077 0.818197591445347 -0.10668357411981 -0.338945291195923 0.468998388986535 0.869772689930571 0.0324373729833711 1.29874469489474 -0.0706361717963375 -0.287180903456999 0.0232565345533899 0.348692271194462 -0.153419588031682 -0.451347706315119
"110" -0.253103251698583 -1.67270655908702 -0.560398051217746 0.851279276922106 -0.0887588923077074 -0.299582395203643 0.330365385451284 0.879308615437608 0.0294225353642874 1.10661819827276 -0.0451727622848708 -0.30748000327992 0.0209548067584553 0.295667633412446 -0.198492096074773 -0.461024211714857
"111" -0.200985250947078 -1.39438593028504 -0.353060708324051 0.880906109225791 -0.0660120606209844 -0.260360485591445 0.193331867202712 0.883262294040946 0.0310275417169721 0.904750899459358 -0.0231172106321154 -0.330451001088136 0.0226205843030041 0.24571122605666 -0.233150012973084 -0.469628829503677
"112" -0.146888074110852 -1.11903427220335 -0.153090327378521 0.90582965603231 -0.0401347724307159 -0.221983033125589 0.0615482361342004 0.881909426644967 0.0360740700003408 0.700651415603552 -0.00416206885839188 -0.353884361792097 0.0270669741058231 0.198653805663747 -0.259553034962067 -0.476444880898612
"113" -0.0931933563634795 -0.854349000383515 0.0352029807078793 0.924757262984606 -0.012774116223893 -0.185095373342765 -0.0615818979483507 0.875436787043881 0.0434003979183601 0.501569654846769 0.0120662527804214 -0.375545333265961 0.0331090720956055 0.154232394635141 -0.279984448112742 -0.480744691445125
"114" -0.042113554523092 -0.607351822465468 0.208125605384524 0.936405594050292 0.0145316489906504 -0.15025608028564 -0.173016233167136 0.863941486699616 0.0519027676172095 0.314177020008032 0.0259781161847314 -0.393269706419176 0.0396107153155842 0.112102075466977 -0.296732208470132 -0.481810910904301
"115" 0.00440249657654057 -0.384031647550241 0.362675985683211 0.939556190041749 0.040409564791241 -0.117908437743573 -0.270175247457367 0.847437237114519 0.0605705150085645 0.144269427934468 0.0379931303085428 -0.405055594465409 0.0455261475898272 0.0718469976434175 -0.311977414199191 -0.478957853717588
"116" 0.044751069487118 -0.189028180130208 0.49659634603394 0.933109505059122 0.0636986284438246 -0.0883539283707506 -0.351027203391276 0.825865876531665 0.06851407247111 -0.00349231567025754 0.0485156260685429 -0.409146738762388 0.049935159416826 0.0329905302482061 -0.327694825163519 -0.471551861253602
"117" 0.0777382985170085 -0.0253743606838519 0.60840258111719 0.916133982263112 0.0834850034203762 -0.0617295441648515 -0.41415385162351 0.799112248487674 0.074985279716886 -0.125791835202421 0.0579140923357926 -0.404103280036509 0.0520705627191216 -0.0049954633220981 -0.345569375741718 -0.459029742662665
"118" 0.102625166583231 0.105686882961002 0.697394575995872 0.887907115283298 0.0991246257755343 -0.0379904790698724 -0.458794645674981 0.767020564461532 0.0793897398436578 -0.220805520803872 0.0665053063897574 -0.388856609463744 0.0513371907686011 -0.0426821953448648 -0.36693175998829 -0.440914482852691
"119" 0.119150573042314 0.204799749090292 0.763649165501775 0.847946076850135 0.110252537500697 -0.0168994170488475 -0.484867968403687 0.729410632197016 0.0812912310262437 -0.288282053846011 0.0745436398841193 -0.362745796214085 0.0473219632825348 -0.0806762631525793 -0.392715183404874 -0.416827603748743
"120" 0.127531327260619 0.274499098048594 0.807997525673386 0.79602632626041 0.116778779617231 0.00197679533763306 -0.492968585400899 0.686092743921336 0.0804084291820519 -0.329548582380539 0.0822157543714894 -0.325534123189755 0.0397949170158913 -0.119612509388009 -0.423434317479774 -0.386497811636332
"121" 0.128438977475946 0.319117846149258 0.831988165224999 0.732187557377628 0.118871181758615 0.0192627716645362 -0.484341272730124 0.636880536869754 0.0766044175160716 -0.347442566097691 0.0896406297775343 -0.277405385572536 0.0287014637112559 -0.160147158901548 -0.459186410851913 -0.34976583668697
"122" 0.122954471125726 0.344600748541428 0.837835985587404 0.656727333483744 0.116925883596982 0.0357626619912104 -0.460831307865039 0.581601693632649 0.0698696617130148 -0.346171961333908 0.096874606537483 -0.218940744610791 0.0141464906626663 -0.202950882445498 -0.499673455534491 -0.306585645244922
"123" 0.112502702516753 0.358232123029058 0.828357249708688 0.570183685418634 0.111526908564451 0.0524412942451278 -0.424813255066699 0.52010687054468 0.0602993215329941 -0.331109971411912 0.103920879042796 -0.151078007440958 -0.00362874553508874 -0.24870138548544 -0.544243328497771 -0.257022454958815
"124" 0.098769987553017 0.368289725683791 0.806889877723037 0.47330874151799 0.10339657213182 0.0703993868197124 -0.379100209326534 0.452277662023917 0.0480659558291716 -0.308533860706419 0.110742665673314 -0.0750561515696972 -0.0242756745784405 -0.298075105641413 -0.591946975303529 -0.201248183339544
"125" 0.0836083660507425 0.383641020346673 0.777198379352626 0.367036041526156 0.0933389328272471 0.0908441465132981 -0.326836371775851 0.378034673498647 0.0333888601780838 -0.285320149540723 0.117279108784416 0.00765133155186959 -0.0473718925219746 -0.351737634262188 -0.641608014604401 -0.139535092316464
"126" 0.0689313266630149 0.413301260693611 0.743363005722287 0.252444512017988 0.0821788683284361 0.115056764925981 -0.271376494328216 0.297346849157563 0.0165014513106776 -0.268610720117294 0.123462834536873 0.095410183610511 -0.0724573250448834 -0.410332561414547 -0.691900653037976 -0.0722484419651437
"127" 0.056606040194243 0.465974950360504 0.709653374165441 0.13072212249827 0.0706996621136939 0.144358402584778 -0.216156326769532 0.210243070264909 -0.00238172815834181 -0.265465850359902 0.129238032979913 0.18650188124434 -0.0990711788154943 -0.474468577385901 -0.741431531811259 0.000161068929969588
"128" 0.048347444459881 0.549603249701782 0.68038785312342 0.00313200136001512 0.0595821966916086 0.180076198829767 -0.164558695242789 0.116826715438378 -0.0230966810927216 -0.282520868945177 0.134577906240274 0.279198591816339 -0.126787705818439 -0.54470483926946 -0.788821089661269 0.0771644156336606
"129" 0.0456195278505396 0.670939710641754 0.659781303649353 -0.129016701832491 0.0493489445696036 0.223510672470312 -0.119780203452393 0.0172933902680228 -0.0455585164451882 -0.325662949628402 0.139500377059179 0.371832588594941 -0.155248809029281 -0.62153481337409 -0.832780219815277 0.158160441419682
"130" 0.0495489004485563 0.835175364944838 0.651785231069738 -0.264391614208435 0.0403159064174141 0.275905599036037 -0.0847037429258144 -0.0880485567755755 -0.0697850957929202 -0.399743540048156 0.144081048511282 0.462856679181527 -0.184191612562037 -0.705369013197991 -0.872178406492424 0.242480898851568
"131" 0.0608552241933866 1.04563175294113 0.659925847003393 -0.401652825906886 0.0325554493758324 0.338421090074924 -0.0617819950636722 -0.198755744362316 -0.0959140325146239 -0.508340099367139 0.148462553135843 0.550892946017427 -0.2134693095953 -0.796517245997249 -0.906100122871976 0.329394368336239
"132" 0.0798023134262262 1.30353710383076 0.687146807995376 -0.539461561316578 0.0258726356831622 0.412110191103714 -0.0529368808377413 -0.314227300007701 -0.124211483792798 -0.65357829393897 0.152859618310224 0.634767981078426 -0.243063887029944 -0.895171135900167 -0.93388702064351 0.418109345575658
"133" 0.106172743168971 1.60789675807598 0.735664317925028 -0.676482760401427 0.0197971002637973 0.497898895712012 -0.0594794494024313 -0.433684323535545 -0.155071463777918 -0.836022703615747 0.15755939513096 0.713533752134481 -0.273089701653213 -1.00138778851234 -0.955164296508485 0.507777021204333
"134" 0.139267656272806 1.95546428501721 0.806842716351028 -0.811383203383883 0.0135918441212088 0.596569084821297 -0.0820539934771531 -0.556153673228934 -0.189004812210708 -1.05464058858435 0.162916839747034 0.786474196268557 -0.303787337544598 -1.11507548697938 -0.969850533133581 0.597494452237584
"135" 0.177932194465541 2.34081484445703 0.901098522822707 -0.942827331693152 0.00627947939082008 0.708743582288669 -0.120609251572155 -0.680458564178309 -0.226617469615608 -1.30683954653421 0.169345187825968 0.853098531410183 -0.335507691474991 -1.23598225623264 -0.978151228730326 0.686308925804838
"136" 0.22060565388853 2.75651742568732 1.01784011862409 -1.06947319995866 -0.00331447445762389 0.834872306784973 -0.1743984360265 -0.805218307752327 -0.268578319800589 -1.5885761541209 0.177301813291237 0.91312304978976 -0.368686789046944 -1.36368800342058 -0.980537099002106 0.773224327957109
"137" 0.265394150657567 3.19339792046147 1.155448831195 -1.18997101250929 -0.0165026396377352 0.975218423349411 -0.242008558497343 -0.928859108596754 -0.315577533564671 -1.8945291385163 0.18727000076607 0.966443761465712 -0.403812401237445 -1.49760074980565 -0.97770901021704 0.857210249449281
"138" 0.310162346993777 3.64088077647066 1.31130521122104 -1.30296645315098 -0.0346635699868583 1.12984347366285 -0.321418172214383 -1.04963719400142 -0.368277044916036 -2.21832745742166 0.199737377164162 1.01310265912957 -0.441384076687585 -1.63695723242492 -0.970552041880524 0.937214390495228
"139" 0.352639703513337 4.08739343227924 1.48186188113327 -1.40711053396235 -0.0591596173864648 1.29859069618613 -0.410081284906539 -1.1656747260617 -0.427255465518348 -2.55282105103456 0.21517193258007 1.05325056146484 -0.481868695264929 -1.7808278976837 -0.960081650462598 1.01217858024938
"140" 0.390535853369355 4.52081501094755 1.66276165385388 -1.5010770147013 -0.0912490246365953 1.48106612576562 -0.505033895807749 -1.27500800542968 -0.492950342675948 -2.8903801074669 0.23399670643348 1.08710946221112 -0.52565404857978 -1.92812606196767 -0.947385191591195 1.08105842420582
"141" 0.421659095319713 4.92894895867218 1.84899686895756 -1.58358764361281 -0.131997019639654 1.67661756226561 -0.603018453162406 -1.37564649537532 -0.565601138253316 -3.22320755447377 0.256564315523448 1.11493708232086 -0.57300323121628 -2.07762080345045 -0.933562148523208 1.14284625917696
"142" 0.444031718999808 5.29999851845839 2.03510327914246 -1.65344461864201 -0.182191063774029 1.88431208069905 -0.700620588663579 -1.46564026105031 -0.645196601685699 -3.54364920965178 0.283132551742526 1.13699592309604 -0.624012754859987 -2.227952997892 -0.919666313514654 1.1965967597032
"143" 0.455995934061187 5.62302413847538 2.21537954552144 -1.70956884452833 -0.242265493158827 2.1029133713365 -0.794411824880658 -1.54315261385227 -0.731430288871881 -3.84448659393006 0.313842275832286 1.15352858934756 -0.678577256214309 -2.37765383510936 -0.906652891462841 1.24145423071263
"144" 0.456304584331207 5.88836309333973 2.38412164412308 -1.75104184171703 -0.312240556079259 2.33086078954305 -0.881091617780822 -1.60653414757599 -0.823667812062952 -4.11919879486077 0.34869877857507 1.16474054016459 -0.736363447700372 -2.52516515869384 -0.895333067289414 1.27668036621833
"145" 0.444191577074815 6.08799366275703 2.53586038693217 -1.77714861296148 -0.391680284204045 2.56625250043174 -0.957622116003421 -1.65439400813011 -0.920928981541692 -4.36218186555009 0.387557672913772 1.17079078045441 -0.796795557772533 -2.66886105531492 -0.88633803398767 1.30168107569841
"146" 0.419418013634409 6.21582904569331 2.66558990613474 -1.78741844231376 -0.47967275292449 2.80683546288525 -1.02134939641344 -1.68566418709729 -1.02188732422321 -4.56891692870286 0.430116222129548 1.171790377099 -0.859053937778841 -2.80707026745752 -0.88009385596564 1.31603089522741
"147" 0.382291318669051 6.26792963793588 2.76897536976642 -1.78166051847435 -0.574835124023561 3.05000515832695 -1.07010565353922 -1.69965288209303 -1.12488856329907 -4.73608125612966 0.475910804769434 1.16780811297457 -0.922087799682787 -2.93809919142741 -0.876807884133655 1.31949351863454
"148" 0.333656160522843 6.24262619163103 2.84252936066291 -1.75999144787912 -0.675344481389402 3.29281789053312 -1.1022878385287 -1.69608350910026 -1.22798856219451 -4.86159992108666 0.524320972773431 1.15888211598684 -0.984642230615259 -3.06025542159575 -0.876466786308526 1.3120371061384
"149" 0.274857550013303 6.1405505171291 2.88374817310515 -1.72285213816578 -0.778993947153299 3.53201813933996 -1.11690950161603 -1.67511674567375 -1.32901003849047 -4.94463897072004 0.57458028335968 1.14503594506886 -1.04529875336878 -3.17187197981444 -0.878845646828267 1.29384324708678
"150" 0.208851561607476 5.96807784237575 2.89135687179974 -1.67198805902238 -0.88154886441394 3.76030551152313 -1.11382418219425 -1.63811358682682 -1.42406015796628 -4.9852025312145 0.624940407621274 1.12664845455561 -1.10161352780672 -3.2697877977531 -0.88343341363128 1.26586430589339
"151" 0.136078926343335 5.72633036349725 2.86561194072821 -1.60728873354138 -0.983043465597181 3.98010704718897 -1.09342454304157 -1.58528775778768 -1.51333153096639 -4.98619073085185 0.675736631768807 1.10334313863888 -1.15356260791014 -3.3552019796148 -0.889759368855266 1.22807135794437
"152" 0.0594444692609093 5.42322301761331 2.80703475057591 -1.53050912450708 -1.07978005879037 4.18550322568847 -1.05651506320609 -1.51828573418699 -1.59358665469362 -4.94931087587387 0.72545499149804 1.07535972399421 -1.19908055675792 -3.42574503882661 -0.897095686352543 1.18145818086316
"153" -0.0185893938593074 5.06693682489019 2.71738387917179 -1.44325103064214 -1.16903874900896 4.37269761985842 -1.0044802352307 -1.43881695132082 -1.6626121269944 -4.87756741627624 0.773003885292731 1.04284674698386 -1.23672763035706 -3.48014214480232 -0.904657251713957 1.12697573665127
"154" -0.0955410228306812 4.66685931628921 2.59933092387196 -1.34732330108608 -1.24824561194558 4.53796977814023 -0.939155508826765 -1.34885960833523 -1.71841099891353 -4.77451380363048 0.817285764069766 1.00602224045565 -1.26521730796646 -3.51727823922112 -0.911608585392685 1.06571923201579
"155" -0.169023345997295 4.23322078712389 2.45632487212178 -1.24468665716375 -1.31508769697057 4.67779127214493 -0.862734610128427 -1.25058803838446 -1.75929324077362 -4.64406523577957 0.857234337935601 0.965181631275243 -1.28347852969471 -3.53622890301654 -0.917104097828428 0.998896662856396
"156" -0.236850064380488 3.7767129143803 2.29242867572349 -1.13739208752735 -1.36761685447452 4.78894687590841 -0.777665932442378 -1.14629362398199 -1.78395467369903 -4.49031761390318 0.891851949533951 0.920700641201961 -1.29070926185448 -3.53629140507099 -0.920326992621767 0.927793439623429
"157" -0.297128516826355 3.30810651853358 2.11213732009902 -1.02751588254877 -1.4043364463464 4.86865531787338 -0.686543475432511 -1.03830333457849 -1.79153964579002 -4.3173819563406 0.920245499551861 0.873033027009569 -1.28641816554391 -3.51701476941563 -0.920525176579361 0.853734619245529
"158" -0.348334362151021 2.8378846889242 1.9201871976171 -0.917094541866511 -1.42426598617625 4.91468348180438 -0.591997832227392 -0.928899967481669 -1.78168361089545 -4.12924172504055 0.941659312481448 0.82270336144984 -1.27045181052539 -3.4782273681834 -0.917042787252171 0.77804638225939
"159" -0.389364447595479 2.37590617591338 1.72136651613344 -0.808062743664358 -1.42698009167933 4.9254477374943 -0.496592440911293 -0.820247922767066 -1.75453293346657 -3.92963835245101 0.955503415153672 0.770295384198107 -1.24300573167601 -3.4200602970574 -0.909346236397141 0.702018413694759
"160" -0.419565669189155 1.9311119598051 1.52033583899643 -0.702197315648235 -1.41261972597832 4.90009630344985 -0.402729756942751 -0.714327865232235 -1.71074061775948 -3.72198788299314 0.961375868171864 0.716436722081141 -1.20461861209998 -3.34296465918585 -0.897043974434439 0.626868773544743
"161" -0.4387391862596 1.51128534723932 1.32146673318287 -0.601069720139051 -1.38187544336213 4.83856719957102 -0.312571211177861 -0.612882964265282 -1.65143814617879 -3.50932924941571 0.959078037595543 0.661780976615034 -1.15614992567684 -3.24772090504605 -0.879899492005109 0.553712683658659
"162" -0.447120916251597 1.12287296125349 1.12870499731977 -0.506008995822562 -1.33594411098368 4.74161742179463 -0.227973852107816 -0.517378609446517 -1.57818509982925 -3.29430247210341 0.948622012125767 0.606988296133125 -1.09874240520484 -3.13543856920393 -0.857837378632496 0.483536424126328
"163" -0.445340692580154 0.770870745528896 0.945463168399328 -0.418076431371844 -1.27646221872002 4.61082041114445 -0.150445497060634 -0.428976636134173 -1.49289961130304 -3.079153161957 0.930229745261077 0.552705587329683 -1.03377164231817 -3.00754511413462 -0.830942546518486 0.417177239589591
"164" -0.434363711378297 0.458775775104762 0.774545091704937 -0.338052531501823 -1.20542029068126 4.44853061102931 -0.0811191058998908 -0.348524223124947 -1.39777385913392 -2.86575825506069 0.904323912984168 0.499547480311207 -0.962785899803743 -2.865763121965 -0.799452993171172 0.355309823566699
"165" -0.415418834183867 0.188601438189611 0.618103409889443 -0.266436124861848 -1.1250639682712 4.25781579438322 -0.0207460119033485 -0.276556802740323 -1.29517966579122 -2.65566699677211 0.871510901908028 0.448079050853664 -0.887439766522863 -2.71207573483521 -0.763746714957193 0.298439597994161
"166" -0.389918890421658 -0.0390493965322527 0.477629003042914 -0.203454803370938 -1.03778796973145 4.0423597613528 0.0302933377213641 -0.213313603839666 -1.18756974258101 -2.45015085988184 0.832556754076737 0.398801136064549 -0.809425568963378 -2.54868098525774 -0.724323590261037 0.246902657442888
"167" -0.359378304751766 -0.224861126744013 0.353969795772365 -0.149085315699544 -0.946029304606807 3.80633981380906 0.0719633100301937 -0.158763871092773 -1.07738020297371 -2.25025630916748 0.788357265515952 0.352138870699605 -0.730406453178853 -2.37793641880058 -0.681783221335678 0.200871923753198
"168" -0.325333163164775 -0.370641924773857 0.247375022285112 -0.10308209579004 -0.852165833339811 3.55428496340721 0.104534499182288 -0.112641396821537 -0.966939643430394 -2.05685504602037 0.739903740205786 0.308433838344115 -0.651954772862394 -2.20229612584204 -0.636799853214967 0.160368775736515
"169" -0.289268264504008 -0.479131143607241 0.157560063859812 -0.0650118116806127 -0.758425552074966 3.29092200011165 0.128535857708801 -0.0744847779041322 -0.858389404962843 -1.87068747385499 0.688246117089246 0.267939992134814 -0.575498893620908 -2.02424290027258 -0.590095571047357 0.125279195351368
"170" -0.263230096486508 -0.535329458703275 0.10365717393919 -0.0425114392599681 -0.693142812940373 3.09995193645473 0.140755997780994 -0.051926438566376 -0.783615524850497 -1.74342846386706 0.650264737914462 0.241268812039493 -0.523187217329633 -1.89787734870917 -0.556344936647946 0.10355809153674
