"V1" "V2" "V3" "V4" "V5" "V6" "V7" "V8" "V9" "V10" "V11" "V12" "V13" "V14" "V15" "V16"
"1" -1.15226685018734 0.726927143785428 -0.145595090293542 -0.338131384988736 4.59728166325164 -1.38898533337303 0.00381204137715287 0.130526869528387 0.266869336421725 1.12708802528518 0.0156927239205946 0.525638930627187 -2.29874248690726 -0.890314517024741 -0.0818079298064611 -0.664713588590102
"2" -3.94391255064881 1.29114920375288 -0.340203411587528 -0.57384989041828 6.52246832704343 -2.92812173812414 0.0508215405003792 0.331226683198105 2.75036912629758 2.54100786511974 0.000935915425023914 0.884189767720667 -2.66458166918619 -1.60821979331568 -0.2685708247798 -1.16593641018815
"3" -0.130231420538688 1.09562461951046 -0.175829776027888 -0.562319864701892 8.35184756632959 -1.74331217624611 -0.0268560366002935 0.137900369830315 -1.31550057725508 1.29600721113393 0.0486610232776995 0.878513864284287 -4.77330588076059 -1.37433692867967 -0.0357406308256936 -1.07303834389547
"4" 1.39234158046002 0.775862158171509 -0.110967217310583 -0.474229917402746 7.40505373379448 -0.987129745975476 -0.0439857916126842 0.066964199989016 -2.368901679367 0.634409888035088 0.0603611229661389 0.744638807512231 -4.78698469432783 -1.05565481247613 0.0325412278658037 -0.876216062510991
"5" 0.447727001950586 0.303806794243782 -0.153913485886089 -0.320518796930816 3.7344996233736 -0.6428339494432 0.00245092246602707 0.127458826274266 -0.155374725054322 0.551514223848868 0.0367796402309252 0.505218304451251 -2.73452827469279 -0.701968469968399 -0.0645528854227591 -0.609310834830431
"6" 0.178611202702061 -0.138639603607808 -0.136736449010143 -0.201571492058747 1.72272670872988 -0.0504421304393754 0.0194805717050573 0.119719232182655 0.7373442631867 0.141917513243524 0.0294903837739691 0.33681955247221 -1.63074450446158 -0.446773551441194 -0.0635548804813117 -0.412796485570272
"7" 0.162545826491938 -0.572383295888238 -0.0654025679952681 -0.0866646634823507 0.595726737869705 0.733012133404842 0.0166642507114279 0.0574927448100959 0.881750162359446 -0.512763769952965 0.0288624518430654 0.185681567461717 -0.928879074584426 -0.230709088949701 0.0112238466630554 -0.232321961426397
"8" 0.0239108845025573 -0.977632058216827 0.0292182612589897 0.0266518642837887 -0.21791673291571 1.54131235780955 0.00680742117575801 -0.0234896581952881 0.878144705695619 -1.22323746924536 0.0274097088648947 0.037945459531441 -0.261640536368123 -0.0415011403148995 0.113746080754899 -0.0605845572426489
"9" -0.16877305288116 -1.31761506369149 0.123274592164073 0.126550680850004 -0.816541410693949 2.25679409092916 -0.005387069020321 -0.101084773709876 0.795826889882074 -1.86526693071972 0.0245056475273683 -0.0969125448957389 0.344022730692503 0.125535633117364 0.214213987331648 0.0939270981479616
"10" -0.314793470178225 -1.55656244633229 0.191259611620789 0.201955688020647 -1.25486925333988 2.75673251431449 -0.0150697591140239 -0.1531984598077 0.656221464028922 -2.30764149211633 0.0200904497714436 -0.209502425838719 0.82796462661153 0.277158849148555 0.280848236181689 0.225127096076605
"11" -0.334116282054174 -1.66868214239625 0.212979657343583 0.244961312718429 -1.575554391687 2.94534710990398 -0.0182684241433463 -0.162695118246626 0.473923887301047 -2.44671461775262 0.0141699123919816 -0.293052627817417 1.14295507508852 0.419236011036906 0.288387521176821 0.329292477206781
"12" -0.191203550249925 -1.64523552972061 0.181311505023973 0.251981977340233 -1.81164915773934 2.79030055537966 -0.0135759554219924 -0.123290489424341 0.264171922690566 -2.24719634868781 0.00675073363287793 -0.344179214531392 1.27604708879799 0.553054909594796 0.228126925312919 0.403474073054916
"13" 0.0967922337171085 -1.49700753910503 0.105032553120201 0.224105121331651 -1.9881971517157 2.33604406159031 -0.00277457277633443 -0.0416840634806936 0.0461136153668635 -1.75712335940546 -0.00218100538414023 -0.36309865937795 1.25615582596119 0.673927249519771 0.111599618337091 0.444813636836795
"14" 0.472067711114345 -1.26737260303761 0.0027816259502278 0.175663100999234 -2.11250269881963 1.68011169328943 0.0117679070657197 0.0626388311314479 -0.168880576372713 -1.06990283950877 -0.0120177542227707 -0.35952098926796 1.13292169533612 0.771344926613071 -0.0381886586452254 0.463025390850035
"15" 0.324330547594528 -1.24944527609674 -0.298856527553091 0.500419935265429 -1.88939938947135 0.614503822187481 0.114148360384665 0.102839938652741 -0.626506443757514 0.552773213367244 0.0367933519625058 -0.5750220324071 1.00882604437265 0.350248128447003 -0.43021655115352 0.952529036052756
"16" -3.10558653027832 1.57906986610472 -1.32332480702662 0.856628759333138 -2.55852421005345 -1.25520407002353 0.32498363644907 0.465794075622796 -0.108199244267926 3.23378447259359 0.30669850319557 -0.611329029709939 3.79250967199655 -2.80383573760085 -1.39614732433923 1.47778204645489
"17" 0.0549457952912027 0.863293695673583 -0.559438190723394 -0.0308089854331017 -2.72084522408094 -0.727559698336733 0.0808564492601122 0.484912367251717 -0.189985171860262 1.42052306997531 0.0496929830846052 -0.17494783606859 2.05900899090182 -0.333014492773963 -0.657712778991964 0.375644544200977
"18" 1.6419883999506 0.0580362145931592 -0.233929378185785 -0.194926148478829 -2.43294958632554 -0.799911745124856 0.00996590216281626 0.399863008620455 -0.577591940379947 1.22241637815026 -0.0648740867586648 -0.146906471034603 0.888771379460559 0.803664510904213 -0.404561886751098 0.180270754250923
"19" 1.75066361761769 0.307188968840409 -0.201425464587886 -0.278952773978441 -2.4115381337595 -1.11339838574337 -0.00886230516153969 0.409651293068795 -0.615069777288646 1.43959901407025 -0.081001367013364 -0.0850689998693746 0.905439172329764 0.766152365920989 -0.382562893098881 0.0707986763028643
"20" 1.86109470204392 0.439039842399545 -0.118119635103702 -0.320464816652329 -0.555190115713689 -1.09062390573581 -0.0344804089546428 0.355333492818698 -1.7637589264966 1.31144090427559 -0.0922974582483612 0.00839028862818481 -1.10550434303 1.36094820857095 -0.281649870550015 -0.0441391318042221
"21" 1.60311547283433 0.256185203191703 0.0370168000197942 -0.224918006993008 3.62121348391896 -0.399629560342584 -0.0530358818283368 0.148281834480823 -3.82789753973523 0.481651468076344 -0.0741630539471934 0.136173993714422 -5.36176887015618 2.42784413592868 -0.037015647608823 -0.145197015657906
"22" 1.66482895046562 0.592121087890246 0.102937948328168 -0.371486642319147 1.5572071932631 -0.849091975014105 -0.0869018762101216 0.178761335666489 -2.78643001231264 0.855238379621963 -0.108964362448166 0.166508309546224 -3.0227067653253 1.77975277254419 -0.00521426471233033 -0.290822522844234
"23" 1.1732635223252 0.845238981991908 0.0852420558049302 -0.443761594071374 -2.19342946721897 -1.4297090676869 -0.0892040731759741 0.246803737519294 -0.428114306203096 1.402835731887 -0.134383745906263 0.0728214716782887 1.51536496995101 0.481288026189193 -0.0603219036369271 -0.300047188463697
"24" 0.260829375642706 0.734685638422479 0.0688093477866946 -0.383606289907635 -2.70861984405369 -1.627380042793 -0.0666887491900526 0.253668620582167 0.192027764774563 1.61404843495485 -0.157477243094152 -0.00736778240844771 2.61268201609688 0.441243724558881 -0.0403474049635744 -0.282315207713989
"25" -0.902381636974149 0.482253590002434 0.0118340689679259 -0.275384819482756 -2.73958946490958 -1.83044158774854 -0.024696296628384 0.280518387040775 0.573588514825481 1.87499318407166 -0.187872477510383 -0.1156458363252 3.24775964893598 0.720761145789639 -0.0199527121848808 -0.251945131259788
"26" 0.0113249316553654 0.0885545657136024 0.141032991699198 -0.212389553589372 0.69775960430024 -1.26811974892737 -0.037711975251199 0.0929356489198199 -1.50136740391347 1.3128858436341 -0.185270647676953 0.0832026600200244 -1.01617978624454 1.71440029923685 0.262631100737566 -0.509108279276187
"27" 0.303604477144446 -1.06507435049229 0.997964236122493 0.128581800022442 1.07369792933636 0.143126748656276 -0.16477119664542 -0.838871225505349 -1.06639652077658 0.233544516023971 -0.205139514159067 0.32751608545356 -0.542556627144044 -0.227469531796275 1.27807184877722 -0.894920830805003
"28" -2.9873318742899 -1.66476446410764 1.18230823763061 0.368474884685556 -2.2038422310846 -0.623442741403835 -0.13958057390622 -0.966450846592269 1.3913290347344 1.27402352468687 -0.358708548458092 0.014079981704338 5.24126873338604 -0.833481669863018 1.68230346849387 -1.01506509977123
"29" -5.42230429900649 -0.49890673814012 -0.226711123649421 0.242008675805495 -3.59741587545498 -1.88015466623563 0.130287948987365 0.320603384676224 2.53646534171845 2.10477783295786 -0.242716064156898 -0.611134235154697 6.89387658038206 1.03384000440438 0.202013253214485 -0.127613651622003
"30" -6.03916363397342 -0.533890944400307 -0.393778372663644 0.324632557031177 -3.57993054860273 -1.8051418767375 0.172672210258353 0.417202776073199 2.74962455369139 1.99762577733275 -0.208971809963888 -0.728305504978568 7.18863706700931 1.18968864073374 0.116528457809003 -0.0402447309163847
"31" -5.43575826671112 -0.502593875540313 -0.481349357384759 0.138601172336605 -3.17442741280183 -1.60144617161638 0.187878000973646 0.511776141643052 2.35693309970083 1.74003047809137 -0.165227450734267 -0.304542028879805 6.51769260100999 1.26591625852008 0.175694776900722 -0.635641889537883
"32" 2.20077996001048 0.501347054237995 -0.586929338477111 -1.93152475462904 -0.651449257846551 -1.08306545969915 0.137912002668105 1.13273905844342 -1.56043130189176 0.831950688498263 -0.0889702920652042 3.48056386712383 -0.0345252057182499 1.57492794060542 0.617970740036914 -5.32714124735582
"33" 3.47655314093076 -0.0631025258152604 -0.00347244901182632 -0.711037792184257 0.446855021413902 -1.5695707933899 0.0220258153315822 0.130347496970676 -1.5153134320093 1.91070279660861 -0.0614847119686297 1.70292875137753 -2.06501914677048 -0.0798617272449477 0.456234021626803 -2.48981984602718
"34" 2.51593121862306 -1.27183442873807 0.183980919713306 0.571578577185979 -0.324566635446232 -4.16606905744911 0.0634423917429322 -0.565438874061173 -0.429789398573152 5.51895700729123 -0.0686214143341248 0.198081012098772 -0.596018021631536 -1.02698155638728 0.513595525334335 -0.939958875824576
"35" -3.28984669659366 -0.673918073135559 -0.483192308091272 0.57266789212976 -1.52799017866497 -1.10477388560051 0.13407806303644 0.187607819546529 1.50697062383705 1.37153051203476 0.22025566097831 -0.728918081318334 3.49071884152347 0.686893489641415 -0.330825384033274 0.236777005679542
"36" -2.8832990410492 -0.463839088489811 -0.53374738056502 0.527720793151437 -1.09024054938869 -0.39235478165555 0.0984531131712133 0.234663866109642 1.26130085022387 0.463267001248002 0.394944584638484 -0.792442460217234 2.65340958935646 0.803885397184621 -0.67774372656171 0.53909144988431
"37" -1.35164192437371 -0.363041567051119 -0.506716544025137 0.518048715677873 -0.200944391606908 -0.148546597440661 0.0503102187835646 0.173757224669994 0.535929193597326 0.195901267825239 0.550042256570795 -0.780265244665085 0.666371386041657 0.779852722891956 -0.967622868191878 0.790391961532585
"38" 3.19492853346261 -0.66182681769406 -0.828544180094817 0.938210960315367 4.37951070348071 -0.198610267943902 0.0853177947538321 0.221601761812384 -2.72385751562495 0.429882924459654 0.656730855823292 -1.38601887121311 -8.26405327433905 2.33166417008986 -1.58104261583771 2.2234517017154
"39" 4.00009825924493 -0.29518877799362 -0.425036134220892 0.460790630152372 3.81042493545634 -0.161428721030781 0.0274475829478806 0.0788218655922771 -2.70955423417418 0.33863239434108 0.393144202733626 -0.710009982581663 -7.79314416729584 1.5913379294384 -1.19243510948588 1.60004607130442
"40" 6.77258873943595 0.530101470403158 0.055808444367218 -0.22587493667209 2.59984518161016 0.193749260979993 -0.207790102523328 -0.210799921282951 -2.62583709976119 -0.196510277737213 1.03460342282262 0.125347144885557 -7.78055610563014 0.333796844009393 -2.57106795654662 1.5105027617911
"41" 1.60748152471385 0.0989261941082731 -0.131846349246096 0.247444766647349 1.09143857581921 0.70867529577685 -0.151044626616021 -0.0746095244341078 -0.651152229734449 -0.828513401690982 0.785631260837554 -0.427885745408894 -2.25366315672426 -0.0172648913976632 -1.15420606334746 0.92756101443517
"42" -0.953837463941364 -0.0791547321601813 -0.135967313122829 0.382237061681534 0.342852310695285 0.92272259613063 -0.121374681775638 -0.0256434780006125 0.283827756964415 -1.09610080317774 0.508933475526745 -0.557273733398894 0.531642782879377 -0.268345380817451 -0.212212217933001 0.497581806695351
"43" -2.23177478555211 -0.142184002749953 -0.0943630381623851 0.396260991755243 -0.0146469260676874 1.03837328377038 -0.114980805335635 -0.0171446123312706 0.730611989717065 -1.24265999584051 0.332070615156926 -0.549882401286247 1.92388251966354 -0.43497435315563 0.307772857650688 0.270154163683401
"44" -1.94984461219941 -0.086428952390988 -0.0307880868484979 0.297528032783934 0.0804138268769403 1.00721738851269 -0.127260844625016 -0.0457554225782544 0.600193678343139 -1.20747617801245 0.298162774442138 -0.41865356298274 1.62324168320734 -0.455943638530915 0.273596698291438 0.29374001885629
"45" 3.52000097151538 0.304937719378431 0.0866733091409353 -0.116726627088272 1.53174484851681 0.303422490508373 -0.158980636993634 -0.162784281845441 -1.40090955151955 -0.334901778413592 0.606531073120535 0.0653936648110633 -4.13387981613996 -0.0122951657344421 -1.32904022393482 0.911209226483338
"46" 2.99965832684338 -0.594555583562259 -0.11728253285281 0.561398138025652 1.83691262652281 -1.55252033695172 0.0194088857941801 -0.226899885352039 -1.22087834988633 2.24874800105397 0.066199019683336 -0.448596483168181 -4.39728396216845 -0.193799628647131 -0.264423662936286 1.0261034396327
"47" -0.863548789276845 -1.07327363997749 -0.156034615609732 0.90486200789555 1.26922113144921 -1.49009700558271 0.0257567743817507 -0.296520144354678 0.0717839799260807 2.27499519659852 -0.206665810432112 -0.682005193414057 -0.940526205564851 -0.6062154058811 0.859890256105531 1.0090433443715
"48" -6.5356342159896 -0.425366935275835 0.0523177427982254 0.175637762789939 -1.22915189253778 0.747448593465928 -0.0478976888629616 -0.135145961286766 2.184457131769 -0.884757620882512 -0.3046035722412 0.0573772643678296 6.16994128019743 -0.505611203460276 1.38008602424098 -0.094396659176418
"49" -6.91288172353061 -0.37715406951732 0.109116735409196 -0.013118781184021 -1.41377783358508 0.725376166080527 -0.047037111500245 -0.226342950472867 2.30669285700397 -0.888371065692174 -0.331409480431659 0.431835052793851 6.53059327153955 -0.351141426148795 1.18116426965763 -0.0843354076017135
"50" -5.78232376766071 -0.273470547285228 0.0552951163977966 -0.40650999774712 -1.17724276685341 0.545169453927606 -0.0237336738177995 -0.127897842334548 1.92132914742828 -0.676701934561196 -0.315787220833326 0.840282492656378 5.31837393730929 -0.176526884450141 0.842027434190779 -0.0258463723058995
"51" 1.96188779284535 0.381122630073188 -0.689914067987322 -1.93735660615569 0.509619029373901 0.466265049105224 0.128819770468791 1.51755963483007 -0.579736795393197 -0.617757969692058 -0.171235309275559 0.777303438270341 -2.03977891819871 -0.123609759665742 0.553297448392145 -0.304587640812024
"52" 2.24801880264678 -0.0214059178621087 0.00223617360719872 -0.573278084296246 1.20523566541266 0.448316427042649 -0.0136643684465033 0.178599108582291 -0.741002954620955 -0.44688128694859 -0.0318184154639865 0.339103332490829 -3.10790189510731 -0.19751394511958 0.230628670716118 0.18332477416882
"53" 0.0815913221256643 -0.590215454752967 0.936423785825732 -0.224720756963535 1.78552307104764 0.674181806389162 -0.202085352824126 -1.70106088359501 -0.117226831366497 -0.535795068830736 -0.0717214331993403 1.97079439207228 -2.80445566013738 -0.100305599200786 -0.271487516924457 0.926390599672366
"54" -2.62119264246284 -0.197718075489362 0.727142376128909 -1.06682618543495 -0.329151497550839 -0.449994087546485 -0.116155773291954 -1.80002264619314 0.788368041219838 0.569659643052106 -0.03093252228205 3.80867273751257 1.31671295219489 0.781067110524983 -1.64532566832177 0.486080801974168
"55" -2.34586498450992 -0.112566256285621 0.754054608185052 -1.25512648547393 -0.481838872958715 -0.698446115955105 -0.112797572587958 -1.96116162319009 0.699272183730578 0.836786162760679 0.0191802392469851 4.34508919450639 1.21879512768563 0.979613218814297 -2.08710701528051 0.427933362618276
"56" -2.61716465071505 -0.110003443506248 0.618908360776169 -1.22823105318293 -0.53285950591038 -0.549214747805481 -0.0908733889090334 -1.61596128410536 0.797188297638256 0.652758118807991 -0.0300536943910712 3.86171225212755 1.56727885404336 0.846152973596917 -1.70831850397535 0.388116328908936
"57" 2.17636705580831 0.364660351405584 -0.252200146954615 -2.25663689172577 0.49898763514658 -0.106358342070897 0.0644380271326348 0.488245889756887 -0.692637716588917 0.0746628236472526 -0.0566782275294082 2.50943147942707 -2.63055338846867 0.437808790479199 -0.772590474602721 -0.0269287746755467
"58" 5.05907152009071 0.575915218751379 -0.758911947480838 -2.12151510457731 1.11853991881633 0.216401506760582 0.148087560202595 1.70723263101844 -1.59150236195968 -0.321976077089726 -0.0306490706385997 0.719654041847416 -4.9251755012588 0.00371012588914255 0.0821100890513327 -0.327169109433601
"59" 0.873962910707158 0.3043746300974 -0.590051349606788 -1.84192932597108 0.260062544078639 0.453983001982075 0.110126253720326 1.29620395080861 -0.228423721024102 -0.6025607679719 -0.197699514355814 0.940817661697437 -1.02971088728426 -0.0925366997569501 0.534939800230061 -0.257839827324581
"60" -6.18663191373297 -0.311010046923535 0.106351769959764 -0.311528842786782 -1.26606489277305 0.533965239499463 -0.0335092462655951 -0.241150379227512 2.05014576635807 -0.660482106744019 -0.319754205576151 0.856299596144169 5.69669808176674 -0.168647849207655 0.83041581659892 -0.00212347984626149
"61" -6.91601029044579 -0.377548319210113 0.1098840239375 -0.012134440565184 -1.4139225088076 0.726153344683475 -0.0472096315366654 -0.227648675678573 2.30770231616229 -0.889240113916743 -0.331437479369162 0.431856325977058 6.53295162567832 -0.351384870816084 1.18142647279893 -0.0840591956182521
"62" -6.53900032283396 -0.420112822424031 0.123387994882724 0.177834583198952 -1.14246691870763 0.989636899640415 -0.0678823196199744 -0.190733173102464 2.19548559017227 -1.17852755171393 -0.304481963878142 0.0555827378148877 6.09134371129259 -0.569707053047697 1.46692669951809 -0.106739386971206
"63" -1.79667881405976 -0.748584941520421 0.674066858644848 0.491273833359046 1.45518808688369 1.57349043038482 -0.21198070155344 -0.675358126901677 0.578922354262846 -1.58958677010187 -0.198543305615108 -0.480282528812104 -0.149301534499969 -1.2723638975478 1.80967714616618 0.502361415253688
"64" 5.50322506393613 -0.563753190383229 0.639211486593174 -1.31816624237919 2.05743555069871 -1.62417935180087 -0.174038121012403 0.648966496817067 -1.78904890917827 2.37726866472549 -0.00222578032307796 -0.311130551016262 -5.60009476617861 -1.30475850349664 0.437107777437183 0.751802431853992
"65" -1.00732132597112 -0.340193292447487 0.134323068447957 -0.4360939156295 0.0182095017274158 -0.192790674267321 -0.109872650586994 0.451991243191098 0.383518843827044 0.36199483324512 0.0275670879018204 -0.403105787751258 1.25357686384193 -0.865180905633949 0.780183522339229 0.17798087900136
"66" -3.50393150577934 -0.215674641803584 -0.0571839636668841 0.381251520937517 -0.390794690605258 1.08105080324828 -0.102877411384564 0.00312442525605228 1.1786596080888 -1.29852237798464 0.150193010210165 -0.521013591236891 3.30200174467398 -0.566105629420193 0.786937241096544 0.0667020230368252
"67" -2.220968032653 -0.141424926727157 -0.0994954639330584 0.400843811459226 -0.0137737590417011 1.04934625074953 -0.113719742166229 -0.0171064138554762 0.72961776448656 -1.25569355136682 0.328500678643014 -0.546471246594123 1.92508451522036 -0.447967690615284 0.332296259709326 0.246483575837374
"68" 1.0178867144189 0.0711851352247113 -0.463567394914588 0.619855930142065 0.780882324786308 1.60609833723072 -0.0561058705180212 -0.0544726706257976 -0.243517484460288 -1.90291408779701 0.383984376506446 -0.247644124901189 -0.717560442432575 -1.07794687687218 1.05918350643845 -0.931830880573138
"69" 7.81494992444271 0.551788822913519 -1.4737176395094 1.2957064357439 2.32997011964861 3.43974163620025 0.13862682294077 -0.135982892984055 -2.14328542652614 -4.0571447426338 0.16963965605319 0.655641858161609 -5.5256369557265 -3.23983530709656 4.27186406527338 -4.88103505995742
"70" 2.33061784123448 0.0908109551325111 -0.556853495089802 0.589336050963112 1.05624125476694 1.20367282586554 -0.0363890151557053 -0.0291534125560928 -0.683959297986835 -1.41018163488854 0.621362446021569 -0.290810600753517 -2.26008461092394 -0.616205571586637 0.147519537585175 -0.474219390196907
"71" 0.361588272275361 -0.103897856802539 -0.332431076963485 0.396969355218216 0.476982455898213 0.365541720436112 -0.05958229909807 0.0373926624562397 -0.0970439091417881 -0.416993107328095 0.738151115606931 -0.608441525171148 -0.943872613713665 0.313385746031301 -1.14536854445146 0.860135845956542
"72" -0.418565244596667 -0.206989471385999 -0.406327012289447 0.434993936359918 0.0784338024298243 0.119567543570616 -0.0109556575423638 0.0966530748313512 0.23712974131317 -0.126934451408878 0.669907153017169 -0.666829459199572 -0.106187565057027 0.503465767150078 -1.11575020687523 0.822492240518578
"73" -1.57787928032654 -0.334022373099345 -0.478185987773011 0.484046867963127 -0.470987922071082 -0.131188580524856 0.044727154540279 0.165711395135547 0.720171562163239 0.164060159377174 0.545761659454865 -0.731343273833343 1.17872968545638 0.664068911109143 -0.930735707174245 0.697397785746347
"74" -2.88891651604336 -0.463105770740017 -0.534157575690858 0.527480813476885 -1.09205179769932 -0.389458200598045 0.0984880638130947 0.235303019141249 1.26344452430059 0.459311378744291 0.395064668437014 -0.792949366367374 2.65840863112747 0.80498014871646 -0.678189928742393 0.539703887109148
"75" -4.1283542203227 -0.573308330864622 -0.567081029803441 0.553762674524477 -1.70903872760462 -0.649940438853833 0.143557097001015 0.297381012136288 1.78221134569406 0.752842361327292 0.242466847464263 -0.840356238975012 4.09446854873003 0.926337949812539 -0.421973825896984 0.381950263854257
"76" -5.14478163443475 -0.650320508922261 -0.573849199183239 0.556106812915958 -2.26979809675472 -0.907608190038632 0.175835006924003 0.34708625425293 2.21853343405876 1.03908569578496 0.104409916760001 -0.866348100638174 5.3253974720008 1.02731488288211 -0.203339520373571 0.244527619889105
"77" -5.85845134404357 -0.686448891163469 -0.55536109577017 0.532411268171677 -2.74550880231731 -1.15757426748454 0.193876567578029 0.38274531943495 2.54107280039064 1.31273123510265 -0.0107914420824874 -0.867819918436901 6.26611077306806 1.10623532576569 -0.0412144564657932 0.13593013002555
"78" -6.24154427057621 -0.678855231422819 -0.515518470488537 0.483948012374334 -3.12389038748698 -1.39474983639522 0.198204478894357 0.404997606248435 2.73752938267681 1.56833435783808 -0.100611101046261 -0.844639896884068 6.88650551672815 1.16106926037046 0.0612645040864432 0.0563114738112205
"79" -6.29718711115928 -0.627619479648521 -0.459820740715125 0.41388660671953 -3.40206104804804 -1.61322508309987 0.190473095223512 0.415700161508838 2.80662362553686 1.7995510426024 -0.165864322275122 -0.798355380084093 7.18898195976062 1.18966376788354 0.1100929903351 0.00110413499011486
"80" -6.04406803128551 -0.534256128343535 -0.393948391323387 0.326107370069963 -3.58131176196711 -1.80541678104586 0.172733663306939 0.416937002403414 2.75219742604317 1.99805535080825 -0.208940068433858 -0.7311618088434 7.1922614584069 1.18961887060655 0.115801339343155 -0.0364627548829226
"81" -5.50706845493478 -0.400764255328621 -0.32256452209739 0.224388132534795 -3.66386585723995 -1.96106162955704 0.14688066486147 0.410247540436074 2.57956446895373 2.15225760794954 -0.232737778746792 -0.645204893885293 6.9217503958678 1.15797452686512 0.0909092111649237 -0.0639503075082821
"82" -4.71234739758154 -0.229105891170361 -0.248429879564501 0.11190990847444 -3.65103703629504 -2.06610093868142 0.114279359189441 0.396083931352522 2.29349544757882 2.24589879792667 -0.240105775960703 -0.54216038655386 6.40459148526438 1.09088919504147 0.0488018369601626 -0.0890702382618542
"83" -3.68524240485332 -0.0209717214243907 -0.171811192781501 -0.00900975114239566 -3.54219786983147 -2.10142583926723 0.0755376995558722 0.373449998179407 1.89719966670419 2.25648953338104 -0.233583745081099 -0.423004746848129 5.6675753910303 0.983391491630948 0.00346336457581664 -0.119519998304586
"84" -2.44605125026204 0.223225006221179 -0.0893602968572634 -0.137426988314362 -3.33227413188886 -2.03960527954777 0.0301137500686599 0.33905072579114 1.3898495341482 2.15104695175855 -0.215222917584978 -0.287333796916759 4.73381021776752 0.827892179085458 -0.0296066133116124 -0.163676816849275
"85" -0.9447023233201 0.519195882596268 0.0184560913198173 -0.279785396733244 -2.98745106744434 -1.81653171400187 -0.0279546913714701 0.2767073875229 0.742331394800503 1.84682206846848 -0.185166009347484 -0.12412641954888 3.57146478755263 0.592485136593993 -0.0216593330132309 -0.240278225305332
"86" 0.913556062559577 0.917522041026477 0.21272445999977 -0.454774552216675 -2.46408487149905 -1.30349675561425 -0.115553236130016 0.135698438914136 -0.0507535092267037 1.16473440830513 -0.142011058506944 0.098753396737326 2.12662792711689 0.180190928904233 0.0932906318742504 -0.395593944697211
"87" 1.51139705664173 1.05882840034781 0.295884467467515 -0.513673383970071 -2.25145616222799 -1.08700901411358 -0.148870378927339 0.0708172458817167 -0.325853087443526 0.875463592847436 -0.127084978907467 0.17884968006706 1.66731785653386 0.0121393733321264 0.156119547649112 -0.461179976825452
"88" 3.14461316647526 1.45412428686822 0.568817624496539 -0.673101021865838 -1.54422614810233 -0.426098780547648 -0.248064150843491 -0.155665675930466 -1.13178977574343 -0.0158810244462018 -0.0843387547143971 0.412117936073408 0.406356194764459 -0.513638900892854 0.37334145803308 -0.661549825676012
"89" 4.31295299512988 1.71941216560986 0.795788250496087 -0.776670322964095 -1.00935009178613 0.0620391859347047 -0.319627824116146 -0.362268858283069 -1.65412642521032 -0.678255465134368 -0.051041184320519 0.58795615706514 -0.532889610988741 -0.932689813653393 0.543377390779848 -0.802913400257424
"90" 5.22663221014645 1.88650830038637 0.969665652663441 -0.840688439274748 -0.577801354885111 0.415304507539374 -0.366619638188605 -0.54069710752734 -2.02788560534805 -1.15067806165025 -0.0221410408595074 0.723115876809935 -1.32138711623775 -1.25216505160015 0.653216243661085 -0.887027673450344
"91" 5.9453205213999 1.97405434059685 1.09122190734544 -0.871892782709632 -0.210942687438118 0.672039753595622 -0.390865119816857 -0.691802660246049 -2.30464499478938 -1.48197838759054 0.00352156418211114 0.825689921787504 -2.00500350002535 -1.48407936714973 0.711421857590232 -0.923987783975779
"92" 6.48496840703565 1.98230908909754 1.14148501598406 -0.887610566983097 0.129433450193902 0.771500179514023 -0.385840374843915 -0.796082093293888 -2.5182236202314 -1.59678608029541 0.0521972415499993 0.878533270379918 -2.70130038269082 -1.53073165349729 0.55716939690139 -0.783191292685565
"93" 7.15406855603672 1.86524941405083 0.965823453166107 -1.09135446900871 0.829625641578398 -0.152021187734167 -0.293718369348839 -0.666940863669005 -3.01536630414568 -0.4086368865962 0.441469644545895 0.682895928397432 -4.89101254824042 -0.258780623594981 -1.75530674254411 1.12692338991405
"94" 7.07063211373103 1.75443438679463 0.937335550817923 -0.933673803280171 0.870247427740846 0.223347734336629 -0.25677896409745 -0.780411219595383 -2.87525770383854 -0.834229442959297 0.322686435173506 0.761743168429856 -4.59407451822354 -0.664027265931264 -1.04250970919209 0.560692093399798
"95" 6.58391758668371 1.59705153765423 0.878956690466319 -0.642766317172208 0.683119745990592 0.915341845451647 -0.209112692471645 -0.924037918151332 -2.48618117677693 -1.64064969109431 0.0531867183094439 0.889878421909003 -3.47969543339835 -1.46909065956874 0.50359387845752 -0.689390277688737
"96" 6.10823781356722 1.34578358073506 0.595954749403409 -0.482074913019174 0.717072539700125 0.835588267084396 -0.0786503044592409 -0.869034595157425 -2.27760963086245 -1.46593071064769 0.0283126182892721 0.8708606761687 -3.36450166082731 -1.27277372053948 0.466450039408338 -0.70924896502974
"97" 5.55650432591284 1.13830105132484 0.188006100279964 -0.36952113235029 0.404063922606472 0.699925106855941 0.0918285563154988 -0.803994521970343 -1.95514682190356 -1.24552967746851 -0.0192287471567357 1.31962588401687 -2.71049474635789 -1.09640110380357 0.537425996302563 -1.42580072698346
"98" 4.46248860867866 0.707212016776102 -0.301133380006781 -0.0700234774786761 0.537893505914294 0.448145341994537 0.296972637403647 -0.590224076917217 -1.60250604734874 -0.803192488937674 -0.0464735406941204 0.879173685876179 -2.59068440192656 -0.57913080017454 0.293056301607524 -0.888029482858261
"99" 3.19295231546434 0.239030049911849 -0.840436861799393 0.260372511352535 0.660088562835034 0.159058809842297 0.518808705728162 -0.336271564295369 -1.19914697571752 -0.304727367594343 -0.0803710297795579 0.367877359011388 -2.3962745560724 0.00188266238340073 0.0291804395463915 -0.279344930700095
"100" 2.00258135868368 -0.159854531353921 -1.3354222796186 0.519858483704108 0.574210020305067 -0.0964160738854611 0.722792212335402 -0.129144771300189 -0.762472898565317 0.12486926977913 -0.126754723247617 0.180618240115287 -1.88521747674116 0.467295359465801 -0.112847729042882 -0.138426114915603
"101" -0.701377427960496 -0.854407635539493 -1.05662481963038 0.24605062077634 0.202057396217759 -0.13738734946026 0.774976966052424 -0.06006131065898 0.286215444140076 0.375365487795114 -0.0722725858771552 0.0302175127791955 0.00773932166329416 0.839988996954833 -0.631107392752824 0.375822151248194
"102" -8.16349785193697 -2.15210291138976 0.52262266651078 -2.17190176440062 -1.33573383928282 0.0484722107097383 0.59741659572379 1.3652007303129 3.13335988749768 0.509424458866327 0.229231156595555 -1.05459697630114 6.29143968655476 1.43056423547463 -2.31649318357467 2.24617354834969
"103" -2.23517217350444 -1.15602481421649 -0.94272390127929 -0.243250295655555 -0.123246376521474 -0.23198483713715 0.764569623644743 0.730638058716169 0.882209997461796 0.560818835880559 -0.0795236289698918 -0.591126874460446 1.16870610412657 1.07766990143428 -0.845840314485926 0.869900778893324
"104" 0.566196209590584 -0.826098649119519 -0.773040870750375 0.661096491672418 0.56779712729193 -0.0473855231086961 0.62177986905545 -0.351933552961463 -0.0991900967371833 0.236186174939235 -0.167319430647262 0.0295191927051874 -1.19000854741175 0.53169188360225 -0.192838850486131 0.284283596858113
"105" 1.1445837057505 -0.735176116534536 -0.0231239557436336 0.481699442384563 0.685770701805913 0.237517382935102 0.368650482706535 -0.650669678075841 -0.249145861518048 -0.148180646865439 -0.13836712425376 0.124650303600653 -1.45826752632194 0.0891929458152703 -0.0802956161312238 0.349206120145119
"106" -0.619983973670282 -0.638210234759147 0.899244265997045 -0.722754099417136 -0.111134348428418 0.922557861825602 0.0730188522168947 0.252219232816828 0.542739739515269 -1.03397839587469 -0.211125688656641 -0.454783124051556 1.23170014893422 -0.738694351994488 0.670450439572827 0.0992641681240052
"107" -7.45347205482399 0.426918029736917 1.45624083156999 -2.21448970975197 -1.99089415834651 1.58304010285971 -0.196167496951383 1.94988469146235 3.17077337613047 -1.88023842542504 -0.317514104541314 -1.57622365283014 8.15013619177655 -2.51184934603462 1.79774899841065 -0.270850401466504
"108" -5.80066684795641 1.71832179382728 1.76669100388624 0.12749924575795 -0.263127496128275 1.01366526444906 -0.373591252181424 -0.893217758621186 2.43648969555082 -1.17609449243598 -0.0655392810353759 -0.405743677076345 4.03801131965777 -3.47228983014143 0.658086998239987 0.805174600564431
"109" 2.69505110447507 -0.0374751724976026 1.9676315418617 0.161749068786273 1.20298697127372 0.920222570748275 -0.432828870378019 -1.12833827673533 -0.741170051871279 -1.12653114017335 -0.0226729754117463 -0.00643133938633866 -2.59895817247204 -1.35114825382438 0.21183792139068 0.743926267949455
"110" 3.81054896780238 -0.168507365288635 1.94005325131944 0.211387737685714 1.46428841247095 0.86245400832391 -0.48617161745106 -0.893300812113859 -1.20262129176235 -1.07737945805373 -0.0122189945373073 -0.20638647123053 -3.63224388401574 -1.07762881986858 0.181552774755321 0.820743898893042
"111" 3.5904203440716 -0.100269121940022 1.75738103636715 0.119057790870354 1.46980965372815 0.736131290164061 -0.496295003575643 -0.290524543354838 -1.19687255993928 -0.934997338801582 -0.00130926588918956 -0.685566969424041 -3.64724785533172 -0.920848408189496 0.107259424848179 1.04460351787348
"112" -1.2892234515519 0.0205713932436877 1.58134949708193 -2.76021887882575 -0.459517031417235 0.461929941951664 -0.429997608199013 3.17567967916008 0.494025628893542 -0.664634650906891 0.104877573890543 -2.56859829261276 1.66340392766625 -0.301064152975924 -0.666815517446216 2.03239093609443
"113" -2.75818835248108 -0.0241491055469788 0.664867924197948 -1.86105615481612 -1.4291441766636 0.0850674353804331 -0.153734561725351 1.79731706167677 1.20952360261689 -0.124307091216032 0.116738572807369 0.483121775611814 3.68146853968714 -0.0380869023091452 -0.519883211974118 -1.29157397032726
"114" 0.430059158619353 -0.111730216462401 0.154995660934285 0.653884942434337 0.108712901203727 -0.0929660854467709 -0.15797740909067 0.441647292865281 0.00148937504917168 0.174596775223931 0.0522744871554022 1.63019406972304 -0.565752233244053 -0.0438425425420137 -0.111861340169706 -2.69907083032546
"115" 2.71942024719957 -0.0478439511777866 -0.765877054952441 1.6309693628023 2.18100041140477 -0.413332040833385 -0.0803155525577857 2.02015789173549 -1.42440892005749 0.550041117505899 -0.0628905784134443 -2.7390889039022 -5.28050689096534 0.572923615212972 -0.0549481002733216 1.57674276734677
"116" 2.20497288519975 -0.076319982984649 -1.74341355696494 2.1552758991083 2.51908353004349 -0.82422172173104 0.106478635621317 3.00207521046273 -1.48590992741628 1.09045772414771 -0.100159105846413 -3.9384557164929 -5.87471704968239 1.17730298627596 -0.121859541907755 2.25832272610884
"117" 1.1412916468458 -0.128334439124521 -2.68376213361891 2.60874319812057 2.51186275935138 -1.2233031092186 0.304700959919586 3.81160116748838 -1.2691151275879 1.62786822284242 -0.123967220248425 -4.43217365260672 -5.62427881025253 1.73817949408052 -0.188531238895282 2.13815656933354
"118" -1.705355417393 -0.126890839858261 -2.28692395677191 1.82436728803448 0.266890928460867 -1.08053694710824 0.341458822565592 2.53942769721633 0.30066703504057 1.46713728144342 -0.0381466945342497 -0.0221954089830163 -0.463247687592972 1.31735645523304 -0.143767903980451 -2.58342926251805
"119" -1.53401677991522 -0.0450216051175408 -0.506005651110082 0.326479447898157 -0.795885571481526 -0.282516788369122 0.0927884217613428 0.312355106817665 0.69965533335172 0.400855979999109 0.0303915228876362 1.99501047441416 1.80252006956953 0.217606795273428 -0.0393091008714367 -3.04982269535611
"120" -0.866777886052987 -0.0803870011726402 -0.805504361910582 0.967677057759265 -0.249375603432446 -0.477718153612804 0.0609186133739098 1.03739094823569 0.373142854921242 0.670676469517299 0.026278331926461 1.74300044691383 0.386379418259414 0.429390410397845 -0.0901953332024732 -3.46768081369669
"121" 2.51449280147588 -0.0453589430121779 -0.723104167706687 1.57228687749465 2.00020052658036 -0.398175489813388 -0.0817808218495 1.91598000758604 -1.3024824069812 0.531892256709407 -0.0556771625767242 -2.35173416084077 -4.87540834828193 0.529589165022879 -0.0477132120577473 1.15092389437417
"122" 3.41034259055871 -0.0283901095086811 0.0668176933962548 1.23670199630189 2.11685301021414 -0.0415681787967079 -0.24261108041531 1.2530327352148 -1.51918738023204 0.0599632906523255 -0.0452179513201295 -2.21206216194705 -5.23321298466728 0.0670572524458226 0.0233582912393118 1.571198586954
"123" 3.62837518151392 -0.0427779520353813 0.783470644847358 0.862282176321862 1.85988114516161 0.275415080294944 -0.364947215838771 0.499857341883116 -1.420989106427 -0.34612041886075 -0.0218557087268089 -1.36604884287202 -4.6784394380784 -0.369818772295464 0.0747385467111261 1.12676239842623
"124" 1.32819165936553 -0.177991821883125 1.28389658747267 0.230732582775873 0.141448717500342 0.409056486582125 -0.361090919152782 -0.673308040870741 -0.127696722909012 -0.459559473415127 0.0779790392778513 2.23229132903642 -0.674772922311202 -0.676283855251655 -0.0597440277813766 -2.49821410518573
"125" -1.03991693625802 -0.21101708532865 0.271529122317753 -0.0320644936100694 -0.782579903724914 0.0154398660207993 -0.0113738059184761 -0.505721878641495 0.676187112127029 0.0521681567167365 0.0558527912160314 2.35005615130376 1.7395503274355 -0.102876275100397 -0.14488404559172 -2.64243858593573
"126" -0.845914494336541 -0.559786874931401 -0.92457869360255 0.60699536144984 0.151918361043117 -0.398084270839923 0.384605479114405 0.39777888242325 0.28664735542624 0.637931499732316 -0.107260265650318 -0.342685845584492 -0.162858794146774 0.735473360086172 -0.181650140113983 0.165493996909266
"127" 2.63142153690915 -0.370463439457983 1.33052403203993 0.267968154487256 1.10677077222666 0.63172527140545 -0.230322695172018 -0.815902092297988 -0.772860140274626 -0.734497383728363 -0.0499840364572548 -0.0657354987171921 -2.63122074301353 -0.678578478359305 0.0913759326437162 0.638955920776297
"128" 3.09607806404385 -0.35686509291007 1.73502557459816 0.126924654793472 1.15776614702881 0.85243386136062 -0.299662945194733 -1.18383273788124 -0.876955142420238 -1.02219706009967 -0.0407191586955866 0.177347795392777 -2.75566743766695 -0.954547991574189 0.138979148575441 0.606534667620551
"129" 2.53535989415675 -0.477904966999289 1.31598008187901 0.195346053678068 1.00392348906293 0.715301331800395 -0.120203213703911 -1.124632190175 -0.679356176941875 -0.818734000453382 -0.06701093250248 0.232739566813688 -2.31931190954862 -0.702262741482335 0.080347172508997 0.518782962457912
"130" 1.05282289330575 -0.729904006076026 0.128944969276391 0.495759314530485 0.700938607362064 0.226894827644134 0.277742870393637 -0.613002287375374 -0.220583924538036 -0.133494654485219 -0.127823523878636 0.0460908861468248 -1.46668398797775 0.0584269843310388 -0.0793438103947679 0.419911172600216
"131" -2.73262109604603 -1.02577052277325 -2.42147322011702 1.06631059768953 -0.0877910381976381 -0.980978345735671 0.948725729795584 0.927191469261013 0.866531559592615 1.49380385542884 -0.209919152461812 -0.636911526501261 0.732795079961453 1.75332514311755 -0.407813192683264 0.224436226652305
"132" -3.08649252487596 -0.488358099715294 -1.06456723282241 0.775456004028123 1.50599105886069 -0.362999850462617 0.42900705166479 0.353117506020984 0.167251788881254 0.644980179818985 -0.0561672327618412 -0.798123541705338 -0.86170935453538 1.5350236422335 -0.534680940434374 1.06788181322364
"133" -3.3643585403393 -0.88941277756418 -1.62008456747267 1.28008128205278 2.50927105165603 -0.371887163431566 0.820316208530492 0.147546533043749 -0.0807928328893655 0.766943297553195 -0.131906628403645 -0.971217673452895 -2.17358705929723 2.17442483499755 -0.790516501055622 1.58211557798008
"134" 0.190834669078964 -0.734359472793151 -1.7273711868295 0.866107808713449 0.609277065840748 -0.356542139310243 0.909734081501134 0.0410360843818585 -0.154961502782944 0.610878256228865 -0.187516904706263 -0.102445273013931 -1.25205292404408 1.04771863400666 -0.294467943921386 0.180867407472547
"135" 1.03673969265932 -0.491384565503331 -1.67321206096202 0.728248225241177 0.502015295830182 -0.286524059095785 0.867159903151592 0.0141556785653316 -0.399700460742053 0.45236912177947 -0.16767635615883 0.0351394859485907 -1.45657711653755 0.814873293213405 -0.208909624470739 -0.0239724804505173
"136" 1.58078914310319 -0.280316376757463 -1.141826216385 0.45441281796875 0.532948057296517 -0.0484603903694989 0.69034197807057 -0.248972802834968 -0.588399102715383 0.10302381062143 -0.0988742879306191 0.234030715482199 -1.57383147521171 0.462876751572429 -0.224548471509816 -0.0434962682447413
"137" -1.34301613399569 -0.897206475737557 0.930400003735893 -0.330403218565855 0.147620005977092 0.508595033164116 0.168379716532055 -1.27051836194589 0.63789089463258 -0.373317882330944 0.171015910797357 0.71929339006517 0.910373607722779 0.0143864491091059 -0.970450787447944 0.633873671170761
"138" -3.3128642240932 0.720914421308758 0.712816108543216 -0.109651037791319 -0.402543162805485 0.365075360130885 -0.0810151895778459 -0.68891747937612 1.36297549434681 -0.359643324539066 0.0856228843854037 0.206606099946402 2.560858379391 -1.42452464972936 -0.142338173999792 0.345476096848715
"139" -4.23357873425504 3.44192925050953 0.635564602277517 0.0809943549798553 -0.685990075172121 0.769393960133626 -0.126666306188416 -0.950383004672556 1.7742197357194 -1.14886770213275 0.0130995727152772 0.216178130442207 3.78813411380869 -4.27068841141981 0.788089775663533 -0.0510732510404175
"140" 4.97755667271409 1.66996981827287 0.647869404805857 -0.430032262052292 0.580863710868424 0.859185767359566 -0.100395757552198 -0.906100929975838 -1.84087985346191 -1.48055992602452 0.0306904503525958 0.769741956569028 -2.58392319753516 -1.7074710729618 0.514902723194101 -0.58226180672197
"141" 6.56767794485209 1.6002978436159 0.883582107569871 -0.636763559621661 0.671470370053465 0.94009502521269 -0.210818889502651 -0.929565538189163 -2.47366696132105 -1.67161155118659 0.0442797209135808 0.895011442876321 -3.43275990170364 -1.50354361296797 0.55855057220494 -0.733492003886681
"142" 6.63896787034099 1.74010590960029 1.14095759804662 -0.778012057758457 0.538089517087098 0.999913355136247 -0.316280871906644 -0.989518344888143 -2.5103139028595 -1.79104134612369 0.0596449061136654 0.953548295747201 -3.21245330854077 -1.64233930543704 0.593606374306107 -0.774439657755682
"143" 3.60820129579589 0.806742908436694 2.27115208655861 -1.09557890248906 0.357095313254733 1.1981082261061 -0.511417078211919 -1.6337712699597 -1.27042875134369 -1.74022952009692 0.241630859169724 1.16670165490076 -1.30599855797095 -1.50484174384314 -0.189970940781932 -0.0503869036836839
"144" 0.0580921367675142 0.176055908844116 1.57984596838206 -0.709220428890657 1.07774566672645 0.84632890426476 -0.335297489420422 -1.04556370832267 -0.708790157887051 -1.09238902335206 0.140982068803857 0.769086776655663 -0.664472177743595 -0.275147165906092 -0.144090654290098 -0.0563628121671931
"145" 2.93018810773207 1.59025922883235 1.19018139277856 -0.848838468725386 1.77403765593628 0.963556990178173 -0.370964132360055 -0.703139592107603 -2.64123288705777 -1.6899661662678 -0.0433194068028678 0.928606570456038 -2.71913203773127 -0.345034937321516 0.86685435444504 -1.15683011559482
"146" 5.04500406986621 1.88115153379812 0.991548103785908 -0.849853222620049 -0.395772683127101 0.452498832332489 -0.369784958740454 -0.55055681186987 -2.0951850344662 -1.19237796148733 -0.0266135592610831 0.743879548696533 -1.42432109158415 -1.17028569783651 0.679407912542707 -0.922821578046396
"147" 4.31788946476522 1.72070443453759 0.796541924277847 -0.777295751530585 -1.0054455332917 0.0643815210731669 -0.319941462865593 -0.362774830737006 -1.65804910346001 -0.681234887764464 -0.0509158784144205 0.588809757381934 -0.538975194201848 -0.933263047904696 0.543992341610867 -0.803669917852659
"148" 3.26842327342187 1.46967587034992 0.590211324960987 -0.685390332366012 -1.2179942364042 -0.352906403993577 -0.255579936224434 -0.171700145199974 -1.37133596058706 -0.101973397302429 -0.0821293880235101 0.439432461599644 -0.00605790069236178 -0.433918470054558 0.394785166872964 -0.685664212021724
"149" 0.911605015844978 0.941322004258657 0.473350253388726 -0.410524753717286 1.58779091167856 -0.260231668203742 -0.18111802573493 -0.125853334350874 -1.57144143100109 -0.0303940117688262 -0.106676580175036 0.263266502729076 -3.23611750120339 1.19063083271956 0.351843887178709 -0.443498971403651
"150" -11.8638759760234 0.356941451744334 0.465277202555603 0.962370601297724 1.93134504970418 0.194832801449387 -0.0351851096174456 -0.407665755545607 9.89906657704817 -0.466953984427234 -0.121191636403098 -1.2586084855096 -6.8763205740482 2.45249115336902 0.178986169486629 1.70085742996381
"151" -5.4727047813296 0.689003111304835 0.186070525115855 0.264970167916378 -1.36963010990267 -0.913133040065627 -0.0494498378186718 0.0207632217174893 5.61949541761567 0.830173675303983 -0.133219173994576 -0.70343648012927 -1.80861102645757 1.30378855082161 -0.0869419707192209 0.855810183145245
"152" 1.49762683143743 0.707386256182336 -0.0631106896064278 -0.389662698776818 -2.44006471150565 -1.39152674833252 -0.0554239731750589 0.346500232018884 -0.340385230651292 1.51098956992703 -0.108182448688757 0.00311183769767709 1.19591505309362 0.556882683241635 -0.244688230665483 -0.116985645584229
"153" 1.74651756499153 0.525707468996212 -0.146497760438186 -0.346957674454486 -2.46510938543475 -1.31643501988715 -0.0304820156238745 0.392815073458728 -0.558167369512476 1.54651899649582 -0.0947097437874592 -0.0308633997770187 1.09779393566497 0.648472212668007 -0.33046932573359 -0.0343056104561228
"154" 1.37866701197478 0.0667215349106733 -0.290425432135812 -0.0118924147423671 -2.24554046630827 -1.34356027932852 0.0412486047189152 0.341727896810699 -0.751002537409832 2.05146317572859 -0.0540850667999269 -0.249938903153785 0.998351582220025 0.407803177400414 -0.503639178836943 0.404145868065271
"155" -2.80470584256236 1.92499835304078 -0.823659191964923 0.541830648229209 -2.90039687448194 -2.08950464697354 0.159201432513579 0.363832558517705 0.0201246358703898 3.81458756708863 0.130155358281116 -0.417621324067566 4.38700778373213 -2.95433536510095 -0.941756067926415 1.03502313995952
"156" -0.717430259831244 1.26978568577874 -0.453418198112628 -0.0551326061958646 -2.99653653395205 -0.788644982380416 0.0370218509618053 0.437333821532064 0.0842242104057166 1.51320614490741 0.0288237223204079 -0.126915642534414 2.96597473393406 -0.953901539270025 -0.523967990964458 0.299703895020201
"157" 1.16749575434907 -0.564768098545413 -0.179144272835523 -0.00664455137229858 -2.33030864031585 0.254089450667174 0.024328309027932 0.28063972891502 -0.445835421968918 0.308582739958557 -0.0359548443749204 -0.266983672956457 0.945238582761165 0.831112228482048 -0.29993708494379 0.361634446512323
"158" 0.866994590283283 -0.941468786202615 -0.0950738006314024 0.0869763298653026 -2.22932805083927 0.958953766024352 0.0202725364562016 0.178020499693115 -0.332561049880455 -0.365575701272917 -0.0245270959918177 -0.320096485321548 1.00364193473976 0.841308828234328 -0.179488885551903 0.423244050085284
"159" 0.473053214425303 -1.25069106579818 0.00480140230672371 0.166457045491966 -2.12338822184193 1.68499936282316 0.0100422319151808 0.065510834404745 -0.158972254634518 -1.0867997687685 -0.0126303653719319 -0.353181656452767 1.14284609239823 0.773057838482796 -0.0346085780001015 0.451275012819693
"160" 0.0967892514932966 -1.49698574330355 0.105033619075744 0.224095160296434 -1.98821019821642 2.33604813906712 -0.00277625739720341 -0.0416804035210792 0.0461255062918932 -1.75714007859274 -0.00218135272220421 -0.363091525759701 1.25617022464386 0.673925696568668 0.111602559611931 0.44480095593801
"161" -0.191203476742574 -1.64523550683603 0.181311448276532 0.251981963461238 -1.8116491748913 2.79030050650298 -0.0135759416203732 -0.123290449115831 0.264171894153653 -2.24719629574579 0.00675074330170455 -0.344179196993869 1.27604703793523 0.553054956116527 0.228126867243017 0.403474062877912
"162" -0.334116282751112 -1.66868214026338 0.212979656108225 0.244961312366393 -1.57555439279786 2.94534710871237 -0.0182684239031628 -0.162695117368014 0.473923887432349 -2.4467146164973 0.0141699126355684 -0.29305262736513 1.14295507634368 0.419236010332847 0.288387520006283 0.329292476912787
"163" -0.314793470498954 -1.5565624459449 0.19125961162748 0.201955687847966 -1.25486925283158 2.75673251417096 -0.015069759133404 -0.153198459780187 0.65622146434652 -2.30764149206975 0.0200904497763691 -0.209502425588893 0.827964626612378 0.277158848677569 0.280848236247721 0.225127095718406
"164" -0.168773092305855 -1.31761494694518 0.123274533029465 0.126550592492304 -0.816540423383314 2.25679381972461 -0.00538706374399392 -0.101084723406353 0.795827023829313 -1.86526668880414 0.0245056563795389 -0.0969124111622381 0.344022023596937 0.125535430941662 0.21421394683907 0.0939269376175353
"165" 0.0238998829197472 -0.977599343695073 0.0292009073855258 0.0266274147054077 -0.217630885750363 1.54123360951446 0.00680907059066143 -0.023475239936938 0.878180680423942 -1.22316659005167 0.0274123055416444 0.0379826511423662 -0.261845813562106 -0.0415582031495245 0.113733775407056 -0.0606286710098232
"166" 0.161915956809059 -0.570017408570877 -0.0664488021647301 -0.0884717142242026 0.615564945010989 0.727652665786027 0.0167419704878471 0.058397280196673 0.883825670270659 -0.508034450542795 0.0290234034211036 0.188466080601986 -0.942678480800904 -0.234819479151232 0.0105751909725438 -0.235719999163138
"167" 0.176302974197535 -0.0936775206311204 -0.153126658999392 -0.234340058352372 2.09254891881706 -0.143137753132227 0.0201411988669031 0.133964344228222 0.750932369973864 0.220949037062257 0.0323317417871288 0.387465078261393 -1.88033361632803 -0.520809686878064 -0.0723692719400715 -0.474952024512611
"168" 0.622829220505453 0.538905503347488 -0.217132625381493 -0.481421256799466 5.75591479641771 -1.04386434705805 -0.00128818481369574 0.179500606083702 -0.386902457216684 0.866122716180057 0.0529373062039132 0.754678999360049 -4.08966429036931 -1.06129087910406 -0.0860798493670458 -0.911767644442111
"169" 2.30977915592213 0.900136979205427 -0.130619080878232 -0.592866589601285 9.14246861386126 -1.04883401132872 -0.0604591047532216 0.0726838534135841 -3.24431761416727 0.628419087556267 0.0818650720265282 0.930102572163879 -6.21248151074287 -1.27080271027557 0.0567245355967607 -1.08403719627744
"170" 1.60918891515184 0.47502616447827 -0.0352344790015267 -0.299041306010586 5.07412263046802 -0.419422120283979 -0.0440585115678102 0.00223494383159217 -2.29881344337042 0.173408915171968 0.0469139830007346 0.471304476235922 -3.45304223266466 -0.62700850786046 0.0681741749746267 -0.538360544310814
