"V1" "V2" "V3" "V4" "V5" "V6" "V7" "V8" "V9" "V10" "V11" "V12" "V13" "V14" "V15" "V16"
"1" -5.029058282671 0.663507063856358 -0.159898432126357 -0.281496972141748 17.2649360970398 -1.40092847094199 0.00381399605345513 0.114358394054702 -12.9107445480154 1.15880712124408 0.0248507512877995 0.461013838196191 1.80149494468101 -0.71956317295614 -0.101758149852157 -0.550394474882632
"2" -10.0334302257198 1.29586775064324 -0.338339930970833 -0.492352319089903 19.8295667845474 -2.92726162538511 0.0590319572457438 0.331281045141144 -10.8342520308283 2.55263716784116 -0.00593492149993613 0.772327018367626 3.4497153388152 -1.52527526126969 -0.28261830167518 -1.04219037408925
"3" -6.30492240833794 0.901423446727408 -0.221567958174178 -0.463303042184436 34.4622235614515 -1.78326347263454 -0.0339408716091294 0.0888558895358127 -28.6890621626817 1.38462358306632 0.0826159227925116 0.783921582739826 2.02125574761801 -0.933659507652228 -0.0843621076923062 -0.83785204805223
"4" -3.0828947514747 0.5433872071657 -0.167802988382653 -0.391729234169912 32.1830300098828 -1.03986818033324 -0.0557998589794006 0.00822689248399766 -28.4892994188455 0.739901231127073 0.104285465048228 0.682866741723073 0.371294138825283 -0.567569345737597 -0.0207260919695047 -0.650082777853218
"5" -0.477669824711211 0.199512736872006 -0.183883344234461 -0.288859765573191 12.5109882969911 -0.678583571206654 -0.00311393858564542 0.0993777598078074 -9.40405475718481 0.610650147320899 0.0587145924855565 0.491765297811906 -1.62740736151854 -0.487646209832096 -0.0913304239931554 -0.515999314049107
"6" 1.12596721955965 -0.184470753065513 -0.152720398294891 -0.196708076638787 2.51958903929862 -0.0726923651899064 0.0162781692908568 0.105188054091823 -0.115072476728699 0.172431776781503 0.0411867314460403 0.34980450128694 -2.6287654411038 -0.364095952051872 -0.0756530131768507 -0.386825510658564
"7" 1.78186815118797 -0.593426428542627 -0.0720521390175286 -0.0936546364658324 -1.8889142909973 0.72713960300896 0.0141390170676372 0.048319609631539 3.47582862786457 -0.506882248258416 0.0352413669488638 0.20848190818332 -2.67572687237595 -0.208465925025349 0.00900701466509979 -0.237376774205231
"8" 1.65018597189053 -0.977483390512434 0.032999763573981 0.0145146789579322 -4.32882884860153 1.55669409111557 0.00514508867152508 -0.0280776624568668 5.19518855496346 -1.2458243923465 0.0280993548964141 0.0602229734478108 -2.04694085088028 -0.0674108771444661 0.121482607714325 -0.0853355169694758
"9" 1.11942107202571 -1.29937606730482 0.137100064974085 0.113035280676002 -5.58500018292949 2.29359131076224 -0.00609088969594049 -0.101569711432947 5.82482610152547 -1.91528846382019 0.0197108898561329 -0.080489972682166 -1.1088210421985 0.061152244172793 0.230951043466162 0.0567649769063259
"10" 0.577946187775067 -1.52539378406524 0.212623572850551 0.188516301424206 -6.17024080575471 2.80973102692476 -0.0149428566464506 -0.15031010363872 5.85596558167299 -2.37795816662897 0.0110646959480802 -0.199707604833442 -0.220408958546363 0.186356504207601 0.304019984319685 0.18091555111166
"11" 0.329793410950129 -1.63144757368849 0.237701478398361 0.231265116855198 -6.47921074391116 3.00510587614139 -0.017615026149031 -0.157368408549602 5.66394026310947 -2.52536602506403 0.00299811788000459 -0.28712294602394 0.338550655889132 0.316075849569918 0.314144473489088 0.281966225863595
"12" 0.527724864735069 -1.60909580573147 0.204603101093985 0.236649149622689 -6.7679566244719 2.84570166355277 -0.0127787900120601 -0.116501001222687 5.49421412831688 -2.32043267520246 -0.0041816444253121 -0.337447504597677 0.432254170430195 0.45141904142317 0.252224489599504 0.35568135586978
"13" 1.15164365064267 -1.46762761639624 0.122788192582116 0.205504575089811 -7.15220849065146 2.3773373813555 -0.0021802391971899 -0.0342408437690804 5.46309019710793 -1.813060524117 -0.0108297873890195 -0.350806957874827 0.0897285629002962 0.584646842044377 0.130489918112768 0.397892946877104
"14" 2.03532168460324 -1.2483301682704 0.0123896157769248 0.152900697328365 -7.56650344643806 1.70095627293886 0.0119416008380145 0.0701495077515477 5.5119073054036 -1.10079449581933 -0.017079862038209 -0.338735816133767 -0.530272009181562 0.701357083127725 -0.0267815349218097 0.417994649658496
"15" 1.0686325676948 -1.23986912175624 -0.296168799488815 0.490716790157835 -5.00425617890191 0.613460082094393 0.116158421157661 0.11331544120731 2.6053727279798 0.553196040486561 0.0326562972247818 -0.577218148703038 0.229118860750586 0.307083869009359 -0.430459050640351 0.940309858500726
"16" -8.35980727653838 1.77763927781451 -1.27449323351803 0.875919289561114 -2.04522209424831 -1.2083084828576 0.342152182803988 0.524155461547921 -0.362767824101569 3.16657131110259 0.263044226242971 -0.709970935039168 9.07323621408227 -3.1098676889524 -1.36869083204175 1.4467760087364
"17" 0.765062698224984 0.945870356512797 -0.548909566927825 -0.0592931801575465 -8.50399791741662 -0.735108919014417 0.0856605817724397 0.512231123055594 5.86561629702663 1.41750692150434 0.0366390452339788 -0.159434560181824 1.27606789583434 -0.482539401117241 -0.649081609274195 0.308485542497511
"18" 4.85548037143084 0.0602698307136498 -0.248032591490763 -0.235642401396316 -9.32652541628918 -0.845551534861803 0.00883587057136129 0.408852430819584 6.49134534592633 1.26997933002776 -0.0599814708976759 -0.0903961024054745 -2.39698104241586 0.772637982606211 -0.413547047726316 0.125336675234802
"19" 5.00875468646333 0.310035397096413 -0.217015525418773 -0.321316316501536 -9.22643649876873 -1.16466214470493 -0.0101577080060554 0.418645920501602 6.36113154875793 1.49358328131297 -0.0754892633212069 -0.0247054681368546 -2.41246599220172 0.736876188708036 -0.392585750045908 0.0131953167791785
"20" 4.01716408145538 0.356174255224953 -0.154493240469551 -0.335417836810958 0.0334240950232818 -1.15719181471191 -0.0395289782869097 0.345108822130643 -2.59591822711024 1.39791469885648 -0.0714721682198554 0.0468441838096307 -3.14116357687246 1.50504190792444 -0.312060265259546 -0.0215024697857906
"21" 0.960986837519384 -0.000193358413056011 -0.0362039513379203 -0.174981361180469 20.0393473325482 -0.479980301128685 -0.0651893064307185 0.0974543350050996 -21.3022185336522 0.614711351359031 -0.0243798876791611 0.115154682533123 -4.25289325493253 2.92207659715911 -0.104991145093608 0.052121190516643
"22" 2.07008648906589 0.432353109473584 0.0519401478417175 -0.353977722832745 10.4488844488481 -0.91759112743857 -0.0953158826505501 0.148801173365824 -12.3376078325678 0.958165239437142 -0.0756583533193104 0.175373919841872 -3.11286783127761 2.08535401269991 -0.0505094264700836 -0.188007832664915
"23" 2.97250981245053 0.881312997635328 0.0826529591017839 -0.479890365321356 -7.47010613099347 -1.46212737921868 -0.0885398243060285 0.260533188714033 4.99781886075772 1.43231666373944 -0.136941372029771 0.11960789957277 -0.298705934853132 0.406919477995233 -0.0594661390068678 -0.368452630122363
"24" 1.04695723843747 0.825284290788989 0.0835765321970814 -0.418294399285331 -9.30763881599485 -1.63792011745286 -0.0613598616768928 0.281923329089896 7.10159087123915 1.61217855997811 -0.173552522916145 0.0217382300423594 1.75083412742524 0.272117477151 -0.0266543834274691 -0.374569881410054
"25" -1.74295907296657 0.609230325933679 0.0404403550960596 -0.297856976226003 -8.5109066920509 -1.81932132581896 -0.0145102302869752 0.320951210260787 6.72439419835325 1.8460207082971 -0.215612325067275 -0.118332161242847 3.98963197021586 0.495577121220241 0.00180596738462668 -0.343718051069132
"26" -1.32753305700858 0.0266139935784544 0.122164949042681 -0.192206324167334 6.90100121156501 -1.29708962460151 -0.0375994384630143 0.0876605958383823 -8.05501660994395 1.359049839977 -0.176983241035597 0.0645209204881869 0.51671869345267 1.84519586641376 0.2428210126275 -0.456089924191279
"27" -1.25182105559101 -1.11759267730793 0.997684633304181 0.150310151575614 7.23505854008856 0.147568434337726 -0.167928330421655 -0.860816302068188 -7.56671143247828 0.239494587044327 -0.200163142344706 0.322869002919105 1.23824956175405 -0.138245231389243 1.2811081691108 -0.86896736330644
"28" -8.37752067660571 -1.45988560307645 1.26392125662534 0.381089011464448 -3.93248784129681 -0.522226530430723 -0.123147666159403 -0.923645911732136 3.53731065842039 1.13780103737622 -0.41555391044386 -0.0445996266342572 10.616874614005 -1.20649224065562 1.75090944162051 -1.13273270452596
"29" -12.5577912723457 -0.183567190125436 -0.128088504294048 0.256277071834221 -8.74640726403636 -1.75826114317418 0.160239548213766 0.414923533083029 8.48790601824278 1.93188347356278 -0.324577682978435 -0.730630516334475 13.7980191265595 0.498304137072403 0.273010213339565 -0.258313618434563
"30" -14.02572680425 -0.199417238216056 -0.288313179414865 0.34550613204644 -8.26538955983076 -1.66909826052609 0.205102876519873 0.518498668587973 8.27431359485725 1.80704145616995 -0.296670914736535 -0.86650462637548 14.9281060173406 0.626320389885354 0.191667363837951 -0.168108419446604
"31" -12.8620371701872 -0.201665450316885 -0.386638569868829 0.156423914280269 -6.7808884203608 -1.476652160607 0.217250868404933 0.602568165956834 6.68274749405069 1.56558596028526 -0.24459863602591 -0.421452400508457 13.7561935788154 0.762483423277908 0.245911783603217 -0.762096732739266
"32" 3.97660647947885 0.461994610895465 -0.613480947693789 -1.97909706518592 -0.32532640360693 -1.13052860369861 0.132894758173755 1.11760306750281 -2.17344355159968 0.88455350010265 -0.075681330981283 3.62376453953574 -1.53416875578865 1.65296604471972 0.623000972501208 -5.46263371008484
"33" 7.8259259129299 -0.192196635899064 -0.0573403563558218 -0.745591488562013 0.149037723965928 -1.67466191566593 0.0100332454819694 0.0910516000177186 -1.56934423286483 2.04364097113646 -0.0258197654076175 1.82942727273264 -6.23257464853929 0.128850090449691 0.427291127841346 -2.5230306678497
"34" 6.26975468771116 -1.34592572651674 0.141835557004704 0.551702742509836 -3.81967134527585 -4.29713414982011 0.0599761316366369 -0.583726200626885 2.99278563555561 5.68182716901672 -0.0489928824730022 0.275567222704986 -4.32609949289642 -0.93538092604686 0.482219114295908 -0.960499894189269
"35" -7.62955634040112 -0.512378029400873 -0.432626270778678 0.592893115010073 -3.23964250311226 -1.04002994257447 0.151887314748377 0.240289976279489 3.63599950585853 1.28265720952435 0.17587632986452 -0.815714475347207 7.68986198411644 0.41565682137108 -0.298540175962737 0.193530404938322
"36" -6.60208617017988 -0.335297186363266 -0.492096382511158 0.548119292247095 -2.0631783803474 -0.330151750113814 0.112997856476233 0.278517672158578 2.57341380455243 0.380175952952389 0.359271359654388 -0.87509577640839 6.24160027324875 0.592410492829504 -0.653696400745568 0.519410124975309
"37" -2.85065269966289 -0.326723372253459 -0.495753683831357 0.534242922073562 -0.145404062124854 -0.128810350618077 0.0569239436517477 0.193082033872197 0.611038399164521 0.171569411129708 0.538147896779562 -0.831957750680559 2.07953447662545 0.724398233044411 -0.968546574971379 0.813925077603805
"38" 8.25479775047686 -1.02537186281153 -0.948763607481895 0.976939818654291 13.9060337441379 -0.35439130731166 0.0659356067932978 0.151362648688578 -13.10607630009 0.658052793566474 0.737066650588818 -1.38243525576639 -13.1983193514827 2.97461280591283 -1.695400729157 2.49720345858963
"39" 10.1596741590574 -0.644425005858541 -0.542085494215105 0.478076767792661 10.9698770822681 -0.321621687011298 0.00525715331188753 0.00339657148085981 -10.6769288791592 0.566791469241064 0.474548221426404 -0.663126842326395 -13.8145945113407 2.19946329131115 -1.29775749665675 1.82376578743067
"40" 17.7593455217739 0.163433963741134 -0.0757249209695271 -0.264486934755904 2.03132887865564 -0.010121255046839 -0.23980322888748 -0.304621879870317 -2.72327864958092 0.0746571881988185 1.13410736562955 0.277896177554579 -18.7079069782536 0.942392450550783 -2.68620369272082 1.66563813068642
"41" 4.05124260849197 -0.00448347120886972 -0.165221215966709 0.246578946285383 2.13094564017214 0.668006924513144 -0.159723483142752 -0.100230469858302 -1.89725219690613 -0.770426968245503 0.8126944149261 -0.408702340117131 -4.68160447226409 0.158845957656004 -1.18692481210899 0.995908785634185
"42" -2.84990717997396 -0.0499702074137796 -0.119469821141563 0.399458574901023 2.37751666610072 0.964079588138727 -0.118611936145483 -0.0180890869667136 -1.74101894273183 -1.14519518242691 0.499523948604859 -0.601351531066907 2.43667400526323 -0.309883904945258 -0.20174528188107 0.51760934987886
"43" -6.33951289839516 -0.0464373679961598 -0.052429400438818 0.422348479508661 2.63713954403982 1.12136272237185 -0.106643162684239 0.00648697042251589 -1.80977981444327 -1.34608744938464 0.304415472156999 -0.624761483858407 6.04328430808649 -0.585361962313074 0.340332289111958 0.265120035075292
"44" -5.63427479159656 -0.00458110033341796 0.00637631406553307 0.321209633507119 2.76146395454354 1.08174694504172 -0.120347910370278 -0.0263969098029087 -2.00116553461973 -1.29984605564221 0.274442409470758 -0.48507982760999 5.32817607388534 -0.582990394813788 0.302085424364131 0.292210231335126
"45" 9.06142703674096 0.111307217009246 0.0192247767091575 -0.134445732648665 1.8425601865609 0.201549716604739 -0.1762004171195 -0.213608932383973 -2.08489161259171 -0.198023941947044 0.658907960664377 0.141107092491774 -9.62990465390521 0.310750327051108 -1.38860809671517 0.998401256863382
"46" 8.14419337712521 -0.79796368520692 -0.193000399808198 0.560615025772721 2.83340559006099 -1.68655142902299 0.00602051486826388 -0.2734061978222 -2.58702316029323 2.42894164342189 0.116135612570955 -0.395420034925842 -9.52357087147212 0.140477119040177 -0.330299726685042 1.13639255850155
"47" -2.19276613348988 -1.1056893742435 -0.164918066618074 0.94060725481995 5.08785347097639 -1.5153006879008 0.0287721257509796 -0.298783443761552 -3.86161154649304 2.31617908697824 -0.20596072321742 -0.735367064660853 0.3989970631593 -0.547459680192876 0.846485869365647 1.08254290714684
"48" -17.5589775909605 -0.120941115152704 0.172446477925968 0.229830266320777 3.07286607615464 0.947757523412621 -0.0207378628406553 -0.0596003331487447 -1.66102073352936 -1.14244642080791 -0.389551326906416 -0.114108064000909 17.1842820466651 -0.994238997427582 1.47302417731658 -0.173436438012651
"49" -18.4280784670456 -0.0537062945529545 0.236482588410301 0.040946424625802 2.77385799776688 0.934890464938921 -0.0184009125282066 -0.147136198097022 -1.38545816912902 -1.15889884242197 -0.420902277051538 0.257365527866568 18.0293434535305 -0.869661934584263 1.27747757582012 -0.173608648347468
"50" -15.2404336126616 -0.00535317746600583 0.160559827170697 -0.365058028121295 2.17290931435684 0.716420032956875 -0.000107669944011443 -0.0623052840075982 -1.01520979567712 -0.898587152045707 -0.389367878796151 0.701704332040308 14.7591858993572 -0.604006412948698 0.919889727974981 -0.103886060035464
"51" 5.4056639340184 0.298203457679045 -0.72673166261694 -1.97159350445163 -0.881924373778794 0.417921274968664 0.119697084547737 1.50498173732144 0.665514498183526 -0.558169059669688 -0.145565490332504 0.842451491927594 -5.46239816544966 0.0181992578749206 0.534202707113 -0.303841830091145
"52" 6.2474626733604 -0.153318763099066 -0.0433234138961854 -0.589467999600911 0.990704435452091 0.383864929305647 -0.0259446943987604 0.143406519286754 -0.756015694710463 -0.360798544475077 0.00337274703672857 0.40061155548235 -7.09615300177869 0.018861540398214 0.198183043535792 0.227697271808408
"53" 1.22718026007245 -0.681122315012968 0.922637811804241 -0.209827877853968 4.36969332783895 0.653983597597416 -0.210068009800209 -1.74460784675952 -2.87576822870037 -0.501406144355283 -0.0511427332154069 1.99499544788382 -3.9664028872458 0.0533642897142421 -0.295352766663672 0.982503698169161
"54" -5.81230026911211 -0.108537569691693 0.770466749863658 -1.05462057697545 0.694040231962816 -0.405034995779494 -0.108666183679893 -1.79772335642072 -0.07033677271464 0.509661295489669 -0.0536035695887827 3.79829716117559 4.46942647689622 0.645488907753391 -1.63574604111224 0.442994144778979
"55" -4.98513271539052 -0.0300816145600873 0.793664311648229 -1.24917271654887 -0.128959416642161 -0.665544898007149 -0.106149883285455 -1.96250095727944 0.510876223276796 0.790718355934265 -0.00047883131411619 4.35174146178749 3.81733393579018 0.85479834672984 -2.08311735687609 0.376536875574416
"56" -5.83604737240955 -0.0117733011500416 0.663327202952509 -1.21973728681724 0.0984958922470582 -0.503910636744146 -0.0827223701194078 -1.60961671115637 0.349652928218021 0.590953519752427 -0.0543473007462689 3.85338416148056 4.74842414308231 0.696088129088377 -1.69733220602221 0.33607056991633
"57" 6.53855030721508 0.259257038215312 -0.29427614232625 -2.29608855738631 -1.57944318439689 -0.180353586533426 0.0532698294847494 0.459781789428407 1.22865567613005 0.165945674684416 -0.0236265823162125 2.60726753959183 -6.99167287448391 0.617488091469623 -0.809016222751094 -0.0298246391632944
"58" 13.670250483032 0.350974717666906 -0.851853260839418 -2.18231327678229 -2.26057924618468 0.0762608801130094 0.126039376217143 1.65987019808333 1.42403565040342 -0.14433823140662 0.0347649432874044 0.865820120701336 -13.5063351096458 0.373308997144715 0.0213112794900532 -0.291473392984049
"59" 2.55479019865097 0.270683099040612 -0.60707500172097 -1.86683541885313 -0.54126598208525 0.435405992614271 0.105533429847342 1.29446720271485 0.506660595224893 -0.581424641673842 -0.185707166404244 0.979839232910109 -2.69592976874039 -0.0299985990764178 0.528750031292635 -0.269869409907784
"60" -16.3114141433089 -0.0249133619583972 0.218985212111129 -0.265966649623321 2.3281721039303 0.716249816694813 -0.00817982661398309 -0.171751761959207 -1.10126217644556 -0.896490505441149 -0.398439037731314 0.707245387748593 15.8016599513094 -0.625334085890511 0.913019936896944 -0.0839925137264501
"61" -18.4363796419665 -0.053979001099453 0.237308494628762 0.0419695745220334 2.77662769016185 0.93576644356565 -0.0185628301725478 -0.148423864057629 -1.38718423217729 -1.1598909590594 -0.420966436180892 0.257303406654927 18.0368609878756 -0.870103935087757 1.27777925718461 -0.173347183762026
"62" -17.5767254585172 -0.117366304647984 0.244536641045229 0.232609946141988 3.31102566923093 1.19455883419249 -0.0412669571936356 -0.117087606486354 -1.8075761002983 -1.4416373179419 -0.389065709956711 -0.115687945573391 17.1216742200272 -1.05584037989866 1.56139759629023 -0.184979294804855
"63" -4.93135969879296 -0.726473861260453 0.702169220005026 0.529088752712002 6.27828262344416 1.64175882340623 -0.210389624579646 -0.680331535785246 -4.29520956490199 -1.66676793669662 -0.210973734408658 -0.545344305367259 3.01334114859417 -1.30615925574351 1.83519770173921 0.541125455156759
"64" 14.0917935905001 -0.838318215204554 0.53729387018915 -1.35781950200275 1.07679677989767 -1.81016971881345 -0.197917134523111 0.58680976101576 -1.31642273091276 2.62103425392097 0.0709276346652015 -0.189211706971101 -14.1107296078236 -0.864984697588863 0.35724928004251 0.851943794242079
"65" -3.27164297274074 -0.28590401758685 0.156065808343658 -0.427187657163863 1.58168809883845 -0.161334366351217 -0.105125108759488 0.470480050564781 -1.14114357206234 0.322535249303471 0.0119519154649292 -0.444188282088071 3.5545899174421 -0.953200323095698 0.798134731263593 0.17257757651138
"66" -9.77095360362095 -0.0539933104892558 0.00957856305285765 0.415742788372569 2.78684124038828 1.20359138328974 -0.0888998667178622 0.0431122641970019 -1.78317871593953 -1.45378238665985 0.104492816381471 -0.626155626228236 9.58023657442029 -0.824330194598666 0.840610122121774 0.0368727796378465
"67" -6.32015070988341 -0.0456979496837286 -0.0575787167381714 0.426809333339174 2.63183727684198 1.13249555579374 -0.105425797488511 0.00637045028027972 -1.80517814196219 -1.35934710587681 0.300866288800416 -0.620796716132372 6.03680081967502 -0.598462883702551 0.365154125524914 0.24075541849956
"68" 1.74913055599253 0.0356418512875472 -0.471717179484107 0.620184590375064 2.01638149684818 1.62015775685004 -0.0619288128601681 -0.0737639645914543 -1.61753712467785 -1.91737148275546 0.393432173843858 -0.223428528975568 -1.37252732046881 -1.02264738759352 1.07000280325247 -0.936478428905204
"69" 18.084366005111 0.27201078541655 -1.57539097007339 1.23922749387374 0.614932464391998 3.33794860176042 0.103296404532905 -0.24642392460163 -1.07820514229557 -3.92348934852031 0.249288696820314 0.904487896191503 -15.5299807846794 -2.81136907409798 4.26436410538326 -4.93626602732494
"70" 5.61923852935223 -0.0178599366177643 -0.594648452866865 0.579616485854636 1.1564500775324 1.16535614165981 -0.0475246997406777 -0.0634084578284049 -1.00699931953443 -1.35703843824192 0.65083370600512 -0.235624924361272 -5.5007984623686 -0.441116535708657 0.129333086350799 -0.446776713947067
"71" 1.19972927335925 -0.145280082647113 -0.346583773771162 0.40234830681938 0.786315920132182 0.350971079192277 -0.0616251443680748 0.0315644325602071 -0.453683421287892 -0.394960271924631 0.748278285141312 -0.618439312305654 -1.81773739830298 0.385585627048851 -1.16417628274716 0.906797021439594
"72" -0.603883180155814 -0.208676396492698 -0.407983151811132 0.44379623506716 -0.0509955946134184 0.121202736256566 -0.00889230667224942 0.103159954288215 0.417506737324707 -0.127420721385732 0.669312362102586 -0.694367982366153 0.0140759445068745 0.509328835024936 -1.12566010609777 0.854495181183559
"73" -3.40750986285179 -0.274982846567023 -0.459774501638298 0.498342984625379 -1.01680481057512 -0.101592073953997 0.0526833883615369 0.189831839600248 1.45317957964575 0.125398527193414 0.52878088631706 -0.784883651847672 2.91094516420403 0.568612772339289 -0.925051065577723 0.705608144137472
"74" -6.61566832320531 -0.334293896421713 -0.492403724301107 0.547906576826233 -2.06503194247583 -0.32705312448217 0.11305440143078 0.279230529704852 2.57617270579441 0.375955687356595 0.359321635796528 -0.875745339633934 6.25440299798195 0.593075857793748 -0.654065787438771 0.519953159343522
"75" -9.65009938890825 -0.377049363885353 -0.502807265102869 0.579510067916201 -3.15576219969606 -0.556312685882111 0.164408960417404 0.360277070311931 3.71657374834628 0.626771249955508 0.188712870194934 -0.95030395946581 9.45373313870382 0.601592230279813 -0.379983183690459 0.334228185195734
"76" -12.1205328577597 -0.39664993967167 -0.490657184849014 0.585407977011367 -4.25663314891779 -0.788666696542212 0.20194200567082 0.426054451712648 4.82180143033243 0.877995921770565 0.0355131128800322 -0.997724312780495 12.1104978305984 0.606050856947608 -0.146345974651311 0.171633879692457
"77" -13.8241497994971 -0.389472753381887 -0.45831959997104 0.563023436109931 -5.34198055704115 -1.02144773297238 0.223836940410702 0.473801022360819 5.85573587650176 1.12726898194738 -0.0908518760095799 -1.01301975016073 14.017821145071 0.611511202695485 0.0267478990259908 0.0421432095549292
"78" -14.6942169949332 -0.354131879348484 -0.410216357985012 0.513511167607025 -6.38909800917753 -1.25026170639005 0.23048674796349 0.503767401446857 6.7923378593969 1.37009110469919 -0.187470255764771 -0.99544544031167 15.1075221581051 0.618382704595391 0.135796334091181 -0.0535525406597586
"79" -14.745754713128 -0.290615454182866 -0.351800887293476 0.440144200297958 -7.3742640511928 -1.46897141167464 0.223558619367881 0.517832843043364 7.60881986282637 1.59985669341199 -0.255201441424009 -0.946702736060864 15.3945296357661 0.624426036687399 0.186907826646248 -0.120022155642122
"80" -14.0360906058821 -0.199579364498954 -0.288412927615715 0.347026024010333 -8.26942720882184 -1.66927104730945 0.205185818841571 0.518301046242822 8.28019385576351 1.80733693287535 -0.296694135112667 -0.869539447221673 14.9368464020042 0.625907845605606 0.190971814045283 -0.164291329813032
"81" -12.6412621714315 -0.0818640793270653 -0.224238182117453 0.238216351886878 -9.03946275918031 -1.83992372391562 0.177368508862531 0.506995983138312 8.77520228642154 1.97972303214524 -0.315194395245967 -0.766827949865949 13.8118452883365 0.618054889458825 0.16097937730507 -0.194261875539855
"82" -10.6440800624164 0.0617838857687829 -0.161500506011672 0.117206682392469 -9.63964037112743 -1.96575799878949 0.14157644156662 0.484646455101451 9.05309181359028 2.09937197056573 -0.313917468916616 -0.641029440521773 12.1044225089449 0.595132693474201 0.110835438511649 -0.217985618082434
"83" -8.12957920343919 0.230840295627718 -0.0998976686346003 -0.0133556757269875 -10.0129057590671 -2.02644136126649 0.0985090253807809 0.450489611359283 9.06062374156261 2.1422876918646 -0.295762223483477 -0.493919187070549 9.90256126774785 0.55037372813897 0.0550710931679044 -0.243460259093617
"84" -5.17800516177838 0.425821352035386 -0.0355206364756297 -0.152187427338553 -10.0799997077127 -1.99322456180986 0.0476786275200956 0.401346704951291 8.7214794663675 2.07389450055905 -0.263082443524213 -0.325821341670984 7.2915980714312 0.474813389370007 0.0097437264951532 -0.279266504490938
"85" -1.72122742437317 0.660539419614407 0.0509644244919961 -0.305825254488805 -9.69756236494317 -1.80144714533643 -0.0171997968995735 0.320038181310283 7.88744477947708 1.81094690489522 -0.215519593940857 -0.12464696130084 4.22751953789378 0.339800645354181 0.00380690239516213 -0.343882504900566
"86" 2.44485109813832 0.983577938106431 0.220667342777566 -0.494022108085223 -8.84787261766365 -1.32118025421009 -0.113694492702446 0.153813714225659 6.57282034127724 1.17278904260986 -0.15082724512927 0.145341395060928 0.550686234903544 0.0510689338504742 0.104126362938371 -0.485299888493767
"87" 3.69798415304156 1.10049454214246 0.296469304256814 -0.556498388229346 -8.3084731872857 -1.11351822711579 -0.149983082600113 0.0803208783422171 5.89821423050034 0.895774921636734 -0.129026694433669 0.239880468617404 -0.531760808431498 -0.0763636252697202 0.162858017360199 -0.545818974568956
"88" 6.90565491059225 1.42749177030347 0.55010925893633 -0.723609341198998 -6.11102520536901 -0.47390422048094 -0.257501392350482 -0.170910766655128 3.37603124697504 0.035225759098529 -0.0674562483004876 0.51027173536346 -3.25997682024485 -0.486800340472795 0.369618969050904 -0.729389776946494
"89" 9.2728079181286 1.64360383682808 0.763387312246718 -0.832840803171742 -4.65086619181513 -0.00107900053789312 -0.335173031113065 -0.395993967347519 1.77418299474906 -0.605140262603934 -0.0205008110043652 0.71378240610564 -5.32851579318323 -0.823699995349873 0.532289450937498 -0.85918821587347
"90" 11.2155631567191 1.77073107651308 0.925882265043577 -0.901320343230439 -3.64060912598812 0.338559517241493 -0.386973017981322 -0.589234295761927 0.707625523567426 -1.05830487855032 0.0194527353892489 0.871151704831068 -7.09986673662309 -1.07712715610283 0.635539440960979 -0.933381984832295
"91" 12.8084415221152 1.82459862402133 1.03764216359136 -0.935708416797346 -2.86758264094614 0.582996049653767 -0.415030473005335 -0.752395705438822 -0.0633900636231495 -1.37233205502837 0.0542665649490787 0.99122883543231 -8.62665847973873 -1.2537021698638 0.687564725666321 -0.960759577721827
"92" 14.1432913461014 1.80053533001572 1.07773270539054 -0.952830817106399 -2.21570400576915 0.667885607009453 -0.41289828128864 -0.866114120164425 -0.657906473902315 -1.46692565111557 0.111345882384979 1.05541117985784 -10.1056487076647 -1.24633964609317 0.524363512350883 -0.804611211434853
"93" 16.8253900450064 1.59069209875616 0.866233062654633 -1.15292004659668 -1.04276346198454 -0.321976417345845 -0.324055480791571 -0.746568649874393 -1.74530938015955 -0.189328025455707 0.523309549856651 0.853343722909788 -14.3726226309255 0.192083792027562 -1.83965114503714 1.19736433956209
"94" 16.3889845244143 1.4930718118316 0.84423032124657 -0.994319768413569 -0.887735318358217 0.0689249701640395 -0.287031547904694 -0.86163734425641 -1.70967689308918 -0.634949511828101 0.400842104884197 0.936648978439806 -13.7054308915443 -0.239270775618285 -1.11436791090426 0.611585991670001
"95" 14.654736991782 1.38520306974585 0.806090711802077 -0.701607646900698 -1.05330064584888 0.802336780573756 -0.237381610907359 -1.00195437435519 -1.27907434618916 -1.49593943414139 0.118236455396009 1.0671803862584 -11.3110321838714 -1.13489441073469 0.463333722593216 -0.689855350434446
"96" 13.6988882719445 1.14364559050267 0.525640130353388 -0.535124591298838 -0.891437818226152 0.727903660036589 -0.104715085933788 -0.942378130780009 -1.16237988514825 -1.32765180372302 0.089529009838261 1.0365428857403 -10.7400136709598 -0.953770332759649 0.427768704281658 -0.707968294854023
"97" 12.51216443792 0.967957216256742 0.125807730975166 -0.422368046727955 -1.85924933529937 0.604211384677224 0.0691018593118638 -0.870224607708816 -0.103707372569502 -1.12497880664339 0.0336221306087509 1.48741522159138 -9.46980801016534 -0.831532121357826 0.508887347675226 -1.45543104320352
"98" 10.2532831021341 0.552639786399419 -0.359102697120308 -0.107218761565513 -0.973562779712594 0.361599409393073 0.279073378352924 -0.644007166159061 -0.441520741109713 -0.692322219577975 -0.000980809752958556 1.00723716885132 -8.24040012509235 -0.335115127331924 0.262785925331954 -0.89295169464117
"99" 7.59805704644812 0.104839950169062 -0.892753071917406 0.24087998997244 0.00187823918609809 0.0841315045794475 0.506539495636686 -0.375224734782199 -0.818595067563585 -0.206515257557711 -0.0438132484889331 0.449982028731192 -6.72199253302385 0.218237202436272 -0.0023532246200535 -0.257261505658413
"100" 5.03820811842041 -0.261921188806967 -1.37850410376701 0.5130400961781 0.255362441025476 -0.155569102257575 0.71614623675597 -0.153598892421912 -0.629351631280251 0.203309847781722 -0.101094194107129 0.22930574703453 -4.89201036980409 0.634133878375037 -0.139765952130412 -0.11168520100205
"101" -1.39668893494154 -0.856182611807756 -1.05887790088086 0.259771699976569 0.791917719741058 -0.135889533320037 0.779295557310506 -0.0529851921691384 -0.269762302016467 0.376147119003607 -0.0759941008671176 0.00532410881417889 0.658092531889181 0.84517038671044 -0.637461763939536 0.396230298883044
"102" -19.8973043185801 -1.83677501854469 0.647886813699444 -2.11901911781154 1.58820979338589 0.238389471310855 0.632355276052267 1.48064709726522 0.876495802990398 0.2658026037034 0.137689323192366 -1.30012964225836 17.8171139019042 0.928972285031211 -2.25833462733653 2.24058264411727
"103" -5.02401851483905 -1.09686168612276 -0.923367828341445 -0.221956742574651 0.720776161980361 -0.197352476015799 0.775721676151217 0.76514826849124 0.211329136779121 0.518425344644867 -0.100605415436135 -0.668052841594974 3.86174007209805 0.986630370041165 -0.841313725878954 0.893161785239428
"104" 1.87529491227223 -0.885810146577052 -0.794587372613992 0.668477599252892 0.604857145665385 -0.0759505489745138 0.619921863164008 -0.365665521506997 -0.198699852429435 0.276674425383725 -0.155453772238035 0.0393793672838747 -2.53185573615087 0.624825916250121 -0.209836188981461 0.315576274748601
"105" 3.11253494037261 -0.810835666542133 -0.0451831303108284 0.482925563866784 0.568697156302051 0.205695861700619 0.363115182362538 -0.674712288662537 -0.235811223681559 -0.103227051668635 -0.121127575247697 0.150776707172234 -3.43659924377437 0.203425465857447 -0.0981753357415354 0.379787482543897
"106" -2.08874217916116 -0.590485981769739 0.926331922884315 -0.72396748127622 -0.0119670786331127 0.969899078429701 0.074779262451757 0.264044019656801 0.529348156570379 -1.09434110033357 -0.224547032579894 -0.4794176291166 2.705893569398 -0.828718104741951 0.693575709430223 0.081036890651621
"107" -19.943519554007 0.843044080785346 1.61407526110919 -2.18773556024934 -0.0205655983105082 1.83988217968138 -0.166141706707869 2.06628607509449 1.89328559761374 -2.2192979666914 -0.423429142348706 -1.77992112979709 20.5875209444568 -3.18581092997515 1.92412780931175 -0.395864586669669
"108" -14.4377749863856 1.99411226099758 1.8765698450953 0.171575219921663 2.62492765445652 1.18397228495119 -0.356623893439708 -0.844599398344664 -0.00346511651198966 -1.39845164528042 -0.131423112823846 -0.549432311274856 12.5847396917977 -3.90609888046027 0.735708902092042 0.759462488370815
"109" 6.55108060263984 -0.163196103326039 1.9389537068546 0.148699334361877 1.10359695756479 0.873230938099189 -0.448883500224997 -1.17939529863273 -0.882333089095432 -1.06092931701177 0.0118292083675477 0.0558358529546226 -6.40916420191638 -1.16139939975315 0.187315671295899 0.78954897926031
"110" 9.35387094405348 -0.351216638609393 1.89027829100029 0.191674131541756 1.14892495223469 0.783852204637811 -0.506590067478529 -0.955611838660246 -1.22887274484273 -0.969696077421099 0.0365279431553965 -0.122091451161531 -9.11436939417525 -0.796402003134567 0.141575692481375 0.886739917089443
"111" 8.88374095317963 -0.2801341207751 1.70573208280346 0.10098618873935 1.41594050478322 0.65677628108377 -0.51537448193749 -0.344145357440167 -1.47876926590501 -0.826085992295831 0.0462659378337288 -0.617455380522276 -8.89027445698055 -0.639255456026765 0.0648935595163955 1.1237995567971
"112" -3.74408073769867 0.095029393989924 1.61150252742382 -2.77235251071373 0.0855532527494205 0.509921330276386 -0.424570260021308 3.23220545678084 0.0785305277764294 -0.727028641504815 0.0864374464041741 -2.66514617225019 4.08973460221178 -0.412986624736068 -0.659155304431927 2.07453503223742
"113" -7.19824354248948 0.151366563833455 0.725236149439125 -1.87185464791567 -2.29829671248109 0.172625585310567 -0.140550365583104 1.8529051022027 2.39592249463619 -0.245814326350357 0.0740733847080394 0.435500858087469 8.10475625710364 -0.320561654417645 -0.474418493465155 -1.38436604424475
"114" 1.53536682690032 -0.125481979669437 0.145859510306806 0.642331674494077 -0.886586429238115 -0.108298953040415 -0.160252218997697 0.426155533096899 0.974708140700034 0.190612636250624 0.0576935310774611 1.69523718198267 -1.65073542324719 -0.0233181719956814 -0.106641447835255 -2.76014769625639
"115" 7.79779321579026 -0.273952432183701 -0.855794227632244 1.64130856979225 4.31328047058611 -0.532878431381755 -0.0930211955753842 1.99032880808722 -3.95640627286584 0.715787981626635 -0.00951897518024336 -2.73653537158352 -10.3859954068126 0.960044697938858 -0.124702690169148 1.74630866583546
"116" 6.88749538696116 -0.318839676728122 -1.84672526242159 2.18046778315032 5.89933584909114 -0.955616394536166 0.0969369440662707 2.98551614131405 -5.289053893462 1.27463406893638 -0.0457537887717173 -3.9777525491745 -10.6210046329626 1.60420023898575 -0.203485204811068 2.4784051143349
"117" 4.54797426202077 -0.347274295399124 -2.78625704619544 2.64714667213409 6.75912405268177 -1.3470213224084 0.300900304166134 3.81282996872758 -5.89212856451976 1.80279341605833 -0.0780415948321485 -4.50694020453254 -9.12619509796495 2.13759337503892 -0.268408297427218 2.36972960455989
"118" -3.0680110311271 -0.10865496806735 -2.30425793949045 1.84485269981122 1.56478584359398 -1.09057077658117 0.351369135942511 2.56422263041492 -0.955691006731652 1.47912145706015 -0.0470190622684437 -0.0442856677896248 0.847750497730174 1.31395718801477 -0.141964001419557 -2.59548121986034
"119" -3.60783053170227 0.0511723336741841 -0.479300772813886 0.323333152843445 -1.76377958410797 -0.243644361357991 0.10069309071989 0.326360320139059 1.840081252648 0.343348971329272 0.00721848556738415 2.02025318148387 3.88180766285103 0.0618381659057754 -0.00591347767641615 -3.15931586272766
"120" -1.51909262858157 -0.0403490874457773 -0.80362934454457 0.965105996608722 -0.916910803340706 -0.472088271050389 0.065817714489101 1.04201198126614 1.11573707129116 0.657738950172291 0.0166843305964591 1.78377892298628 1.0393928844438 0.370619368582392 -0.0722039577020768 -3.5525819636042
"121" 7.24534086676733 -0.252864000291813 -0.806349671496917 1.58077301037724 3.86526441746426 -0.508929319331538 -0.0934980989291878 1.88757811517602 -3.53481408203062 0.684900989189879 -0.00651670862193665 -2.34332486031893 -9.62882922216192 0.884916010770198 -0.110784444044421 1.2995902545654
"122" 9.20554875246993 -0.262377740535777 -0.0188301010824198 1.2368633031065 3.56083540451227 -0.160156272059034 -0.259313679027862 1.20989065316967 -3.38354379893665 0.223652220163203 0.0121786205368222 -2.18195778991258 -11.0276233302058 0.457225572030583 -0.0438498418610571 1.72372319127052
"123" 9.45712210172237 -0.25891397378544 0.710208024629082 0.853422727113159 2.52582659758611 0.169786445849565 -0.383327430451994 0.448619228255084 -2.48058849070133 -0.201229647370274 0.0329809125901548 -1.31054137373822 -10.4815519719366 -0.018150616554685 0.0177123187903874 1.24277657303019
"124" 3.41764031582583 -0.209267754030805 1.27896192381348 0.208568974914829 -1.55349603380007 0.393090378069922 -0.368857715341207 -0.70805107708525 1.50886072347783 -0.442818667011161 0.0899143436576163 2.32968699853006 -2.71325919750243 -0.640178861899372 -0.0538101920142031 -2.57197271665571
"125" -2.50297679624058 -0.126214000915093 0.301877387092305 -0.041162701010084 -2.31093625163762 0.0537909378010225 -0.006722189835688 -0.503378852524482 2.36793909922316 -0.00445332201521537 0.0365551846445746 2.3915866221322 3.21391997750781 -0.24954451927295 -0.112968405266941 -2.75447007632091
"126" -1.46462508802305 -0.558259276723074 -0.929104343198949 0.621540657383464 0.522993384319673 -0.400732384013346 0.389231727242511 0.407979283789641 -0.0342385057341819 0.643114303669004 -0.11139309076406 -0.371155307800069 0.394415417854781 0.737189117320229 -0.186442134683245 0.186555111514931
"127" 6.56511741512387 -0.503304658980117 1.2952554304513 0.25654185484902 0.854968200382231 0.576075517691508 -0.244554437243844 -0.861860671845275 -0.754961764308369 -0.657598356854398 -0.0154656653931579 -0.0068046772276027 -6.53326229922245 -0.476145094492284 0.0623079145740499 0.688047968864325
"128" 7.53399870690145 -0.500682723534584 1.69948516101417 0.110527685799375 0.696638096137725 0.794576668187632 -0.316477250035019 -1.23840753954263 -0.678420045540001 -0.942456215824575 -0.0024563835052076 0.252270865170004 -7.14243242863733 -0.73867681254178 0.109817708209796 0.650043897527745
"129" 6.23044808195838 -0.599958041788275 1.28594861297079 0.183560546055719 0.601282451544137 0.666861551204008 -0.133894366745755 -1.17118451721425 -0.490346357550372 -0.751578474705472 -0.0352264029561435 0.295075433425378 -5.9789239292628 -0.520149763212742 0.0555230339248229 0.555768624964308
"130" 2.93329249592454 -0.803813425622178 0.108144908343385 0.4978516307489 0.638037507550685 0.196377021286898 0.272300538649986 -0.636366763866137 -0.255748772111033 -0.0900750019332017 -0.11110275281466 0.068637062137384 -3.3624738094614 0.169898320914573 -0.0971211468107809 0.453232938413155
"131" -5.61782695263376 -0.971583035633292 -2.4158555390543 1.1014640884117 0.978216240518218 -0.962477536105115 0.963564691624494 0.964673675679967 -0.0151107310790319 1.4720996240161 -0.231846121022204 -0.71929041547612 3.48761422039756 1.67880809598208 -0.406157105655253 0.250438510540928
"132" -7.32813087956017 -0.485086922042239 -1.06010845887562 0.834898300443812 8.6552278718858 -0.335188775371267 0.439210185923473 0.372203387994346 -7.0795105899039 0.622235659112551 -0.0683743567065842 -0.914769754238032 3.36600307224539 1.56953203266436 -0.545750342774038 1.17285498644383
"133" -7.87826595528054 -0.936181049569608 -1.63061459134692 1.36091580980793 12.5284843120695 -0.356820111980095 0.830355632554752 0.158101401212581 -10.3297276861554 0.76781957506179 -0.136273717014482 -1.11107335102164 2.33520928156879 2.30345307607837 -0.818094498044868 1.7450301749966
"134" 1.03294636409011 -0.792358371597564 -1.75479127150941 0.880371090764141 1.36600210717305 -0.388972025404238 0.910687773514685 0.0352208013945843 -0.984654199821129 0.656882987038048 -0.177410495643128 -0.106503896338936 -2.1292227875203 1.14786807163399 -0.314616974025503 0.221357730188878
"135" 2.95631736874558 -0.566797611576688 -1.70814358894116 0.731581902310842 0.438235523658335 -0.332129851428806 0.86498268284578 0.00112695744203872 -0.445498144073746 0.513797281593854 -0.150980640697842 0.057024254662597 -3.38828014401238 0.940014380548099 -0.231619088934807 0.00587701120871742
"136" 4.00599019788371 -0.366111458733076 -1.17689798243468 0.450793080783008 0.393829636833843 -0.096382018327702 0.68510136085811 -0.270106415196638 -0.601594868688615 0.167191336932704 -0.0778599771841882 0.272488723069841 -3.9793186299549 0.60263648487778 -0.247717077606868 -0.0187484879775823
"137" -3.41315146861467 -0.855669203225166 0.960425210636407 -0.315968474849768 1.26077553206633 0.550063449991238 0.171834564081109 -1.2698755260184 -0.38915571359739 -0.423655098146931 0.1576074835636 0.689478917240001 2.95656043122852 -0.059305024537422 -0.961787704115352 0.634604807883903
"138" -8.22888673590728 0.880414965993218 0.77518204721386 -0.086888675745536 0.845518302505772 0.457923382354076 -0.070111850138114 -0.659614627089025 0.386589193782975 -0.481775950207595 0.0470190444495604 0.131257534195935 7.4240910384542 -1.67648967889238 -0.10127078349514 0.309979835944615
"139" -11.0084267688114 3.70530574449676 0.726170512624923 0.103224389030699 0.780993058310514 0.908748577595486 -0.114301383182639 -0.912135858696271 0.671683503199205 -1.33769944007789 -0.0414867296266695 0.130978847282767 10.5452567570133 -4.67543947899825 0.863211023126045 -0.135284817322301
"140" 10.9638789483193 1.52001366603218 0.595796427381499 -0.474742292743306 -0.616894623761418 0.779568799337328 -0.122450753606294 -0.967517768717074 -1.0453098367632 -1.3794021763987 0.0792482890664008 0.907121518016741 -8.37805191457303 -1.46905482306303 0.48905041478275 -0.589354352356395
"141" 14.5908791288753 1.39053167546093 0.811550452654103 -0.695638462775909 -1.06833383169967 0.828676796390345 -0.239024151774849 -1.00732561467682 -1.26074178135816 -1.529021113546 0.108821689508356 1.0724489524726 -11.2149539820633 -1.1730749732838 0.519497040848671 -0.736001437064289
"142" 14.5961298553792 1.53775782350871 1.07265405116448 -0.839987026095648 -1.32713115599141 0.89262384337653 -0.344886334893446 -1.06723877303378 -1.16901156503784 -1.65447664403694 0.1231271825599 1.13428228766957 -10.9154110650995 -1.3250825919797 0.557466692033399 -0.784734269856934
"143" 7.42471738889776 0.710132981473288 2.25409500926356 -1.13258908292676 -0.215229770513059 1.16301502432824 -0.529749991578124 -1.68706404088788 -0.988160790121011 -1.69482112918243 0.273935594334163 1.27139355585561 -4.95026751531939 -1.36212332880862 -0.203646717669031 -0.0649718646653845
"144" -1.26539010335691 0.14419865797409 1.58868537028485 -0.69741332864776 6.14942878898357 0.866492711659235 -0.340353542687518 -1.06760336651445 -6.04035427334904 -1.1100709986514 0.146806434793616 0.766441818830452 0.822221059598311 -0.208887285188179 -0.145198042184838 -0.0279144042313826
"145" 4.26745991279742 1.44405150163695 1.15407008111325 -0.852738001656047 9.6380891676731 0.928230528161553 -0.387910584357001 -0.756740245036292 -11.1944527962717 -1.63295841380016 -0.00591709240128602 0.992947931672207 -3.66774977670767 -0.0733140331601523 0.846506897842504 -1.11103233211662
"146" 10.639528066688 1.76310283749349 0.94842410342992 -0.905961721148693 -2.53316654277071 0.379170189138743 -0.389862373584657 -0.599433356785713 -0.317029937360996 -1.10295380910714 0.0146017333773121 0.885238978761823 -6.79123191871212 -0.98745247637398 0.661618576505021 -0.962032096819115
"147" 9.28129135863212 1.64459433022281 0.764058907380181 -0.83346077099152 -4.63437659006301 0.00118502231270012 -0.335515571981613 -0.396593216910593 1.75654769138574 -0.607994393845761 -0.0203018930082898 0.714723397817654 -5.33762680174937 -0.823730709954993 0.532849603025708 -0.859806186370808
"148" 6.98246914966929 1.42438697002336 0.566790285445906 -0.732132124206186 -4.55715202848659 -0.40454523741887 -0.266156794621901 -0.191610719805511 1.83149330217959 -0.0436425873935447 -0.0615112581255879 0.536633691662988 -3.59162002828426 -0.371440759958724 0.387008918337357 -0.739533073930009
"149" 2.0454169016978 0.81685616757349 0.434072601263721 -0.39969465832561 6.98826094186783 -0.309462604820012 -0.189657265379441 -0.156632505985926 -7.38900908288693 0.0419931462443783 -0.0781587796805526 0.282898898048423 -4.22907344286569 1.42840064847947 0.318932710447191 -0.36860861679884
"150" -8.33775882142877 0.526831895293206 0.49822860607447 1.0030030393352 -20.3139618347604 0.244728219871072 -0.0145299163873588 -0.368772747989665 34.1449590862713 -0.560174540363736 -0.155986049674073 -1.36096832964872 -12.2125398167758 2.15902891341585 0.179529662651632 1.73913799533156
"151" -1.43046032574501 0.841281780812242 0.208993856484907 0.246689237121835 -21.0178516106465 -0.906873280405919 -0.036547687539016 0.0595047005101152 26.6515082279606 0.791443721305242 -0.15923222373784 -0.711772636689327 -6.93622111361358 1.01817823706593 -0.0787129957925483 0.791989675093763
"152" 4.46984697625723 0.73177123136264 -0.072918450768233 -0.433462256015817 -9.63741423983791 -1.43768689067626 -0.0558317808130364 0.358631109960011 7.06476609334511 1.55614704861605 -0.106523814845472 0.0635482560120266 -1.85049044880898 0.494385684988274 -0.249461689859225 -0.187658929701865
"153" 4.90506432452042 0.53763829781814 -0.160130243087041 -0.3910163273383 -9.41238281374255 -1.36748554470251 -0.0315088420069828 0.403213997778672 6.56039585218258 1.59906543080536 -0.0905984578130236 0.0314374763510372 -2.11564919079467 0.605390159303356 -0.338478983449601 -0.0992047497924489
"154" 3.72337258947363 0.0727028163836363 -0.30370959853032 -0.0429411425456672 -7.46281880518231 -1.39377539950548 0.0416272296414746 0.35311728222912 4.58320479491931 2.10700127450373 -0.0511936378603369 -0.211131886158093 -1.37427972977817 0.377247743022282 -0.515188681345411 0.365092946538713
"155" -7.81832098015194 2.14230200455341 -0.770871639150682 0.550637935403983 -3.59378342532929 -2.05050039248169 0.176349415026646 0.424267255676121 1.0122427677569 3.75324855780054 0.0838877847052213 -0.498770281419883 9.43694050650386 -3.29573354079894 -0.908976679599058 0.974143044247228
"156" -1.35830121125312 1.40281584959392 -0.425942111977833 -0.0802677465781563 -8.55683428878626 -0.772912348249729 0.0449120861942949 0.474582861999091 5.98569650019596 1.47838604940002 0.00443482244486471 -0.128009160591279 3.539046229734 -1.18297547586439 -0.501650869981577 0.213793393001509
"157" 3.75550309819166 -0.558230577854799 -0.184410262502753 -0.039637968645343 -8.66288670791779 0.234691413009074 0.0237569684917371 0.289054985109012 6.08257895497828 0.325569989661244 -0.0347486743362578 -0.226017366461919 -1.72910500453303 0.787763783485439 -0.301611140094783 0.313243941973813
"158" 3.02192460449075 -0.931212000856557 -0.0938448559201807 0.058754508084061 -8.16308087532975 0.958137472925489 0.0199391819503999 0.185626831660474 5.80950085634579 -0.370493113991062 -0.0258884101106173 -0.288276199857844 -1.24449066795791 0.788463489330802 -0.175423465146038 0.377324394993707
"159" 2.05039471618081 -1.23094967545072 0.0145576664631108 0.143330500175928 -7.63674990557972 1.70608550514364 0.0102091453458297 0.0731128849079064 5.58410496396649 -1.11814792739041 -0.0177688563376217 -0.331881537915553 -0.535748880633026 0.70185405420527 -0.0229704836860583 0.405306365249317
"160" 1.15164960373649 -1.46760481319014 0.122789482714702 0.205494237091306 -7.15228452895448 2.37734180116058 -0.00218191416530497 -0.0342370263884688 5.46316857192812 -1.8130778541436 -0.010830267519872 -0.350799355676093 0.0897325973832679 0.584643608935423 0.130493156178301 0.397879183497349
"161" 0.527725076222595 -1.60909578559443 0.204603042565265 0.236649134675437 -6.76795675514657 2.84570161149142 -0.0127787763531082 -0.116500961057227 5.49421421067265 -2.32043261838953 -0.00418163387468939 -0.337447484764061 0.43225398068855 0.451419092768427 0.252224430097157 0.355681345778535
"162" 0.329793409451248 -1.63144757147124 0.237701477169439 0.231265116490054 -6.47921074676789 3.00510587494542 -0.0176150259030846 -0.157368407644232 5.66394026512519 -2.52536602381382 0.00299811811170536 -0.28712294557244 0.338550657928923 0.316075848751043 0.314144472323163 0.281966225525359
"163" 0.577946186828273 -1.52539378366446 0.212623572861297 0.188516301255034 -6.17024080430525 2.80973102678729 -0.0149428566653214 -0.150310103610888 5.85596558103725 -2.37795816659054 0.011064695950697 -0.199707604586932 -0.220408957907517 0.186356503723093 0.304019984389865 0.18091555074966
"164" 1.11942079344855 -1.2993759719738 0.137099998962729 0.113035200602921 -5.58499727108713 2.29359103019443 -0.00609088532359417 -0.10156966689147 5.82482421988087 -1.9152882072433 0.0197109033304903 -0.0804898437026864 -1.10882148599621 0.0611520883939205 0.230950996361561 0.0567648388612341
"165" 1.65010354004776 -0.977456967649379 0.0329803993193709 0.0144926690519456 -4.32797715960889 1.5566126141543 0.00514647683205191 -0.0280649148675265 5.19463183746828 -1.24574922556813 0.028103299617085 0.0602587084838788 -2.04706742608044 -0.0674543378967005 0.121468356165659 -0.0853729886373067
"166" 1.77540145231939 -0.591492191417164 -0.0732325954669853 -0.09529005484137 -1.82794744112968 0.721601557303998 0.014198427553333 0.0491070977959338 3.43481401466606 -0.501867316554106 0.035493737436581 0.211163865161351 -2.68308495928422 -0.211636118764555 0.00822937152701897 -0.240320402868409
"167" 0.986623559036714 -0.147919397941024 -0.171582792273304 -0.226089322843725 3.74175189801077 -0.168474662242791 0.0165730231295175 0.117170890214459 -0.995396605996355 0.25661315158469 0.0457554657259439 0.398251665947422 -2.72602708567042 -0.419800130418298 -0.0868448561828998 -0.440127305422514
"168" -1.20901976909895 0.380584599455748 -0.261737848791845 -0.429878182536564 20.0381999845386 -1.09587384965981 -0.00946962117949595 0.137248224755683 -15.4274491530986 0.954186011440428 0.0856220244873559 0.727983029388984 -1.94963606584535 -0.731883628491933 -0.126626342239482 -0.764664294610082
"169" -2.54010145902372 0.590236756236369 -0.208080078107504 -0.495166628118136 39.7334012194796 -1.12357440468317 -0.0773238769978374 -0.00599854809834643 -35.5492157097755 0.771820368476916 0.141960915134975 0.866670836417128 -0.492883707166088 -0.632848847996262 -0.0134748744577164 -0.80126969990922
"170" -1.28920242870749 0.288934068413239 -0.0805228639197246 -0.242852372067208 23.3804781373657 -0.460819267340452 -0.0544900438977461 -0.0445475731388701 -21.6519557511141 0.255393522318269 0.0826731725245145 0.434768613072313 -0.00349358295260327 -0.247295791994111 0.0275767386338166 -0.372492113837692
