"V1" "V2" "V3" "V4" "V5" "V6" "V7" "V8" "V9" "V10" "V11" "V12" "V13" "V14" "V15" "V16"
"1" 0.0429804206947292 0.1774259283951 -0.0616725348309092 -0.339930134602774 1.13275984067287 -0.620952045760598 -0.0129396127985751 0.146238555138182 0.993410268943419 0.338863689160474 -0.0101270887344809 0.180692654676424 -0.0643698539730549 -0.500103587756952 -0.0545333374862245 -0.386262040660974
"2" 0.0409769588176274 0.27569036507953 -0.135650623618356 -0.619381454918215 2.06919926728798 -1.27226403560516 -0.0144006481922613 0.283493824363514 1.86977107541965 0.785805242550793 -0.0239688728314244 0.333534142939926 -0.0871727413120152 -0.877652376222439 -0.128216263429496 -0.711344580645624
"3" 0.106862795671376 0.285115567292124 -0.0904160094836862 -0.520629027622229 1.72111023678771 -0.802951959717689 -0.0243234511413577 0.220073476421727 1.46757848668173 0.376863478252855 -0.0089476277753785 0.277394130697542 -0.113144046819712 -0.796438934331825 -0.0734384925640632 -0.585356399971865
"4" 0.124446550870282 0.203000479536469 -0.0792486980001288 -0.401204018756323 1.31146733429092 -0.471012520784361 -0.0196325613876001 0.175195987294163 1.08523775796584 0.174927801026013 0.000373526660503332 0.218270555311814 -0.0930335655824039 -0.641927229187972 -0.0617502959947731 -0.445119725706446
"5" 0.096060446349396 0.000325344099073616 -0.115809789934563 -0.277478858291724 0.903278069166313 -0.268156055440343 0.00170473622550989 0.163117759484397 0.783450249055355 0.186211403062447 0.00532786041929781 0.168655502581625 -0.026427157914347 -0.448106324169826 -0.104628164986339 -0.310646011941078
"6" 0.0821354452920282 -0.189427334962957 -0.139915952252146 -0.181363685390888 0.609080773533246 0.0106611147836158 0.0163352171206892 0.150524475604441 0.548581971612204 0.0917794046709481 0.0136282071412857 0.131809907559213 0.00949170084699558 -0.329644904983412 -0.12834710655494 -0.205530623750939
"7" 0.0680279504211944 -0.371410132122079 -0.14665871885632 -0.0921392261850991 0.35701136544216 0.347298404891465 0.0256998924419512 0.128351688424121 0.331814597417728 -0.0814615256769924 0.0230965171912312 0.0952145448855943 0.0248236818349786 -0.240782344127574 -0.130803962636594 -0.107522300870611
"8" 0.0478324523221663 -0.541472664482841 -0.142432423436397 -0.0103789066473308 0.137064616478449 0.682494470307781 0.0317440010765798 0.101705102811612 0.139216363529224 -0.273456492416278 0.031351195273839 0.05919585216833 0.030837024859391 -0.1640415790181 -0.121271431028095 -0.0177196441625842
"9" 0.0256850032704257 -0.681346651776204 -0.131611636328874 0.059592791226817 -0.0511401314315063 0.974640321785318 0.034694416520673 0.0751385466070346 -0.0275046972630887 -0.448554867451635 0.0371021639489306 0.0256218459621862 0.0319293619237148 -0.09402156299652 -0.106071642352382 0.060396896308859
"10" 0.00593367096494229 -0.772524129488871 -0.118896900130032 0.113708792060968 -0.207477909140651 1.18097957040092 0.0348719553564891 0.0532643440968097 -0.167299877339067 -0.569128441478216 0.0391310268160699 -0.00357776731537118 0.0315562549174527 -0.026146790789323 -0.0919679505511852 0.123623646435177
"11" -0.00804047955962506 -0.801558953601427 -0.108124552604732 0.149148049275385 -0.332293723076549 1.2684681945116 0.0326418358655036 0.0396373202841797 -0.279771954363693 -0.605277622705688 0.036544035727113 -0.0269463852935221 0.0324363778700677 0.0430247174420344 -0.0844285540622787 0.169749916488007
"12" -0.0143036723290925 -0.764051822194257 -0.100844557841879 0.165005499042554 -0.42689897356305 1.22612365019305 0.0282019355871832 0.0355706039652695 -0.365566261144471 -0.546819589656038 0.0290914314168582 -0.0439565273939739 0.0363519519305641 0.114868972617855 -0.085572827736244 0.198086606079768
"13" -0.0125168321536464 -0.666053863435809 -0.0958055644381288 0.162521057261224 -0.493767056914671 1.06953166434912 0.0215031127156786 0.0397105853331846 -0.426515350149935 -0.407698828324657 0.0172843670411539 -0.0551717389374526 0.0440944436150148 0.188363784763316 -0.0934231022658072 0.209646741126043
"14" -0.00504072706911152 -0.530759274464836 -0.0908246617527421 0.148268495138713 -0.537527460727284 0.835466619605437 0.0134373277350822 0.0476633827266622 -0.466763926059871 -0.212813708466535 0.00285874648773404 -0.0624081864857242 0.0542936471141977 0.255356828205946 -0.104107604510178 0.209402220847529
"15" -0.0852295955837593 -0.579893646494353 -0.203487404751557 0.291038017831885 -0.631599227944318 0.588982878774497 0.0643512028274289 0.0352109297158325 -0.564690897664068 0.355604288588117 0.0390918625042205 -0.0667572408040513 -0.0165010519203881 -0.0679579488839871 -0.222900236928259 0.323241355830195
"16" -0.383436943695289 0.392145530282075 -0.797015707626477 0.552782761002968 -0.846782758377881 0.227471428049246 0.218281580541684 0.15454692230605 -0.785904444412931 1.34253074255817 0.244096114176867 0.0403671722471728 -0.270001420387852 -1.46846048688666 -0.752041414729032 0.550299400288367
"17" -0.0575135290656742 0.40052610332837 -0.25366628455956 0.11705425013933 -0.625502710113872 0.00987554078200339 0.0233738593714036 0.119271464124168 -0.553419913571717 0.534518147429236 0.0290200711545492 -0.0267761307379879 0.0165413581719914 -0.0676545611835113 -0.281562960313392 0.2137904785579
"18" 0.0666977581301247 0.166163334272995 0.00169171705026461 0.00500088493261541 -0.543544574539365 -0.142097848324933 -0.0452709700414888 0.0599580032917127 -0.471257642229791 0.402472338269913 -0.063732273300398 -0.0773441827113133 0.123005925777336 0.45902076754954 -0.067127459891988 0.120246734915962
"19" 0.0820510129497573 0.293377303272622 0.0511251145699703 -0.0320709603334397 -0.521288256795963 -0.290829784134381 -0.063429095802249 0.0454993745413169 -0.451418239378241 0.452094615060933 -0.0792153281782571 -0.083253332668602 0.135936643443838 0.492004118796238 -0.0260316569917112 0.0901502011170923
"20" -0.138859306764573 0.461044064674247 0.164690847152129 -0.123627024034049 -0.526163246474981 -0.309797423662214 -0.0901499590510266 0.0235038862585628 -0.499547954211595 0.407721888546698 -0.102455606738438 -0.0455398957596724 -0.121305939473077 0.715026549866876 0.0944767719940398 -0.0454810117410069
"21" -0.610109569671747 0.535057936522644 0.305472350513866 -0.247923494156078 -0.441537263210114 -0.0886421658212897 -0.10175989743938 -0.00688585473351556 -0.51283041126857 0.163985141741015 -0.109197075941887 0.0594092322451522 -0.674290701707329 0.998958766755214 0.277910548420633 -0.296855391575151
"22" -0.362119257644415 0.616147841307169 0.332748597146979 -0.23188940738868 -0.457300043280954 -0.290540390764779 -0.123004609102725 -0.0362107676402531 -0.482639614985489 0.264749446776602 -0.124857329760697 -0.0059355208866676 -0.38649244176093 0.878003310986378 0.279992945514747 -0.218983451615351
"23" 0.104964406305963 0.544149853196399 0.247792674637965 -0.119884110433437 -0.405284486923767 -0.539914104770646 -0.114190568904357 -0.0532204291136733 -0.344743607928742 0.411827065637192 -0.116191955229026 -0.115665140217718 0.161758744530914 0.513304289297346 0.175100815495187 -0.0107440584578873
"24" 0.136293489951964 0.470529942752528 0.240410186206492 -0.0944321819672274 -0.375024079425896 -0.629298137419775 -0.105712770577054 -0.0647911626239487 -0.296294478816102 0.477901744511489 -0.121704704336304 -0.144261369715237 0.228790906910505 0.515173861472359 0.199949986112214 -0.00666429957040737
"25" 0.0829735127903212 0.366479640565818 0.23213516694462 -0.076378299925085 -0.360849121059571 -0.710545448464227 -0.0926736256584907 -0.0671525099599496 -0.271074680469736 0.565956174996863 -0.132881987644415 -0.165267585223788 0.212793148792034 0.617955577246532 0.25427118214781 -0.0469782305982793
"26" -0.283331725662606 0.322769143139937 0.359727614741491 -0.181607417746809 -0.330892173074262 -0.502482384417601 -0.101414451086379 -0.0919901561469541 -0.325071237956411 0.424279394084181 -0.148057796640646 -0.0768644147303466 -0.24286032998131 0.873096253641172 0.455089070442372 -0.308983342238313
"27" -0.146608092243459 -0.52974563885002 0.631710210069343 -0.044594282220282 -0.0659854894080575 0.00960387674522998 -0.100346289676262 -0.339838426437154 -0.0923792068205492 0.286585385551531 -0.121956686318609 -0.0746552074345956 -0.159127470395139 -0.122453892009555 0.768295205000805 -0.325937273254219
"28" 0.071957896068762 -0.947251719241438 0.742336778805134 0.10579042222212 -0.117221450952697 -0.308174410019367 -0.10649000975496 -0.469459314875147 -0.0423243779505779 0.690068288688179 -0.174471221590674 -0.268863579188763 0.227905777244427 -0.23682602349454 1.04247853511647 -0.290177294772999
"29" 0.0287846945423452 -0.149920095937489 0.0660414924552561 0.105511881471568 -0.260767257775331 -0.750802634288727 -0.0139059376701929 -0.062727277843676 -0.118765295584673 0.673521740855663 -0.109510242682204 -0.293731419445866 0.301055139893632 0.698485768274352 0.400851900038565 -0.116408291669813
"30" 0.0129524499063978 -0.15782189570593 -0.0413725203211186 0.142711296650311 -0.241885236283538 -0.721992204011715 0.00989581454641977 -0.0219689550202856 -0.0957322245009657 0.619883690365914 -0.0754156938887446 -0.312119566111726 0.30033049447042 0.751033471104762 0.345911943994591 -0.117215947157767
"31" -0.0202971741832279 -0.162004015933391 -0.105333390932449 0.0615467514734517 -0.220194718634682 -0.641827752801001 0.0255458525718357 0.0652694311425643 -0.0902423065502811 0.542845680198316 -0.0360837827965075 -0.201510489780177 0.243732774123163 0.777635338094846 0.327805160226644 -0.303800496507127
"32" -0.206230786598519 0.215122184457613 -0.136134458148679 -0.842237297491384 -0.225884240970048 -0.417190617989016 0.0322965248328311 0.637201616228132 -0.222904133639223 0.306841647552229 -0.0165480153870528 0.793929261439721 -0.176368019821619 1.01371174295878 0.324519578072405 -1.61308277357697
"33" -0.0302397501764845 -0.12629907212516 0.156594035562853 -0.334628562443396 -0.00477508726460965 -0.52928431531348 -0.0113097628689276 0.123394145474209 -0.0401227924971749 0.710893552880199 -0.0283096975096186 0.335483214819641 -0.0945465868333156 -0.0113557282322941 0.320805013252351 -0.766659334907933
"34" 0.146722697219493 -0.784085817996319 0.418558969225791 0.191179303207557 0.112552956983567 -1.40622277274973 -0.0404186954623338 -0.35293679113574 0.111452043436336 1.96612479516659 0.0290512526403582 -0.214682050958372 0.141702719071737 -0.636439884365345 0.643214286667208 -0.448143475781901
"35" 0.0340111454161613 -0.288499484535211 -0.193596609380762 0.268365165378296 -0.0415527498823446 -0.3879546056241 0.0142626738527017 -0.0332188174392601 0.0303653741495476 0.406829008586584 0.271914465569871 -0.296706363312562 0.183843193016558 0.290906345033578 -0.0706700891858203 -0.105388712785507
"36" 0.0285458864972076 -0.161702893127395 -0.283060051934892 0.269049169583078 -0.0274965474941768 -0.12157164771691 0.00300469793303071 0.0122600986125832 0.0302884356475008 0.0668096028848039 0.401323368960781 -0.270084636753413 0.147601729031449 0.316661826260528 -0.352651847592523 -0.012774700048368
"37" 0.0202826174559079 -0.0964966424850029 -0.284777073318941 0.26757553740998 0.00830874105246597 -0.00363778680120613 -0.0210639142365783 0.0103032649314568 0.0344546621722976 -0.0415213731782613 0.509321678400346 -0.237754045702774 0.0736982619364613 0.227443363339267 -0.55434183446343 0.048185712735954
"38" -0.319574229039658 0.0639011967965198 -0.344000797704638 0.333374991108365 0.0122170916176434 0.096336826095715 -0.0176683796684804 0.0469764609131214 -0.0818743450004057 -0.042795650083964 0.504987616015182 -0.229512830865586 -0.475767363585844 0.496123638140398 -0.717055959121665 0.247806189328657
"39" -0.251940233394059 0.14503213191556 -0.135117926458509 0.125436825086939 0.00824705429912017 0.0801401620447496 -0.0170588679312871 0.020182257104442 -0.0873806808669336 -0.0140496996145664 0.256138213561305 -0.0404797220697046 -0.425860436420673 0.291742628505836 -0.537550856480249 0.223420052150276
"40" 0.0792505954815892 0.362046459898957 0.013437153977072 -0.0543240617564732 0.0917677021853074 0.262398697037425 -0.134825410292458 -0.0715328288943706 -0.00453459278870045 -0.251997716772789 0.763791610123241 0.193237706737777 -0.158547236638567 -0.193224604295406 -1.59365700764326 0.373522752587679
"41" 0.0725815128510635 0.0594177900491252 -0.164827153478341 0.172130257718602 0.106196776797339 0.321059023489183 -0.117772832234278 -0.00893884761111607 0.0709780602650719 -0.371820553678973 0.666740168147334 -0.096548636078194 -0.00567406261603409 -0.17865217018238 -0.806563429960828 0.180841934066954
"42" 0.0483096239704484 -0.0804656145408325 -0.194704392400468 0.222602255413895 0.100333694493126 0.321945482089548 -0.100739930464452 0.0212367184500381 0.0939457422766941 -0.392542691704624 0.480945081575134 -0.184381099423511 0.0489612303224265 -0.178249986018112 -0.25657660701588 0.082945855349255
"43" 0.0287957808977046 -0.142800196008845 -0.187543903317889 0.216429339885386 0.094718647383436 0.32186390669147 -0.0952176022891938 0.0335615773951515 0.101715825533822 -0.400368630995806 0.351094885590327 -0.190459903392442 0.0682310056912503 -0.188546391200313 0.0527260455924998 0.053284282998078
"44" 0.0192600332100124 -0.116083527844466 -0.150446279581086 0.160982309558185 0.0893147184031231 0.314239646991786 -0.0991362754575456 0.025160765791009 0.0921283727202612 -0.386225215418157 0.309895271393513 -0.120134053730666 0.0499359151856698 -0.198179045555804 0.0442822778280427 0.0920231896210009
"45" 0.0449114461631143 0.179203033796029 0.00752237808859219 -0.0286151215491056 0.074081620144546 0.205775071156126 -0.103727787704792 -0.043209308488506 0.0173581801791944 -0.202810332107899 0.457344128392337 0.126848569690693 -0.0876777295144848 -0.194167440234062 -0.845430280965448 0.257802110425615
"46" -0.0558372639672249 -0.272765973407162 0.0512905336381573 0.174569452510764 0.102685454010123 -0.435372186734474 -0.0220112643539872 -0.114643348163091 0.0468012330070612 0.760100577833777 0.0322538184332612 -0.0420314825697574 -0.165959578768569 -0.416752375075878 0.0658954831093035 0.209621473078313
"47" -0.132591843613265 -0.59471061312167 -0.0314663802633903 0.269756116172334 0.137717551975443 -0.490253832284276 -0.0411122937997909 -0.131577221717567 0.114980713155198 0.864376427805054 -0.129799735480428 -0.0487588138031869 -0.131149163965692 -0.545530515415089 0.790769241958387 0.283387970037849
"48" -0.110184108279155 -0.344738473017837 -0.136994061617 -0.000185719886965308 0.0235141472593329 0.129383012682062 -0.053855357446151 -0.0263740797205619 0.0859592985886822 -0.176371483047163 -0.16658364985802 0.186794197359654 0.0844888238678865 -0.058898169041235 0.831995997792397 0.18850979897303
"49" -0.136329982422414 -0.315539391415876 -0.122780498214568 -0.109832080825866 -0.00341119931322655 0.123094427698995 -0.0497612236580391 -0.0727792251193607 0.0682281548515044 -0.185269488009922 -0.205032113339617 0.391195590633362 0.0802252529976746 0.0323487146839116 0.737014741299562 0.27098253759463
"50" -0.158314140106513 -0.260959392107769 -0.157254025373416 -0.32891402101383 -0.0134601765846667 0.0963603679977778 -0.0263132876200184 -0.0259625646555364 0.0477262318674748 -0.1357062399376 -0.224658679289474 0.62055043673088 0.0304741132235189 0.0690128229577714 0.579958302228275 0.36024189868693
"51" -0.0885848350968085 0.0205233900473777 -0.534096197407292 -1.07328433138987 0.0532260351601411 0.21607312631486 0.118953392550268 0.779335719605472 0.0166453454968153 -0.185537492317638 -0.176646723579387 0.550586606422331 -0.161278745007281 -0.128122379038937 0.412036451395042 0.208936131974223
"52" -0.0734635479134192 -0.0559490564869924 -0.0723408148324959 -0.367369589571515 0.0825779202056114 0.191089455474152 0.0237490527410397 0.148224884253893 0.0340540358248255 -0.116948637938527 -0.0621589659881133 0.260015128399137 -0.173865429434252 -0.214173604108349 0.155125890779253 0.16972435298753
"53" -0.282321303378327 -0.304750877815785 0.3105399487597 -0.360787287314139 0.105384485133043 0.245495250036514 -0.0838928595571086 -0.680016042820229 0.0673648011928797 -0.0863193830796077 -0.149127391234318 1.23856548845983 -0.316040744994558 -0.213363152175318 -0.0511480180457689 0.757175170576005
"54" -0.294213473746229 -0.112243077026364 0.168811033168055 -0.772432938992803 -0.0881541642447633 -0.122944747363093 -0.058858889165217 -0.812101988536569 -0.0421078809800366 0.185206238708981 -0.150176884214977 2.13245768310558 -0.145663631333148 0.364689964131058 -0.720944487115212 0.951171144684153
"55" -0.299287643445056 -0.0593128045942857 0.179192223609749 -0.869528064668863 -0.118464354836789 -0.190487796360737 -0.0563953075237726 -0.898124076931608 -0.0661682165729429 0.249389062890598 -0.129897236438888 2.38233236364267 -0.140780948843068 0.461860868933631 -0.95507583897061 1.00969422545529
"56" -0.282416082346649 -0.0764092170974645 0.112693564448469 -0.843261690703449 -0.104615358679486 -0.151849667450648 -0.0450633954447904 -0.735088997036942 -0.0534997573734371 0.200685417644238 -0.149664342217923 2.15054515189483 -0.126049868391311 0.409671194624028 -0.749695349456492 0.930819245140523
"57" -0.177108430503032 0.0663688083768251 -0.329195547903071 -1.30298365436338 -0.0106362165182183 0.0616904034218526 0.0826053432650056 0.285596836351234 -0.0332371188330121 0.00139231593206635 -0.158898413823716 1.44949085665927 -0.215022790981362 0.103453340516025 -0.263439690199391 0.575878685585838
"58" -0.0347995176480116 0.154250814204842 -0.510959548360718 -1.12963569403813 0.0600655144566759 0.185737752441156 0.142810675017469 0.861429540880717 -0.00921705861924961 -0.13141625035751 -0.0919030277988039 0.450848838273978 -0.204145531390294 -0.151048499741614 0.119336348507369 0.110392348506032
"59" -0.109995162826339 -0.0164654867196088 -0.493809002621844 -1.03913538484625 0.039843618886937 0.195413867798299 0.101598072507674 0.67209213364265 0.0178305292879937 -0.172461732673902 -0.194777706846058 0.650933562609987 -0.1429724954426 -0.0846640802706911 0.414799867951988 0.26882709092644
"60" -0.162122732956968 -0.274423219767627 -0.129171865451083 -0.282298910120955 -0.0184151393572885 0.0852643947279466 -0.0353266042667245 -0.0818372509072647 0.0482435926362105 -0.127790902125147 -0.225151849027231 0.629499311791839 0.040966584683066 0.0837989204918423 0.573812717858328 0.370804097311416
"61" -0.136381655018435 -0.315696033934501 -0.122413313229654 -0.109359125100195 -0.00339177464728753 0.123274925872693 -0.0498678901331731 -0.0733628454525478 0.0682715152192846 -0.185494972329207 -0.20503158912108 0.391204645425828 0.0802517584529328 0.0323253028525112 0.73707796549019 0.271089914174306
"62" -0.113650195477732 -0.345706655959515 -0.115326737283472 0.000325246476447827 0.0347182815366966 0.204984013141767 -0.0594709737360608 -0.039984162189555 0.0934821740045016 -0.265259674228082 -0.166216947436864 0.180859211176868 0.0741051521277387 -0.0811641641132306 0.856220862675659 0.190410790564272
"63" -0.134797029837567 -0.501305377743466 0.200400467984341 0.0938112043336813 0.221965462796641 0.449529227656135 -0.106321409390112 -0.175163600618369 0.179964695936187 -0.33349030272481 -0.113380885317615 -0.0674371572699464 -0.16883130983598 -0.65281553211367 0.992506397972861 0.247135398340426
"64" 0.0227090869748902 -0.483110371810799 0.494286534131866 -0.849828424873146 0.225897858272164 -0.481802360043628 -0.116936843027646 0.346660326209264 0.130574992891636 0.916660562886049 -0.0272414447157289 -0.0317116617740076 -0.175076275359476 -0.922720882617009 0.515939657642945 0.257129761152426
"65" 0.0206367246876966 -0.338941656404717 0.0456727634160043 -0.292062888603984 0.116760461263337 -0.0966616515428927 -0.0971818451233258 0.240604000912541 0.111918987520028 0.2069267815695 0.0829982040084458 -0.105059633247045 0.0379433246332528 -0.428298784954648 0.52206724712238 0.104074282696583
"66" 0.00599429995696488 -0.208096498637488 -0.177748238587091 0.191182192257281 0.0852037452661365 0.299650101450843 -0.0870763955360205 0.0473525564565369 0.106711394424843 -0.380150864428805 0.214725087561652 -0.179139639733647 0.0863528094397983 -0.187214940258369 0.350264657411697 0.0348484982350268
"67" 0.0294854645386773 -0.144232813609052 -0.191794352699142 0.219472286610434 0.0959443295656259 0.324768338390273 -0.0938500065580115 0.0348810468247263 0.102595846019468 -0.403156675860327 0.34901757278469 -0.192932360930027 0.0682048931573505 -0.19287326309657 0.064650066751931 0.0461109915677618
"68" 0.106159639507764 -0.109380553713211 -0.462198023078419 0.400776690874837 0.188826352357079 0.529473488867971 -0.0182806309532381 0.097382946140523 0.143789189732219 -0.583316740038466 0.416229684820091 -0.306649574697157 0.0183698016195026 -0.488254240225151 0.31885610407579 -0.358700575022992
"69" 0.288284733920413 -0.140603458085028 -1.25451307713226 0.920480385266794 0.44610914032409 1.11705933517716 0.222511065204211 0.308181549229502 0.278962118270831 -1.11285204740544 0.335994403351839 -0.647875930880639 -0.0867262805326147 -1.36162696394749 1.71264371389705 -1.61455933590966
"70" 0.121000372555832 -0.0326049211496037 -0.469091421089865 0.392201001647024 0.171129952470168 0.452016779038443 -0.0156908837354031 0.0724015085651844 0.119673033965602 -0.491657504283323 0.586740976190826 -0.280189800368521 0.00420448152748398 -0.376208517212291 -0.17980855590929 -0.282259618999449
"71" 0.0665008639874839 -0.0142200488405494 -0.245112259013033 0.238775460466936 0.0717876110623747 0.195380542428444 -0.0733378813335475 0.000587641944126971 0.0641235121972886 -0.246139016671613 0.648700132377307 -0.179462603374486 0.0448298419276092 -0.0141099370603983 -0.756093633794673 0.108280179874203
"72" 0.0566708524660151 -0.0495956315221655 -0.262262076770555 0.248317777206875 0.0434139148202318 0.102458121007878 -0.049942268588766 0.002251956662223 0.0532018114835581 -0.152059892693333 0.599881527131321 -0.201530180241745 0.0713014261507758 0.0899476316292945 -0.699859542401872 0.0827092488664078
"73" 0.0431815033992209 -0.103421895607309 -0.27800839199558 0.260640501050778 0.00976414718755061 -0.00456093802689037 -0.0225657194325808 0.00752648534194428 0.0423996502245109 -0.0466477547222764 0.510727331061515 -0.23476231261778 0.107325931085193 0.20226393025117 -0.548019363183238 0.037174516124475
"74" 0.0284977715098125 -0.161232235083914 -0.283531785558292 0.269026530180838 -0.0276413772616779 -0.120638826075206 0.00305344609308766 0.012548780541612 0.0302226111620401 0.0653680543638877 0.401426147086585 -0.270087259815279 0.14771299071614 0.317406348736639 -0.353158539311863 -0.0125069170297252
"75" 0.0153829847703675 -0.210590023560378 -0.274920431883358 0.269791944173407 -0.06645618103552 -0.238830408340801 0.0230767170974568 0.0149577631555144 0.015904293905978 0.177642247361821 0.289186002294487 -0.300813165784549 0.18745315767083 0.427150880455969 -0.155589873291502 -0.0573691381800643
"76" 0.00571909854261832 -0.243158144510806 -0.250730701976618 0.261038656169184 -0.1049930258403 -0.353887654729815 0.0352978846554497 0.0135283356123114 -0.00102100910301212 0.285457826910741 0.185536862239213 -0.322796113095031 0.223099593236733 0.525491892693843 0.0182893803010717 -0.0919414794797557
"77" 0.000503220932743909 -0.254678089833737 -0.211967661741096 0.2426200869573 -0.142224319664661 -0.462195322765925 0.039135406822516 0.00816998134829316 -0.0207243226677384 0.38565764538397 0.0963864704476194 -0.334416975752132 0.252754064909213 0.608663393196471 0.155822872315606 -0.114175628564599
"78" 7.04496794285969e-05 -0.243851186346691 -0.1615034990737 0.215639464023973 -0.177601994850176 -0.561178781400021 0.0352272600657239 -0.000383866946854688 -0.0431703798456171 0.476082630798149 0.0236377967235474 -0.335819328679603 0.275615659690387 0.674582406410741 0.254060667361537 -0.124420649257406
"79" 0.00435133776860586 -0.211140734112224 -0.103276642806444 0.181884135463182 -0.21085928273287 -0.648626575657662 0.02493516473531 -0.010962559488458 -0.0682070873335227 0.554890607723575 -0.0331191490336852 -0.328114376543876 0.291516666514314 0.722189063568029 0.315603576176723 -0.124346587795144
"80" 0.0130814793773444 -0.157884198319568 -0.0415042996633428 0.143369233551887 -0.241857215742344 -0.722098721035196 0.0099097548693646 -0.0223025296639455 -0.0956270113520191 0.619916497620485 -0.0753855883939392 -0.312812157757455 0.300595755824327 0.750896438884591 0.345672625983551 -0.116157090324625
"81" 0.0259458374297922 -0.0857462578883724 0.0199594096118765 0.102025170085691 -0.27048206134159 -0.778434575610491 -0.00823287300960074 -0.0333068854670266 -0.125201051139203 0.668104458800408 -0.105018135505957 -0.291487146459136 0.303106813879303 0.760204669505969 0.350414838232333 -0.102111727005938
"82" 0.0426652924713724 0.00357001722159439 0.0780661131030495 0.0595103631119079 -0.296581430212091 -0.813319579872449 -0.0281206069807267 -0.0432158303126108 -0.156692775891048 0.69498854751745 -0.123837349456775 -0.265611323653901 0.299318966462311 0.749469298674428 0.336069878067719 -0.084278816978534
"83" 0.0630409339788545 0.10844706371278 0.130825978861605 0.0171158179951049 -0.319923965443498 -0.820855523600005 -0.0487402080801057 -0.051703622788091 -0.1898608302002 0.694171206171477 -0.133443769440731 -0.236489315780379 0.289467336269822 0.717788048843337 0.308649757983506 -0.0644368138022049
"84" 0.0871090715156608 0.227761518740968 0.177673412359616 -0.0243826524247295 -0.340031163179737 -0.792554365454792 -0.0695577761168934 -0.0590893507235743 -0.224405255610876 0.65596444083976 -0.135108290106462 -0.20520729623947 0.273688450821122 0.663518922240557 0.274022200892402 -0.0440752041695625
"85" 0.117585314995338 0.366816057477606 0.224052185491705 -0.0665072777943489 -0.3534982916254 -0.709311272499833 -0.0917043070871324 -0.0693847049717364 -0.258648891494343 0.554825208582196 -0.129151084735839 -0.172069655030227 0.25144552703239 0.576869001594064 0.240264952856691 -0.0247246473065559
"86" 0.162767125159881 0.542195657642373 0.292213389896767 -0.115474968066656 -0.345995521597144 -0.537845869651752 -0.119471101707404 -0.0987432836967685 -0.281680567620449 0.335078709404833 -0.114645840598013 -0.137215110998384 0.22368684714031 0.428333302169201 0.225897868022938 -0.00996151784713817
"87" 0.179837155032755 0.601687845990397 0.320567229865567 -0.131966635134875 -0.336605581061509 -0.469200294871628 -0.129188042058006 -0.114338369802311 -0.283839967830182 0.24275425198847 -0.108788949521179 -0.126901259314925 0.215307027602408 0.368962966152065 0.228456850210637 -0.0069443924816408
"88" 0.232660429566277 0.762495310343781 0.415565416098335 -0.177932337003683 -0.290935737399079 -0.267753828341777 -0.156017686251091 -0.175179825515267 -0.273896842449176 -0.0409708031105976 -0.0904911555668028 -0.100550981597529 0.19459393162986 0.181978934359716 0.249872919003816 -0.00107822896805576
"89" 0.274363040851066 0.863916989998386 0.496888092502962 -0.210068934306452 -0.239998692254593 -0.124329936430534 -0.171871753248384 -0.237264708792727 -0.249854826557101 -0.251063485628917 -0.0747281369962671 -0.0801960773127859 0.181289311110615 0.0268448455789383 0.268647993429763 0.00464333419639029
"90" 0.306122745470314 0.923062475062223 0.558297787085619 -0.231802490015686 -0.192449411439151 -0.0196580077424453 -0.177193169967814 -0.294220953527058 -0.223368653095151 -0.400670722342619 -0.0603663457251969 -0.0598318336147043 0.169831806238942 -0.101400542527257 0.27276868903072 0.0142634119672582
"91" 0.328960104321299 0.948657216066488 0.597003076237904 -0.24441315248787 -0.148928949119953 0.0596359992105379 -0.171581260904354 -0.344549805176995 -0.196653530327846 -0.505811431759141 -0.0472403780397541 -0.0381888716164753 0.158507165379964 -0.206241879229987 0.262266666286926 0.0273501556796152
"92" 0.337341615317951 0.952838945203635 0.607715499353728 -0.260190911905812 -0.11549860527778 0.102849518300749 -0.15286599630619 -0.386614569205606 -0.175165624105299 -0.553720704840813 -0.0194768754688651 0.00201658847645447 0.143040528123286 -0.259793091930916 0.155656367938051 0.0801724286096528
"93" 0.270015333743776 1.05405894185898 0.582197461970613 -0.42862883548671 -0.162251554188626 -0.0662830412608681 -0.113104594288185 -0.424392016488948 -0.220323907015422 -0.325560508155653 0.2159550801843 0.267287286728588 0.0762966947581302 0.0493975450003543 -1.020318810458 0.613679966877007
"94" 0.287507211579884 0.94279096611149 0.517686975349673 -0.347289693233266 -0.103700905691539 0.0284380043972783 -0.065076250203474 -0.438507042257845 -0.169537275332691 -0.414212114343161 0.142863188258414 0.207489438610905 0.0827866917555812 -0.0980209088978847 -0.673900697894972 0.450102106129466
"95" 0.320823962384705 0.751943274353295 0.403843643883072 -0.184085702120153 -0.0188868543132315 0.18625866445497 0.000439138140971462 -0.432607312874169 -0.0919827539099354 -0.570230500171102 -0.0215632132311897 0.054726094958597 0.109489766291616 -0.351313673242606 0.0992581606568628 0.0855854356680572
"96" 0.29542256008697 0.630289310877593 0.229204042824499 -0.126583196253567 0.00426976509213836 0.183722694296453 0.093291528759739 -0.410685014928801 -0.064433014176562 -0.516972866791337 -0.0363546696009673 0.0779807527002072 0.0996974276471142 -0.322094781315938 0.087035266318336 0.0516109077166229
"97" 0.274798071026601 0.497341062131473 -0.024053319104855 -0.0621246656670048 0.018791869740186 0.160644545423686 0.212701531191407 -0.360644652242427 -0.0385491462643378 -0.437484995086121 -0.0583858048969031 0.211321938015865 0.10873625067443 -0.255700993970478 0.0986429574681607 -0.172765977155335
"98" 0.214686585269022 0.329315884390873 -0.29997372997011 0.0299774263853738 0.0312934976633523 0.125092627875813 0.345491001284412 -0.299818398672122 -0.0149912293519887 -0.319525181160117 -0.0787532657762051 0.16228334644813 0.0824864249279074 -0.153661196131372 0.0291224207337761 -0.0850963239488527
"99" 0.146756801244531 0.149674337081916 -0.600637998494852 0.132499984274114 0.040112345515574 0.0808851671872333 0.486547234351945 -0.225769968276777 0.00716004024776205 -0.186217204133191 -0.10386030149272 0.0997212035171513 0.0542512675352319 -0.03340085742323 -0.0403534807801864 0.0143024536772529
"100" 0.0902730763495362 -0.0236448832162817 -0.881443551763802 0.224057595154954 0.0464108626252754 0.0367432952249431 0.616974711960948 -0.151187816667205 0.0287956429079872 -0.0608794155344731 -0.132522402068231 0.103261444059759 0.0404119244452582 0.081161466394815 -0.0746835051664556 -0.00444773260281206
"101" 0.0103262663258773 -0.386297142529316 -0.720902419554592 -0.00842715196968652 0.0849232341763954 0.0554791980282318 0.653910454227146 -0.13654085147977 0.0977220718369209 0.0471738666489592 -0.0798444282351185 0.164747151843906 0.0501237591114666 0.154213062287584 -0.342069700374679 0.10775635784235
"102" -0.142440631000995 -1.18274386243382 0.267607648701668 -1.44899985677573 0.172370619445365 0.181985734392503 0.524493273358707 0.48637613319846 0.268367342829306 0.168821231809285 0.181597625471481 0.0539946734475452 0.137662108310066 0.259203896605174 -1.24249628567387 0.534334342679816
"103" -0.0274472857288067 -0.560865711877726 -0.590353696625877 -0.279329033362671 0.095810703875558 0.0433844491762929 0.62371451653836 0.240564001029591 0.12558179259694 0.112241005773045 -0.079387984377593 0.00929443938499297 0.058041813152384 0.194482213749018 -0.418785613716098 0.168843891556742
"104" 0.0353372756341011 -0.353175961058964 -0.527658605979382 0.250294453369121 0.0938770968516316 0.0434568329883793 0.537435335329908 -0.206366128052038 0.087678748080646 0.0205390834987396 -0.163595968785863 0.12037865122396 0.0229248291894021 0.0352849053099424 -0.104701997432081 0.0888253525331226
"105" 0.0661529573579979 -0.33178714537176 -0.0847382647291067 0.179996693767086 0.111873206603797 0.0937199602256904 0.367777098890103 -0.298368011840851 0.0942740136431018 -0.0695193807143022 -0.148227137969942 0.116302053082301 0.0254621765761319 -0.107602472272961 -0.0809297539828719 0.149469005447401
"106" 0.0990392795320967 -0.45077402794424 0.479717852128203 -0.412113268468654 0.15806881181216 0.246942303452622 0.163576525512495 0.189190898250718 0.15104639799431 -0.25417941354395 -0.169034059407926 -0.218125126535529 0.092805578657847 -0.341574665767727 0.279544676970964 0.0445582540297407
"107" -0.0596120799922661 -0.280834672744036 0.814180576167047 -1.162254866696 0.182994319713203 0.40526133610672 -0.0490329689572471 1.02488586954661 0.220328558879311 -0.346179429983989 -0.168102096800984 -0.74717543571231 0.0849029986286098 -0.872548126227322 0.848788819200049 -0.151479138919581
"108" -0.237492098863164 0.480126661282378 0.926098363463504 0.0550452719215095 0.144963409420346 0.249980969103318 -0.148686390250088 -0.28286974666412 0.131495440422517 -0.162444276569013 -0.0601954262943119 -0.124049028948277 -0.198179270149668 -1.33269028263155 0.181446622019092 0.353736139679563
"109" 0.104761496902495 -0.0563164170452699 1.15087289889182 0.132740582014779 0.137018373206623 0.207532946559678 -0.206942806478434 -0.35464536056418 0.0779295160747891 -0.301621900223901 -0.0784470386728805 -0.0331868422351489 -0.0341474729592711 -0.601376638520061 -0.0212809876678932 0.313547314910405
"110" 0.134881890127947 -0.0739354808427447 1.18585739717731 0.193049232711395 0.125556550435174 0.190693064127378 -0.267843400165975 -0.220532700610665 0.0572600669318259 -0.311704175969709 -0.074215991900144 -0.114941759992444 -0.0347011326080977 -0.51779302404241 -0.0243135348625234 0.286658618323429
"111" 0.115164637440363 -0.033239890136408 1.13934693208414 0.173512848080627 0.108586352463616 0.166692751426698 -0.305471194737363 0.0720967978185666 0.04084090463352 -0.285289514504141 -0.0616685681733141 -0.27099590090684 -0.0531393247783184 -0.483251891586216 -0.0394742295616024 0.271319736177276
"112" 0.0689814370921046 -0.142617567935157 1.19314737081907 -1.33699905895448 0.061539765040171 0.147665703796941 -0.316487043441162 1.59187419654331 0.0608063744454456 -0.221839175529195 0.0591849241521624 -0.834664263720528 0.0688314193404919 -0.230174678258441 -0.352570690940573 0.356161034680697
"113" -0.0633878635729201 -0.237229713785533 0.525933785314871 -0.826511219157615 0.0257538626069337 0.055064278054853 -0.138804269789004 1.01801819340673 0.0593726613583576 0.0169690904402917 0.123397446320484 0.0869381865670863 0.0344682043288651 0.0388522839744398 -0.438352333800403 -0.503042881081562
"114" -0.134911919674975 -0.159789041714416 0.284994166361177 0.644772835713339 0.0412623872641481 0.00670797636266304 -0.185407553273396 0.616490917665649 0.0215291255639638 0.0985247155438612 0.0652428515162964 0.380533601435421 -0.160841783250989 -0.0524786356439036 -0.343561316358802 -1.01347675230821
"115" -0.0759375352198176 0.160867112294162 -0.0681742311790734 1.08612117304407 0.00270110657232198 -0.0592993896756177 -0.191540059728651 1.18757522097568 -0.0666723300603672 0.0410037787758174 -0.0762804627483519 -0.909040257569035 -0.241959991156044 -0.121628745491337 0.030093541008712 -0.062725444913541
"116" -0.137098391084324 0.226754548044317 -0.541776080536585 1.37518314540697 -0.034085743971837 -0.136901462349456 -0.121086937564327 1.62158822351865 -0.103160135902936 0.147608843408912 -0.0962533785680961 -1.2672669878723 -0.300549992175633 0.00949163976024367 0.0892885884998886 -0.0569729500684435
"117" -0.222152536353435 0.234207030298683 -1.01253987289743 1.64909535656471 -0.0665430944278659 -0.210527208580658 -0.0405994232234015 2.01333474610527 -0.126089633478003 0.280317230570419 -0.0930036610086282 -1.42321478396906 -0.355488804702286 0.168587603524003 0.0884807250361113 -0.261888917781558
"118" -0.318117625433872 -0.0573639485032592 -0.947282601243556 1.3340551544786 -0.0490576159130789 -0.182983761214084 0.021319530101021 1.59164482941474 -0.0515719827452117 0.397535457400504 0.0425594927880155 -0.145934060371967 -0.290297451470521 0.324265063696882 -0.228503071863819 -1.39988823766425
"119" -0.151619065596937 -0.151806151350627 -0.217952533802764 0.366747422518344 -0.00253302327092561 -0.0439025177702415 0.003439820303055 0.394946071073838 0.016234249573867 0.17965063362778 0.0758235437663137 0.522837978245896 -0.0840947597228663 0.151472003066072 -0.242872981275994 -1.01835425595494
"120" -0.219250515178663 -0.148907034357246 -0.236989207628227 0.849017880921097 0.00270102661739613 -0.0704085872160297 -0.0814028925919807 0.907513827260617 0.000625807710559218 0.238847038073053 0.0760748934485477 0.394742952110694 -0.195167935516354 0.13509722851783 -0.329117003919628 -1.35118781010473
"121" -0.0843850032769508 0.136325152389962 -0.0547047497515197 1.0676586195621 0.00492703436420151 -0.0562254321854093 -0.190085002814643 1.15887549739339 -0.0603030359130562 0.0499238810382697 -0.0649220216431382 -0.798863760324733 -0.238319315075712 -0.111876017581625 0.00172924436333055 -0.168894897484908
"122" -0.00614860585915855 0.133108132953864 0.340688699419346 0.844412834676609 0.0345050973383775 0.0107540344519069 -0.250963971169938 0.818398335639601 -0.0403996714525237 -0.0746476786255674 -0.0781936631059177 -0.746328054478083 -0.189780148389878 -0.258375004873957 0.0325550809798942 0.0892145728015361
"123" 0.038105489406948 0.0684158307213732 0.680946064750781 0.627168943516085 0.0646243193363831 0.0723519250388626 -0.288633919775203 0.476184399790663 -0.00892498581808106 -0.154723056834605 -0.0660109216338116 -0.490134051450726 -0.142602538666077 -0.354106041543998 -0.00638180653552212 0.103253912072853
"124" -0.0442496535611152 -0.227053083860751 0.837373830608243 0.359635705262044 0.090762705130707 0.105353628430995 -0.251323631415199 0.0734775732990392 0.0626002370938368 -0.0530392045896255 0.0608998702964386 0.584002896706379 -0.0952438479113007 -0.240657715698055 -0.360144480020614 -0.753232090549256
"125" -0.0882394896034882 -0.245429027732052 0.14971740172445 0.101892302147753 0.0336267474699843 0.0169919058586867 -0.00967431095346921 -0.0313288312733775 0.0505567333690314 0.0975545695897408 0.0731283387957647 0.684626868288029 -0.0298795997069008 0.0474234752024206 -0.308066554802524 -0.742684873247544
"126" -0.0629791561832502 -0.220646640461563 -0.507327958302593 0.284718040493597 0.0131608807323054 -0.063849431061779 0.261221089297971 0.177657202327088 0.0237990098103882 0.160481782623705 -0.0840520449299791 -0.026733122951849 -0.0325244243762459 0.158202381438759 -0.0474696237906778 -0.0653341763539079
"127" 0.101148193735786 -0.169960849699658 0.790967587658182 0.168346956882227 0.114998818190708 0.148577804221766 -0.0841963267178252 -0.248322457173979 0.0678203368503303 -0.213013756730288 -0.0919096467125141 -0.0256021390600569 -0.0146659596450075 -0.367251760196313 -0.040003803273585 0.235035610640775
"128" 0.138344224310951 -0.182664220471115 0.992549278608351 0.086458224698905 0.138273863432315 0.196549371071544 -0.10218776960843 -0.414030662477783 0.0848568061573778 -0.287288719119638 -0.0930724822172461 0.0401551289176405 0.00674179919194617 -0.45326770648311 -0.0470020230711197 0.289448063508921
"129" 0.122687623610174 -0.236383983188638 0.723677774793121 0.0903996191159362 0.135059290649742 0.174927676879734 0.0301670079952854 -0.42584630112691 0.0921447373762914 -0.234516270254861 -0.108499358686143 0.0849037138535795 0.0178648582234183 -0.366245417115286 -0.0599164840613962 0.261088934448935
"130" 0.0533993964304268 -0.326459023315309 0.0284035166179526 0.20026801705196 0.105699712057788 0.0837281730748105 0.287290128985272 -0.260584743469676 0.0876869418005417 -0.0574747155093431 -0.138660931244749 0.0886778028411079 0.0120766858759404 -0.119317457110566 -0.0764653785322715 0.153584327057631
"131" -0.150951211345087 -0.394202248810942 -1.39694803926652 0.438482050935616 -0.00789161007115299 -0.165481702462025 0.645974192630012 0.321223612748728 0.032655185294986 0.377863138423989 -0.149406864391417 -0.015807478120401 -0.0417883459507329 0.465181919185391 -0.0734290987268139 -0.140961552662671
"132" -0.367237204485881 -0.0585185571014727 -0.559976339059546 0.232187156623522 -0.0327791109235305 -0.023240768656403 0.270715521290316 0.0896456093572659 -0.0344357627955129 0.151290872911969 -0.0569108873101582 -0.0250984762269357 -0.305190669734489 0.414862446219272 -0.127006565658997 0.0933952258182931
"133" -0.469403729025163 -0.16644046603717 -0.911841617592078 0.392968919175087 0.00260654471745648 0.0224929003490642 0.59694558007059 -0.051799919279364 -0.0126741369515586 0.146124742856378 -0.143563041245872 0.0395097708480607 -0.413586408274782 0.536025177392179 -0.225024215207034 0.197314117036619
"134" -0.0130688694690922 -0.269351566265977 -1.08746573302581 0.338274708060141 0.0580549175851935 -0.0080803831433524 0.728060115839718 -0.0843969207312962 0.0581077568750036 0.0927179799107144 -0.172901873033517 0.106532239434305 -0.00638443190498905 0.215832410274235 -0.11374828839658 0.00468510489873175
"135" 0.0451504486184323 -0.169659046073582 -1.06991758024361 0.299072998862039 0.0525210261574872 0.00227746969899542 0.707565194308558 -0.0967870790167564 0.0470967161216707 0.0379809484347292 -0.158609903928892 0.105821555943798 0.0292177566186472 0.164793595155825 -0.0937359163164815 -0.017541719327288
"136" 0.0789746469548507 -0.0898477610935439 -0.775752471827663 0.172324502237164 0.0575892650440713 0.0523363249116014 0.597954854291396 -0.205698124951947 0.0439909845099083 -0.056236774969566 -0.110067043040481 0.138931531304168 0.0423717462796319 0.0721735399320459 -0.143470707957116 0.0307412426341083
"137" 0.00943878798603281 -0.475512439513986 0.391216844669236 -0.335326355517402 0.130637431605403 0.195163922418643 0.248254028094875 -0.640617299464773 0.141662463408581 -0.090871568051114 0.107660747607416 0.387502629357846 0.0579494744484948 -0.0948707613115449 -0.636623420539766 0.318407548535891
"138" -0.120400791682467 0.177541651780878 0.311754159063682 -0.111085419932445 0.0569337838978223 0.1152600186629 0.0102654882707109 -0.319979539502341 0.0656469400817889 -0.020407716904354 0.0671174820690448 0.118961454583962 -0.0648456484160718 -0.540558670784601 -0.172351609482922 0.20382653231661
"139" -0.179997916395434 1.2537028503198 0.152970992529157 0.0990547315882214 0.0405520227908594 0.202502144245779 0.0654938350489145 -0.429925171575315 0.0154064245560873 -0.201946284073145 -0.000688663456273636 -0.0160412127793541 -0.18441052619415 -1.49179186292208 0.209701462759898 0.247596867706156
"140" 0.24336543835947 0.73895711665373 0.244912675929466 -0.105425178240834 0.00771380584429952 0.192630178913293 0.0826464446684585 -0.427491883786132 -0.0581045209531215 -0.496203623825409 -0.0311479927747506 0.0561801811876714 0.064755017142447 -0.487012912715434 0.104771737048528 0.0970206603592443
"141" 0.3222097201131 0.749253974173087 0.40411016669796 -0.17978000201993 -0.0168824353322694 0.191362717472387 0.00020311649334423 -0.43261869923405 -0.0902022318992965 -0.576363213310365 -0.0269511625936933 0.0488562431376414 0.110601136430868 -0.361038850562037 0.126665089335239 0.0734412972692207
"142" 0.335269522513902 0.81109103239991 0.561456990365343 -0.23631607796729 -0.0366394796495852 0.190936758903496 -0.0765605299582566 -0.4560543321488 -0.108837173787131 -0.604829128923633 -0.0148952839102243 0.0440734792386324 0.123029422103052 -0.372064810102633 0.138090896099686 0.0830623920079585
"143" 0.227938580846552 0.318093670926074 1.19368236836182 -0.526307729649917 0.041318549203803 0.271669077209943 -0.207729250786185 -0.739502113225799 -0.00333316674082499 -0.514003293788742 0.135113914682407 0.257609232332218 0.108555183011172 -0.405440505362577 -0.319479763753306 0.302448777437995
"144" -0.120882346970365 0.0981642874601089 0.884824532895954 -0.439769736218977 -0.000814581932728688 0.211227379308547 -0.165507588463984 -0.465319396648979 -0.0321463796555581 -0.278162500069088 0.085533964549817 0.228642531199784 -0.148404807976944 -0.0200561069183572 -0.158957556951799 0.0693252450626496
"145" -0.144575765628926 0.878521941084627 0.727302639490498 -0.39614038160947 -0.18929154143427 0.169623928794678 -0.189184930711811 -0.327755943917069 -0.262029821799568 -0.504597264448728 -0.0743021775704372 0.063616291177035 -0.269609605001907 0.191319635513222 0.435094813326558 -0.24664188384003
"146" 0.267739543936558 0.930916685230835 0.576985902062801 -0.24836401664633 -0.197995625711306 -0.0083875601176986 -0.180750491540405 -0.296978262102263 -0.232052532968331 -0.408433015802971 -0.063742187661118 -0.0514275114410512 0.132781332509717 -0.0686163735452961 0.293151261571196 -0.0108447692060878
"147" 0.274174320657639 0.864595380436975 0.497209583787849 -0.210345509134544 -0.240046165033078 -0.123535964465287 -0.171985848152391 -0.237352851169996 -0.250046099655323 -0.251982307472222 -0.0746972028516476 -0.0800213017937264 0.180853618354268 0.0266558665497404 0.268755745176773 0.00449486095149609
"148" 0.19687741050526 0.78516400734095 0.432636271760344 -0.193488722331799 -0.296554327444733 -0.241215806644465 -0.160265526480035 -0.177579535851512 -0.287982720301204 -0.0658130039244957 -0.0919124044238707 -0.0903476082868018 0.148993435704767 0.207446638159012 0.264055591666662 -0.0211533424787103
"149" -0.399370132848245 0.725479883019872 0.482223992185242 -0.28414164336275 -0.265456726457538 -0.171963198567304 -0.15561313969407 -0.132779662295922 -0.302193949854819 0.000103142393401479 -0.12003240042645 -0.00179011767491133 -0.449828120881716 0.67571747629915 0.395756595043235 -0.259128419322317
"150" -1.67493434261179 0.527364780818977 0.514286405064468 -0.252716307579186 0.707203872234918 -0.102192085162431 -0.131395493089664 -0.155260946675224 0.705914723679711 -0.0332152378163106 -0.11326048340875 0.0415369373877419 -1.6360888575184 0.689548330903595 0.493913012656262 -0.346106429812379
"151" -0.702584907561443 0.55367000577829 0.334454797026128 -0.152521755139451 0.124122793405305 -0.409829325704346 -0.123091212332083 -0.0832779882504143 0.184668679432992 0.297232973819507 -0.11713458838935 -0.0672678755398874 -0.630758860252754 0.563669042290416 0.267066076210593 -0.0970121727497615
"152" 0.102463653424844 0.477411686059426 0.154065130730691 -0.0863625277462369 -0.447128288623354 -0.467081618602402 -0.0949953526949382 -0.0010698252774814 -0.380248389443033 0.45297884433039 -0.100408823927577 -0.0994371935672342 0.155589645237426 0.489448373375756 0.0684504933690444 0.0426930324484873
"153" 0.106359236775561 0.393067403968611 0.0982565088192455 -0.0588997435557039 -0.492901121795123 -0.39977281553062 -0.0790607409908391 0.0252105082597754 -0.42391268043987 0.472566533669672 -0.0903917254007142 -0.092002069652577 0.159964828117915 0.490036372095157 0.01534441371365 0.0692451069884825
"154" 0.02812386414472 0.119222053116975 -0.00477768430071501 0.0801880620668259 -0.562617397455859 -0.280944024878135 -0.0298523983020416 0.0245389595686636 -0.495366881891701 0.707072347068356 -0.0535032861591412 -0.0870012351265639 0.0893198146729399 0.220298149460224 -0.0762725894950529 0.175754459726924
"155" -0.294080509597094 0.575018631641988 -0.404110545520552 0.403012100864649 -0.785220031991892 -0.219233904014485 0.0817589554380637 0.0712655664369531 -0.719844315832653 1.51496476790017 0.101580601277604 -0.00726107585445024 -0.174919334119809 -1.3524796427245 -0.395156761633775 0.454515500846668
"156" -0.084646586973956 0.524543903464063 -0.202526342420796 0.119506522468343 -0.643427446984491 -0.0100406624577134 -0.000846964567138411 0.105132116198739 -0.568955389775334 0.6045248062637 0.0151980189915518 -0.0252743510462574 0.00206012101366304 -0.287213508436244 -0.221577264665744 0.227150808734105
"157" 0.0256548474721376 -0.156328049630252 -0.0635928958633409 0.0810952058972484 -0.566489799671207 0.294100629043595 -0.0128868225556974 0.0657918495092413 -0.492954636633335 0.165266594554985 -0.0308242232854191 -0.0684130725049901 0.0851650673602852 0.37074950230892 -0.107813991207543 0.173112938769074
"158" 0.0106022923398307 -0.350757531092563 -0.0787211976131893 0.115829728599496 -0.558680812848626 0.563973126059064 0.000708064796185265 0.0582075182055359 -0.485866812853162 -0.0202076145524936 -0.0146894248777815 -0.0662677651495618 0.0702802002363011 0.327674693300431 -0.108404599149914 0.193113054051707
"159" -0.00364384557857844 -0.522039785187096 -0.0897047828116675 0.144740166712574 -0.536355603421992 0.834490823221551 0.0123639284670983 0.0486547446567885 -0.465461544463103 -0.219795350753777 0.00223184127077847 -0.0620113900765213 0.0556131473236837 0.260587104943498 -0.10297760482592 0.206877027306005
"160" -0.0125156045840075 -0.666043044423315 -0.0958050688716263 0.162517386626289 -0.493765979060398 1.06953042365498 0.0215021073874881 0.039711877807615 -0.426514130622283 -0.407705798200472 0.0172839265469827 -0.0551711392006746 0.0440956349477364 0.188368102285767 -0.0934225062808871 0.209644148189454
"161" -0.0143036711287976 -0.764051807971777 -0.100844587514374 0.165005495468299 -0.426898978497511 1.22612363929978 0.0282019433631214 0.0355706193894335 -0.36556626556629 -0.546819579421955 0.0290914379915868 -0.0439565180876511 0.0363519530512527 0.114868990161753 -0.08557285806246 0.198086601213084
"162" -0.00804047964130805 -0.801558952689268 -0.108124553292535 0.149148049234021 -0.332293723262833 1.26846819425087 0.032641836015655 0.0396373206182132 -0.279771954534216 -0.60527762238293 0.0365440358973134 -0.0269463850850653 0.0324363778170313 0.0430247172349711 -0.0844285547293566 0.169749916454097
"163" 0.00593367098898345 -0.772524129376455 -0.118896900143741 0.11370879196418 -0.207477908924286 1.18097957032199 0.0348719553490755 0.0532643441361251 -0.167299877145188 -0.569128441452713 0.0391310268181704 -0.0035777672588817 0.031556254922037 -0.0261467909659491 -0.0919679505542976 0.123623646324019
"164" 0.0256850264261447 -0.68134663904465 -0.131611672378819 0.0595927094705398 -0.0511398595478437 0.974640210025871 0.0346944172718465 0.07513859561707 -0.0275044571256432 -0.448554790385524 0.0371021645477248 0.0256218943087969 0.0319293541714408 -0.0940216896426665 -0.106071676423171 0.0603968060724824
"165" 0.0478389111503074 -0.541469208244846 -0.142442866065804 -0.0104020109549712 0.137142451890709 0.682462193553809 0.0317442664307394 0.101719082128666 0.139285051213725 -0.273433960555351 0.031351384937033 0.0592095487722752 0.03083460178535 -0.164077837154915 -0.121281349954204 -0.0177451045883235
"166" 0.0684881924014548 -0.371139943078654 -0.147296559579368 -0.0937768202049414 0.362360376632415 0.345064499242774 0.0257032883127985 0.129282427003135 0.336526583225681 -0.0799483172453977 0.0231006930591024 0.0961788051216312 0.0246705546042661 -0.243302219189673 -0.131398365988653 -0.109355291613514
"167" 0.0902941589261056 -0.182887688154507 -0.149957482434905 -0.210515055635441 0.703395173153744 -0.0287880298773043 0.0161125130789418 0.166247642903827 0.631109271754454 0.116807304871457 0.0136141630414041 0.148725513452921 0.00640258945262073 -0.374259662039555 -0.137537915788581 -0.23826542892346
"168" 0.137169768010557 0.0458466964635377 -0.156431145794998 -0.416688487027575 1.35310973242833 -0.445455922695396 -0.00145637174037989 0.233123650404794 1.16976220590848 0.282726227813206 0.00538484948444126 0.24765487989438 -0.0467039566848308 -0.664041129667066 -0.140370516497282 -0.466277927410498
"169" 0.170092691985789 0.232618260223587 -0.103872706973838 -0.484477511675169 1.57121077418333 -0.506302011592226 -0.0231034001062599 0.21682852160966 1.29008974918583 0.168803416410704 0.00370845971262085 0.266532051894278 -0.110504669602473 -0.783964461087244 -0.081163803623189 -0.535032050299646
"170" 0.0897991219282272 0.141580664476214 -0.0371778478152901 -0.23615666557461 0.766230784141778 -0.220005362265675 -0.0153737318928261 0.0961900682385037 0.61165361452391 0.033360739977886 0.00245892461317043 0.126683912796538 -0.0661700872833828 -0.389959787442669 -0.0244805115028141 -0.258904989267906
