"V1" "V2" "V3" "V4" "V5" "V6" "V7" "V8" "V9" "V10" "V11" "V12" "V13" "V14" "V15" "V16"
"1" -2.88776977753665 0.359475251189192 0.0456382472240619 -0.860115967512493 1.0949917749289 -1.37274438421124 0.00139869385051951 0.723437365914041 4.01454541880077 1.21554731299578 -0.00873632205692015 0.15809236407857 -0.543444435678242 -0.889665889111672 -0.151728378870034 -0.429122220458151
"2" -6.36780634570835 0.545659888167657 0.0763853597301154 -1.68731026901976 1.56189210308475 -2.97008603427658 0.0254134748867517 1.48432882726619 8.70386568185352 2.73477869250624 -0.0385910068443933 0.314360987344145 -0.65372997393409 -1.58240573847702 -0.352549810571932 -0.887293180625171
"3" -3.73159695681921 0.772697118428073 0.0731653685568038 -1.40336768133388 2.34725465734841 -1.82823431932488 -0.0228517922113144 1.11039732897539 5.49542818325465 1.51901061847902 0.0160536836901993 0.258562499408484 -1.30845526764047 -1.68405425311233 -0.190576063828397 -0.643658534616428
"4" -2.08708641357907 0.621390670980742 0.0331774482454951 -1.09780994301221 2.19601283463129 -1.03628514521936 -0.0285159701744206 0.834941701196942 3.41706560999205 0.775221416601736 0.0356308932523483 0.227311045049419 -1.31355999242812 -1.33899211549234 -0.140243219227668 -0.486268017469818
"5" -1.68304759992086 0.212051754771957 -0.0351106138715899 -0.805685933730024 1.1097083846925 -0.619979995392831 0.00262847541565742 0.682495328597832 2.87728936722706 0.557972022780785 0.026187239295637 0.192010074522663 -0.629783191146959 -0.881737376246579 -0.17411606825505 -0.388563280728093
"6" -1.22140156220013 -0.178475293446221 -0.0856331640121002 -0.50425820956562 0.541763149077472 0.0412653753715844 0.0213019332289321 0.487431801424374 2.19365683874829 0.0231276891386781 0.0281912020534185 0.137427184138005 -0.249868038151937 -0.512457655459394 -0.161968374734021 -0.257227500032307
"7" -0.763124955720732 -0.578284184360474 -0.116518804641144 -0.145799135000008 0.2404087713592 0.888934143895308 0.0318416937357423 0.223177418127142 1.39578837811541 -0.747625397717739 0.0339948609695588 0.0505859516700404 -0.0136425573313463 -0.155449024241333 -0.103812071147263 -0.0778351307080456
"8" -0.455721553465194 -0.972680697345307 -0.132704810455333 0.231474410165717 0.0196304576456019 1.75491760024397 0.0392065907286211 -0.0639694317992898 0.702685669633176 -1.56194591060263 0.0378172628454295 -0.0539717678027394 0.19648463340891 0.192606411389251 -0.0253289413330213 0.118067419111583
"9" -0.244548040037181 -1.30818830259635 -0.139988139428735 0.574091374847192 -0.138311995233103 2.51758307760396 0.0435391310834207 -0.330148965790782 0.100029777180386 -2.29003462214994 0.039482111179823 -0.152208194354632 0.376223788668692 0.508520058096895 0.0512962185799379 0.297760707070395
"10" -0.0613116707916124 -1.52761763123254 -0.14435492940617 0.827999208538548 -0.235493263901213 3.04960072503112 0.0447880377865683 -0.531631340685352 -0.446782348226662 -2.79424861917047 0.0390684801786438 -0.219449755555765 0.511704145977475 0.762986258819664 0.103703222729885 0.428951967412807
"11" 0.149138616072054 -1.58781000761048 -0.150494057198042 0.952121978707771 -0.273438646024942 3.25155668095619 0.0429949693592634 -0.635008652384175 -0.966998607893608 -2.96586902899603 0.036621238130065 -0.236814776356674 0.592271530439666 0.932115462743387 0.114736895197201 0.487052727940601
"12" 0.415674307501437 -1.47447023238029 -0.16039335771488 0.930715784918254 -0.257682896317825 3.09001321500017 0.0382275056776588 -0.627492934495318 -1.47459911503007 -2.76810422066674 0.0322690093431351 -0.196913225076759 0.61546353242566 1.00826110647358 0.0780042383376669 0.462247813165121
"13" 0.736371704066936 -1.20743234976251 -0.172850081548645 0.777743055741193 -0.199620929883823 2.61142727782721 0.0305505947423962 -0.520577581291243 -1.96466979753644 -2.2518836657 0.0262783983194964 -0.105870774387803 0.588787473088989 1.00398678170783 -0.000142197119431309 0.362002895684007
"14" 1.06966759215589 -0.794843161631548 -0.185866214816006 0.52791740638059 -0.116817522680736 1.90932520633271 0.0193441292688134 -0.342706875098531 -2.41152463997434 -1.51326998203546 0.0209005009841448 0.016521911179165 0.532714090451146 0.895548737365599 -0.103192303713921 0.215541711889308
"15" 0.723667780167762 1.07728837922678 -0.233005695639038 0.32266049658324 -0.074864571607224 0.495518812588273 -0.0185582200127847 -0.196142201180989 -2.50686893971851 0.383923657568339 0.0844118398238107 -0.0708907407099737 0.65740001160389 -1.59736929148247 -0.112495626818775 0.507149979069702
"16" 0.258704500761525 2.19549945297684 -0.132016091894073 1.09546023445029 0.109733297970612 -1.34510604765953 -0.0314298004575874 -0.769730724918581 -2.42852568338821 3.55310053582699 0.107798618959244 -0.648647700911031 0.64291921878828 -5.52803847812083 0.328406636873403 1.46253043618714
"17" 1.84842862680926 0.353544515353956 -0.12642605486259 0.0416636717562362 0.199144535246949 -0.51025341088623 -0.0193031230316014 -0.0331775500261071 -3.27259021474108 1.25184240575605 -0.0108154036850794 0.191624621495219 0.273516693712148 -0.18580274716547 -0.202307415252027 -0.00810712930583435
"18" 2.19914198104187 0.70010697792355 -0.138370480682298 -0.547105834562171 -0.411729880238368 -0.753939708712324 -0.0413754616566123 0.370721306762537 -2.82864066772738 1.05498477727433 -0.0201077282542763 0.480280446513937 0.202409230508407 0.653918015473804 -0.411674087118384 -0.465088567760276
"19" 2.60671812822055 1.08132169052739 -0.0743869980014727 -1.01368275716465 -14.6307749421339 -1.01046127292763 -0.029777312762247 0.824502948834338 12.1836425465226 1.19871481993171 -0.0517438206721025 0.494827830170784 -0.344173049134695 0.294235708871962 -0.479355629340454 -0.755127436108431
"20" -2.49702378591769 1.15227639971808 0.145380230653526 -0.701027085101928 -16.9934302759717 -1.12687744423568 -0.0147326989554473 0.658393039510905 18.6884637175077 1.37872703110919 -0.118899157207103 0.296626716256004 -0.700977275003857 0.125774422360138 -0.130349191180469 -0.727153369093045
"21" -8.7165038238518 0.450903453863869 0.400247173687446 0.0165834813784387 -0.53843674666945 -0.934820067782657 -0.00134801724968762 0.0740643564541792 6.11994389133912 1.48989112339918 -0.165955612710704 0.183653591040816 -0.701917152508399 0.272803619150443 0.588737881948929 -0.713022593455445
"22" -0.12148273079136 1.1492641372013 0.200076343224821 -1.4659241212129 0.880433384555587 -1.22236752045559 -0.0877008348037394 0.952786609869617 -2.18978369282282 1.2654449250399 -0.0946186699825778 0.933837740080467 -0.409621634705414 0.999133314221551 0.0752373610754886 -1.64801913884158
"23" 2.10779393335393 1.09646810712272 0.135385924651147 -0.803576764570582 0.376393061458556 -1.62088850810391 -0.110576331667471 0.354721512648031 -3.12480024045574 1.60995814232498 -0.0876812676018988 0.489841401908393 0.123857597305681 0.66198216011984 -0.133455338273187 -0.745502753695334
"24" 1.8640835572179 0.763944443737038 0.156097898094424 -0.601799081187078 0.210716500918007 -1.78742054878521 -0.0951374967679258 0.228810093980611 -2.76328956959759 1.80340813968775 -0.120982281438699 0.359556957450138 0.353898807347324 0.796827051996493 -0.0494116794089674 -0.660031101823655
"25" 1.23804357717731 0.299874424775851 0.170011845374147 -0.522047759590251 0.0858727706878302 -1.95962211551048 -0.0646068815499483 0.245469024678417 -2.2839967934489 2.0291848608475 -0.170227752318065 0.312444205026395 0.597452604070962 1.15141122618934 0.0880317403741184 -0.803253927898311
"26" -0.0735042807975201 0.176408438432413 0.242765076068692 -1.28517822059491 0.594695227668085 -1.59600089736556 -0.0415807424350813 0.901757549091856 -1.79102805726435 1.65571442348614 -0.185782222109263 0.796156065356264 0.0556171395410459 1.55758031457049 0.367396271181574 -1.87328479189031
"27" 0.503141291840955 0.455847092917989 -0.119649489105988 -0.858642356684724 0.570352565674028 -2.97275289913181 0.0670502717057972 0.809660461061953 -1.29052392362843 3.69930884595865 -0.0420236146425004 0.554767513645672 -0.313713106273723 -0.262002805673092 -0.238337904892563 -0.981924947362309
"28" 0.750028732804298 -0.212461552857596 -0.240518740271193 -0.214998620307636 0.0271352111049339 -4.7112728463702 0.133391825048082 0.487665506038945 -1.48744834956341 5.80063107636082 -0.146639379623486 0.144803046653063 0.709215508967345 0.102130829207341 -0.260021139880068 -0.622936636777339
"29" -0.739679423074559 -1.38821982768504 0.0245156300544224 0.393780639457461 -0.578798787177959 -2.03849256378487 0.0709833807010474 -0.0728586835821519 -0.385691855237174 2.29075314184474 -0.26870235516907 -0.279282559470211 1.66018473749852 1.94452774836168 0.511985178116676 -0.608118243181345
"30" -1.16896301720475 -1.66603924504448 -0.00107186628741829 0.613902465045065 -0.692149124047553 -1.65171219950491 0.0848708471259521 -0.179766539805791 0.0397957707721561 1.84252737330077 -0.260902551168173 -0.432716076397831 1.82199123848461 2.08799377725781 0.628349642327806 -0.527245791843193
"31" -2.52869289383727 -1.69526706246818 -0.0721441048105311 0.978538123556001 -0.74805550827188 -1.36871964993973 0.107829928309586 -0.373857989975359 1.18831933480928 1.5345126861688 -0.214175321057899 -0.628778726386479 1.7341368902198 2.07916072554603 0.593342085536396 -0.229904151973997
"32" -9.79279055677542 -0.523002036710078 -0.393993517126058 2.17864961375436 -0.632357479216722 -0.545964637412924 0.195929652190046 -1.12264336115385 6.91181547966836 0.561814249740307 0.0124936909440561 -1.02076508542724 0.378335005866854 1.82370886129313 -0.246409460425494 1.29943746608747
"33" -3.29039902057061 0.0132581196474804 -0.342941655029816 0.8485865326034 -0.0780310087093202 0.119545145480795 0.114723418452963 -0.332534960671211 2.5261822200151 -0.102724371717963 0.0201979054776049 -0.293348804935055 -0.167199666058426 0.130008003908325 0.225845004905011 0.0806464588595137
"34" -0.490568811440809 -0.971879447266144 -0.397578091883499 0.994101938806606 -0.176689120852009 0.0842913239059242 0.122178099222733 -0.222730881595212 0.668173095158471 0.0587632906070811 -0.0903428705311604 -0.45794415225372 0.529488607321202 -0.123311038614753 1.53168207819445 -1.1371702165279
"35" -1.16997844582046 -1.18527955245286 -0.165124977361503 1.10585609467397 -0.575883774783102 -0.308222127513112 0.0330767100072142 -0.465749881963798 0.804668684894521 0.370188672911526 0.157191578484875 -0.761583781391266 1.21521642131109 0.894388218009993 0.280107496693941 0.0899222421137651
"36" -0.934465272579063 -0.816762234112842 -0.11174812040019 1.0612868772722 -0.515315112959796 -0.115417066344359 -0.0261337807493823 -0.523338539002221 0.745373326847753 0.121463661590486 0.329990054861368 -0.76718928238904 0.965432279964634 0.610589501233168 -0.162408832087103 0.453668479679777
"37" -0.618753740617375 -0.359195789244964 -0.0945821288409208 1.01454930013995 -0.338464730918406 0.12828395391594 -0.079687352632053 -0.562944877335528 0.618046876161793 -0.171133573057676 0.493035120282947 -0.734867826838389 0.539084887006133 0.197252033511546 -0.501656533199269 0.706901702136449
"38" -0.975020813280866 0.643073433831514 -0.379838261489522 1.01287670573632 0.626931012813738 0.318014821139224 -0.0522330533624222 -0.601471630829344 -0.0211901940462162 -0.426614107432167 0.707809402508248 -0.417458195884585 -0.791603298855166 0.349927146923401 -1.49632564732128 1.19683045011624
"39" 0.0663867079559131 0.974173816697836 -0.347773686160247 0.406351334034995 0.657626627764472 0.188094557946155 -0.0033890406985582 -0.534470338178499 -0.605363154494147 -0.288032261967056 0.464740080137743 1.0138131133697 -1.02612843946996 0.104647524220046 -1.24993877792116 -0.327064612756987
"40" 3.74503336018053 1.49961137678407 -0.102888622748194 1.25463003533104 0.599964178553616 0.536153620219675 -0.173481606313884 -3.00400856300591 -1.71735036906307 -0.714868047004995 0.650317724671544 6.84059688749195 -1.84702504730743 -1.32401346504576 -0.240651852489716 -7.16938636182592
"41" 1.2990668696129 0.597712376557369 -0.00516943413916027 1.04388206432602 0.0676843330775925 0.80127794360746 -0.206398148209846 -1.38406966349153 0.023416081201475 -0.922846573478872 0.636764339611156 1.6500211983122 -0.63479762255233 -1.34126889542155 -0.0820098089946422 -1.77131638750357
"42" -0.104048712786717 0.0670041293932071 0.0466671856509623 0.6639089761905 -0.17430618464664 0.830807249991549 -0.184397456794503 -0.295138340724292 0.880084855989926 -0.896998664826305 0.465144000193297 -1.11246704430182 0.0256989341230387 -1.22042647616517 0.166142991826044 1.09941682464637
"43" -0.43480089151161 -0.233136057187094 0.0328020712873036 0.605204705757089 -0.226463759410231 0.849981696252113 -0.151976916998709 -0.148282041363071 1.1185844213252 -0.876597111912945 0.289842768997075 -1.31699250747815 0.223589525763063 -1.20695754142317 0.67971388777891 1.10393877091728
"44" -1.02634980608288 -0.222034347034463 -0.120070219593826 0.649295730274241 0.156570569652524 0.810193073164714 -0.0901185420051563 -0.116176010521656 1.01842840064985 -0.816903027271091 0.19639300439239 -1.27908435156985 -0.123601174292864 -0.824096225957245 0.6953056504763 1.20367052970619
"45" -0.996715920307054 0.550458774485966 -0.402586354713102 0.271629989249634 0.797033252101339 0.396443931832501 0.0237399880870708 0.0601865159269721 -0.00747868443007604 -0.443164081570924 0.284800775833021 -0.418653620018777 -0.964811362771458 0.0776374705052612 -0.575140609732394 0.945834745001491
"46" 0.683759954579626 0.729434990534541 -0.182120313922703 -4.45131618405892 -0.060859588952868 0.0583151165917114 0.0626952741418927 4.50724652199097 -0.257776164221892 -0.101380040768387 -0.0101949632955044 -1.18488127535867 0.0249992978909044 -0.675817491897251 0.376854922286258 -0.183445392695969
"47" -0.0407046514677418 0.108154079578032 -0.176445244027285 -5.0308199860281 -0.458928032226372 0.392383604241323 0.0551649396574387 5.22937330310687 0.721832981229024 -0.386720788705359 -0.230094292766345 -1.96714758528946 0.756969785685829 -1.21461383122304 1.60050252213911 0.251152811979679
"48" -1.52388012956678 -0.935572190058508 -0.0788546532042531 -0.268550049796168 -0.509704321714767 0.518075647279357 0.00113069360447804 0.381135722642662 1.55572846019377 -0.44955373113888 -0.310420644423541 -0.809643263949752 1.04431251000666 -0.603711157294708 1.57994372542042 0.905656613201515
"49" -1.61621942498999 -0.867493464662649 -0.0861435860075224 -0.0948204772260475 -0.515997192527883 0.393821787559888 0.0088602538044284 -0.0886822350277479 1.46449563436598 -0.335471058554738 -0.320364890584143 -0.192808772244433 1.05597491404982 -0.373512983810249 1.24273924837766 0.898051207034584
"50" -1.41473608079375 -0.585142247122708 -0.0587148996425955 -0.0238544416557609 -0.371423480715728 -0.00103030323828524 0.0027108854250944 -0.533896085762915 1.19410769879665 0.144667703966153 -0.283517889226621 0.490302761099343 0.77762841465472 -0.450359845323069 0.760379481464382 0.927023353254583
"51" 0.00204523185460559 0.33340041860483 0.174126622997353 0.522048519438513 0.530526131508297 -1.51529791156065 -0.0778033286848206 -1.16236625876376 0.281658296181341 2.22593809552993 -0.0587413904056285 0.477583667098244 -0.850962049729676 -2.0210463726306 0.0966322366371299 1.31244611362548
"52" 0.91184650675614 0.859259612913837 0.0276786462114134 -2.99704605383302 0.15542370966625 -0.618296645349892 -0.00360997150401286 2.49578696994353 -0.484161253606306 0.775880587867974 0.0449247397641862 -0.017614088967516 -0.41688767324194 -0.896184475549944 -0.245182807211349 -0.00701748097248966
"53" 1.10017375447093 1.57591370470271 -0.116586005976534 -6.4353293692936 -0.276358075996676 -0.475152666702007 0.0532706894834796 4.37850565826564 -0.861136094940033 0.317612805200685 0.0131766396066031 2.19520974653023 0.0961630198578431 -0.17946223154652 -1.19274167545841 -0.774309718323323
"54" -0.323892524578412 0.902079938618405 -0.0358068863332743 0.359232940480169 -0.152044057793725 -0.496936802597801 -0.0359090385351231 -3.52779142254915 -0.387964448358037 0.352338585352412 0.103749007529694 5.91104805918415 -0.0485425754770539 0.829101975790286 -2.49650607271911 -0.350593334762237
"55" -0.305496735780572 0.986335680675514 -0.00961563294091561 1.36840153101642 -0.0715885716490225 -0.566630133048186 -0.0566494101623187 -4.93255141885095 -0.531168615734909 0.40655264504639 0.169231018320765 6.94972729734258 -0.233867436317706 1.03318999868257 -2.99022867463727 -0.481248766724519
"56" -0.507650760103971 0.775442889078957 -0.0130841473679195 1.12683344668387 -0.107401944625599 -0.45362908207003 -0.0471102799393613 -4.2790992682063 -0.267201615748728 0.329915919201342 0.101073126994465 6.01426072526552 -0.101828069750316 0.8310528944896 -2.48090192918386 -0.211510713239591
"57" -0.770622182516576 0.305140789650968 0.13770957488534 1.32539969376642 0.24927127741427 0.0171638714333331 -0.0650194275656835 -3.22387343762218 0.417491753819293 0.059840979185001 -0.0256514438271478 3.16481539180856 -0.572599906355148 -0.322731168255748 -0.931223414681432 0.710021216530492
"58" -0.401934186419326 -0.154895511292607 -0.0434541373600216 0.948202094240505 0.656187997815651 0.377574418350605 0.00666430635228331 -1.10868360854028 0.348788954589015 -0.230521459859594 -0.178369047977235 0.443262007685021 -0.935474493213518 -0.768191567237796 1.02316370450583 -0.145838869273959
"59" -1.33256124410921 -0.461458917638204 -0.298307723891492 0.690962108585385 0.757145832354068 0.4872145970282 0.065646574097272 -0.893415431619585 0.62518100550867 -0.370441555189386 -0.370066947005041 0.740339407202988 -0.751787195154013 -0.363873677393595 1.61816390358733 -0.312151516069733
"60" -1.59663495291062 -0.660166864894627 -0.114492305271738 -0.0620294584120842 -0.381734748662006 0.275349240016682 0.0178284999045529 -0.464762689745032 1.22357470307734 -0.234494003915606 -0.304036189944861 0.541747356038613 0.84163757140487 -0.153859432754967 0.838779572656501 0.767133319241452
"61" -1.61791261456723 -0.867724793341577 -0.0865232736470709 -0.0943738455788221 -0.51563812769464 0.39575910222239 0.00892775234103121 -0.0890023580904513 1.46440718219276 -0.338199489321912 -0.320343784282315 -0.192194293249045 1.0558522739293 -0.370885465047003 1.24242698352086 0.897508472924628
"62" -1.63536699695365 -0.917605160876519 -0.0817166606019133 0.0441782045779853 -0.387212048217759 0.527063382418126 -0.00505309408242671 0.0695021889718079 1.51658561691391 -0.459986040288374 -0.291052722730891 -0.73265116268189 0.887075184636612 -0.518367588769143 1.48760433113176 0.982066507736008
"63" -1.30712530142443 -0.0194585973054117 -0.13243051216974 0.399418675185348 0.720149471905196 0.574653252142965 -0.0521915307454883 -0.215479289371427 0.544932874512812 -0.563991294296564 0.00964297094290367 -0.589820580450478 -0.796259308985228 -0.339024165811962 0.586181621338834 1.05680606733976
"64" 0.115365156489954 -0.168227772326796 -0.218785940638266 0.620385433516097 0.563712324136444 0.828994230896851 -0.00659408317840596 -0.131751207102017 0.480193728607926 -0.726856739751086 -0.105511455355129 -0.4836528168867 -0.831013401436177 -1.48413723890504 1.97054291035391 -0.736420359997958
"65" -0.68299821973358 -0.763835465812841 -0.07777888636071 0.546346286167262 -0.209237375061544 0.902601450798276 -0.0559214368133629 0.0594604127586287 1.3996836326258 -0.822420508252787 -0.100720358850903 -1.32311371360174 0.387395535745316 -1.39303464467874 2.01102783733319 0.371566179785773
"66" -0.749619320405611 -0.540202896513422 0.0141155173569417 0.5264959809709 -0.303135252840756 0.839370839388388 -0.114898568316471 -0.0151484368834405 1.34167754334612 -0.826239469601197 0.108554175575241 -1.42794580147249 0.457599923611779 -1.15721591857566 1.17443066376965 1.03547074259652
"67" -0.425604609682534 -0.260823259546824 0.0344467796025386 0.610381591777195 -0.224229000642411 0.854810638010457 -0.151240814028616 -0.151407907500301 1.11466058234149 -0.879512019235851 0.288719906870602 -1.31878012244907 0.219418242991262 -1.18643408502104 0.681420462391149 1.1040650020464
"68" 0.142761992924907 -0.96069857820621 -0.019849089097133 0.500639969628583 0.446831834128822 1.05577367262935 -0.114589749268402 -0.0211681473102114 0.254979028939729 -1.0585492070016 0.52154037734333 -1.15755024895854 -0.831394699198897 0.24401177509147 -0.330822529102889 1.29502723826482
"69" 2.23219281627493 -2.48305801810729 -0.0905578939518442 -4.65992329407349 1.77668365139678 1.30951656253649 0.0564469431571937 4.85031598120349 -2.34546820599071 -1.33266923799796 0.945558098481898 -1.23894821461828 -2.89324401145708 4.12395141100962 -2.68991753809332 0.918797099634467
"70" 1.04913770091905 -0.333318464447633 0.0998983840147267 -2.04719643743224 0.289040119933733 0.755241356115154 -0.141935560425406 2.1694196528659 -0.42567657489364 -0.874435085431183 0.761166197575807 -1.08810431422771 -0.765464181686626 0.520674444668378 -1.22637184780754 0.820485665844458
"71" 0.0750110967452535 0.256658407810256 0.00776775297429733 0.766486538959841 -0.190864567330336 0.529633092875203 -0.180004545459543 -0.480737530504437 0.491051805785064 -0.637690979695027 0.691930729118777 -0.768212477638784 0.0101978352394303 -0.637804361173921 -0.778470564939041 1.03993675169876
"72" -0.207373965468527 0.00143846562357 -0.0502963924337434 0.921917978980623 -0.285825972855587 0.343029747456066 -0.134637736972958 -0.556949405491731 0.547943031409835 -0.425695424582495 0.616074529881732 -0.733931213421208 0.276300205390433 -0.276257878051362 -0.690240954517986 0.885132420809398
"73" -0.624911402490977 -0.211456446314599 -0.595415061633726 1.31006520462324 -0.372267347875831 0.0885561211792218 0.029963113519746 -0.452392868088667 0.465811089227044 -0.153086309607438 0.475034802307731 -0.77962472210988 0.661397803681989 0.32303135296506 -0.487241684883235 0.614949281699822
"74" -1.03584842104239 -0.525176758645807 -0.946712638725529 1.56641990473252 -0.472729471081713 -0.176618010515601 0.155901449883939 -0.36293836448972 0.452871582867331 0.145342193439963 0.311996646735167 -0.82524949340079 1.05036947765462 0.875407425225996 -0.207532467762565 0.348992372862483
"75" -1.26271192238135 -1.18558936706171 -0.19502803854007 1.12993947098726 -0.616592773343735 -0.377993319267146 0.0380553782604606 -0.46913602944149 0.784650836275594 0.428399005342101 0.172200869985741 -0.784932605440652 1.3015784496094 1.05624326076278 0.125268858251212 0.223886718809197
"76" -1.47778580214486 -1.51828324146736 -0.133523014535698 1.07899854670686 -0.699538182346518 -0.63898086448094 0.062818437617284 -0.430994874391393 0.805141587730217 0.734741645504775 0.0338950196428615 -0.768743403325388 1.5624725504488 1.40549570439204 0.369675819585846 0.0277488704423448
"77" -1.58056589230152 -1.72388681700604 -0.117413529296719 1.02105971968341 -0.748224598188499 -0.906157864607417 0.087378743321981 -0.375068993613346 0.727359627467187 1.03744003634937 -0.080366523019889 -0.725999305032197 1.7506119250912 1.70177601840654 0.538991767642742 -0.150941958953197
"78" -1.5580431593019 -1.81572421453167 -0.0868358636519485 0.92043025722861 -0.763231736839367 -1.16878730145156 0.0981530992645153 -0.314379953716042 0.570426656488653 1.32778986512911 -0.166689973544694 -0.652690650197975 1.85458022776826 1.9162044534274 0.633299084684835 -0.302438212967417
"79" -1.41517750951436 -1.79474079981516 -0.0462561270903914 0.782108048206016 -0.744265796565062 -1.42002262683566 0.0965930936147371 -0.249029155493209 0.337499845939135 1.59886100310842 -0.226026944705066 -0.552831320336921 1.87668348558997 2.0451114240313 0.659398571709639 -0.427653033558656
"80" -1.16226379411311 -1.66664515694154 -0.000913094460135433 0.612707097448212 -0.69217887141163 -1.65140389783691 0.0847942129374686 -0.179042939278783 0.0346767525737022 1.84211159493803 -0.26095342533326 -0.432240550946602 1.82290165271311 2.08800990945987 0.628727235963452 -0.528418990808476
"81" -0.81164853384109 -1.43923640531877 0.0442617635351082 0.419571743833451 -0.608198791974819 -1.85187280520247 0.064912181416433 -0.105067855398966 -0.330760739633106 2.04591120048015 -0.274531847977648 -0.297415454516354 1.7004428732459 2.04616071849804 0.554238501442162 -0.606317052037262
"82" -0.375965346733652 -1.12109251197015 0.0852227650381876 0.210462638596859 -0.493485600641049 -2.00670927123478 0.0388366731801243 -0.0288621738578447 -0.751288123862362 2.194080342693 -0.269705548978508 -0.154982678308244 1.51637713365773 1.9219959088455 0.448855894221255 -0.662037749790052
"83" 0.132592482078579 -0.721163658193673 0.119059982667297 -0.00638758058561528 -0.34893320023886 -2.09627828191359 0.00803737980189359 0.0463291768997443 -1.21950177377179 2.26426910323696 -0.249015298562492 -0.0115317725042132 1.27701659928975 1.71915534999516 0.324865382047618 -0.695018599658589
"84" 0.703429686650127 -0.247738396025267 0.144314786620172 -0.222105746710497 -0.174305046680052 -2.09292469695195 -0.0266178949676041 0.115075181883364 -1.728823605627 2.2239289303831 -0.214367390294181 0.126407188333317 0.986674927070815 1.44189444083079 0.194071509126268 -0.703088485372795
"85" 1.3510235359754 0.307968468637849 0.166391114526441 -0.424272233374458 0.0426918196584367 -1.9374113516822 -0.0672137549927804 0.158952382822232 -2.28173656587946 1.99852792845931 -0.165146861359815 0.251323438474834 0.629321748925693 1.07475162051372 0.0726990305996065 -0.676393617588168
"86" 2.10185142082652 0.975402305015586 0.212576569990798 -0.582199798206908 0.317592338865561 -1.52334575412355 -0.121422590068561 0.124783031963019 -2.83733129142267 1.44514699363961 -0.0983825134441377 0.33162372238538 0.163812694430391 0.551563227545693 -0.000627986287424775 -0.572750256297319
"87" 2.33339259811127 1.19147891197379 0.236471905064169 -0.613123608674792 0.412418914013883 -1.34606413552058 -0.140756505547949 0.0898986593564661 -2.9885506226182 1.20988205257471 -0.0757242684109354 0.340072756640652 0.00859651668232697 0.359418561668954 -0.00642499147319775 -0.520071545595421
"88" 2.93130280610345 1.75186580903136 0.330354144326705 -0.638127166305109 0.695273300622892 -0.808793014991451 -0.196124489294589 -0.07559086920201 -3.32690955728854 0.496551692373489 -0.014443930748044 0.325471316655893 -0.421500299022227 -0.217054065545914 0.0222070014397735 -0.335021721715208
"89" 3.3177852456573 2.10575569184098 0.425455782590739 -0.601348592343671 0.89460999734665 -0.422766316469038 -0.234628341193247 -0.258230068162859 -3.46281555593891 -0.0126354186559089 0.0281796664721725 0.282551090442126 -0.732565641052427 -0.684918889692514 0.0716311278044941 -0.159241592886083
"90" 3.57386820012127 2.34551714112702 0.496152562254365 -0.539948077425469 1.04017953404546 -0.14783620800388 -0.256288982323866 -0.425529281628558 -3.5085181406557 -0.366379117341844 0.0609309210342328 0.237555581848888 -0.959849735653223 -1.07140204130996 0.105664648845108 0.00334903359192396
"91" 3.71308832722753 2.51398731669244 0.489499333832415 -0.433586440504294 1.14836473941383 0.0522137626240797 -0.251028750159677 -0.563475420129104 -3.50997988439835 -0.614659453589014 0.0851507240492833 0.190705515485192 -1.10921059150013 -1.36736340052965 0.118837248152678 0.147954170812234
"92" 3.74559021282443 2.55272885072737 0.569119733723849 -0.385995658394661 1.21006787939633 0.207919939550755 -0.253985360537888 -0.700033106645954 -3.4064210032589 -0.786321651302971 0.103693869426494 0.15223890988846 -1.19125648592161 -1.61739867330922 0.123079280240773 0.29390076138597
"93" 3.64148676708612 2.5094811531307 0.589076598225718 -0.31423666505929 1.23085428027509 0.321464550569806 -0.232481287304436 -0.802550292146556 -3.24303401513053 -0.893919834610794 0.112174608214541 0.110597203438473 -1.18327923881695 -1.76865454788291 0.114690848833255 0.420476973361176
"94" 3.38613537881826 2.38560630130848 0.534600356454078 -0.215408736659384 1.20906043678155 0.401061226993829 -0.182264649764767 -0.862690797645 -3.01824265040764 -0.949049827213237 0.108747318917412 0.0631860276873937 -1.07503983727334 -1.81085415633724 0.097451006187339 0.522924410451424
"95" 2.96905795716756 2.17213672336535 0.420670231300641 -0.104825746109308 1.14139811220138 0.454509856199395 -0.105544687420666 -0.877426993577616 -2.7200538189814 -0.960770145000109 0.0920978912419954 0.00943300007061509 -0.859420970939194 -1.74430992974499 0.0769643407122986 0.599878188887061
"96" 2.38044359628314 1.87039275666062 0.238035403394916 0.0175247075262863 1.02661666507107 0.485946589373309 0.000441987173884911 -0.83957032602757 -2.34697096951166 -0.935192868568487 0.0606144203755538 -0.0526708526970268 -0.529059979808438 -1.56376258944853 0.0573193651343473 0.646891953166666
"97" 1.6209779934033 1.48553803095337 -0.0177445075892552 0.151148332303869 0.865798704953792 0.498428726440238 0.136426787369416 -0.745079986530903 -1.90193189050497 -0.877421958564234 0.0135994895338861 -0.123971083894119 -0.083497972070159 -1.26985596252455 0.0419246887831459 0.660604401140226
"98" 0.713987233494509 1.03037407579652 -0.338508379446042 0.293428193554371 0.665113092468506 0.494775833431353 0.298229760939109 -0.597583919782659 -1.39683346184451 -0.793047442133076 -0.0476339725867105 -0.202613732493852 0.462622269801737 -0.875886078422984 0.0329773910891893 0.64045557015595
"99" -0.277481077204294 0.530818404720137 -0.692966911333063 0.437672738071234 0.439715634138897 0.478442007427596 0.472803020538712 -0.41466014857754 -0.859055934255464 -0.689881922714161 -0.118305368422762 -0.281956978801375 1.06807145800119 -0.417315056159492 0.0309413669801657 0.590943199065286
"100" -1.25428476946317 0.0479731618155501 -1.01525907353037 0.559155168294366 0.212428810960354 0.450098015908285 0.634320860401631 -0.224746237535001 -0.322801013463794 -0.573119255199391 -0.189107018313295 -0.348633003053934 1.66337645487362 0.0149986262078956 0.041337382475227 0.5170383575866
"101" -3.2966035617301 0.394618833122228 -1.12060958325446 0.0122997646780405 -0.243435573093493 0.222183987648925 0.741052708368048 0.381385034134676 1.00997935782829 -0.147736513470111 -0.251513426858361 -0.386010457069148 2.63505539828707 -0.720395113090543 0.34007221823204 0.148930210170882
"102" -8.46100038428825 0.870964866910194 -0.952831198772065 -1.02147560014012 -0.858853534246965 -0.0243669396417108 0.832941454871278 1.26387824708776 3.92807081727138 0.404047960516118 -0.255212988735804 -0.462284347200793 4.14078548162312 -1.22740194004943 0.323798029099257 -0.00780284422035038
"103" -4.30106411898855 -0.774494787905973 -0.918917327332578 0.56365447682802 -0.14842754523126 0.376213684544949 0.734386949044365 -0.0436409449312247 1.42707354679917 -0.266548147124421 -0.256066914609074 -0.355627923512735 2.63788000462355 0.648420098802154 -0.0928849322519811 0.504150769993771
"104" -2.04722247752071 -0.972346869992388 -0.538620233778904 0.713162786180991 -0.00894668911857943 0.378873655603201 0.568752069921553 -0.38039658202421 0.48701783399601 -0.311400615019275 -0.2426282615959 -0.195393955691721 2.01387664117627 0.341142514886791 0.0264199502166029 0.375136976316313
"105" -1.44031115996559 -0.923633512482678 0.0004650017726745 0.646452925723517 0.113621147854789 0.367510935561253 0.373941397506305 -0.609545463231488 0.335394000057104 -0.297523000034393 -0.192281845510808 -0.0614034118824875 1.57969980189048 0.0116464678301575 0.00935453834240452 0.369092271548261
"106" -2.34672443196153 -0.822676822651406 0.701054542731995 0.440934514887886 0.255286041318846 0.403349143943831 0.146598371896823 -0.824948907499534 0.874061202332691 -0.319076343524905 -0.0947626622411566 0.022006816389343 1.22478251664089 -0.0165451330687727 -0.242884716649576 0.611214133511695
"107" -4.44373968253634 -0.819375528592784 1.6164231058251 -0.582751140980433 0.0790948122400441 0.415059721188844 -0.134268905890371 -0.597044604516925 2.29860824663875 -0.277054737005127 0.0979881252964196 0.0638181586097311 0.992516582126225 0.383069362665584 -0.804339152294032 0.983488752135791
"108" -3.09033514504044 -0.639766231205878 1.73714410116812 -0.160452958899651 0.355102686638552 0.385509103872395 -0.231224763333936 -0.80585687347248 1.49312468959851 -0.284024051497701 0.0747935449308808 0.144784623445073 0.620084814128212 -0.113259650462367 -0.61225490474978 0.779110608598941
"109" 0.324882106520599 -0.472977784952179 1.46148305544557 0.292840654862704 0.528886419600372 0.243563789442299 -0.260509232988722 -0.715212880869416 -0.271890937304999 -0.198992301976034 -0.000101675755516895 0.242079423506915 0.179281581438489 -0.89529355925899 -0.139469877736788 0.1367640984611
"110" 0.863601409859328 -0.381432779058506 1.4392229064059 0.199158201535543 0.538921733697322 0.16713991845818 -0.316055604279589 -0.373196562124568 -0.55493215200074 -0.131140560939786 0.0144106633799497 0.199579370859716 0.0586817670965503 -0.982823942035812 -0.120522748084738 -0.0693221570485036
"111" 0.570066000226587 -0.30644509957793 1.34518623379501 0.0880285961635483 0.52874024931486 0.108253036643914 -0.337802897061855 0.0704998445668084 -0.491606414562193 -0.0717214072152059 0.0253171952691561 0.0549647069421724 0.101877070946618 -0.85752590301833 -0.163154339862948 -0.168004466666787
"112" -2.38979008421297 -0.506850757376354 1.5488838457941 -0.213862424936101 0.373552933877806 0.192286158347227 -0.334663824042961 0.121187348683247 1.04834316971386 -0.104057326022899 0.00782318359628964 -0.188525070691369 0.485153785684753 -0.195221147785755 -0.239691028255936 0.257529095691972
"113" -2.9255249893101 0.430991337659592 0.755038834241656 -0.0254242037574142 -0.163305071795088 0.760642635709889 -0.184975315519486 -0.00464028969144881 1.73374066165254 -0.845817068034013 0.0321306546335866 -0.477816591518481 0.754359122288291 -0.781919836907432 0.0633402875880753 0.594893790195776
"114" -3.15692034765276 1.41154053068873 0.154478140199605 0.259007311848782 -0.221621118912292 1.16763342322171 -0.207103403926287 1.47769519451439 1.56709262655136 -1.41177911678085 0.0753794509080565 -1.3391360964432 1.36902167805528 -1.66272423365901 0.119753243758403 0.468035519121727
"115" -0.968527511221952 0.047867810690081 -0.318357339586257 -0.496191396764214 0.0980295450496427 -0.129995533375391 -0.101094765100318 3.49163192590021 -0.254277903074435 0.15396304959995 -0.0107376707623816 -1.59250634370609 1.22043065371885 -0.0507102950837925 -0.174991867834677 -0.496671277117883
"116" -1.48873760002698 -0.0851226356256838 -0.949799860658325 -0.675775392435279 -0.0261247311047597 -0.329208911192107 0.0245726485746094 4.71527843602199 -0.225909849050144 0.393455830734558 -0.0488035268044623 -2.29360433509545 1.64041651705825 0.455181658652561 -0.182593622966136 -0.506356194357608
"117" -1.21998803283241 -0.173079110038127 -1.56652593047887 -0.727256063334817 -0.295319112993397 -0.432463678123864 0.141055210683994 5.6687852539913 0.089970494403298 0.521670439484244 -0.0702388408789147 -2.64718866561031 0.993415128859603 0.950315484130646 -0.140616495066603 -0.822362209404503
"118" 5.15622483189669 -0.614778624635525 -1.34495802683034 -0.837044962271868 -1.10346847995564 -0.632935778483046 0.110573719816089 3.93585036548927 0.613120300344765 0.737687116244297 0.0370928171095453 1.93834177308261 -5.40885661599324 1.97133038728719 -0.0519370701604585 -5.4687847503896
"119" 0.752284850121453 0.213989332416953 -0.423433632984792 -0.204498173934728 -0.524274288634972 -0.323682712315214 0.0556342483228435 0.865799594296465 0.722206325498235 0.421976166386255 0.0269669352796491 1.49193245425067 -1.33239712928687 0.181597398604961 0.0313287791695844 -2.58688624391124
"120" -3.79618558231991 1.65477028410794 -0.721663732882415 0.109851299213169 -0.306867367610616 -0.555189607859933 0.0422335639872445 2.43374152865979 1.59962906739432 0.828966337920372 -0.00802989611156874 -1.72802377187535 1.76048715478523 -1.91568299440372 0.0774701968346365 0.393806982556114
"121" -1.14796067544213 0.210331301653016 -0.320056094825006 -0.454132136316694 0.0924819534006178 -0.298055496538575 -0.0966220787624636 3.40210560220321 -0.143728519300645 0.383384344887979 -0.0109951244594372 -1.58369267723291 1.24645370043369 -0.302912258711094 -0.164982196281795 -0.433514923156807
"122" -0.0790677567715328 -0.110199774641528 0.234031562697479 -0.384674340266697 0.275488761065712 -0.158220279729584 -0.19676174303695 2.48599063943006 -0.564533905753381 0.197433858770192 0.00651799437651923 -0.954089196946931 0.750820061524431 -0.254077933169373 -0.202794216173164 -0.565703277739388
"123" 0.379469885655283 -0.171495271599748 0.696773161692792 -0.234370600974241 0.36807037893769 -0.0773701533883981 -0.270678529114001 1.53162409636449 -0.630947107349101 0.111345895386042 0.024746148699314 -0.330761655769692 0.456422866329678 -0.493123537397262 -0.198737301933889 -0.68766869566295
"124" 0.335707621482998 -0.44574956185978 0.924500133632758 -0.471810238796174 0.00580858029698073 -0.149227476361727 -0.25476893109844 0.456619321667703 -0.405652392768632 0.183680073541106 0.086498391796824 3.18372677126905 0.749793336054357 0.144117511795618 -0.272975481898808 -4.40224564117926
"125" -0.314187119078054 -0.371168181103531 0.499090156130917 -0.4878130222035 -0.257419101372847 -0.109231302954908 -0.0928132210558032 -0.161688130572309 0.166576761481885 0.134510908020926 0.0812633983130598 3.20359108859816 0.609993483484847 0.545779254303698 -0.221357252088308 -3.90826636023306
"126" -2.53784526041157 -0.425980734616824 1.48035744484129 -0.417634304980869 0.195175923159343 0.258053020008694 -0.252668902534527 -0.474919484719412 1.3424317627129 -0.179653919489037 0.103767858611151 0.238829046916496 0.358057083162667 -0.011885451852335 -0.542727114953875 0.435106729626185
"127" -0.741904550792277 -0.480162919374459 1.58260565241219 0.2192513382998 0.525518533376556 0.29136328863843 -0.27029428487811 -0.794928781942448 0.248354830487033 -0.235047794595673 0.0232693878719119 0.213385297727733 0.262170747658084 -0.694821823737651 -0.275797961749827 0.346721039506384
"128" 0.344424319584856 -0.586626802232306 1.27282965740566 0.392496513373793 0.463550950546447 0.282034684403644 -0.154625413164982 -0.871629652590556 -0.271138152450728 -0.233773136942685 -0.0404243115600359 0.242845921215249 0.366914276085386 -0.848770158751623 -0.0638026411313888 0.196159145097255
"129" 0.00265996109049382 -0.711199554480781 0.96906003786129 0.477580400696203 0.361257727055436 0.318563664370845 -0.011536367939074 -0.902683231484098 -0.0865014519188669 -0.261301685054497 -0.0832727157729085 0.181582063817928 0.569686537155735 -0.637793733912694 -0.0325575952153683 0.283117275628534
"130" 3.49809131959372 -1.07856668139507 0.808664627660514 0.374086093482036 -0.110062131496146 0.28217713633222 0.0704119817841985 -1.00629118460795 0.577976565430675 -0.172258386776414 -0.0632653298831465 0.209482343632075 -3.49934102026311 -0.146828083852184 -0.0800478789254839 0.473771260615479
"131" 6.70985072160018 -1.20122876116901 0.88203558801693 -0.40302514220359 -0.725506584421184 0.100830691328142 -0.0416088169534261 -0.626371438632573 1.36852383177056 0.0596934830091995 0.0717427491265848 0.278732871421704 -7.46036699162123 0.398627696053008 -0.282087194635885 0.494224157459303
"132" 3.02583527642901 -1.27764130921859 -0.371958958918798 -0.262193923670785 -0.911840603811195 0.0172429136618859 0.336662909243794 0.23382997587716 1.61189590421069 0.159402866652227 -0.0525413399413953 -0.0091013344425086 -4.12804364638709 1.1990271755386 -0.236533193640688 0.181246542119537
"133" 4.44304187723463 -1.61661936632533 -0.824304968028644 0.368915214701648 -0.922372000074278 0.222023127370267 0.658036033731152 -0.230166275215402 1.68386386837776 -0.049160866908043 -0.175797973851 -0.11465920541562 -5.51721415408948 1.33264077476206 -0.133456590272353 0.507218486086082
"134" -1.86220029070399 -0.780401773151932 -1.20669402179437 0.732523127649294 -0.118852535965875 0.396632211452398 0.77518710830281 -0.109009971503605 0.459972807595618 -0.37855425622245 -0.270840053547376 -0.357947967304888 1.74466373828839 0.630161713774962 0.0370084448780208 0.419935967819271
"135" -1.98325637835321 -0.413855245765306 -1.22219746955446 0.677734030870003 0.0335095852713025 0.42789341010998 0.748787482500632 -0.106987144224918 0.105176784038044 -0.475770830847478 -0.246115806052858 -0.384469205605996 2.09864332494678 0.407093685698373 0.0393062820388028 0.456222492351444
"136" 0.41118770952335 -0.112925696250109 -0.977146413482167 0.557050353070851 0.0590851197796143 0.422739367757859 0.619691970159778 -0.307259585702591 -0.123238810603501 -0.522648638559035 -0.169961176041253 -0.29962904827218 -0.176636555468713 0.174380155769521 0.00967039150608073 0.56495204407048
"137" 7.82102842006442 -0.889597585452458 -0.538227356398382 0.0287939212160087 -0.865186719345919 0.179496384414738 0.432270679370734 -0.352840183175431 1.20191088223758 -0.118059213179497 -0.00991435170607607 0.0158800749906298 -8.68973650941778 0.963062008004022 -0.276305710623166 0.632061636085702
"138" 1.29332592528888 -0.314595531575067 -0.598159358283089 -0.101564685011917 -0.421526432896843 0.0440026184299422 0.285982875454334 0.273417286165 0.595063263688208 -0.0102680859200369 0.0300776798055764 0.00113640200212561 -1.78990307571721 0.681682855258841 -0.392373049288295 0.152023216286057
"139" 0.551856663901974 1.12008904097172 -0.576039890140493 0.0760624306907145 0.439993109810035 0.319884444867646 0.259757065049506 -0.151003438132852 -1.16292798539739 -0.578218774152864 0.0930886538753365 -0.031446797120207 0.257858340428196 -0.462714921419067 -0.44211537569783 0.449961781201992
"140" 2.3010249171709 1.85570537354674 0.187202816332352 0.0149701463207155 1.00067571562676 0.477536011507895 0.0142515629082888 -0.797989441738355 -2.30570941218889 -0.920935287298467 0.0670797309111677 -0.0471687906740925 -0.49378436795487 -1.50915313065789 0.016376660626249 0.637852949242934
"141" 2.96863623814919 2.17206812029061 0.420395428168823 -0.104826299413569 1.14127175670393 0.454478005076786 -0.105464008923945 -0.877226008805476 -2.71984506436897 -0.960708070865399 0.0921342089278201 0.00945847151957224 -0.859222907467661 -1.74404347970156 0.0767365422795745 0.599853998147061
"142" 3.33557613902268 2.37085945860027 0.509640361044257 -0.21335376984482 1.19427963103171 0.398975023926545 -0.174210688951943 -0.844946395976069 -2.98643733126258 -0.942300867002009 0.112362294578636 0.0654104808578211 -1.05388848813998 -1.7840952255764 0.0743064320252502 0.522403278277508
"143" 2.32862431949119 1.96853614064197 0.0925559028012611 -0.246816738917468 0.841874388569703 0.260243799274109 -0.0643169101089252 -0.405444063746699 -2.30858617927451 -0.687182180038228 0.162002773002595 0.138597084986724 -0.683391504554742 -1.11377976669766 -0.295783083610481 0.361826498232062
"144" 0.0339668443146999 0.883114057553804 -0.0445879613877781 -0.677028677201962 0.428755559365975 0.0828622719952816 0.00908973039908414 0.40028481972474 -0.760576067489363 -0.264836694708783 0.0708770586122697 0.38102164820091 -0.232025035827243 0.00991054974980043 -0.14723255631989 -0.524520185254003
"145" 1.31403978060438 2.08031137932403 0.565926883916933 -1.52717318242974 1.19177514064471 0.0697010839706438 -0.209349249344069 0.487814831723751 -2.41370072028316 -0.535996999533963 0.0213271161010306 0.763943586454648 -0.95893761398379 -0.431821676155165 0.351869319987559 -1.23414110762477
"146" 3.40493401749634 2.34608946999585 0.517660888235566 -0.656300952456405 1.06553612882318 -0.142705329086685 -0.257690340454816 -0.335158669416153 -3.45984346144953 -0.372017084723664 0.0562548504734478 0.296763366193005 -0.966655900959737 -1.00860573929873 0.132078486405862 -0.127643291139094
"147" 3.31939281794227 2.10759767737012 0.425864097987983 -0.602368677317266 0.895712157233676 -0.421171610786194 -0.234828725265356 -0.258026652635821 -3.46443510584995 -0.0145308559607097 0.0284086383962079 0.283021146985106 -0.7341311852907 -0.686458471634226 0.0714847525357465 -0.15933208127074
"148" 2.95891881776003 1.71874054317014 0.383396425113054 -0.643569154341817 0.714541210287272 -0.787472866202119 -0.205101209576627 -0.108770570363226 -3.3212394688145 0.514006978444106 -0.00326081647589649 0.319517901814876 -0.459348417868603 -0.312854226593004 0.00717225380244635 -0.284637197495073
"149" 2.15976466612525 0.282345737781361 0.871566418344015 -0.582509458814796 0.448286129439488 -1.16930005695663 -0.21028831787306 -0.282391365703973 -2.28171699475995 1.64876370005764 0.0312736610057813 0.211437716850199 -0.279940021532025 -0.757024493301463 -0.0770453374427258 0.0233084299008439
"150" 2.44795350058141 -0.477219584894999 0.793891626817979 -1.35581831203604 0.210092879643925 -1.41451017067628 -0.128027680925731 0.605939480617299 -2.10451230029476 2.27142067425044 -0.0770932910279717 0.646174828605306 -0.0868504032155225 -0.952505134948301 0.545677035811014 -1.39042075674216
"151" 2.84017758028023 0.867054744539781 0.256727959261303 -1.41534548979755 0.302704235640862 -1.62170165024398 -0.115104462795853 0.815759179783093 -3.3887627293987 1.83655112541761 -0.0977750918077062 0.787416875745187 0.0929011927555967 0.21865583823109 0.11657521436991 -1.44033267352741
"152" 2.42227260166092 1.17181167790291 0.0172525830567825 -0.834042379653559 0.34579513849122 -1.51296432505769 -0.0948693575161778 0.441230009777265 -3.48562776237884 1.60389668100192 -0.0545168188467366 0.548571140941064 0.110677276125461 0.58404723600506 -0.313207929507577 -0.678063712798838
"153" 2.38245329762587 1.0841093422642 -0.0461420636132073 -0.776268597183744 0.320888163269079 -1.37713736326125 -0.0780326435300022 0.447800922744827 -3.55081687488864 1.54063528668915 -0.0421583713897474 0.549269665581299 0.135219523974942 0.612441213478444 -0.379154729651806 -0.622036773251764
"154" 2.17609997394176 0.569046853675438 -0.0991756645833265 -0.372239723884727 0.408005822279461 -1.30080022835028 -0.034011314309649 0.238977529200476 -3.61883834043923 1.84276858618757 -0.0406574987475011 0.422086252992667 0.0679690888450644 0.417184756040757 -0.350478148921233 -0.375910791110663
"155" 0.758990867919806 -0.424643860723517 -0.438791145581029 0.455127532959177 1.11399381279305 -1.63751150067218 0.132434922275191 0.00288655397355608 -4.17725700748767 3.21133514999425 -0.00331306035066475 0.334324447817618 -0.376958868752339 0.497648358972632 -0.681445704072173 0.110442682100349
"156" 1.2900498924224 0.338275232375097 -0.370116286730788 -0.276182455430996 0.507225922568679 -0.504991560501459 0.0410734477619714 0.367055169797532 -3.70135103984843 1.11285786154761 0.022572203037294 0.519812206306685 0.0899509358538348 1.04544420238188 -0.678820083880874 -0.300288083837181
"157" 1.720953844341 0.0142607771197519 -0.191046918203744 -0.0631396999066371 0.0816032401907756 0.399662845172895 -0.00683348566360487 0.0693753617446911 -3.13644041620163 -0.00919023482993742 0.00249344414373198 0.295525562600094 0.36134389239953 0.80010803946319 -0.315638140034427 -0.160314033414849
"158" 1.42968333832796 -0.409773736556768 -0.189832485533938 0.236544190320732 -0.0192487708239455 1.15027896142957 0.00702779851088081 -0.138369074388269 -2.81219298759665 -0.749968776821944 0.0106694802929464 0.158382571920221 0.447671457911791 0.866810842799083 -0.21174598664233 0.0254337927139474
"159" 1.0858865632654 -0.83339547341765 -0.184192791052277 0.530545698621943 -0.114821719552556 1.92258315341955 0.0200751129764555 -0.344743621927978 -2.41825597467513 -1.53367922371381 0.0189786925047336 0.0196188161902207 0.527133996145799 0.946700159974287 -0.103452862365822 0.207366428125333
"160" 0.736389413582744 -1.20747854565404 -0.17284787278624 0.777748630002534 -0.199618396702581 2.61144117916054 0.0305515497079679 -0.520581636476626 -1.96467691040835 -2.25190348006617 0.0262759030657596 -0.105868678155435 0.588781139024101 1.00404156859295 -0.000140752692433743 0.361995067610415
"161" 0.415674044048975 -1.47447033389006 -0.160393385521526 0.930715864870251 -0.257682859758654 3.09001321234432 0.0382275226068359 -0.627492948610159 -1.47459909815052 -2.76810420291205 0.0322689580812066 -0.196913281860549 0.615463583112618 1.00826124951383 0.0780043673732731 0.462247802676842
"162" 0.149138834620841 -1.58781004704279 -0.150494035782572 0.952121934712812 -0.273438726870214 3.25155667585415 0.0429949654211073 -0.635008630590996 -0.966998615018815 -2.96586902166822 0.036621234459866 -0.236814773469465 0.592271586322926 0.932115380706711 0.114736935163728 0.487052685606045
"163" -0.0613115753032929 -1.52761765023474 -0.144354918297532 0.827999191328654 -0.235493299651986 3.04960072305345 0.0447880357103885 -0.531631333760745 -0.446782343277776 -2.79424861605302 0.039068478555159 -0.219449756110706 0.511704169188843 0.762986217280188 0.103703242285109 0.428951950762027
"164" -0.244548486441579 -1.3081882306736 -0.139988146012281 0.574091122028367 -0.138311790148081 2.51758281129056 0.0435391316383014 -0.330148753102865 0.100030721558713 -2.29003437143244 0.0394821160934238 -0.152208137839178 0.376223632357295 0.50851977587233 0.0512961640047624 0.29776058538765
"165" -0.455862283303688 -0.972659126917059 -0.132707038536293 0.231404523261586 0.0196958188267158 1.75484080871414 0.0392068737181597 -0.0639100872666649 0.70295762732763 -1.56187359825027 0.0378187098943909 -0.0539565882898962 0.196439588817289 0.192526462302986 -0.0253452318922287 0.118034975949655
"166" -0.774466071302037 -0.576598363709274 -0.116641108795633 -0.150668877815246 0.245882462708321 0.88360295459402 0.0318641231675345 0.227325994136653 1.41453084176192 -0.742672050006719 0.0340883635070864 0.0516774411041432 -0.0167202664951285 -0.160812352321236 -0.10489047410343 -0.0801785037585105
"167" -1.42199149590846 -0.145642697603259 -0.0868232547988826 -0.590035453251476 0.647589876304213 -0.0519151453673097 0.0213663757296153 0.559524164782963 2.51565543712298 0.107608716182805 0.0298366498237145 0.156563877646086 -0.307988336395739 -0.60695168720895 -0.179410916397988 -0.298729359460637
"168" -2.53292766298795 0.3882403795287 -0.0351866511217112 -1.20511711231003 1.69689719935942 -1.02781509752332 -0.000732084409804129 1.00700211623876 4.26899461057938 0.907039988672193 0.0358158809445555 0.280292034362809 -0.969642103247235 -1.33253405220569 -0.245053618775914 -0.577651345941689
"169" -2.13077554225969 0.704833082797437 0.0219423269191922 -1.29006846416059 2.60419810354498 -1.06929663256373 -0.033889483598941 0.978187448087696 3.70641427808685 0.771544175655488 0.0493446651447467 0.283559156007648 -1.5920528569644 -1.54186557633162 -0.173627542448627 -0.574527449696859
"170" -0.770889672541005 0.355915051110913 0.0178360559962618 -0.566149487423086 1.33645564830999 -0.413758390351563 -0.0217188387205021 0.408541661959277 1.4072967831917 0.249752304468804 0.0261650745035744 0.123342873369687 -0.833682115652195 -0.700496605538864 -0.059068899535959 -0.242282073440251
