"V1" "V2" "V3" "V4" "V5" "V6" "V7" "V8" "V9" "V10" "V11" "V12" "V13" "V14" "V15" "V16"
"1" -8.90642434507889 1.42609257682347 0.452948836711783 -0.0395187456993398 0.354972557447873 -1.74426209031922 -0.0315628888435027 0.015340121031862 14.0120608904578 1.67989511632712 -0.0484061894027953 0.030026342168096 -10.2402739313 0.0185684697642827 0.229071047805179 0.0915884539861267
"2" -10.3262736542805 1.99407892997398 0.511448385478309 -0.0687863795257755 0.410195714310959 -2.4078842527801 -0.0517213241843444 0.0219718582426509 20.3570959350094 2.04866088292341 -0.0660369448112051 0.0433842243571405 -16.510972805794 0.182230889752052 0.34384734157671 0.108729859339945
"3" -4.48674191347316 1.64965859143228 0.197242147702631 -0.115994428867538 0.929275600565852 -2.26046183554048 -0.0534345028106379 0.0308099117587801 17.0652871835169 1.6269955668624 -0.0468270745182756 0.0430585695220316 -16.8281484889385 -0.0789765201031685 0.321264171620613 0.0559476561490158
"4" 1.13819087603077 1.0070844205275 -0.0989954014587839 -0.171933727701727 2.02521514268121 -2.02014887191077 -0.0387229144302892 0.0483465479348979 9.43368485785725 1.47534372019102 -0.0153963953290011 0.0385895670430401 -12.2355994240281 -0.885936037630799 0.213403171806235 0.00122039613657421
"5" 5.64083840498054 0.0063680460607014 -0.356757704410513 -0.245425386316612 3.98037340277771 -1.70394390928398 -0.00381317220032928 0.0802736358849501 -2.8015520856919 1.65200885648482 0.0298067514376607 0.022043689391829 -1.40628000917242 -2.46681514909107 -0.0170531118002781 -0.0546927563042061
"6" 4.76838820498858 -0.887783335139808 -0.386749285038815 -0.204268656012047 4.41359527418863 -0.729063335032491 0.0273578975104302 0.0674262473847875 -10.158417471164 0.987745381625535 0.0521097339525345 -0.0323248334425301 9.23258879649658 -3.08142625315985 -0.248519130916269 -0.0717949795552073
"7" 0.455657792415575 -1.67493119470869 -0.29324191756695 0.0199224776421829 1.95400946899719 1.5203344785933 0.0393364306137128 -0.0299083397482747 -9.69380220060942 -1.65126550599722 0.0425310743896046 -0.139822815449961 15.5916951135824 -1.6675390244385 -0.406901961111888 -0.0614797905478071
"8" -5.72669796210991 -2.32054100919154 -0.133261703565458 0.377812914138943 -2.83920416876008 4.71196983651381 0.0331181550423111 -0.187137909959844 -2.71155361323304 -5.82778903527191 0.00814970415260557 -0.278528293929206 17.2869556211126 1.43016346843172 -0.481277213759047 -0.0357573935347233
"9" -12.5284076110469 -2.72208599297956 0.0729846416387439 0.767963959344627 -8.21781726039569 7.8921193639137 0.0182032965108652 -0.357247739194989 7.34679715116266 -10.1043663993305 -0.0358732570443434 -0.404846924969327 15.6367265384973 5.01309378756135 -0.47602596928067 0.00109876860634017
"10" -18.1269959654996 -2.78315853663368 0.286769316914489 1.09589105863765 -12.2095581807863 10.0242036305487 0.00386772786691358 -0.505777643388086 16.5605819087883 -12.9203656953264 -0.0726941774667761 -0.474792281944858 11.8163097615367 7.74299008265104 -0.375321169795616 0.0477417093282355
"11" -20.7076389032451 -2.45395384586396 0.458989209161762 1.2914878082904 -13.2999470643087 10.3414743583128 -0.00356792190212007 -0.610490551753642 21.7516875739552 -13.1320538327575 -0.0888342470966884 -0.456839933414287 6.62376450391379 8.60097276251538 -0.162103361862851 0.10117352384826
"12" -19.333408735213 -1.75311836117225 0.553321563162017 1.31496245801198 -10.907808809657 8.58216517395734 -0.00120058077600649 -0.653703084673921 21.3480151658897 -10.3570919117579 -0.0778572707280013 -0.34003260853008 0.729935082104101 7.18915643385369 0.151988157322743 0.153989257584456
"13" -14.274166824676 -0.775231840885626 0.555436533342553 1.15855687742054 -5.54239848304949 5.06745775272592 0.010462710702781 -0.619303482018935 15.6575713355505 -5.08607464083135 -0.0415910127219207 -0.136705580940486 -5.1884423368614 3.82825645521854 0.515109971917819 0.193600162579529
"14" -6.78209551292414 0.328700219853051 0.471990307895155 0.84323116474809 1.44917348722794 0.567492718935084 0.0281284584341025 -0.495834958140804 6.47554063272941 1.52263943375931 0.011375291078304 0.121720901480046 -10.4703015607495 -0.609164507165016 0.848348063604384 0.205264009148891
"15" 1.45285724674674 1.39209221026587 0.325080912751758 0.411073583233531 8.41667298536596 -3.98211683119535 0.0469251482027337 -0.282745062612591 -3.75171266398151 8.0729059172278 0.0690370450351988 0.394076666108795 -14.5681031895579 -5.04914105642244 1.07428050744166 0.17783287285198
"16" 8.87544850074427 2.27510592229314 0.144995411690307 -0.0845962429021512 13.954047379177 -7.77251599967574 0.0617847878257269 0.00518506001731112 -12.7949393286569 13.372030953784 0.119634885785041 0.639879591132186 -17.1417130608098 -8.57488825315247 1.14414134340922 0.108735099566019
"17" 14.4386533024051 2.89104900102215 -0.0368312025743052 -0.589089737113923 17.2348134240354 -10.3041122426035 0.0685650458916023 0.338633626255515 -19.2002669952694 16.7032881325941 0.154308522679113 0.827232264858537 -18.0959277857365 -10.6467667336589 1.05059000607399 0.00545913241313656
"18" 17.7061908909458 3.21135355732107 -0.193241799481346 -1.05421895157028 18.0710679361448 -11.4241734298533 0.0647015550412885 0.679541872776369 -22.4312725501742 17.8772982302502 0.168213886751182 0.936577597073864 -17.5522181678263 -11.1414380639596 0.823646409236637 -0.116710884615827
"19" 18.7490010276913 3.25443864802007 -0.304300942436231 -1.44326690629156 16.7766612955032 -11.2612891954464 0.0494751403235004 0.989190989395937 -22.7039720869069 17.1274134640735 0.160319136111077 0.960815437472981 -15.7793472372828 -10.2628835759057 0.516226510687084 -0.238964346170604
"20" 17.9497628189758 3.06762282660419 -0.357088852308081 -1.73348632830198 13.9743964400304 -10.1326158145403 0.0242717865307964 1.23586378535471 -20.7112910218723 14.9659943354574 0.132374067527987 0.903362267412241 -13.1153688009635 -8.41683693637311 0.188510137960991 -0.343016129168419
"21" 15.7966712991447 2.70907184132052 -0.342144219962949 -1.91731090352158 10.4529681714114 -8.48328477494658 -0.00672090739113984 1.4011816342978 -17.3863107957956 12.09236863637 0.087407995278781 0.775549499081315 -9.89914940040224 -6.11786139483855 -0.10261840780198 -0.413714917778492
"22" 12.6978308007629 2.23266566424251 -0.249708396374442 -2.00199756715746 7.05296251167385 -6.84023973250551 -0.035778131842635 1.48492525992789 -13.6963276853856 9.32375722127099 0.0280780571185654 0.593651306034403 -6.42269745511043 -3.91517625906952 -0.309940765819874 -0.441104259294406
"23" 8.8509056072033 1.67631536383667 -0.0744397325974111 -2.00362781808354 4.43602457389947 -5.67276839830069 -0.0528451619229849 1.50500858356135 -10.3405378343729 7.38109037670032 -0.0442342711220481 0.374572638282466 -2.90087511672161 -2.24100385348751 -0.406242273296812 -0.423625303042172
"24" 4.28885036778794 1.06507961979663 0.166469087203724 -1.93467386458968 2.75450842006767 -5.14306211944188 -0.0501618153316816 1.48780026663695 -7.436318186013 6.50394523766746 -0.127639833902447 0.132873611462934 0.524752545686159 -1.19245755948015 -0.399650829232455 -0.371375423206317
"25" -1.1583497710959 0.395753972639201 0.436493072710484 -1.7894996499263 1.50544347686055 -4.97883349151473 -0.0263568363919704 1.45074296321803 -4.39672367865675 6.2543064701597 -0.221377231724005 -0.131975687439478 3.90503899314064 -0.437501630025043 -0.330792703936765 -0.300311007871386
"26" -7.25825358955448 -0.296037318299685 0.674130750152746 -1.55593342629335 0.0369228012382408 -4.71997076785724 0.0130201847791592 1.39502867617119 -0.649919064699606 5.90518092072415 -0.317473797188052 -0.411195846439959 7.13251963210228 0.457085100555872 -0.250964687029239 -0.227625433736023
"27" -13.5437769079812 -0.97549154837068 0.834694638073865 -1.22764965312606 -2.02241967211039 -4.05048633548552 0.0601594220099831 1.30921321775058 3.95147796349443 4.95428673699366 -0.406364726202202 -0.694548651240986 10.0964636182529 1.73886263987464 -0.195872978378259 -0.159750604084763
"28" -18.9597296469427 -1.72136736917409 0.901259129204428 -0.828108419243364 -4.70546570818446 -2.92387759798148 0.10856097040247 1.18387512400466 8.89034642167784 3.32252283706942 -0.478302916632275 -0.967312350142336 12.6149318748059 3.42960334325805 -0.193773892565975 -0.0920507303478644
"29" -20.1253767233752 -3.26647975281398 0.885341321725122 -0.468770189779264 -8.55915149157718 -1.28018567587191 0.151356179452186 1.03173832197618 12.8439811275986 0.926411954753988 -0.529940799158202 -1.22937740791379 14.3898954186698 5.87558903556323 -0.338397921436489 -0.0104004866823715
"30" -12.160758852252 -6.80257371379845 0.81489846335197 -0.322607123398711 -14.659728674599 1.04941688823706 0.180595009970969 0.884698372592652 14.1575953987862 -2.47574975121702 -0.562483561272639 -1.4918799592521 15.0806665537915 9.76180269626741 -0.781192026766912 0.102451679226476
"31" -3.05708238961229 -10.0173730496758 0.687363715768671 -0.188026864444964 -19.9878434487355 3.14623696966601 0.200572573278947 0.702452880109703 14.3373531203156 -5.52353877493344 -0.539893760228444 -1.6509834918997 15.0087552243745 13.1479904242876 -1.30332698171849 0.234359810225385
"32" -8.88848479900935 -8.41344070971807 0.480269708650162 0.372272618416162 -19.0190244141075 3.44522479182912 0.223062470715216 0.400052720530823 16.9360124818228 -5.90642411345236 -0.404000473075657 -1.53385058593224 14.9279135077446 12.4890040377406 -1.45407859692534 0.353745118155075
"33" -20.5556974157281 -4.49134048491639 0.243445949914978 1.03851117951686 -14.6846546836448 2.6882002653894 0.234865594506192 0.0532306842566186 19.7238052131317 -4.72267960552537 -0.174412735155963 -1.20229521668794 14.4200627956798 9.66401605577607 -1.53886579874179 0.480576592024875
"34" -23.3794034188857 -2.34252087529721 0.0414044851917286 1.33166199629869 -11.8774442541686 2.17310204729566 0.21823932555659 -0.227127209007591 19.2700289913423 -3.89161344496331 0.105248079303733 -0.785048157180199 12.8368682234898 7.81122610347557 -2.01226206989073 0.644000357179806
"35" -19.3564938160822 -1.51250281507384 -0.111902455766302 1.29351805026494 -10.0854634545918 1.77101754500815 0.174149442366527 -0.437676677015773 16.1596584750035 -3.22236284576318 0.42753180680203 -0.289157141643173 10.3699341734344 6.60381937103292 -2.78580801340561 0.833848577716708
"36" -13.0791716195 -0.900827356489689 -0.215073537685553 1.07449546861099 -8.03372087152106 1.17989585297631 0.109306128512954 -0.598079456912672 11.6844658747138 -2.26198782647516 0.77462320113878 0.262320133058864 7.3703180367659 5.22663939897426 -3.62878909272212 1.02973328787709
"37" -6.25372062402766 -0.276284010845927 -0.264839410644388 0.772739131119266 -5.48250331567024 0.408578130713767 0.0312092022057472 -0.717649045268729 6.54771764814148 -1.00880669449229 1.10034942215158 0.777706318117779 4.08046370869838 3.52939087689438 -4.32369551363322 1.21124329409236
"38" 0.21094531064594 0.323856537280394 -0.260722672217847 0.455269220379364 -2.52191817135471 -0.424383890496218 -0.0501410347929701 -0.779345068023105 1.33241682989982 0.380934335042294 1.34193300017645 1.14424455355065 0.732238467458405 1.57398878660649 -4.62257762416557 1.32308742634359
"39" 5.57259462706097 0.839805645632287 -0.190916930254261 -0.17377593501854 0.589438631827555 -1.16641056478111 -0.121617886249253 -0.472488097347281 -3.34753641224487 1.68473091601083 1.43649878812184 1.4231975775068 -2.38475079618036 -0.468442040341742 -4.26752976475337 0.97045448034919
"40" 9.53313357215937 1.23220221756912 0.00858296847233575 -2.63712147028826 3.16179831346282 -1.61403719013104 -0.165318798897641 1.48460637843434 -6.83778371849238 2.5465897981715 1.33959091436214 2.2851413334902 -4.82633924879757 -2.14708658720293 -3.02991480003725 -1.34755844991921
"41" 11.9928089899264 1.48221599918247 0.353005365004259 -7.57145690736542 4.78096882015404 -1.66744797422463 -0.17231095663053 5.6189325015628 -8.82035032121234 2.78042468153949 1.0485250310504 4.03643682412419 -6.32358552548553 -3.19292478370065 -0.909699866389875 -6.23001240546304
"42" 12.057556874202 1.56349170999452 0.553182527870925 -9.35901114754819 7.10918167705392 -1.6688524940139 -0.171851208198662 7.36046622636502 -10.0401413296931 3.07759792463358 0.621785406518976 4.09530713621342 -7.56414879963466 -4.69263641287666 1.53597844459938 -8.35443807651205
"43" 9.57803182450799 1.48427232529093 0.43170273085846 -4.73314622777932 11.0300764392689 -1.85807067308041 -0.184986458720174 4.00704687754634 -11.1153600898932 3.87589861782144 0.139659114993614 1.02850825448441 -8.96543110180409 -7.22671699569 3.76334392921545 -4.5412930597322
"44" 6.36131478034663 1.31684424933919 0.276563271260006 -0.0744691562612445 14.2340320793113 -1.89856062296556 -0.183902608255792 0.639831510426319 -11.4723732348922 4.38693310351304 -0.339393523543428 -2.03873748094627 -9.62454554399687 -9.29420040983133 5.77233308809133 -0.612878153111723
"45" 3.55287901955138 1.11329582731057 0.22927545661566 1.3996802938598 15.5108489934925 -1.64805526627157 -0.157329786408922 -0.209721215801324 -10.9229181397444 4.23997971209853 -0.758077228560688 -3.47738773934081 -9.13429103505517 -10.1097426151106 7.43466902329188 0.531414746933706
"46" 1.22317384366771 0.890055526154637 0.203337055068182 1.3558877891644 15.3311325019899 -1.25403695507557 -0.118463309899614 0.0590866177397231 -9.83797698979869 3.6941214452463 -1.06446493630481 -3.97548389789517 -7.82255922696075 -9.98204538632937 8.43565644232503 0.50106759724639
"47" -0.590983677363468 0.658718654027351 0.146015018373079 0.878806789795846 14.0197184851553 -0.814954121058463 -0.0759811023815125 0.533258145308594 -8.427991328834 2.92593859850706 -1.22928837681881 -3.96372305976082 -5.97118511909791 -9.12318849278153 8.59964415192601 0.306931921978645
"48" -1.7995199983916 0.429854834296486 0.0495481702391896 0.211848197878169 11.6613426666747 -0.368286438614319 -0.0330230468002595 0.991413412215138 -6.72969720177288 1.9993156873171 -1.24221590595749 -3.48655565023805 -3.77783725615379 -7.58743409176788 7.88381264964488 0.1269506011472
"49" -2.35100887496527 0.211715069063876 -0.0847017004945219 -0.525576363907021 8.33018563439666 0.0602824448409969 0.00856888688435054 1.31905533353947 -4.72613352798089 0.962724558365441 -1.10397707977644 -2.53215892115142 -1.45494156924104 -5.42124045294663 6.30851840360132 -0.0131193114491452
"50" -2.22692173747253 0.0114862711158197 -0.254370642695209 -1.19384360749493 4.13171673882718 0.444666750077726 0.0471330879927396 1.38876328654263 -2.38851315811979 -0.129486601884878 -0.821605431474143 -1.09681767560804 0.75722100700019 -2.69090252708075 3.92816013352794 -0.09454203936005
"51" -1.43468954448676 -0.163703622145786 -0.456182350740091 -1.6377450947154 -0.781828585212935 0.757799146482551 0.0809909313723221 1.06759056961104 0.294887106105769 -1.21522460521336 -0.40824895980946 0.802619001812431 2.60824526606235 0.50697099463531 0.83342038832957 -0.0961886217692154
"52" -0.0503005554367135 -0.306753858906907 -0.681676035774947 -1.73060095918646 -6.13005540039364 0.976647321014248 0.108506683264882 0.276472037155628 3.25082739291102 -2.2221338445632 0.106525048475938 3.07766566806924 3.88732137154228 3.9917377770719 -2.78331011578531 -0.00384477048010012
"53" 1.66528279035046 -0.411311539669131 -0.906559854293901 -1.47045099709828 -11.3110718703555 1.09418363571382 0.128385333252929 -0.876011860371307 6.18339733707704 -3.06062124117643 0.650342559043592 5.44800922273723 4.5189355820904 7.37156175775532 -6.46439732427811 0.165087133282327
"54" 3.16364348102511 -0.473310956086221 -1.08186344365137 -1.07070260078609 -15.2565283796256 1.13253708964332 0.140080096327074 -1.97353809675616 8.46958930151746 -3.62448427260487 1.08683401889313 7.34416687421449 4.65675701483221 9.94789327365801 -9.3572987265043 0.338049760471108
"55" 3.76768992419996 -0.493051341163798 -1.14912706865645 -0.877398165183536 -16.7574857732577 1.13707529125547 0.143853795051059 -2.43560603816795 9.35778948361316 -3.82400566649311 1.25691141459378 8.08341919418888 4.63206110213972 10.9286302409877 -10.4736288793716 0.412406910292418
"56" 3.15476194368264 -0.472494461385962 -1.08118442572752 -1.07066742927816 -15.2604962901041 1.13356739524524 0.140033973318728 -1.97357914300005 8.48764706895678 -3.62578116756381 1.0867081520946 7.34473207319019 4.64204911851716 9.95067823053707 -9.35634304782532 0.337123803095892
"57" 1.65634997608481 -0.410536317933151 -0.90576771275914 -1.47183223418779 -11.3148377059308 1.09524214959236 0.128337419769728 -0.874785173921225 6.20053297580223 -3.06196678550621 0.65017824996096 5.44858486284912 4.5056576766903 7.37420224038397 -6.4632040884053 0.163467101954438
"58" -0.0540784935575758 -0.30644934185051 -0.681238410492885 -1.73222705782729 -6.13107373946299 0.977067206340525 0.108481099421655 0.277945454886435 3.25690148987908 -2.22262964169661 0.106397392565442 3.07782668038752 3.88292238736611 3.99246496838592 -2.78242589144866 -0.0050735026460984
"59" -1.43551612502607 -0.163650070466608 -0.456044821041553 -1.63845319949047 -0.781622046611758 0.757866707304469 0.0809819445483055 1.06825582979883 0.295497516349577 -1.21526610462326 -0.408315248063636 0.802561225643274 2.60789871658383 0.50684136870229 0.833862479091156 -0.0966571498585154
"60" -2.22707079064089 0.0114900377436955 -0.254342131881796 -1.19399366812536 4.13188593484229 0.444672859127762 0.047131112951541 1.38891787120252 -2.38859410224363 -0.129473634866741 -0.821629697517919 -1.09686815054124 0.757293992556654 -2.69101384887141 3.92831603552189 -0.09464759978556
"61" -2.35174892524753 0.211668208574735 -0.0846954772082498 -0.525448559756455 8.33032592096595 0.0603643646815115 0.00857676165964372 1.31903458834429 -4.72576580589615 0.962649150512167 -1.10405750627395 -2.53233673177499 -1.45487779676008 -5.42132787902433 6.30888840690603 -0.0131529987252463
"62" -1.81884284923887 0.428582632664602 0.0496062031961291 0.215809178695991 11.6640441504208 -0.366092964821675 -0.0328032890145853 0.990239531693305 -6.71910840399757 1.99716933862104 -1.24424537485762 -3.49098088711666 -3.77645568296673 -7.58908165386544 7.89289398469174 0.126458415714325
"63" -0.833539761117628 0.642747824228826 0.146725802636288 0.928816680866987 14.0536509515092 -0.787440107037751 -0.073223985112399 0.518276185211704 -8.29507997271368 2.8990265574361 -1.25475224535477 -4.01937968830765 -5.95389063762939 -9.14388385149087 8.713557634857 0.30104023935354
"64" -0.198494110655879 0.796521074684403 0.206984965035934 1.65925658517386 15.5332897887494 -1.09366337707574 -0.102382759036811 -0.0372225900807734 -9.06146910164796 3.53799903408904 -1.21346569771177 -4.30625744576368 -7.7228635070322 -10.1054900346631 9.10173004825455 0.47655872944847
"65" -0.36130720003338 0.857005818034523 0.230640034128538 2.40668556543426 16.1223366340544 -1.2214428703931 -0.11438759392068 -0.617256781995337 -8.82716569863713 3.83719077722352 -1.1641668567947 -4.46443069566425 -8.88775178712962 -10.4856029167688 9.24185886510393 0.631778514569277
"66" 1.11211942633249 0.982686468621859 0.211149289924847 2.60678400729924 15.4794628939713 -1.44214970340193 -0.136629579132109 -1.00980946821073 -8.98848922406803 4.05636861996691 -0.851877037507806 -3.95395940968857 -9.51039698208768 -10.0770983945744 7.98928336895919 0.822159491572023
"67" 5.48591512687802 1.25678399188089 0.148141343841885 1.95967665720909 13.4721914937231 -1.90244142252393 -0.183810287487436 -1.09411396453285 -10.3088066983906 4.34312463729201 -0.148800533757504 -2.51037458941917 -9.62511573203665 -8.80143729378824 4.77701637089321 1.07506689068271
"68" 9.26443755239588 1.45091919213693 0.0587960347233771 1.16297436701296 10.6791767432044 -2.2167887078659 -0.217198011156821 -1.0565041451224 -10.951104668001 4.33424037695928 0.568553696014381 -0.966598606844187 -8.98285647843323 -7.01498282868933 1.30349700965813 1.29703809392851
"69" 10.3165919033289 1.42837254843454 -0.0403057469825789 0.655137546915626 7.53460114016028 -2.16252539447825 -0.214346099131334 -1.01725665622791 -9.83641796124312 3.83572529578754 1.06271865419117 0.148748861792114 -7.48598728332465 -4.98726403363575 -1.34609901068752 1.43057231767523
"70" 8.94656409743097 1.21444701346122 -0.136715871103032 0.39332913192149 4.1738502956122 -1.80046533953681 -0.181204085755562 -0.963357775163558 -7.23057535849663 2.93975617030257 1.3482206897355 0.857286739615617 -5.25773518820466 -2.80675506580207 -3.20619517795011 1.48137480682468
"71" 5.47279150465812 0.836814498719607 -0.215862211582422 0.346229774900848 0.76300908079785 -1.19850653563775 -0.12435474699531 -0.89263817961475 -3.41544683640605 1.75230548860175 1.43807660968964 1.17830809447078 -2.45881781908149 -0.58158323741366 -4.29822747214196 1.45608186540701
"72" 0.203048328515639 0.323619036456736 -0.262697704546833 0.496419182140443 -2.50819876702462 -0.426920576107578 -0.0503576453939576 -0.812594706371812 1.32704006342341 0.386274712941514 1.34205999682014 1.12486846191231 0.726405260408708 1.56504549806755 -4.62502020874397 1.36152143338629
"73" -6.25406829128688 -0.276273054600746 -0.26491312012722 0.774237714528141 -5.48198737724798 0.408482817174107 0.0312016505413607 -0.718864220620617 6.54753436873807 -1.00860877003503 1.10035399294102 0.777036202099211 4.0802631396256 3.52905466143546 -4.32377721496554 1.21259583104913
"74" -13.0830292743556 -0.899684405769857 -0.21528245551751 1.07717968174831 -8.03162668750412 1.17946508210865 0.109308450292158 -0.600470267959196 11.6848234949647 -2.2612678153988 0.774617449321098 0.262948498144155 7.37007694839854 5.22528628070916 -3.62843945948524 1.0296805792994
"75" -19.4601766977136 -1.48188512269347 -0.117124698565477 1.36040868895554 -10.0307957642819 1.75960670878921 0.174217046181994 -0.497145264801532 16.1703901174205 -3.20342928501241 0.427407332377137 -0.273150048652241 10.3642263690854 6.56850977956812 -2.77680380434602 0.832070102820325
"76" -24.6788970948464 -1.96004781148272 -0.0197622619583271 2.11472996071976 -11.2092680004222 2.03156444417877 0.219115784877355 -0.921443374341735 19.4171086643739 -3.65825750006756 0.104064415472923 -0.59750284104986 12.7718893725923 7.37979252707438 -1.90433306094534 0.623092412789788
"77" -28.1182928422153 -2.26200710432335 -0.0905633521933318 5.31575846022793 -10.8664720653262 1.86288101756572 0.240079552249548 -3.7285972398697 20.6605173321396 -3.37015857514234 -0.179298006787907 -0.177165947671639 14.0152315633698 7.19942244693513 -0.93171945517647 0.36660043859888
"78" -29.014223688208 -2.33874933384503 -0.3684825764086 11.2900305024907 -8.75944585992667 1.12092859475682 0.236653051741667 -9.22689453254729 19.7980202684945 -2.1175593985867 -0.412330944377866 1.0824810877463 12.9825848625767 5.86842739059361 0.181388241953711 0.0729171757105576
"79" -25.6643468285845 -2.20966537480957 -0.306787591958041 12.9349345515282 -6.67374680736317 -0.374537449180286 0.212035509529349 -10.8517080404423 19.0215235161351 0.200768146238584 -0.545587781615886 1.47965871963172 6.88890610979141 4.55781112321446 0.996458496335486 -0.0338889899237671
"80" -17.2510542180775 -1.87760162347811 0.304868856409714 7.38157510133004 -5.36509745945531 -2.68259131160549 0.17003890579293 -5.93296657871159 19.4116366711223 3.61330925684696 -0.565933956962321 0.299907551166697 -5.80806861385619 3.76358305454908 1.38417263933679 0.14114357732295
"81" -10.7330137686371 -1.50412099753785 0.806805993700879 2.08645344294862 -4.00760654331771 -4.46229154429293 0.125515699631478 -1.29426968219759 17.4098206398154 6.14843695329748 -0.534525304784977 -0.693875338523888 -12.3577792018328 2.93544902998649 1.35029375122003 0.244401339961129
"82" -11.2155352341959 -1.25161559257376 0.922903984248637 -0.176504522904793 -2.94870411467841 -4.60310314926644 0.0906205519671994 0.557324215330581 11.403918547669 6.08892638730902 -0.481625992223184 -0.86062058584406 -3.53645528135472 2.29413278853221 0.688269418682369 0.0870103487407903
"83" -11.2946146807928 -0.892243767599264 0.838985648853745 -1.08470012743716 -1.86655327515511 -4.31085205811168 0.0510377648164311 1.16767011157569 4.93325318520117 5.40226930771966 -0.40811337216606 -0.685701259532173 5.62532997165307 1.64029128119929 0.0349487163591684 -0.108157092248433
"84" -7.24303344795603 -0.344931883219409 0.656088797945301 -1.49894465303672 -1.07117317798302 -3.95301537464557 -0.00444166663662149 1.34017389523291 0.631493713480616 4.71723744299337 -0.321404312535819 -0.44948028653571 6.94652849668624 1.1817270883742 -0.260167154047765 -0.219910468816366
"85" -2.06795482359919 0.203847531696084 0.392549743302838 -1.6614090748154 -1.86925048417177 -2.56974904774729 -0.0771256561277774 1.32373631145481 -0.955975899142658 2.50420433049071 -0.234619399280313 -0.258718330578894 5.22005417882035 1.76573863472378 -0.441707982885156 -0.289270752766754
"86" 2.12310639403125 0.596993667933183 0.0966490106442137 -1.6380476122952 -4.75121219239952 0.253372776732142 -0.168359287214204 1.17730885581489 0.110273390738829 -1.90292298162771 -0.161852850257229 -0.17203226454032 3.86123103576885 3.70257274663838 -0.637368582956581 -0.330030825487142
"87" 3.16409070934283 0.678283306177969 0.00931730055281754 -1.59769818594577 -5.98468396862016 1.37465554201234 -0.200579160935361 1.1046922524275 0.861780082450514 -3.64307688583841 -0.143321490996636 -0.1696807651347 3.64790053099196 4.52185675691989 -0.697421057082672 -0.333688351074841
"88" 5.73521711300634 0.810846720564865 -0.207521244682988 -1.39659875479224 -10.1256636598375 5.1232778854033 -0.307468213402487 0.800964158964348 3.68889892190957 -9.43384852106768 -0.099052849406813 -0.229195438198808 3.56359675569581 7.25285267093684 -0.8438704142088 -0.304590999241555
"89" 7.75140620669369 0.821336212795613 -0.305447092210755 -1.13977210163046 -13.4133698118112 8.36412116614083 -0.41020816502054 0.415128569283311 5.82325704694397 -14.3963426446141 -0.0701002074391139 -0.347572686703472 3.94192922271807 9.3982553994443 -0.88273810423149 -0.208462608209402
"90" 9.80327441033527 0.806043937123594 -0.296396379173565 -0.884218040993588 -14.9062791448058 10.4548635998378 -0.494916909013385 -0.00438213610296145 6.17097691653987 -17.5381812154897 -0.0457814730850701 -0.468148768102452 4.25104057360564 10.3487916914917 -0.80399291973894 -0.0571537430760145
"91" 12.0477331693463 0.815814839663278 -0.230137288824375 -0.656500865973953 -14.6152819834064 11.3390494241302 -0.551005443640797 -0.408891343109104 4.75050456766112 -18.7807699512978 -0.0196439457802814 -0.556306679458864 4.21826171402478 10.1195716602904 -0.643923523493909 0.122752971167657
"92" 14.2801291873323 0.852410109254915 -0.166374544826392 -0.457726477029581 -13.0711125588034 11.2665772021524 -0.569311621004633 -0.756595433499399 2.21619119161208 -18.523651606791 0.00850154438882716 -0.601509204138168 3.82300839516553 9.06134526313037 -0.453926966087349 0.30203795227763
"93" 16.1918155561501 0.90003606325203 -0.1642579356043 -0.272605051247851 -10.8532860988158 10.5209004870385 -0.540269308833693 -1.01556046654964 -0.723252352511963 -17.2191517002709 0.0352155328259843 -0.60616932031644 3.17225165077502 7.55442832186229 -0.277455917161831 0.455714519552757
"94" 17.5079202017499 0.941444290429144 -0.283175460439304 -0.0804300847451458 -8.45988388030738 9.33807151440817 -0.453540868582782 -1.16019204974944 -3.50389839821446 -15.2486117994216 0.0578374289206612 -0.573389905544722 2.44571426483468 5.92459479212383 -0.160731933641618 0.565680267452791
"95" 17.9850254463559 0.956222084964352 -0.581965828545051 0.130139519375888 -6.3667762595007 7.92412918805424 -0.298950447753646 -1.16473218698201 -5.68936636434017 -12.9546705304885 0.0798184033231751 -0.495577627369855 1.96033143108461 4.48119953237318 -0.187698213104597 0.624627579738629
"96" 17.5342984740093 0.938743206992921 -1.10014578497696 0.383011321385737 -4.82741000935371 6.41177373073237 -0.0709035313315192 -1.02260795664166 -7.03188157425789 -10.552812993693 0.0982183308841236 -0.379036878583477 1.82189974610486 3.39022979220804 -0.373569285026235 0.622939683537183
"97" 16.4439691649582 0.930913954767145 -1.82324647159373 0.756873443650591 -3.48047447262581 4.76690943703276 0.223943380354505 -0.782944595729006 -7.61231847668065 -7.94731359082283 0.0801183056618283 -0.290704823618015 1.29612817614155 2.42486628295081 -0.465674285350675 0.525242442631878
"98" 14.8645050407508 0.947112165679813 -2.68401682213985 1.25448168827603 -2.13822223895182 3.01286060567241 0.565188518191554 -0.484128382737637 -7.51121464941104 -5.1502566971738 0.0141608030369729 -0.259164373951805 0.0925537507417253 1.46850432288798 -0.348884950393622 0.327007398762944
"99" 12.5208168368313 0.932649426285604 -3.55336378239863 1.72564008733463 -1.20758282905105 1.35416866298418 0.91556389946527 -0.118807723861622 -6.62851844263951 -2.5108970099496 -0.0611628375188029 -0.220727351442846 -0.939862406731937 0.783636845689362 -0.264401044046689 0.086417736806581
"100" 9.3493941470252 0.857899794996543 -4.20235383872329 2.01499337679348 -0.649281523204145 -0.100792170068909 1.21405934448058 0.275414000774575 -5.08935978740783 -0.187425825695115 -0.123503752791493 -0.14772032973606 -1.49572087118582 0.348628290643486 -0.276889350173596 -0.145514027307513
"101" 5.52327516747348 0.722734979945151 -4.35011120141742 1.99302673955989 -0.0166641368547218 -1.34461236191127 1.38753645081941 0.622508929226797 -3.21905495002943 1.85565902018433 -0.169630747607818 -0.0521431786529121 -1.83492218373132 -0.117893862068449 -0.272513800760247 -0.333054950581243
"102" 1.23419406283896 0.525422802923737 -3.77575248127736 1.55511070000949 1.02642835563982 -2.36406486961402 1.37685850062605 0.859431333522991 -1.32694007143475 3.63043373152851 -0.193137576937952 0.0619244005068964 -2.1073838646969 -0.82784882935492 -0.182471206691112 -0.441924279903986
"103" -3.26935861924709 0.269519235873328 -2.42206708633258 0.683135334664797 2.59702375147152 -3.14581980112732 1.16200001985094 0.952698803990543 0.347743013158436 5.12087923729579 -0.188598816105199 0.19484177328124 -2.34369066071119 -1.85542484614139 0.00408014810711776 -0.454087351408589
"104" -7.64562707757847 -0.0283452890026771 -0.440496175366075 -0.520083248144317 4.59331925452607 -3.69246109396245 0.773290509857285 0.902794455328305 1.65054375376612 6.30671557388624 -0.157036048937438 0.342973111760259 -2.53486310039316 -3.13764749578759 0.261564886815743 -0.378540457332065
"105" -11.4992017351663 -0.340582501162414 1.8530636866631 -1.85723814512667 6.74362250003409 -4.02101541405127 0.281264310016102 0.73955484061689 2.51154143888638 7.16834884944199 -0.105520875858603 0.497752250226497 -2.65350498063146 -4.50501077162043 0.540645391000012 -0.247188755511559
"106" -14.4581181470547 -0.635736449955753 4.08508024526336 -3.10189011918371 8.71040490822111 -4.15498262120965 -0.228523048077062 0.509042633669182 2.92429474011865 7.68936113336209 -0.0439578318018798 0.647469871219286 -2.66777160977434 -5.7465914361051 0.785139480530486 -0.101550718109223
"107" -16.245968380712 -0.885517300206022 5.93026719806074 -4.06259544248186 10.1940945131573 -4.11647927519805 -0.680558476272441 0.259647902282964 2.92102238613733 7.85892380242257 0.0182587404428996 0.779227791179238 -2.55430173712455 -6.67502918483765 0.948192772088113 0.0209209403190584
"108" -16.7213765652956 -1.06862376155969 7.16962702270828 -4.61699823850901 10.9901607422914 -3.92175802496513 -1.02315017506978 0.0334988593284464 2.55875017156325 7.67287385030492 0.0740902994168975 0.879864791283708 -2.30521090899976 -7.16226480730676 1.00111774262869 0.0948717879173842
"109" -15.8813326336795 -1.17104479822443 7.69567121312889 -4.7124707265296 10.9947218932061 -3.58037553407907 -1.22975660054846 -0.136515287849264 1.91743902927509 7.13320956562728 0.11902437909648 0.935689535666754 -1.92852749372696 -7.14305024657757 0.934253066592994 0.108921485087421
"110" -13.840821617069 -1.18432497249122 7.48689860004576 -4.34625880200056 10.1810644264765 -3.09647625434698 -1.2931431132411 -0.22750964197688 1.10261383869585 6.24665336060912 0.150298547056014 0.931488712871001 -1.44487417318317 -6.60026742485449 0.753208015619848 0.0643821971380021
"111" -10.803157795623 -1.10336595725498 6.5751047613558 -3.53903493443931 8.57078104154007 -2.47060685022421 -1.21797517263055 -0.228687337417284 0.245446537469508 5.02306770211738 0.165948896552971 0.849332865660188 -0.883471142942746 -5.5469152534483 0.474068264496065 -0.0260303168419682
"112" -7.03030620068499 -0.924643354459007 5.0183827031897 -2.30942236294626 6.21233150935613 -1.70133814153634 -1.01486722641495 -0.146668750482846 -0.50246858434846 3.47440449668212 0.164088510912884 0.667542388556981 -0.279262273643667 -4.01279266663968 0.119513602185913 -0.137845518654501
"113" -2.81759955527942 -0.64544738653016 2.88471069198147 -0.653638873763498 3.17207378301116 -0.787353103325588 -0.696879938997145 -0.0139025645495678 -0.980383095138599 1.61591874417512 0.142569003258589 0.360611711144983 0.328139144309443 -2.03909593485105 -0.283603382485239 -0.233034421651467
"114" 1.52290863428618 -0.266270094400811 0.255409894378552 1.45518465027592 -0.45158595212596 0.265701496079126 -0.279898663890032 0.10504737115663 -1.04196448512983 -0.522492281740906 0.0994079212195799 -0.0959744426879183 0.894005407119707 0.312092942817188 -0.705106847723652 -0.260591105739337
"115" 5.65366158389399 0.197642499076229 -2.72136610743893 4.00027915998072 -4.45793011095783 1.42175562581608 0.208242067934362 0.127171050272707 -0.610404210284454 -2.85276266478795 0.0352428177900503 -0.704210834383133 1.37179834989138 2.91192553163031 -1.11042023827219 -0.171607814753116
"116" 9.16404239283469 0.689958148568079 -5.69866343446227 6.7339711415961 -8.38981371528983 2.56373206301356 0.705381109775585 0.00888941836200274 0.217339104082601 -5.1335818535142 -0.0409459990027499 -1.3937509277323 1.72699284745258 5.46444558535737 -1.45771937276968 0.0366399211960982
"117" 11.5654453230179 1.08982241286188 -8.0216034687704 8.99135688613501 -11.4162188476675 3.45154962296525 1.09680566363828 -0.178412967362988 1.07466834962107 -6.89316689605926 -0.106762941894827 -1.97765337100337 1.94368936076794 7.42995705276564 -1.697434262969 0.271625833058067
"118" 12.4213938068331 1.24751047731393 -8.91745409686002 9.88898073969847 -12.5755115367618 3.79406656920227 1.24833782527828 -0.271345859725585 1.44890532739463 -7.56897472746114 -0.13341255662886 -2.21221101246032 2.01654302033504 8.18310824697107 -1.78368359732852 0.377428155189165
"119" 11.5494990939988 1.09128037986521 -8.02251310589636 8.99349421498729 -11.4190110894425 3.4531189234459 1.09703089734758 -0.178863299325997 1.08538478219283 -6.89561294946463 -0.10691898516108 -1.97868454534853 1.94690217018812 7.43195172970543 -1.69723677899499 0.272382297688466
"120" 9.13912916688808 0.69190414560619 -5.69916967326735 6.73591139753253 -8.39320383909558 2.56581846078261 0.70557779727374 0.00855497965795848 0.232183537761525 -5.13676717569377 -0.0411123708495823 -1.39474465343794 1.73394233558253 5.46688480038869 -1.45766474880878 0.0373341670883178
"121" 5.63641100759679 0.198860840743461 -2.72136570846362 4.00104116142191 -4.4598975625147 1.42305676204727 0.208319207987747 0.127117564448199 -0.600947233003708 -2.85472283853342 0.0351589363670454 -0.704651572024801 1.37749952209155 2.913347917547 -1.11049217434253 -0.171335600057432
"122" 1.51738157806345 -0.265896644655084 0.255452849307675 1.45533412349769 -0.452172968066542 0.266099026802696 -0.279880798916308 0.105070647020767 -1.03906967191228 -0.523089770357849 0.0993860499104325 -0.0960769889191511 0.896004413822798 0.312517109178586 -0.705151710511808 -0.260542332596998
"123" -2.81841904948362 -0.645391913395802 2.88471478611117 -0.653620375181049 3.17198214549853 -0.787293819608005 -0.696876782772367 -0.0138949511526931 -0.979961042423117 1.61582858590497 0.142566108961078 0.360599011999852 0.328454294900464 -2.03903032455378 -0.283613196618205 -0.233030746903097
"124" -7.03036257118194 -0.924639154266005 5.01838153672545 -2.30941976835146 6.2123230507727 -1.70133366211578 -1.01486673847993 -0.146668313554969 -0.502437784195006 3.47439742112143 0.16408830236883 0.667541535374397 -0.279240650105098 -4.01278674798095 0.119512591808808 -0.137845452499732
"125" -10.8031613469375 -1.10336543670798 6.57510475004238 -3.53903491175467 8.57078093626089 -2.47060721680293 -1.21797512322873 -0.228687186074055 0.245450489461259 5.02306833446254 0.16594888284387 0.849333142328646 -0.883474218578066 -5.54691512030468 0.4740684372616 -0.0260307274442653
"126" -13.8408218027493 -1.18432438635467 7.48689898743535 -4.34625899144993 10.1810679901253 -3.09647834272458 -1.29314312748631 -0.227509647006414 1.10261364159321 6.24665682849066 0.150298539903599 0.931489050801815 -1.44488007347504 -6.6002696864763 0.753208659547989 0.0643818420178945
"127" -15.8813295144983 -1.1710442017836 7.69567161133841 -4.71247057532796 10.9947286566123 -3.58037889510446 -1.22975662952947 -0.136515666631325 1.91743329790594 7.13321507655603 0.119024372023861 0.935689647555037 -1.92853295879263 -7.14305462314258 0.934253984917614 0.108921520649375
"128" -16.7213743329286 -1.06862337111394 7.16962764424726 -4.61699849761473 10.9901658337089 -3.92176038941413 -1.02315027787285 0.033498700317466 2.5587458114711 7.672877757729 0.0740903145272197 0.879864792215642 -2.30521468453412 -7.16226809470708 1.00111837934747 0.0948719459456697
"129" -16.2459711926821 -0.885517110848679 5.93026956062863 -4.06259991382899 10.1940955029086 -4.11647950299076 -0.680558940084331 0.259650535905052 2.92102563608024 7.85892438155657 0.0182588458148112 0.779227851268757 -2.55430549021423 -6.67502971430537 0.948192915776758 0.0209204170490125
"130" -14.4581253594321 -0.635736486995336 4.08508634829076 -3.10191108723151 8.71040114960556 -4.1549810935127 -0.228524119903413 0.509058129645069 2.9243057694416 7.68935883543515 -0.0439575577600384 0.647469954231795 -2.66777497777685 -5.74658874598979 0.785139050993862 -0.101555091609555
"131" -11.4992086071262 -0.340582834802824 1.85307208880928 -1.85728638345415 6.74361072860464 -4.02101265827078 0.281263181559463 0.73959415606322 2.51155753853396 7.16834386646617 -0.105520502468803 0.49775231206192 -2.65350373445945 -4.50500283917641 0.540643993631383 -0.24720107241572
"132" -7.64563214103273 -0.0283455911852293 -0.440489780261946 -0.520137076969007 4.59330316582957 -3.6924581716803 0.773289989781712 0.902840354053282 1.65056115312516 6.30670981876798 -0.15703577382954 0.342973340401585 -2.53485960627095 -3.13763682832764 0.261563111818324 -0.378555679780277
"133" -3.26936329154314 0.269519237363606 -2.42206429406151 0.683106695916393 2.59701332595171 -3.14581789946185 1.16199992479059 0.952723750572687 0.347756319036169 5.12087560614882 -0.188598730611447 0.194842068364252 -2.34369072179014 -1.85541793856035 0.00407929979283672 -0.454096052820375
"134" 1.23420322723553 0.525424686873256 -3.7757510507155 1.55510625683291 1.02644463158041 -2.36406940266442 1.3768583664575 0.859436001697418 -1.32694161698424 3.63044248951188 -0.193138828315586 0.0619221249890671 -2.10741733269303 -0.827859096473503 -0.182461221839256 -0.441927993250602
"135" 5.52374972267677 0.72280467931211 -4.35008299588861 1.99313504453562 -0.0158918141938003 -1.34481944815684 1.38753133826891 0.622442323556712 -3.21936249798202 1.85605238866302 -0.169679309412802 -0.0522375419450327 -1.83616250286394 -0.118386076662091 -0.272120982830829 -0.333106472411828
"136" 9.35791555896729 0.859147941713419 -4.20185035262815 2.01694974480588 -0.635429380474264 -0.104506574713549 1.21396770108932 0.274206299821984 -5.09490388837417 -0.18037157877065 -0.12437370815095 -0.149411721834497 -1.5179304939928 0.339799655131294 -0.269851423335568 -0.146431061363273
"137" 12.5920420024366 0.943074848150922 -3.54915947091227 1.74198334230476 -1.09183141492613 1.32313064552668 0.914798306050734 -0.128897760083959 -6.67492193204923 -2.4519543954791 -0.0684300420072003 -0.234857328040505 -1.12534279777721 0.709863776558642 -0.205607749789836 0.0787575935895148
"138" 15.1424983538731 0.98770533105011 -2.66766264327313 1.31814162858089 -1.68685261453939 2.89183400674306 0.562205950557004 -0.523443673349576 -7.69322045196643 -4.92047050531761 -0.0141451838791127 -0.314212611968671 -0.629213740143154 1.18084086006867 -0.119859721628153 0.297172546383322
"139" 16.9525698621236 1.00453413579253 -1.79369297654085 0.872491843548715 -2.65739852285645 4.54625200010194 0.218523536354721 -0.854433425994301 -7.95122462426769 -7.52868855712596 0.0287165508488451 -0.390745417585819 -0.0100022112644211 1.90039411080082 -0.0496235863219097 0.471075258601559
"140" 17.976435762473 1.00075213106692 -1.07558444546836 0.480904023234302 -4.12027746879152 6.22230903071475 -0.075501567903855 -1.08339986788982 -7.34471695455444 -10.1943680406472 0.0547195039718341 -0.463934323885987 0.730695416783266 2.93989837551034 -0.0210006528973441 0.57713436481346
"141" 18.1760875371266 0.980214510076644 -0.572943912259224 0.168756487094015 -6.07301220697489 7.84557661018968 -0.30077749417013 -1.18909411627072 -5.85020904553335 -12.8074869594727 0.0626913141987691 -0.529349101372361 1.5510991940505 4.29448959107118 -0.0481772221273324 0.60664113454736
"142" 17.5542069943303 0.945529929210381 -0.281973341259772 -0.0733477044151414 -8.39603571257721 9.32111024741114 -0.453885123024425 -1.16491675476372 -3.55863904459603 -15.2177433409991 0.0547187074131687 -0.579772288632974 2.38498004623105 5.88425293942437 -0.134850270999988 0.562436995226108
"143" 16.199495407939 0.900315379291595 -0.164333663702853 -0.272002736287391 -10.8450727044166 10.5189145393946 -0.540305298829791 -1.01604080327311 -0.735559494483429 -17.2157132816029 0.0349647249294773 -0.606757800136542 3.17146436273127 7.5493125995026 -0.27519946021051 0.455447077199395
"144" 14.2834934143033 0.852775073382573 -0.166777848526074 -0.457685020749764 -13.0739961340367 11.2690041658631 -0.569352851537908 -0.756607294675064 2.217642088917 -18.5274063165849 0.00855991168929371 -0.601409075605268 3.82170834881957 9.06312213297284 -0.454105804873483 0.301910961837436
"145" 12.0720316925957 0.818822456187323 -0.233064310457584 -0.656443553083406 -14.646758667845 11.3565871679637 -0.551269838415127 -0.408757649238069 4.7741264691705 -18.8079605630817 -0.0191055361290275 -0.555254936376244 4.20499805298848 10.1330573800589 -0.645965421222622 0.121880537668304
"146" 10.0013908937331 0.825271699016566 -0.312895106326773 -0.883321456942568 -15.1489766504501 10.5254350087675 -0.496155001115864 -0.00554828127746987 6.31439354502711 -17.647292066611 -0.0426045947942203 -0.463004446555033 4.21920629086235 10.3729530900982 -0.813407295614994 -0.060849781711255
"147" 8.94392511746273 0.91687677911133 -0.374326789761633 -1.12944840387978 -14.854327010665 8.50027711942152 -0.414373363331711 0.395336617298724 6.50006175042527 -14.603872602708 -0.0562575115820669 -0.333148424254112 4.11139820762392 9.18302063151953 -0.907766754761262 -0.215547438139623
"148" 10.1630856994308 1.14988912675383 -0.414978787233088 -1.35520509450551 -15.0960071524923 5.13911932366907 -0.317834217607221 0.710425021864808 5.63217489462434 -9.44111537270556 -0.0543492890833354 -0.192993651358982 4.58183191746515 5.88286447612649 -0.88291070674126 -0.308213128340128
"149" 12.9575185029177 1.51527500007047 -0.434676239673025 -1.55152341101667 -14.3146882210532 1.01618411584262 -0.220520085691984 0.93722250851684 3.06118605692864 -3.04172132241222 -0.0343605996446686 -0.02481469358559 4.52236950045356 1.39454073190488 -0.750895122497599 -0.349082334612319
"150" 14.3520866141863 1.91034089635103 -0.419361545317548 -1.75056841242734 -7.89582644096225 -2.61086012160265 -0.136421596939295 1.16783031488407 -2.80724714390123 2.64113448733181 -8.01872694256578e-05 0.23266935578534 1.04083819274769 -1.70315928851405 -0.586271160514919 -0.394353851361799
"151" 14.7783091750247 2.31514208528059 -0.394468694819825 -1.89534659865137 1.81842287425877 -5.52070008096935 -0.0686650445200294 1.3531489087451 -10.3593358000997 7.28033669295488 0.0443482350101601 0.531324684204947 -4.72690904696709 -3.604390749005 -0.392699297162904 -0.43319918358749
"152" 16.2129121800248 2.72637196437814 -0.38586445089508 -1.88858129943351 9.13170741586695 -8.00808103980909 -0.016842751754126 1.3701987242092 -16.44323712684 11.3553019751773 0.0919223791941697 0.760843952694422 -9.54887516908548 -5.85897471901495 -0.134842115209605 -0.416051588456327
"153" 17.9938954052484 3.06975153459 -0.366980455162548 -1.72785483896944 13.7402649495717 -10.0066186277327 0.0219136687914189 1.23091569124352 -20.516710056992 14.7703227789584 0.133322557931476 0.901062900543927 -13.0748363417705 -8.31868994188222 0.179453506531607 -0.344641638127953
"154" 18.7517318108976 3.25458043289486 -0.306002590144522 -1.4423778444761 16.7419026263269 -11.2379483163451 0.0490698630837462 0.988544066102037 -22.6719042713862 17.0911443785383 0.160470963891182 0.96050161166692 -15.7753854580902 -10.2423852840464 0.514483126548245 -0.239346798986773
"155" 17.7063129837718 3.21135327728624 -0.193457785993247 -1.05411053500517 18.0668064273279 -11.4211390922524 0.0646508823630088 0.67947108677798 -22.4271798402247 17.8725821517585 0.168232299750502 0.936540634164828 -17.551811775669 -11.1386751456664 0.823413445307882 -0.11676472164929
"156" 14.4386599068374 2.89104810890647 -0.0368508479137146 -0.589080619961635 17.2344209876373 -10.303832870159 0.0685604377913249 0.338627846861314 -19.1998847660797 16.7028537448054 0.154310412254774 0.82722955911759 -18.0958958028694 -10.6465082420713 1.05056707537263 0.00545401029104653
"157" 8.87545089902479 2.27510597102997 0.144994130759737 -0.0845960917687734 13.9540212882796 -7.77249795834326 0.0617844644601067 0.00518482889427219 -12.7949151012593 13.3720027663981 0.119635227413195 0.639879900482434 -17.1417114036447 -8.57487105778999 1.14413885446609 0.108734807084403
"158" 1.45285920361627 1.39209214759171 0.325080793448657 0.411073367425828 8.41667309528757 -3.98211651722776 0.046925130714966 -0.282745016021934 -3.75171554633326 8.07290537907001 0.0690371645523776 0.394076875217714 -14.5681002939264 -5.04914119416915 1.07427994233606 0.177832880290737
"159" -6.78207560186309 0.32869754298701 0.471989066906749 0.843230136809808 1.44920423750381 0.567483776901765 0.0281286199057118 -0.495834809823606 6.47546474071652 1.52265356404605 0.0113755737615552 0.121720832230984 -10.4702376628583 -0.609186080886616 0.84834698414004 0.205263979380575
"160" -14.2738747978088 -0.775273071318053 0.55541779730941 1.15854051028603 -5.54196635503822 5.067331352744 0.0104652785204916 -0.619299319125986 15.6565020113302 -5.08587523070635 -0.041587011969353 -0.136706147478691 -5.18754117669523 3.82795199281983 0.515093919366142 0.193598534938204
"161" -19.3302620044074 -1.75355398051359 0.553124373229686 1.31477020647371 -10.9035613725798 8.58088102179955 -0.00117247638270301 -0.653635018100104 21.3375371480056 -10.3550754268243 -0.0778141254048836 -0.340022554555716 0.738554898177872 7.18615044353201 0.151814262761095 0.153959380005332
"162" -20.6836570018102 -2.45711803732544 0.457533803733178 1.28993195361426 -13.2693729596089 10.3318052611452 -0.00335386188891851 -0.609857021644643 21.6771766827671 -13.1169932769312 -0.088507256242394 -0.45667603399307 6.68338670641841 8.5792802663211 -0.163403603273347 0.100893769504992
"163" -18.0002787917849 -2.79899991989325 0.279226536906266 1.0872117315309 -12.0490171165695 9.97111918668983 0.00500776425064653 -0.502041981286624 16.1762043063058 -12.8385347528145 -0.0709555583206987 -0.473648816763777 12.1185051495582 7.62900815969381 -0.382209893785498 0.0461622236202288
"164" -12.0653077959604 -2.77650613802525 0.0456632349193562 0.734232294434705 -7.60988149084441 7.68237487587691 0.0224765911050279 -0.342414974453462 5.92521509547819 -9.78443332161522 -0.0293688065327401 -0.399908526936201 16.7437736058419 4.58189662192644 -0.501782466506388 -0.00473876048555155
"165" -4.54936556953948 -2.4496127758294 -0.202504544232888 0.285291041088925 -1.18528580135257 4.11871581784956 0.0445282597639437 -0.146054858224545 -6.48096144923132 -4.93016481358993 0.0254169539939195 -0.263993539211462 20.2123176496362 0.259189724549579 -0.549569549749743 -0.0505477276776247
"166" 2.60555517812826 -1.90217194221317 -0.420032636287978 -0.162053587442117 5.16928034853464 0.337842798889038 0.0616786089470911 0.0523830055832235 -16.9907424403573 0.137143647343533 0.0758047628126003 -0.109442697516414 21.2937407557715 -3.9453925230746 -0.541503937217391 -0.0889828552389105
"167" 7.96450089443173 -1.25970511925535 -0.574166903474815 -0.464037719368292 8.84755063430671 -2.31211704810265 0.0612750000820856 0.190189278120229 -21.1047158374678 3.44376191203822 0.101185456374882 0.0129309331336316 17.9419894447265 -6.25073549972987 -0.461519425677411 -0.114986071943804
"168" 10.5064857920816 -0.701659401027722 -0.627265886817674 -0.508563585836427 8.27708751326388 -2.88341375929127 0.0399689129709984 0.213563686112366 -17.2645342055717 3.77216380698764 0.0909484619816937 0.0659544429393577 10.2679815558832 -5.63280791213487 -0.306481801338297 -0.120260631093629
"169" 9.11300799804521 -0.335560437567958 -0.511798168991911 -0.339981164233478 4.85955704549735 -1.84746039824682 0.0139130567214449 0.141675705614958 -9.38772002458887 2.11197100372388 0.0563616481806846 0.0551727014973196 2.84391146386679 -3.17699902259948 -0.140019129846634 -0.0944376554297008
"170" 6.18497988806958 -0.177370669572139 -0.341734719985758 -0.191121314323858 2.48254685306649 -0.960106548667282 0.00309324261236615 0.0784430343236622 -4.63854383279624 0.955632914308536 0.0311353867559708 0.0326440139062534 0.190744312791316 -1.56564856248595 -0.0599243337746986 -0.0617578287553044
