"V1" "V2" "V3" "V4" "V5" "V6" "V7" "V8" "V9" "V10" "V11" "V12" "V13" "V14" "V15" "V16"
"1" -0.0959638759485433 2.26983584115391 -0.542252925142634 -0.973313992995259 2.22100414835745 -3.20812587739584 0.0265911537608012 0.73476930237165 1.63306184207667 3.00827839692456 0.241654662542889 0.489724334784682 -0.663563248295738 -2.39665720417489 -1.4673529730799 0.207276329833689
"2" -0.0605785053167747 2.17400010403986 -0.540710781555564 -0.981095531475177 2.35820678618522 -3.20169229910828 0.0241963368957769 0.728898764415074 1.79813354678133 2.93929742710636 0.236950116352315 0.477326029567507 -0.592304223153105 -2.41747119156165 -1.46627192349703 0.201431617656226
"3" -0.0184089795425653 1.89719419545325 -0.503366197249548 -0.92571580609274 2.39417883984334 -2.9790705577032 0.0198113962348163 0.673269191309046 1.90514354803982 2.65305288556391 0.214852068992826 0.428867511881435 -0.464724617507292 -2.28528869263581 -1.36702152049111 0.180089178809794
"4" 0.0110056081784364 1.59545857131645 -0.455783193084031 -0.847808465199648 2.35340463435208 -2.69100764089164 0.0158417554742076 0.604575551758238 1.93857356824295 2.32389997988863 0.188950064039489 0.373398997012373 -0.345728470414628 -2.09863503225013 -1.23756044730237 0.155902379320423
"5" 0.04416288084572 1.04205038008074 -0.363151607182346 -0.688430583452629 2.20425141168636 -2.12115335072858 0.00982471585133737 0.472412566532029 1.92090602960479 1.70926891759095 0.139924055332944 0.269534787272619 -0.150289572165253 -1.7176347698209 -0.980837243290409 0.110839163149649
"6" 0.0576009271276341 0.38538090207895 -0.250205297823754 -0.484480255392214 1.95944855529773 -1.40950028297702 0.00465432833674662 0.312400070755899 1.82633985586181 0.978751388363307 0.0806261573989993 0.144834646031995 0.0560278039539739 -1.23263345115559 -0.65985290123632 0.05698299297228
"7" 0.0411043846813079 -0.305370544998809 -0.131476056593925 -0.25754435779902 1.64101283745761 -0.634173542066371 0.00210835871826198 0.145042144647938 1.65982460507322 0.222483448164347 0.0175541223372022 0.0129078030033725 0.245679853615538 -0.69718466918981 -0.309615791595206 0.000324987060366766
"8" -0.0127891509435933 -0.950578054574322 -0.0239601445547422 -0.0339185412616985 1.27743886140867 0.111024393400015 0.00408253206665421 -0.00548154845800042 1.43200273454201 -0.454700638044486 -0.0419008835460417 -0.110792498447154 0.390819195574007 -0.175426230032359 0.0286327969533318 -0.0522992980040726
"9" -0.107162203566642 -1.47160922058899 0.0552734975616147 0.158989776763434 0.899419165197419 0.72910644254582 0.0123356071643386 -0.114521783068291 1.1577241661418 -0.947342988922429 -0.0906540582181279 -0.211420889201008 0.467440938962593 0.267061493515317 0.31364847514277 -0.0942806427756295
"10" -0.239805074776875 -1.80257525344142 0.0915740338950997 0.296523513055405 0.535718754833191 1.13304250592204 0.0282373731640782 -0.160342060683249 0.854320119095664 -1.16394986494311 -0.123162709349437 -0.277247495274423 0.458950237031669 0.572866844470694 0.510726613142026 -0.120354553170955
"11" -0.403228492177288 -1.90046060568717 0.0748695567279611 0.3602859667497 0.209908674145223 1.25740411076703 0.0525660945884781 -0.127129376353615 0.539925916251058 -1.03970781337119 -0.136486581805038 -0.301792701368186 0.358626911857886 0.701234487438132 0.597452878762113 -0.12758541325843
"12" -0.585606588631119 -1.75206988780317 0.00114188240588931 0.34078363060712 -0.0616408103057573 1.06678159410919 0.0853934074296205 -0.00718302217614308 0.232043553082997 -0.545406670090628 -0.130992931882247 -0.285230668624308 0.170717208520717 0.634127529949766 0.567721300237679 -0.116059256871722
"13" -0.772455888714632 -1.37681826518418 -0.127009026090924 0.238860116094486 -0.27042924143394 0.559906125893455 0.12607814465715 0.198003204669739 -0.0535704131542554 0.30860582767815 -0.110584688630034 -0.234825754694839 -0.0898852382112452 0.379045995429428 0.433385033530953 -0.0891741607379117
"14" -0.94871073833424 -0.825064006134212 -0.300774490803754 0.0657806364598912 -0.415335556966837 -0.230841281978925 0.173369417485066 0.477856113577658 -0.303685739507285 1.47375890705028 -0.0824020273545329 -0.164313744549645 -0.399239539491614 -0.0316566626217933 0.223279719220045 -0.0534745113900499
"15" -1.10079611546512 -0.172324286927179 -0.506423345365668 -0.157981634886823 -0.501298480209461 -1.24414907556141 0.225597755278951 0.813941011785232 -0.508086440755891 2.86939458953216 -0.0560216416603865 -0.0922885976076486 -0.727001376739135 -0.544682107878168 -0.0202616031527896 -0.0180348171345486
"16" -1.21833190996093 0.489753552450523 -0.727232980569518 -0.405048427100581 -0.537547915518242 -2.39777768356375 0.280915554623125 1.18203926150329 -0.659820238507002 4.39256480729762 -0.0422444871640124 -0.0397867030985708 -1.03979588074303 -1.09220860142948 -0.246950303904441 0.00654643283928635
"17" -1.29521132007562 1.06442397203006 -0.945742909738094 -0.644209634291059 -0.535741240230383 -3.59853915170423 0.337538117181287 1.55474806599668 -0.755265178227525 5.92993148737015 -0.0516150099153165 -0.0273617463799383 -1.30493567997775 -1.59982728036786 -0.405436590424131 0.009436914305752
"18" -1.32994542471677 1.46145503362322 -1.14597404177024 -0.843889607732024 -0.508285750681551 -4.7528105190714 0.393936325652778 1.90423193287965 -0.794064461547251 7.37006116800259 -0.0928486573076626 -0.0720067888585163 -1.49404375477546 -1.99488287382851 -0.450698420872016 -0.0189941923479182
"19" -1.3253156571327 1.60790425808163 -1.31528059833329 -0.975618403934988 -0.467033009887634 -5.77621822009431 0.44894176152731 2.20478045119946 -0.778971704362198 8.61452136463832 -0.171357979944094 -0.184303157780278 -1.58612648471852 -2.21416952027932 -0.351015086655195 -0.0857530443988708
"20" -1.28749133167522 1.45682084336252 -1.44557708109304 -1.01714879029888 -0.422428302883612 -6.60139418103067 0.501743054589136 2.43489929159959 -0.715633207207741 9.58652505874123 -0.288061190279084 -0.366159211444369 -1.56970217465383 -2.21014031895036 -0.0936594138285614 -0.193971563883451
"21" -1.2248311037655 0.992946360945623 -1.53379542070353 -0.954917759706547 -0.383101122972168 -7.1830900228406 0.551775056444367 2.57876363376255 -0.61231060684645 10.2363554033797 -0.438632653158987 -0.609449961880159 -1.44373316093631 -1.95509492886607 0.311431939559554 -0.341983353686373
"22" -1.14659373735773 0.234875250524638 -1.58155751567476 -0.785627888051721 -0.355802816745047 -7.50036851028359 0.598525644352931 2.62697581231795 -0.479521239759506 10.5433373430373 -0.61331547095725 -0.895786697532344 -1.21730906162199 -1.44314954679608 0.830559649588565 -0.522855622461975
"23" -1.06174772151513 -0.766451191070018 -1.59417394136524 -0.516810395899256 -0.345547085284128 -7.55599602392324 0.641304052612956 2.57667279125921 -0.329554239756535 10.5146090183974 -0.797365450238988 -1.19754063621826 -0.908232537474785 -0.690104016439677 1.40804336897207 -0.724475788847258
"24" -0.978755669594053 -1.92148404009761 -1.57941912311309 -0.169837249119439 -0.35560145403798 -7.37612707181966 0.678706859037611 2.43285636072322 -0.177204983548689 10.1856160890558 -0.97063611940905 -1.47772940392053 -0.544368195565539 0.258858337686276 1.96606150914323 -0.92839924531927
"25" -0.901307096247027 -3.16367097659428 -1.5447546451738 0.238495435849927 -0.388487251747664 -6.99312748350437 0.71002611244562 2.19932395224043 -0.0322093878672236 9.59412272134286 -1.11655427690806 -1.7050911137253 -0.143891760077441 1.37840263519521 2.43564152091545 -1.12013116146818
"26" -0.834476940569681 -4.36418637429556 -1.49751814330953 0.66920024776735 -0.44472653774879 -6.45913586768864 0.732355645261082 1.89098858305751 0.0896319924065905 8.80605737464857 -1.21061356556768 -1.83633802115901 0.257420649069605 2.58785155080219 2.72168085221614 -1.27468140851965
"27" -0.779534963945705 -5.41336846728039 -1.44276487232135 1.08515197880638 -0.523021970100097 -5.82969443474151 0.743014326311323 1.52465329695322 0.177063845637608 7.88971569284829 -1.23376675353863 -1.83879297909903 0.630833304960792 3.81241704724886 2.74926914674131 -1.37155869224671
"28" -0.735585706632843 -6.21347288636416 -1.38261813119337 1.44949893015809 -0.619905673350547 -5.15895514586344 0.739144581099138 1.11972726616655 0.222001917311582 6.91248264312682 -1.17192196617376 -1.69028547981748 0.951071721749479 4.97338967705433 2.46508952865048 -1.39393433270743
"29" -0.69998001949547 -6.68866389113191 -1.31622866615111 1.72937992073329 -0.729382091463503 -4.49458135684076 0.718112630797512 0.697419064957785 0.22059755937025 5.93541390955207 -1.01824947007927 -1.38342062732795 1.1979626982422 5.99264640189892 1.84735873368203 -1.33121018022143
"30" -0.66886247782594 -6.79287066091101 -1.24035570361237 1.89932716974349 -0.842725709101833 -3.87383734732133 0.67797695537168 0.280022272619433 0.173993408317073 5.00906716946523 -0.774927552326979 -0.928607470164025 1.35754035495298 6.79698091286718 0.913123675448958 -1.18118244054699
"31" -0.637788165591035 -6.51468257144433 -1.15043831745459 1.94397440516366 -0.94858220636359 -3.32111204854094 0.617950870090663 -0.109786073772852 0.0886140197500263 4.17073367216552 -0.454035925200294 -0.355284108377418 1.42263207489969 7.32224543048847 -0.278398690625295 -0.951436083381168
"32" -0.602345466859713 -5.87871519389611 -1.04194641610727 1.85973736739851 -1.03348877597351 -2.84700547265047 0.538777886087953 -0.449739434062209 -0.0241254812453651 3.44312016920497 -0.077365993291231 0.289086315533268 1.3929551147499 7.51729981007687 -1.6274576062084 -0.659640979753021
"33" -0.558727724312703 -4.94320920986081 -0.911759103571654 1.65522895816051 -1.0828696781974 -2.44899018498193 0.442944917605125 -0.718967270973693 -0.148746007635894 2.83445384035545 0.324978477454735 0.942454813508675 1.27476201453824 7.34771736939151 -3.0009065662336 -0.332521658843916
"34" -0.504205675155774 -3.79400860489247 -0.75932021803704 1.35030964414227 -1.08248409970567 -2.11353756163163 0.334678223717024 -0.899232672740027 -0.267237910439782 2.33991053355783 0.717174898522416 1.53397690694601 1.08008051120144 6.79911167432106 -4.24470182969679 -0.00343581811716831
"35" -0.437464119327728 -2.53547005288465 -0.587364898634966 0.973842113932449 -1.02021536049586 -1.81946708534018 0.219697744586608 -0.976416542603694 -0.361082372120802 1.94418611184369 1.06128866405937 1.99173732295799 0.825606243762081 5.87984655676072 -5.20084520492236 0.291294057188452
"36" -0.358779704531603 -1.27923746779915 -0.40208853175988 0.560395451210866 -0.888006284110787 -1.54214366309714 0.104742682614425 -0.942159084922906 -0.413555241019703 1.62493919460233 1.32154470059945 2.25165809588793 0.531324144890853 4.62279882437762 -5.7270748672351 0.516927246770138
"37" -0.270031126787689 -0.13212165240212 -0.212726387184503 0.146300107938828 -0.683679365375868 -1.25802983992291 -0.00308114189855146 -0.795481967649486 -0.412038386137508 1.35674043813191 1.46877250774455 2.26655482193746 0.218953820551224 3.08578571512856 -5.71695032606243 0.645162000492292
"38" -0.174547352916303 0.815497393273489 -0.0306117010846805 -0.234438152434279 -0.412346105199621 -0.949020234492167 -0.0970498476828467 -0.544140166775136 -0.350025246325951 1.11508754492245 1.48444338422609 2.0141253292395 -0.0896692316070151 1.35027015087768 -5.11757499715196 0.658605357073156
"39" -0.0768125663259447 1.49932029818729 0.132135039138717 -0.55382271976697 -0.0871185466920696 -0.605968402142317 -0.171563505223091 -0.20540839644427 -0.228510716294696 0.880008947039641 1.36370463240787 1.50262619042564 -0.374155599227258 -0.481967556318922 -3.94216398902358 0.554130527973939
"40" 0.0179425123927572 1.8875886031485 0.264076248801189 -0.792656153573603 0.27110678892492 -0.23087905172676 -0.222774691350413 0.193991324793771 -0.0565065653800767 0.638801743929335 1.11689157103269 0.773146964218995 -0.616947896659134 -2.2943466357936 -2.27506092535572 0.344492188315144
"41" 0.104225091691571 1.98348177552519 0.355857859835865 -0.942073306182294 0.634918623732512 0.162613928563587 -0.249009443095392 0.619056359883672 0.149479258613529 0.387540478741599 0.769164106843114 -0.102263710499756 -0.804425611780779 -3.96311632971077 -0.267634226459336 0.0577844467029536
"42" 0.176797573320737 1.82309203928703 0.401330683859442 -1.00364669832129 0.972700344328734 0.550641798832288 -0.250915103682537 1.02888257064802 0.36702739259047 0.131148584962588 0.358154574322448 -1.02685668649201 -0.927649854769914 -5.36674155564697 1.87533797682477 -0.265367246166079
"43" 0.231182525094656 1.46921417458542 0.398236070157367 -0.988113821769957 1.2518069632345 0.90225748020017 -0.231309886500242 1.38020549154345 0.570330669741344 -0.117974548146222 -0.0702031818489388 -1.88944457104571 -0.98270429537094 -6.39638352958829 3.91780478529654 -0.576637363791178
"44" 0.264111124368156 1.00177967102223 0.348376047636748 -0.912986697024735 1.44228473428125 1.18396813803076 -0.194754655620812 1.63185286178802 0.733381180066036 -0.34256085794236 -0.467208686950045 -2.57764570284144 -0.970628753863497 -6.96653956975663 5.62073407836829 -0.826273860274341
"45" 0.273874563804824 0.506261390260605 0.257273938999035 -0.79946726647313 1.52068702723597 1.3650194999526 -0.146910915135987 1.74965612848519 0.833422705166654 -0.523908193224415 -0.78759895613522 -2.99252495879409 -0.896981650181722 -7.02470700157597 6.77304327972934 -0.969968513717504
"46" 0.260544507646657 0.0616933606189889 0.13341118158533 -0.669179527926076 1.47347332670741 1.42265034297191 -0.093782911614813 1.71120308506062 0.854197776797748 -0.645593555357621 -0.995575449696027 -3.06266471437129 -0.771101422155049 -6.55886016171334 7.22094716120864 -0.975336670177512
"47" 0.226038136273456 -0.26996872690961 -0.0128136792620097 -0.541226983434569 1.29948325860456 1.34649231073777 -0.040960098969645 1.50972325730869 0.788512293137943 -0.696857895739996 -1.06977636949158 -2.75558473237697 -0.605160587185424 -5.60161237961247 6.89139259150875 -0.827029256824972
"48" 0.1740154536642 -0.451601200484973 -0.17022656147644 -0.429995712021821 1.01106116959962 1.14137672935539 0.00702448610199369 1.15641385610192 0.639707476322352 -0.675094554686567 -1.00642101717877 -2.08463367417949 -0.413116501498585 -4.23019160818427 5.80581169290951 -0.529666007847482
"49" 0.10961087742572 -0.474659222786926 -0.327944265109764 -0.343969274261383 0.633563322434863 0.82802090178717 0.0471244314934616 0.680654084278672 0.42176414592147 -0.587008153078713 -0.820085489550067 -1.10999938310056 -0.209659372439333 -2.5617773727244 4.08161931844938 -0.108077831813262
"50" 0.0390167750262052 -0.358404532041192 -0.476222363831468 -0.285633661047655 0.203190769955794 0.44137412105411 0.0779395808821874 0.127814919704093 0.157951142583475 -0.448221910024145 -0.541900696355341 0.066724102027365 -0.0092422334301645 -0.744286778251102 1.92056140488285 0.395267278640404
"51" -0.0310478168020332 -0.144803286871735 -0.606996894550875 -0.252365266538675 -0.236672851367724 0.0267624640271009 0.0995926382734496 -0.445278899259733 -0.121858386859112 -0.281365513953645 -0.215346501801868 1.31402546745221 0.174747146923451 1.05670943291803 -0.415052814461546 0.925366351758839
"52" -0.0939363035728427 0.110034302015578 -0.714099791661582 -0.238045615742806 -0.6402139897024 -0.365676128785466 0.113359428073842 -0.976790557906796 -0.384875007239966 -0.112930459431865 0.10981020162599 2.48667355496627 0.330641322803366 2.67369960299037 -2.63532895384162 1.42164568417138
"53" -0.143684509090942 0.346449501922137 -0.793194100750355 -0.235055904105707 -0.964449977205608 -0.68748829682346 0.121132412419442 -1.40741625395472 -0.5995946653663 0.0306087824454835 0.384582543642217 3.44446958425897 0.44897187389877 3.95389558357119 -4.46056102293676 1.82583855530174
"54" -0.175570165174708 0.512115996165704 -0.841526438231796 -0.236280133143737 -1.17431682547587 -0.898384806817802 0.12482592511061 -1.68798202058299 -0.739930274202624 0.126778868572316 0.567805977767875 4.0708991210231 0.522790325853009 4.77493993846175 -5.65850602888315 2.08968251403803
"55" -0.186563095919066 0.571412194769749 -0.857620602425072 -0.236781103950989 -1.24690262293262 -0.971733401858373 0.125840786353248 -1.78595572224461 -0.788684002931926 0.160542639584136 0.632105748123564 4.28893920541032 0.547862404878984 5.0577714171402 -6.07578739320718 2.1813565203247
"56" -0.175617144125283 0.511739881097498 -0.841032361014882 -0.234892285536034 -1.17424728656899 -0.898230061943593 0.124693373951864 -1.68985270360614 -0.73985686061633 0.12661639395985 0.567886381439948 4.07163558353886 0.522768445844591 4.77505717577272 -5.6588195257508 2.08974976302579
"57" -0.14377132855557 0.345747574207536 -0.792252394999011 -0.232571339048093 -0.964320671459883 -0.687185351034188 0.120881788945962 -1.41082121479627 -0.599457433142956 0.0302835143094597 0.384733820034633 3.4458285759049 0.448934446176473 3.95412886177022 -4.46114953756637 1.82595776372273
"58" -0.0940487579050497 0.10909242308071 -0.71278997594392 -0.234972030979065 -0.640042767044293 -0.365226967559067 0.113015339268642 -0.981142799799898 -0.384690849291863 -0.113432458205097 0.110014936678901 2.48845070660946 0.330602873946482 2.67404944580843 -2.6361205835118 1.42179315300382
"59" -0.0311645402193932 -0.145889956098301 -0.605407168261848 -0.249300646704626 -0.236482739321327 0.02738339695739 0.0991819422473057 -0.449887349467801 -0.121647256464552 -0.282100222994018 -0.215110982232247 1.31596547443201 0.174734425386958 1.05718476696708 -0.415949314348723 0.925521334925634
"60" 0.0389249967639849 -0.359564541711393 -0.474417358612499 -0.283125261636144 0.203374960889231 0.442257372248093 0.0774811280465322 0.123578320259639 0.158171973417764 -0.449335714739746 -0.541659855906516 0.0685642158534847 -0.00918340457404554 -0.74365623735522 1.91968085842382 0.395423690722509
"61" 0.109583031696904 -0.47588095797407 -0.325926383832069 -0.342395432116177 0.633718351653404 0.829380096537918 0.0466170932783214 0.677206163322936 0.421987225451571 -0.58881602146208 -0.819866527196083 -1.10849390313956 -0.209453257364792 -2.56091960186245 4.08090434614269 -0.107904140529627
"62" 0.174104496075476 -0.4529721980349 -0.167888247740962 -0.429495918834618 1.0111686705732 1.14363918583233 0.00643288893582294 1.15385494396615 0.639944276316879 -0.678205546326339 -1.00625437561126 -2.08365030848813 -0.41264068905415 -4.22895623386928 5.80546422364728 -0.529438623836995
"63" 0.226319280308964 -0.271723629511484 -0.00987230590422428 -0.541686445675452 1.29953369909314 1.35044182398046 -0.0417244783401252 1.50777536146667 0.788805653086276 -0.702375841316481 -1.06970076385112 -2.7552633020191 -0.604220184978274 -5.5997122913283 6.89171569687767 -0.826703872327471
"64" 0.261130743147692 0.0591050520195466 0.13751024105332 -0.670255539376228 1.47347204188029 1.42965118515028 -0.0948895527192875 1.70916858083427 0.854639799423937 -0.655433430852639 -0.99564731185643 -3.06311403654445 -0.769389471066724 -6.55578012701643 7.22242876782457 -0.97488551078095
"65" 0.274944279320092 0.502071674881762 0.263506246193572 -0.800632063935041 1.52066434652283 1.37736101362378 -0.148653014888346 1.74635741490566 0.834180785982408 -0.541282975753901 -0.787907354149709 -2.99385317234101 -0.894019072566401 -7.01956552712173 6.77648693071865 -0.969414597387185
"66" 0.265954543397292 0.994743063324478 0.35836412180069 -0.913557536062115 1.44231267498414 1.20537938038767 -0.197614380567998 1.62550631062989 0.734735353312666 -0.372707955125847 -0.467897123326097 -2.58000241426271 -0.965675107137653 -6.95788723185022 5.62745222163483 -0.825730931147064
"67" 0.234275093510274 1.45737269632767 0.414581153855877 -0.987244796794016 1.25202518674636 0.938649271563754 -0.236054695015813 1.36818445360379 0.572726067961708 -0.16920255010929 -0.0715000147385751 -1.89307643419511 -0.974628798383605 -6.38191877398084 3.92989295469931 -0.576349541567652
"68" 0.181908955975036 1.80344513448895 0.428080273120429 -1.00026530226802 0.973353848911417 0.611136223386836 -0.25873407901274 1.00733148623728 0.371146451505336 0.0460073144112982 0.355895267901971 -1.03218149445888 -0.914750954758571 -5.34292473923193 1.89604904869361 -0.265741216371225
"69" 0.112571733236617 1.95154771955573 0.399136420753692 -0.93475470601345 0.636408631301046 0.26091459804254 -0.261697798960611 0.582328975803179 0.15633913852492 0.249193916435402 0.765409869712421 -0.109969747237301 -0.78418719143087 -3.92466621391939 -0.233399750598892 0.0561624657912034
"70" 0.0313897580768838 1.83685523706788 0.332897310658012 -0.779437727431798 0.274054160664722 -0.0747440492183671 -0.242971975968693 0.13390052049391 -0.0454257596764363 0.419029760490275 1.1108669800696 0.761970754798085 -0.585721680069501 -2.23361259885997 -2.22014197422362 0.340862512754939
"71" -0.0554957934260472 1.42060168654588 0.239393756759284 -0.531970269275746 -0.0818012474589054 -0.363540457707053 -0.203045658315727 -0.300521543476535 -0.211103247051648 0.538669009409261 1.35431680156368 1.48632785345171 -0.326763318251519 -0.388187392132839 -3.85641383724607 0.54759657581053
"72" -0.141382086840601 0.696240881788796 0.133001553210264 -0.200184121938094 -0.403381538235381 -0.581016725922524 -0.14506632269908 -0.69048150672613 -0.323364440992606 0.59669131368598 1.47020264107231 1.9903006152224 -0.0189259727603108 1.49179138919825 -4.98706057468132 0.648207544550132
"73" -0.219475375854095 -0.308495886079655 0.0313879098480783 0.198016440045876 -0.669362206399154 -0.711830977055243 -0.0747152964647348 -1.01494685375916 -0.372160940930064 0.586824477635261 1.44771718866254 2.23184430625247 0.322780371159254 3.29450541035673 -5.52314697779775 0.629994745558861
"74" -0.2833399715438 -1.53383615745769 -0.0459621239246957 0.636146018493633 -0.866162382306075 -0.749442107591783 0.000228609040501482 -1.26341457663149 -0.355252441349776 0.506611379846589 1.29118330220281 2.20155259311355 0.681083686793617 4.92366177288058 -5.44616830101018 0.49630297514841
"75" -0.327290603625617 -2.89408718525512 -0.0795004706744109 1.08183878811207 -0.988195192086739 -0.69448906587499 0.0705912763025118 -1.43573796656936 -0.277743021489127 0.355405052138991 1.01857669446793 1.92042154886622 1.0378027086375 6.30374557184726 -4.80329428807522 0.264954705322225
"76" -0.346702399161376 -4.28672090717934 -0.0514947843181304 1.5003940210112 -1.03720016196711 -0.552362399179628 0.126696761106096 -1.54085472915818 -0.150802840971524 0.132221792166817 0.658546783371129 1.43424784694071 1.37528002879186 7.38288222434452 -3.69525130845204 -0.0350649743047597
"77" -0.338225818743677 -5.60315101728483 0.0521203508407666 1.85868105821541 -1.0208847977363 -0.330576724683908 0.159360945967268 -1.59467155507078 0.0101595035187856 -0.165974809471678 0.246455613884834 0.805754809204018 1.67774143403139 8.13343917248817 -2.25925734845612 -0.368049490235308
"78" -0.299909129486107 -6.73978005203817 0.240048065255877 2.12888044315844 -0.951160597276728 -0.0365441586076898 0.160889697052138 -1.61739365245573 0.187571756022414 -0.545058653028704 -0.179972814160145 0.105689622753516 1.93243216639442 8.55068414239568 -0.649792020940879 -0.696424294955023
"79" -0.231245005620735 -7.60795466521742 0.514188733730442 2.29158348655517 -0.842268530785932 0.32377494828787 0.125991258415041 -1.63059027148426 0.363730462407509 -1.01327387348154 -0.584819244563647 -0.595900713508399 2.13040729022044 8.64993903304035 0.980092472477111 -0.985328330302309
"80" -0.133166669610397 -8.14171460993151 0.868530903677645 2.33788593815822 -0.70905410699338 0.746080829983512 0.0525244028183423 -1.65427052519308 0.522553431398322 -1.57945075052872 -0.937474007258587 -1.23719627390005 2.26689929055114 8.46272645796101 2.49466474220588 -1.2063702772864
"81" -0.00801948793669993 -8.30260541315425 1.28844426286069 2.27026610807374 -0.565582197950132 1.2268000795962 -0.0579817960963016 -1.70421798303779 0.650889912965471 -2.25012546026491 -1.21515025448836 -1.7702088208548 2.34124479538447 8.03240670743563 3.78706452164499 -1.34020322592869
"82" 0.140474706079594 -8.081278895004 1.75045934671826 2.10220331134511 -0.424191301835279 1.76126254762884 -0.200086678458929 -1.78980424419833 0.73930988358596 -3.0260433591407 -1.40424708707203 -2.16408029641434 2.35641365375276 7.40975562805535 4.78578210383449 -1.37777959482469
"83" 0.307258832891439 -7.49605612890466 2.2226469462017 1.85664178062171 -0.294993223433737 2.34144630109331 -0.364512663130368 -1.91247311611905 0.782373735936517 -3.89870460158208 -1.50056978076419 -2.40602657470072 2.31823584266247 6.64884914587777 5.45613018133758 -1.32034574431555
"84" 0.486003211576563 -6.58900662448899 2.66573802005578 1.56351944643171 -0.185744519281855 2.95385688529884 -0.538561033297567 -2.06505566556634 0.778451834402523 -4.84767048581542 -1.50855125549015 -2.50016321668068 2.23445502827246 5.80350984330349 5.79741849880196 -1.17838158699192
"85" 0.669219364272028 -5.42035418762337 3.03513179647518 1.25665193409293 -0.101964202113972 3.57810214862779 -0.706879367023374 -2.23203616181627 0.729214472333022 -5.83927225864606 -1.43971235736836 -2.4646565293624 2.11374719002137 4.92444910310115 5.83697105444861 -0.96976969620323
"86" 0.848460033743182 -4.06212627120335 3.28390454276995 0.970291141028071 -0.0471552443640637 4.18660648697079 -0.852570794473538 -2.39083203936224 0.638942228625659 -6.82716161128655 -1.31064338226011 -2.32775880594136 1.96482980139164 4.05712089199033 5.62231098088097 -0.717493448782079
"87" 0.902863151966706 -3.60558330267864 3.33007225535575 0.889165559189252 -0.0361709731588555 4.37047586273401 -0.891171907001235 -2.43502416953315 0.602807916781212 -7.12991778018262 -1.26037982340116 -2.26873480995073 1.91318936403549 3.79171139298176 5.51088535648387 -0.632714286275359
"88" 1.06296843870953 -2.11626322973976 3.35207045602258 0.676494575673019 -0.0217896297548412 4.90626657544894 -0.981318212406526 -2.54095973235154 0.468157726994909 -8.02573448056307 -1.08184210539205 -2.0502692363267 1.73924788140111 2.99755923444688 5.05294562092445 -0.362037948775424
"89" 1.19783176665888 -0.616605634310602 3.15968396738769 0.546798507954691 -0.0376625200765024 5.34333400317304 -1.01197513621927 -2.57341136642314 0.308658737359939 -8.77905042496246 -0.888850383907968 -1.80983424862279 1.55400672525995 2.29273836407029 4.48328238785837 -0.10670870234776
"90" 1.29878959843055 0.821604372459362 2.73139810720647 0.513049157366709 -0.0814235095513207 5.64509598993994 -0.972268601166796 -2.50703445060211 0.132843932980037 -9.32871210449565 -0.699585905667693 -1.5778449211906 1.36266972688773 1.69687588326914 3.86079069106927 0.110985422629255
"91" 1.35842794143852 2.13401647668147 2.06488583386682 0.577042522164447 -0.148770446551149 5.78037751327078 -0.856766323974041 -2.32392465810677 -0.0501529497847297 -9.62169499338835 -0.529063102518013 -1.37776269821416 1.16924135687341 1.22055665618996 3.23578240040649 0.273615688921609
"92" 1.37127342060788 3.26493215946648 1.18133213966325 0.72870695349863 -0.233327394314353 5.72745135301047 -0.666791691402834 -2.01724800137443 -0.230636224210297 -9.61893589611368 -0.38818036389771 -1.22420346110516 0.976827352383484 0.865110030561697 2.6474625380452 0.370128457122291
"93" 1.33442197733046 4.16776906316875 0.127880239792368 0.94647851825988 -0.326626446106932 5.47728203228457 -0.411201268914549 -1.59392479644674 -0.398371589232763 -9.29993667166323 -0.283239264075448 -1.12214397343723 0.788032032920182 0.622664394419066 2.12298109299701 0.396828440750369
"94" 1.24802229332093 4.80525401715448 -1.02262131016513 1.19880933010262 -0.418315399797247 5.0354734472892 -0.106432900470752 -1.07584957187655 -0.542720569119611 -8.66555789258813 -0.215910632055326 -1.06720073438919 0.605360353808717 0.47662706868194 1.67774723983371 0.35771720323828
"95" 1.11553531978847 5.14979336301118 -2.17517749465851 1.44680597338566 -0.496671723950971 4.42260621259089 0.224311121186906 -0.499252536714515 -0.652994413849048 -7.73867776358105 -0.183604024344248 -1.04688606167156 0.431535869857136 0.402779814916487 1.31665770290289 0.264092033059569
"96" 0.94370749438669 5.18433424985031 -3.21974425042888 1.64790148325324 -0.549457092071571 3.67287967935145 0.55278914771448 0.0879816529022577 -0.719088235813151 -6.56267995865507 -0.180181310983329 -1.04268975115974 0.269664766987173 0.371149646614306 1.03591600969168 0.133358561875184
"97" 0.742223175193155 4.90382128703534 -4.04159527983422 1.76034516751028 -0.565085816788711 2.83120851202111 0.848277917052709 0.630946204525259 -0.732389016856708 -5.19800681627434 -0.196941240156711 -1.03278503330489 0.123208488045169 0.348715741820815 0.825176607505682 -0.0129082133837528
"98" 0.523039366750211 4.31710998027008 -4.53412533966441 1.74815895800282 -0.534013094252189 1.94912943092725 1.08075643671588 1.07389902983616 -0.686877671900092 -3.71723220553976 -0.223787638138823 -0.995111404578893 -0.00423306266085177 0.302858407591088 0.669811342392677 -0.151514009719676
"99" 0.299448535345409 3.4489686074832 -4.61272103388175 1.58607658711762 -0.450185820448953 1.08002234050788 1.22438679217239 1.36732110131093 -0.580279698238317 -2.19924560860944 -0.250479388402276 -0.910545330165633 -0.109287548347435 0.205273793731191 0.553147063899473 -0.260553630796267
"100" 0.0849568412144599 2.34162934224261 -4.22792277942076 1.2638805369869 -0.312351874727203 0.274224223800175 1.2608705479792 1.47494586267642 -0.415073823916016 -0.72318585399394 -0.267848019179205 -0.76583860692358 -0.189256126096854 0.0359078930888823 0.458553673349797 -0.322330047845981
"101" -0.107901825449126 1.05527472937253 -3.37591672001398 0.789511920432005 -0.125004432416291 -0.425391680219157 1.18221855007219 1.3797555391513 -0.199153158584937 0.637275083494274 -0.268862804918228 -0.555992648158053 -0.242554938603874 -0.213652647513631 0.371273351254388 -0.325884021454613
"102" -0.268677716206632 -0.333110538604359 -2.1045000729183 0.190375837538681 0.101245905329871 -0.986879172173502 0.992496952423508 1.08798066648936 0.0540461497260196 1.81880355068203 -0.249428327650172 -0.285755519928216 -0.269068501313427 -0.537922233050516 0.279883093841136 -0.268742959135352
"103" -0.389906510786936 -1.73292693746923 -0.513081526626806 -0.48758761554447 0.350024038253016 -1.39137238696991 0.708208079481889 0.630333177737946 0.32607806444658 2.77208557405662 -0.208818891316163 0.0300141721559157 -0.270345966080143 -0.916898116635864 0.177286662373831 -0.157576364799979
"104" -0.467686253458162 -3.04532084831493 1.25401958454167 -1.18325364121236 0.600333049944932 -1.63375439548433 0.357124313074529 0.0600356940201721 0.594726078180682 3.46413925353141 -0.149689027712498 0.367272568561702 -0.249596211382887 -1.31740106839284 0.0611502131076236 -0.00758771817504567
"105" -0.501857315720162 -4.17051500843586 3.0208086514026 -1.82595811083436 0.828440424912781 -1.72185727283355 -0.0244023438463223 -0.552359319494443 0.835890663356017 3.87923891561969 -0.0776473460372813 0.695021682826109 -0.211468544326813 -1.69642149360972 -0.0662649260553394 0.159341595461456
"106" -0.495766387159904 -5.01654964612055 4.59824204235133 -2.34297055770017 1.01034431746735 -1.67438853500324 -0.395411553946698 -1.12689648946943 1.02596116870124 4.01856537997452 -0.000436689852072902 0.978695719611551 -0.161638080157708 -2.00620403454971 -0.19885875105166 0.317543219393201
"107" -0.455653301738852 -5.50856025783911 5.80620096902175 -2.6680112147381 1.1245518243807 -1.51792310736744 -0.715139984461146 -1.58398751786075 1.14441736230261 3.89879229457928 0.0731809683157039 1.18437644854339 -0.106244519880491 -2.20050184674921 -0.327951021437627 0.441101633194648
"108" -0.389752277012672 -5.59749895740332 6.49609868315803 -2.74979243586901 1.15482765736986 -1.28339283439521 -0.94806167797832 -1.85478475244114 1.1763444334502 3.54987140910109 0.134690284154928 1.28335412104207 -0.0512563919607345 -2.2411958110948 -0.443879732144239 0.507541449291239
"109" -0.307238342582998 -5.26712802028422 6.57108926154854 -2.55945567117055 1.09254336573913 -1.0025374050639 -1.06849088998894 -1.89074496044152 1.11452559705525 3.01229208813868 0.17706588986789 1.25644029034834 -0.00184662954722725 -2.10434924594545 -0.537717601124712 0.501125272041236
"110" -0.217168931884792 -4.53820270565039 6.00095849613862 -2.09582291899221 0.938281998575484 -0.704750255339412 -1.06409654217008 -1.6709965528409 0.96080448174362 2.33406997711445 0.195815742215608 1.09740293973732 0.038132845851635 -1.78478321755942 -0.602853229555194 0.415276440083062
"111" -0.127566535880131 -3.46901771269772 4.82933163965956 -1.38759316778862 0.702430395710593 -0.414667574999918 -0.937796755711396 -1.20635940875258 0.726484115888746 1.56767761744339 0.189668897177143 0.814951373933127 0.0665012102974103 -1.29841671177923 -0.636190975466889 0.253769419005948
"112" -0.0447613996980962 -2.15189381469902 3.17177210314453 -0.491970928127557 0.404612497561438 -0.150722075970869 -0.707705951522026 -0.539287867362923 0.431642284859756 0.767078141575382 0.160799057839704 0.432853590568584 0.0828708797836306 -0.681901199644846 -0.638772764257851 0.0305128295321992
"113" 0.0269323826111467 -0.705680290279432 1.20454929080299 0.510327723949501 0.0719664165828444 0.0752653806897143 -0.405069005945496 0.260439927933525 0.103379920437487 -0.0150270957844754 0.11454113426236 -0.0119899576368425 0.0885221577960742 0.0105492594995704 -0.615711089660522 -0.232045602611606
"114" 0.0851910608645134 0.735121810826826 -0.854845557697693 1.5232485872308 -0.263575120956355 0.25753279833193 -0.0703999729176132 1.10385733283582 -0.226838580376438 -0.729667137017245 0.0586334356373399 -0.473395771952028 0.0860482511516025 0.712828153364507 -0.575432700445958 -0.505669611827443
"115" 0.129348436401298 2.03352695150748 -2.77315138368911 2.4458454822809 -0.56869957105012 0.395069571865449 0.251694942224734 1.89377173517505 -0.52646680792176 -1.33374458292214 0.00209133197671463 -0.901243356408486 0.0788241365353706 1.35442956039975 -0.528348517258337 -0.759863890013094
"116" 0.159849772372354 3.06407118690323 -4.32955006555032 3.18373504765313 -0.812417777480666 0.489855708587207 0.518329591036323 2.53711518784373 -0.765399585181843 -1.7918271420854 -0.0461226891063475 -1.24762939460743 0.070380504377443 1.86880201725204 -0.485166256620289 -0.965710232099582
"117" 0.177619932703752 3.72602356878259 -5.342943682475 3.66010567555247 -0.969596358374536 0.54499574373758 0.693997681768039 2.95700235568785 -0.919312810046208 -2.0775678522002 -0.078432894484493 -1.47297492123994 0.0637790948266073 2.20145072625225 -0.455128662513459 -1.09950892148504
"118" 0.183483699106368 3.9542055215868 -5.69463473008057 3.82483947661521 -1.02387006020911 0.563089908507663 0.755298518593243 3.10281777213216 -0.972406120937545 -2.17473634351587 -0.0897845627371936 -1.55119660454534 0.0610855967973656 2.31668564072172 -0.444478363206031 -1.14575969381667
"119" 0.17776103550381 3.72607894862787 -5.34331662543391 3.66052929322751 -0.969557593678013 0.545129625647924 0.694067895839645 2.95690817305888 -0.919202730979664 -2.0778455322272 -0.0784036098818248 -1.47316671826366 0.0630209370628414 2.2020849555671 -0.455415146223913 -1.09910799278509
"120" 0.160121850754241 3.0642132587631 -4.33031074297293 3.18457760533957 -0.812330721045911 0.490107653255272 0.518473010942728 2.53692647478353 -0.765177180154887 -1.7923625467092 -0.0460634675452454 -1.24793333231446 0.0688437774695139 1.87005378477599 -0.485728063751196 -0.965015335850694
"121" 0.129730568454441 2.03382035890772 -2.77432584724625 2.44709212961826 -0.568548632961829 0.395409275041708 0.251916547266884 1.89349178974372 -0.526130603756429 -1.33449968626378 0.00218264555250869 -0.901512222280417 0.0764809005107985 1.35626076407946 -0.529167959214931 -0.759071272095753
"122" 0.0856507375522959 0.735671380306627 -0.856465144032725 1.52486425226419 -0.263344707003608 0.257917463430353 -0.0700951161417649 1.10349986855555 -0.226393476248619 -0.730589171527257 0.0587627947905247 -0.473435382778916 0.0828836587538113 0.715170636131719 -0.576497205831402 -0.505031629307268
"123" 0.0274253796914259 -0.704711823328381 1.20245416881551 0.51224386287285 0.0722847037652947 0.0756407957736585 -0.404678319004628 0.260036751683515 0.1039150974992 -0.0160521158611857 0.114723228885758 -0.0115812954413741 0.0845538459866724 0.0132930620662735 -0.617036599024175 -0.231826264940992
"124" -0.044289949227025 -2.150247143793 3.1691750265063 -0.489871964498036 0.405013052139174 -0.150424222539421 -0.707232264332788 -0.539679795986736 0.432225593119027 0.766023973289919 0.161066725231279 0.433940347396856 0.0781565872095626 -0.678923188664512 -0.64044602430738 0.0300878162752269
"125" -0.127180122326312 -3.46626215744352 4.82620559712994 -1.38549703324389 0.702888255587022 -0.414540691081577 -0.937251161652167 -1.20665158270037 0.727039128276552 1.56668344049365 0.190089574877788 0.816962464748258 0.0611249531240325 -1.29545113652753 -0.638440666383929 0.252561708613484
"126" -0.216938119710701 -4.53360350301509 5.99725811261965 -2.094009177152 0.938749061344086 -0.704938889405952 -1.0635007766143 -1.67106080810565 0.961204743068147 2.33325929685151 0.196518494628322 1.10063887118054 0.0321626317464769 -1.78219357679826 -0.606163583281159 0.413277743228946
"127" -0.307242332245124 -5.25942570852888 6.56671356706298 -2.55833822696925 1.09294512595166 -1.00328786115477 -1.06787894627354 -1.8903984095656 1.11457108331702 3.01186574630778 0.178283887036464 1.26133908914881 -0.00843358833956387 -2.10268183857088 -0.543003552899847 0.498491083254066
"128" -0.390087163236036 -5.58456084834819 6.49082774275342 -2.74998628630058 1.15505834533582 -1.28514149581459 -0.947480649679267 -1.8537598789367 1.1757242053077 3.55018908301926 0.136825457785456 1.29063392737203 -0.0586834125718845 -2.24129472782773 -0.452750221470694 0.504617853788204
"129" -0.45645107661311 -5.48685260056563 5.7995995979146 -2.67044150173405 1.12446513307277 -1.52144026526279 -0.714650514797473 -1.58187771665913 1.14265078567301 3.90051297192106 0.0768998795860583 1.19525298015378 -0.115083694523957 -2.20370085359304 -0.343096647499522 0.438453035626253
"130" -0.497228741261967 -4.98036763520648 4.58952399621047 -2.34904335248137 1.00973678256956 -1.6810011539256 -0.395088694884389 -1.12306663223152 1.0223087420783 4.02287469928827 0.00593572017884725 0.995192635825333 -0.173004726509674 -2.01463098733897 -0.22461019243741 0.315994648653714
"131" -0.504308033211043 -4.11089911687577 3.00865525965833 -1.83781435641663 0.827025062390707 -1.73378005059222 -0.0243379716023924 -0.545811374767325 0.82922497308897 3.88819982349987 -0.0669537829653279 0.720394337469315 -0.227275677440776 -1.71345847690398 -0.109376425847302 0.160053870533375
"132" -0.471645644213574 -2.94858678989218 1.2363483835652 -1.20412746125112 0.597702082445008 -1.65456306578888 0.356816185683563 0.070850434100187 0.583354053315294 3.4812105096553 -0.132144157082607 0.406565895983476 -0.272888824746804 -1.34834942381596 -0.00956318186075578 -0.00298915961570856
"133" -0.396190771000494 -1.57874943267917 -0.539398869553757 -0.52228684128653 0.345601478864388 -1.42665375911453 0.70738170929733 0.64776104486991 0.307507921234218 2.80285723509584 -0.180684230220969 0.0907703542588933 -0.305737976511555 -0.969899407343554 0.0638528527510402 -0.1467982893505
"134" -0.278524877741926 -0.0921355993097421 -2.14396394167403 0.134856762716225 0.0942334533543687 -1.04508520204573 0.990959647073549 1.1154732589653 0.0246966517872087 1.87199523537116 -0.205325438906591 -0.192637861713592 -0.323302651860295 -0.625180116297811 0.10200381614959 -0.248529185788811
"135" -0.123123336970899 1.42425092664344 -3.43475119614737 0.703250037082285 -0.135681298334797 -0.518905662995351 1.1797085400519 1.42223292939475 -0.244296770687283 0.726026002910629 -0.201263518292656 -0.415271507834632 -0.325195548257057 -0.352981678571151 0.0985823675247843 -0.291617247539762
"136" 0.0618043972088884 2.89478041927359 -4.31441724588644 1.13317785033018 -0.328086735562229 0.127836442310397 1.25702676147081 1.53920032524682 -0.482843223501845 -0.579742248348651 -0.166512628731383 -0.556875891951222 -0.313504870334093 -0.180782666636324 0.0498175948129074 -0.267530976092758
"137" 0.264883458492157 4.26059378235576 -4.73750612695704 1.39256299079062 -0.472708238024897 0.856656866666803 1.21870962898538 1.46243266740566 -0.679719319156075 -1.97418956117112 -0.101893579223017 -0.606299783913983 -0.292882914453209 -0.123656515080237 -0.0459357623753363 -0.176295799553372
"138" 0.472485733489663 5.48241176269583 -4.7103078142257 1.46793690464744 -0.565361857607103 1.61683660999159 1.07255937964465 1.21161719537316 -0.82961023457249 -3.37400066000528 -0.0106781489682106 -0.561344261594286 -0.270355417096106 -0.184988050235939 -0.188826852028001 -0.0257992443694093
"139" 0.669878392753688 6.54073696222511 -4.28466188244417 1.36331272808204 -0.607520447993028 2.34916844517105 0.836631300924614 0.825973476338277 -0.93288991796206 -4.68873000615949 0.10201921147177 -0.427699332320799 -0.254850303730219 -0.358585265873678 -0.378145457710502 0.169917419522562
"140" 0.842476772819875 7.43372472114932 -3.54714132139616 1.09743500461539 -0.605293481439031 2.99097981357375 0.536459780357792 0.358077435717007 -0.994789994390514 -5.82708440646118 0.229980358977912 -0.217264854844188 -0.256467836506939 -0.631577817381812 -0.612755067190506 0.393028380985925
"141" 0.977064881364079 8.17322697783939 -2.60548592710367 0.700018607134126 -0.568037044669996 3.48200446989103 0.201704613572542 -0.133440378462467 -1.02412818517461 -6.70402935814793 0.36662325419541 0.0538169506203303 -0.285535706826948 -0.987424920907485 -0.891157728472933 0.624524609333548
"142" 1.06286206397381 8.77965855428972 -1.57427908523796 0.207614211698854 -0.506831811915405 3.77055190016225 -0.137316685952255 -0.591317701512665 -1.03179665688467 -7.24817599919802 0.505627590702613 0.367111818324929 -0.351512154587549 -1.40841790980478 -1.21111126150964 0.846623721826745
"143" 1.0923456186966 9.27639682213957 -0.561697234418723 -0.340339032716003 -0.43305031007839 3.8193481762802 -0.452785939252514 -0.966286395162449 -1.02921101229928 -7.40878909415214 0.641365073778722 0.70358482567849 -0.461818205071591 -1.87723915613061 -1.56882869562531 1.0446442553739
"144" 1.06177908546571 9.68441284456129 0.341228315375218 -0.904863390765541 -0.357186676580812 3.61040373782958 -0.721899183516697 -1.22217886326113 -1.02689622289239 -7.16169213145909 0.769098884661641 1.04488212922968 -0.620697135443546 -2.37739203195219 -1.95790328713838 1.20813267425569
"145" 0.971435654779803 10.0177601137733 1.06792205694109 -1.44997162184677 -0.288052856212076 3.14830805251911 -0.92853225489984 -1.33905686875573 -1.03334384579424 -6.51335026317369 0.884965699993113 1.37415339838788 -0.828214801274914 -2.8925961063193 -2.368197926824 1.33118688034347
"146" 0.825537692867309 10.2804315066661 1.57979455669332 -1.94433655403122 -0.232368023417692 2.46145984031919 -1.06398314321194 -1.3141921089744 -1.05422378969231 -5.50249792719675 0.98579656648176 1.67645934186146 -1.07952567968656 -3.40549424443746 -2.7849946334303 1.41206656560712
"147" 0.631952440653874 10.4649476013696 1.86615322893194 -2.36221199038368 -0.194697022651938 1.60091211184719 -1.12683896876278 -1.16099785579672 -1.09198230174438 -4.19885128229392 1.0688622604415 1.93888080629381 -1.3645307994047 -3.89619531064252 -3.18870303549016 1.45229174496376
"148" 0.401691104943044 10.5528658619163 1.94105770670549 -2.68380850819463 -0.17764142393154 0.636736350295244 -1.12211091377351 -0.906232336358514 -1.14581346985856 -2.69870276258859 1.13163936406185 2.15048514892248 -1.66803769571224 -4.34124226574354 -3.55536958107234 1.45548957000256
"149" 0.14825828469081 10.5172026176114 1.83794430534635 -2.89535562178065 -0.182162046333397 -0.347923838927883 -1.05984158616311 -0.58594914815756 -1.21195986001559 -1.11752150887907 1.17168342204024 2.30230665297199 -1.97049287330695 -4.71353378900386 -3.85811521412501 1.42625156158283
"150" -0.108783562552111 10.3311468251948 1.60766190107467 -2.98847452412576 -0.207321735137843 -1.25044859548913 -0.955463674670465 -0.246469189375304 -1.28306906852419 0.395436631631604 1.18663440824761 2.38661975714967 -2.24498300298336 -4.98005486353115 -4.06684881080753 1.37036712713507
"151" -0.36035482043984 9.96183976386429 1.29605452905024 -2.96503241193938 -0.252211003899494 -2.01266040162683 -0.821288558724378 0.0815875226471618 -1.35339815994601 1.76100275138918 1.17522124808908 2.40197649059655 -2.47576293920641 -5.12032763983433 -4.16366207960243 1.29070245294224
"152" -0.588208252676353 9.38691461328726 0.954590265185018 -2.82746509193754 -0.314501015505755 -2.55500403593176 -0.672686357913037 0.360268314384633 -1.41402726541253 2.85858070634071 1.1359155900093 2.34563145282141 -2.63770163275722 -5.10630534725896 -4.12721833395472 1.19103409297486
"153" -0.777199551850074 8.59505393970622 0.627015166080795 -2.58533283014896 -0.391192145828543 -2.82686815625225 -0.522868409208256 0.562778761999112 -1.4568938502466 3.60638404062979 1.06855675314114 2.21923183292643 -2.71141753523094 -4.92067677032628 -3.94722274484405 1.07423798487503
"154" -0.91372798452908 7.59140577794632 0.347097028051643 -2.25373792363246 -0.478452363500907 -2.80379997289575 -0.382694251919906 0.672756429808295 -1.47505757115116 3.95557767901402 0.974509918159342 2.02817917824268 -2.682679602258 -4.55778323233907 -3.62445038899756 0.943060671868579
"155" -0.986550511037439 6.40019818502999 0.136428864867241 -1.85283943561166 -0.57157939880145 -2.49073802629248 -0.26008065868562 0.685327783427113 -1.46349876065169 3.89544940561214 0.856955115316509 1.78184093394748 -2.54414608370825 -4.02651076974552 -3.17201979534644 0.800556801510538
"156" -0.987614817369327 5.06494128204682 0.00392878695853227 -1.40692852853266 -0.665009707297419 -1.9218659547553 -0.159799350359787 0.606808537061603 -1.41971277145636 3.45436824066933 0.720959818469773 1.49337186557977 -2.29655758029547 -3.35145984925967 -2.61517644078293 0.650446470824363
"157" -0.912905692243434 3.64594203593964 -0.0531134500867836 -0.942997224148911 -0.75243442094907 -1.15691470753296 -0.0836231031543271 0.453145570071548 -1.34401384967995 2.69621145681066 0.57327683627765 1.17905305065551 -1.94923517750165 -2.57192116050641 -1.98944510598631 0.497279682121643
"158" -0.763248219132358 2.215254632667 -0.0467402902483798 -0.488833701190742 -0.827074974932665 -0.274239529880234 -0.0307510569637017 0.247334489532193 -1.23949518750307 1.71256601491415 0.42185818617201 0.857141339685768 -1.51978689045213 -1.73856093082099 -1.33726724362032 0.346349144347869
"159" -0.544941291383605 0.849611753422238 0.00481085349807842 -0.0707914808768351 -0.882153793815704 0.638502834685042 0.00157481097861378 0.0161620766285893 -1.11164489678741 0.611642425963979 0.275130981896652 0.546320697415695 -1.03298120003362 -0.90815139705169 -0.70350471435637 0.203355501906572
"160" -0.270032754724372 -0.377744648834096 0.080610568579182 0.288517326799763 -0.911561283725363 1.4948398796326 0.0173584436679874 -0.213297824372162 -0.967678023912659 -0.494631701934509 0.141132192479823 0.263938917391897 -0.518814255518905 -0.137083446893187 -0.130415244272683 0.0738872742708736
"161" 0.043973820792349 -1.40516505683352 0.160416951845008 0.572288696584536 -0.910665695343162 2.21965562877217 0.0211380054661774 -0.416977344116162 -0.815694665393684 -1.50355011523081 0.0266346662613515 0.0242787746078648 -0.00988749196395133 0.525320249220925 0.347159517608475 -0.0371804884691755
"162" 0.375145506369826 -2.18939380380212 0.227487134976506 0.771028502137568 -0.877144570216523 2.75756782387648 0.0173561293558855 -0.576470344144255 -0.663798898977038 -2.33277341402602 -0.0635914570229374 -0.162864825444558 0.461675854837171 1.04258165398954 0.705641125121758 -0.126247534949243
"163" 0.698926652878772 -2.70999000174102 0.270479452295952 0.883222641296555 -0.811656912189114 3.07828154313768 0.00987419385660004 -0.680719000114628 -0.519307018606668 -2.92813181781786 -0.127254217808677 -0.293060139934823 0.867432683463264 1.39495335852474 0.934972578358838 -0.191398126133663
"164" 0.990602063825037 -2.97065068873142 0.284257753708019 0.915029001165948 -0.718153722321942 3.17817726151101 0.00166639026715742 -0.726548205300098 -0.388141715491005 -3.26708917118108 -0.164667724381474 -0.367406592579073 1.18551573814375 1.58076963449255 1.03891968270494 -0.232580911257401
"165" 1.22810965490688 -2.99723937423566 0.269592600690679 0.879008297868978 -0.603665673919907 3.07803368840742 -0.00529957272486214 -0.718047989099468 -0.274463942629385 -3.35761081186158 -0.178510809498317 -0.391957133410301 1.40278582439548 1.61509454030144 1.0333907444944 -0.25152935534561
"166" 1.39475196062317 -2.832906021756 0.231938201623542 0.792085322854405 -0.477514681860236 2.8174630791296 -0.0100156418782049 -0.664990963280651 -0.180549872375822 -3.23296139515217 -0.173264619457015 -0.376494272850323 1.51588339931105 1.52601550386674 0.943114110463625 -0.251445348431162
"167" 1.48130129766086 -2.53120764732196 0.179613567201557 0.67307830053258 -0.350046541428084 2.44720690554893 -0.0122625468624644 -0.580625919511476 -0.106885989803115 -2.94362804216272 -0.154438555612014 -0.332882606904491 1.53099216575309 1.34937090253997 0.797318514192682 -0.236512591751534
"168" 1.48705920212695 -2.14848076621315 0.121798329659804 0.540214700098346 -0.23112657890265 2.02077246869395 -0.0123692602926315 -0.479276287642058 -0.052434086303661 -2.54797788043182 -0.127731840517487 -0.273299294151798 1.46235449825554 1.12296104622078 0.625233054967765 -0.211332818502569
"169" 1.41961723438361 -1.73679163967847 0.0667473537920493 0.409042946253237 -0.128725381956282 1.58690519992261 -0.0109584591925778 -0.374171768332751 -0.0150080228979568 -2.1033308398374 -0.0982825760551869 -0.208655884705195 1.32981015025602 0.881312704083366 0.452214747166039 -0.180382533524153
"170" 1.33510742282521 -1.45105364023664 0.03282105040498 0.323531755777353 -0.069033032856181 1.29634355701725 -0.00942098530126945 -0.303278903273558 0.00278622532031658 -1.78575469879433 -0.0780022040605211 -0.164529651495172 1.20938296195578 0.716103034274256 0.339593664966856 -0.157113457359173
