"V1" "V2" "V3" "V4" "V5" "V6" "V7" "V8" "V9" "V10" "V11" "V12" "V13" "V14" "V15" "V16"
"1" -11.7840525606575 9.73240433500382 -0.2085867323363 -3.11614286179611 10.5242955376781 -9.9905985175501 0.0306717777285712 2.89394592677814 7.08469097819563 13.3137244440048 0.433889363310186 0.175918983195515 -12.5585734815899 -12.5256258549383 -0.300550709082472 0.588220368670591
"2" -12.5175991928361 9.74036528069769 -0.182833335585144 -3.13706199544185 10.6992444731876 -9.97217137384655 0.0265950275080371 2.91497690101522 7.80708475555225 13.2171189287861 0.427698030815378 0.119011896786105 -12.6522028251718 -12.5068435800361 -0.297177411276607 0.637579396327055
"3" -12.8126709677212 9.08008550839963 -0.132566043134375 -2.9221038108285 10.3063737540973 -9.23707054787002 0.0196138692352577 2.72313746609996 8.30964709065469 12.1479529370778 0.388518786625184 0.034403659259624 -12.0369026394366 -11.5691782758712 -0.264864653910536 0.664914143089845
"4" -12.7635984781265 8.20838927218165 -0.0829711629046983 -2.61820812250699 9.70042051709079 -8.27889737715611 0.0133111745299743 2.45195706526852 8.5138123678868 10.8023815371303 0.34080512093297 -0.0397712589947332 -11.1972913615625 -10.3399757318846 -0.222805751528995 0.670536059373262
"5" -12.3881196724049 6.4733894828189 0.00298975281674529 -1.98411885734276 8.45785210306248 -6.37360486039665 0.00347562147936742 1.88903375080184 8.58591789869822 8.16940726316352 0.248442875848127 -0.159249047908816 -9.54424028247394 -7.88590613617339 -0.136707447955814 0.662031050756923
"6" -11.7598293713716 4.30472853000128 0.0995683005323826 -1.14979436679278 6.90222545115513 -3.98604189988839 -0.00580200628456851 1.1548418994451 8.4233557485427 4.91330189515975 0.134538594708317 -0.287801422793564 -7.53033097272561 -4.80016464771336 -0.0237011929675646 0.641731471121602
"7" -11.0166745785387 1.95077003987353 0.194425669699626 -0.191562672962391 5.22402282588503 -1.38524340296783 -0.0122794523866219 0.322118834977459 8.06603477893822 1.41277069083071 0.0114565004928977 -0.416048782564758 -5.40855299476522 -1.43253400040402 0.106835463166135 0.622201546178985
"8" -10.2881637557228 -0.292884798539262 0.272992035045945 0.786683082294076 3.61744642401416 1.09935701501365 -0.0135463979953272 -0.512215914128376 7.5657645300947 -1.87292688879984 -0.105997938835003 -0.536821404974035 -3.43813231772941 1.78225762407561 0.241634632773639 0.619589691192232
"9" -9.66508623789582 -2.12628452705326 0.32048779322065 1.66512103029163 2.24616988102107 3.122618018661 -0.00735269147486406 -1.23799795588468 6.97468561942316 -4.4665287890416 -0.202792793728406 -0.647589272059122 -1.84041169164158 4.3832926958047 0.365473047539126 0.651812324897037
"10" -9.17952046298694 -3.28997610418696 0.324212921261733 2.32272991039827 1.21765953896247 4.3726486615725 0.00806699616069295 -1.745291237983 6.33519863305534 -5.94095125686204 -0.266078603023402 -0.752235398369521 -0.764434085421158 5.94997282065782 0.463872945392723 0.736249081652204
"11" -8.79996413694721 -3.60403593778437 0.275696478842406 2.65299894320833 0.57082439797567 4.61579466325372 0.0337318917213452 -1.93844694244274 5.67373912074322 -5.9816207824922 -0.287381996992508 -0.861711551620829 -0.268242208887727 6.16502867735886 0.526148815129091 0.887239447802131
"12" -8.44226528128394 -2.99500529595116 0.172298129816568 2.57848293932511 0.2779669833931 3.73048660043617 0.069765318152605 -1.74885740705906 4.99958760773661 -4.43298139592594 -0.264217525369133 -0.993314178114815 -0.317593163993308 4.86361601504348 0.54825962303039 1.11370601683302
"13" -7.99295381548143 -1.5069558696996 0.017935066520522 2.06235595545968 0.258604572207759 1.72503198551772 0.115383213543168 -1.14484616116818 4.30852003589652 -1.32234846171173 -0.20085272015973 -1.16856256200117 -0.799938012932785 2.06078264180127 0.534901304454252 1.41722366993054
"14" -7.33869921787709 0.70421657084853 -0.177242052770225 1.1155860855506 0.400605095776427 -1.26270185983583 0.169021526086055 -0.137603685628108 3.58987311089996 3.14169841761236 -0.108096707893765 -1.40989997959696 -1.54905955453057 -2.04650007092738 0.500347422678715 1.79080345025432
"15" -6.39461560433051 3.39149630377142 -0.398208293845755 -0.201113960526527 0.583504313169584 -4.9828358746413 0.22857682502331 1.2174318568064 2.83482675753173 8.59506190885054 -0.00212706847361233 -1.73663392706294 -2.374886148565 -7.10222724066091 0.467700723681446 2.21856749931612
"16" -5.1250695281214 6.24860637348888 -0.627245420142117 -1.78087902678726 0.699553678111542 -9.10485119014118 0.291713154593765 2.82390111331006 2.04356238569714 14.5631204033432 0.0974977417714626 -2.16066314592172 -3.09332499149758 -12.6347258219433 0.466428663820807 2.6763736218054
"17" -3.55304577910778 8.94795149042397 -0.84656901864787 -3.47963721917949 0.66942286878475 -13.2576053904514 0.356175638038621 4.55230843839519 1.22943919927083 20.5175755435209 0.170387888040068 -2.68260158643898 -3.55191655422919 -18.1131798828811 0.528294790700784 3.13333452755251
"18" -1.757179852842 11.1792538653378 -1.04093434953279 -5.12971595857744 0.45100182187339 -17.0720092619192 0.420050009285177 6.25163867015021 0.419268646842369 25.9366454944582 0.198113329837554 -3.28890453374333 -3.648283015012 -23.008625048187 0.682041903563913 3.55409884977053
"19" 0.141607447911554 12.6839897605005 -1.19975339189375 -6.55690873667299 0.0410787446556071 -20.2205861866286 0.481917589247217 7.7638062011726 -0.350136175818264 30.3604336808094 0.166890415162698 -3.95053225189986 -3.33957620591406 -26.85094274018 0.947411855257997 3.90173389331903
"20" 2.0000222931568 13.2818488281216 -1.31834826941133 -7.59932620014933 -0.529296417223023 -22.4492147085815 0.540875603805432 8.93958317878509 -1.03802914103522 33.4348963157331 0.0698320462180391 -4.62355139004285 -2.64244037896532 -29.2749711550097 1.32927883759112 4.14106025387809
"21" 3.67431853339224 12.886895373053 -1.39813211655667 -8.12598317898392 -1.20420412851223 -23.5980157926679 0.596419602600776 9.6543732623424 -1.60679293433391 34.9402564036197 -0.091521494900519 -5.25187336292947 -1.62438179489396 -30.0513164314725 1.81280129446804 4.24229621807535
"22" 5.04014432931945 11.5126314923384 -1.44571214363305 -8.05290176110884 -1.91495658339238 -23.6102188741545 0.648213171988999 9.82206470400695 -2.02835046877243 34.8024202002177 -0.306599066683532 -5.77206741256305 -0.388722794207752 -29.1002022631429 2.36053162491771 4.18482823370869
"23" 6.00744856268494 9.26651708607574 -1.47110911384834 -7.35461982122979 -2.5926616948659 -22.5295653288692 0.695794773365776 9.4052766478132 -2.28867585919079 33.0884147655313 -0.556238705913074 -6.11988341473625 0.943764233873196 -26.4891955063318 2.91233384499083 3.96080637658451
"24" 6.52633833394032 6.36486747400522 -1.48533080581024 -6.08363091718365 -3.17430321273828 -20.5106703001121 0.737924526392078 8.43208600355865 -2.38951470165225 30.0226545449882 -0.811870971929693 -6.23792105399116 2.24156390223993 -22.4606862885637 3.3849692728154 3.58226114491845
"25" 6.60310160564114 2.9708342205588 -1.49850171131845 -4.30047951163851 -3.63391204822545 -17.6921598160781 0.774130205918112 6.94100513212999 -2.34915324865908 25.7977073024495 -1.04921724579953 -6.08325940870054 3.43382184796775 -17.1998560608304 3.69759774424892 3.06280559844527
"26" 6.26540852372335 -0.586831247379905 -1.51691519678059 -2.17739122311377 -3.94211974008427 -14.353114772479 0.80138144528604 5.06339021988623 -2.19514355938027 20.8132824657791 -1.23096105321036 -5.62926024352055 4.41860043650638 -11.1521731552867 3.74554045115201 2.45059684333683
"27" 5.58864868636971 -4.01633206590463 -1.54227977809501 0.0924780371906309 -4.10180772210477 -10.7681980881358 0.816759658125136 2.95524724648902 -1.96650457441568 15.4600321941011 -1.32653635016442 -4.88003476778977 5.14794376202769 -4.7501795093799 3.44448119063145 1.80312124358898
"28" 4.67250995343727 -7.04558441988524 -1.57096082096041 2.2995712529073 -4.13271119546881 -7.20952250686094 0.816982007806246 0.7927363758252 -1.70527269173616 10.1270429721126 -1.31179610939193 -3.86838559102762 5.60435700488136 1.56348923342955 2.73643370915761 1.18626324418437
"29" 3.62865407391951 -9.44559308989665 -1.59455008162558 4.24139768334589 -4.06425011556888 -3.92479967497275 0.798846665914084 -1.2462317079204 -1.45091060336119 5.1724140359006 -1.1726769539643 -2.6544537918162 5.79542901183709 7.3665607440833 1.60388033103482 0.665686266602279
"30" 2.56821339424897 -11.0488343264276 -1.60133225833749 5.74519704842987 -3.92741615074694 -1.11952324334914 0.759780548372675 -3.00022244020369 -1.23522925765775 0.899158865972822 -0.908051605923845 -1.32107108795026 5.74599561263597 12.2834179666811 0.0809340179048377 0.296709458445548
"31" 1.59029607309964 -11.7613900307065 -1.57836955658195 6.68680290445354 -3.74727836987594 1.05599708318334 0.698402859154157 -4.34002291840341 -1.07842534837009 -2.46274250450688 -0.531317279961115 0.0335888539957523 5.48972619427343 16.0066890137721 -1.74077656386271 0.11438629055192
"32" 0.77255453548247 -11.5681086164896 -1.51383026388567 7.0031844401301 -3.53743956624082 2.51430376165445 0.615005837732895 -5.17995975299993 -0.986735117973765 -4.76775183563291 -0.0703594671817314 1.30506932358185 5.0617440968096 18.3139674110525 -3.71343362784046 0.125822545858682
"33" 0.164696100652179 -10.530616615526 -1.39916344503138 6.69702642445282 -3.29737926356731 3.23302252806002 0.511859036640487 -5.48351365671169 -0.952050003716863 -5.95955153583122 0.434311563352651 2.39222729281755 4.49342100479936 19.0795988992872 -5.64273545295327 0.306654729109141
"34" -0.214446229237581 -8.77856234775527 -1.23076989388005 5.83287696895241 -3.0131194368888 3.25180568903477 0.393265476879407 -5.26284546948523 -0.953619583404802 -6.0693403511068 0.933238027117454 3.20626301912489 3.80992555877873 18.2813945534518 -7.30602608760455 0.602994857399608
"35" -0.376027417683702 -6.49502226543473 -1.01092666349757 4.52567565582012 -2.66110051865948 2.66444086500576 0.265334269949562 -4.57281166477912 -0.961695364428621 -5.2080386783216 1.37323917593574 3.67835640810881 3.03054136517926 16.001989166541 -8.47755047883493 0.939118395544938
"36" -0.356676216379356 -3.89751043057504 -0.747865113559101 2.92365376327871 -2.21461755498505 1.6069061853658 0.135479118415475 -3.50090601351974 -0.942680655417931 -3.55309264471339 1.70366079898253 3.76547304741689 2.17126549556394 12.424473375283 -8.95816811775967 1.22993925501942
"37" -0.211008532545634 -1.21645456304805 -0.455050562127667 1.18845286760734 -1.65170771950201 0.242481848635634 0.0116979914180035 -2.15514143617759 -0.865095343502006 -1.33090959153446 1.88291053808416 3.45426778350884 1.2488109088772 7.82197649885347 -8.60571278099269 1.396168974592
"38" -0.00223813659147254 1.32671921885094 -0.149835527572236 -0.524341582872694 -0.963073670889202 -1.25468951431685 -0.0982718874365673 -0.652047597392993 -0.705489079130317 1.20369327040635 1.88440526440212 2.7632306259693 0.284911273801242 2.54111194762163 -7.36150813646054 1.37929211052688
"39" 0.207764372619636 3.53967218005937 0.148264918766927 -2.08130117491328 -0.15853567326738 -2.71602379755859 -0.187805005268274 0.893347420012901 -0.453381675325346 3.78935589509251 1.70103996880192 1.74321841766505 -0.690204574259155 -3.02038079305373 -5.2685332437668 1.15332796509756
"40" 0.367527875877272 5.2753496177038 0.419409152188223 -3.38175224679253 0.729335640906925 -3.99330792279977 -0.252120292993538 2.37440349991334 -0.114397126437083 6.17952642548107 1.34740843482933 0.476309389050584 -1.63613256960446 -8.44089737396632 -2.47747381773388 0.730872180167353
"41" 0.442854004035723 6.44264037309631 0.645146919675199 -4.36195200041857 1.64535140065723 -4.97048204678765 -0.28878672680122 3.69644263318867 0.289014109063686 8.16148574147337 0.859262065607595 -0.927391994104255 -2.50302881403002 -13.3056012520983 0.761641465878711 0.162031900639704
"42" 0.420556560937541 7.01048651833253 0.809865109695011 -4.99328307236556 2.51595489754959 -5.57132310436032 -0.297926785010702 4.77779717501994 0.719527896815762 9.57146057762543 0.290057719185597 -2.33562052042544 -3.23492253498534 -17.2383008830783 4.12251108029159 -0.473660554678645
"43" 0.308618050025132 7.0052233329543 0.901895215118998 -5.27608790337763 3.25725609552362 -5.76246274487903 -0.282089671698316 5.54981296317953 1.12943118479581 10.3046555307258 -0.295130967366845 -3.60311540697148 -3.77527591415878 -19.9319939840009 7.23836844947982 -1.08079372948851
"44" 0.132885885361702 6.50178035974159 0.914289822997716 -5.23148227744969 3.78585018782434 -5.55175450018248 -0.245818163463582 5.95749120041171 1.46708891380455 10.3195897408903 -0.827646201075311 -4.58435790643853 -4.07402349040399 -21.1752929784296 9.74641483051528 -1.5643952667233
"45" -0.0690235348457122 5.61016276836426 0.845314180123069 -4.89356752477852 4.03089261270333 -4.98258125215068 -0.1949808946801 5.96207095676266 1.68450355209798 9.63674411054853 -1.24418716859498 -5.14941629567329 -4.09502147343289 -20.8720483747655 11.3351116764807 -1.84583199833287
"46" -0.255513424329934 4.45923619780888 0.698695533310683 -4.30389717821072 3.94560718364485 -4.12517600049796 -0.135977542186708 5.5459628796807 1.74486269117108 8.33212175769972 -1.49541906165905 -5.20143983249727 -3.8227179773113 -19.0519267852256 11.7877168904288 -1.87533186947257
"47" -0.3891368637901 3.1801543841525 0.483635696535316 -3.50902126841902 3.51639283164465 -3.06634107563877 -0.0749415928630128 4.71928779058067 1.62891733255225 6.52681336015894 -1.5529854571094 -4.69334962769062 -3.26692936469487 -15.8704527634394 11.0155914303377 -1.63904751108203
"48" -0.443680566178955 1.8917333941522 0.214542205123394 -2.56074297455689 2.76797247083533 -1.89904486317687 -0.0170613901864272 3.52620547142578 1.33915482898844 4.37397343139537 -1.41383261944497 -3.64060565218097 -2.46485019678983 -11.5980129128347 9.07596400472357 -1.15985706212814
"49" -0.40899474660182 0.689680894245157 -0.089602690187121 -1.51773953963948 1.76355366287785 -0.7132386040646 0.0338840392712427 2.04860306399689 0.901012302735225 2.0447161235893 -1.10110780292035 -2.12688455024909 -1.47978610717792 -6.59842973145714 6.17087817572428 -0.492421994676988
"50" -0.292736569527165 -0.359111730143013 -0.40631496804599 -0.446721326709849 0.599668792170348 0.411104027031115 0.0757177355744716 0.40480660048263 0.360783743711664 -0.285671287861533 -0.66137959786181 -0.300251344997378 -0.396525178846787 -1.2988010234991 2.62666475775222 0.285942565307778
"51" -0.118716458206904 -1.21689925667351 -0.711154840518475 0.578529673486628 -0.603865674589343 1.40820249655098 0.107777802701776 -1.25815902143518 -0.219644335929331 -2.45008710745151 -0.158474168651651 1.64108992950059 0.686295031799318 3.84677186947442 -1.14391154206896 1.08650819692411
"52" 0.0778644744641497 -1.87064994205866 -0.979687247663833 1.48115245878944 -1.7176929550163 2.22795155431504 0.13059057089265 -2.77878429934913 -0.770601268466976 -4.29983570187233 0.335259002658859 3.47239315981278 1.66605189444704 8.39629346552249 -4.69211937370528 1.82045472715981
"53" 0.257413845321139 -2.32426738055256 -1.18969041108926 2.18806251349633 -2.61858666286327 2.83516972081111 0.145383693787949 -4.00011721282021 -1.22392603927747 -5.71242668603736 0.749029282696029 4.97220818198548 2.44711098041967 11.9582475159846 -7.58970686181965 2.40873985267535
"54" 0.38385293138424 -2.58941049226905 -1.32335220628875 2.63844570148285 -3.20491014681883 3.20746715863811 0.153543717899936 -4.79056392494931 -1.52239343422556 -6.59703907129642 1.02358312003184 5.9537797181838 2.95155045316119 14.2257316752645 -9.48370780511686 2.78969151368801
"55" 0.431869072030963 -2.67701081575478 -1.36914561987078 2.79197384800682 -3.40967188585441 3.33273969484935 0.156128387021965 -5.06261819860822 -1.62782787625227 -6.89797891738908 1.1196177123411 6.29263794713916 3.12821284998131 15.003264503458 -10.1421013874115 2.92415183568664
"56" 0.392039947046442 -2.59134532800272 -1.3230913285206 2.63471807535097 -3.20926955399401 3.20722457712668 0.153529992689812 -4.78583413011529 -1.52661127933229 -6.59653729104639 1.02338626099061 5.94543137523578 2.95880883501979 14.2238682089136 -9.48401803878005 2.79840163009794
"57" 0.272757570850558 -2.32793435666235 -1.18919927475304 2.18124772402371 -2.62661508979758 2.83477732595679 0.145355163769068 -3.99140407827076 -1.23167920720934 -5.71157356594085 0.748661550533825 4.95653757375112 2.46016946039936 11.9549198572383 -7.59029886080862 2.42516652915219
"58" 0.098532736721495 -1.87571051953682 -0.979014557898608 1.4723747792541 -1.72816010165252 2.22760985032573 0.130544134058539 -2.76740568152684 -0.780664800271154 -4.29895160935621 0.334765471849323 3.45123100140336 1.68229305893317 8.3922663420766 -4.69293966045916 1.84281519705837
"59" -0.0949821388861665 -1.22300062592376 -0.710344171763154 0.569137842796408 -0.615256704983409 1.40825983230138 0.107706133340571 -1.24571444218043 -0.230486295908605 -2.44971705457237 -0.159041433798734 1.61669713412266 0.70246017254442 3.84313604725412 -1.14488730452649 1.11257638285315
"60" -0.268231456859894 -0.36604617294779 -0.405373163319837 -0.455429381286194 0.588867683322349 0.41214315891466 0.0756051546958929 0.416742368649238 0.350745250993469 -0.286707511095301 -0.66197631808825 -0.325597418363031 -0.38373210766224 -1.30062118337025 2.62562088108643 0.313430156878894
"61" -0.385786825845685 0.681788792140651 -0.0884603735415794 -1.52472019311153 1.75461815737347 -0.710232921174793 0.0336993345995893 2.05870180784279 0.893209349838358 2.04079152841177 -1.10171291515661 -2.1512204992905 -1.47314957458923 -6.59654995625874 6.16986994626313 -0.465568658633856
"62" -0.423575596489741 1.88220261326524 0.216081594588559 -2.56527721660859 2.76181139696234 -1.89238595625284 -0.0173769541021329 3.53344792516884 1.33478843477704 4.36464939966027 -1.41446407507226 -3.66243187086366 -2.46625940066565 -11.5897556404674 9.07512879295973 -1.13534640191938
"63" -0.373918132270546 3.16744977282178 0.485967662918029 -3.5106274338732 3.51355766609313 -3.05313535253458 -0.0754937519198506 4.72283051942907 1.6290258677853 6.50780696615902 -1.55371849147457 -4.7115481589135 -3.27721771225731 -15.8516997288247 11.0151440143454 -1.61838309063023
"64" -0.247446785617512 4.44052953346727 0.702522775437046 -4.30208926072737 3.94644264946933 -4.10051336581864 -0.136949940242687 5.54480333625054 1.75054006986156 8.29618564874818 -1.49641139676726 -5.21495644360402 -3.84173210726965 -19.0160252817021 11.7880324125763 -1.86022507274902
"65" -0.0715860043157477 5.58065540783537 0.851813174220069 -4.8874660458996 4.0358175796591 -4.93829034939483 -0.196682964690808 5.95450992927863 1.69724474889065 9.57183335828108 -1.24571740699554 -5.15673794977192 -4.1218902024691 -20.8081058213691 11.3368602491864 -1.83887075920939
"66" 0.114098322774282 6.45366637339384 0.925362726308663 -5.21926154581888 3.79576006368774 -5.47456023163102 -0.248757319219635 5.9403697080237 1.48922978331909 10.2061507518385 -0.830172672726633 -4.58283334871521 -4.10758025037944 -21.0656578378549 9.75075898037903 -1.5699264411378
"67" 0.264826604652512 6.92615747134096 0.920537538832605 -5.25420186273368 3.27404937214752 -5.63135760688192 -0.287076816446415 5.51745954857904 1.16465059311436 10.1117618344636 -0.299378468156988 -3.58816772345017 -3.81458477415742 -19.7486912458842 7.24723226674905 -1.10596099265967
"68" 0.338572832833222 6.88142127578203 0.840680361162072 -4.95536879111842 2.54319542666678 -5.35395503402492 -0.306225163092762 4.72057924303499 0.773390639746694 9.25150709665058 0.282976574441022 -2.29989468584608 -3.27985771791498 -16.938183129459 4.13892619312446 -0.529529390296375
"69" 0.303662479966704 6.23491829090699 0.695035819308259 -4.29728633904051 1.68907050007408 -4.61838495783979 -0.302313775642602 3.59879408709912 0.369550078276063 7.64318655105762 0.84768605891162 -0.8598774525708 -2.55485074018384 -12.8240123401923 0.790168339455704 0.0593418878415832
"70" 0.144656752655919 4.94699075591006 0.498450667859743 -3.27315411827203 0.798943466163962 -3.43587552576503 -0.273709480919791 2.21222229343357 0.00393607381494121 5.35906785883208 1.32892638375063 0.591132893252507 -1.69798193582142 -7.68374888578376 -2.43026259150065 0.559145304359845
"71" -0.134525969602066 3.03089330158491 0.270786122649383 -1.90244453411742 -0.0493249189323706 -1.8532722966396 -0.221528683481125 0.63073749243199 -0.282332119584211 2.51976558039587 1.67225377520583 1.92613931547749 -0.767394989946183 -1.85473622220593 -5.19354035371998 0.883426374268311
"72" -0.510814330154176 0.554869736616638 0.035962752350315 -0.236577124055657 -0.795484648862484 0.0509133366622336 -0.149816085288307 -1.06656932804174 -0.46223153640797 -0.717179715163638 1.84067145535749 3.04085541742097 0.184981022346676 4.29754338480257 -7.24662991895093 0.974708948720945
"73" -0.945473964986491 -2.36215106300415 -0.179418863171577 1.63948908466409 -1.40158430117204 2.17451879818691 -0.0653694087109784 -2.79265166065488 -0.524768735907685 -4.17293782568936 1.81808635698303 3.85919889746219 1.1173702573987 10.4116076862711 -8.43548204460967 0.813167298954795
"74" -1.39023024993736 -5.56076811792309 -0.347881740950697 3.61117154012118 -1.85286873306053 4.40283538463427 0.0227807766744945 -4.45574968706376 -0.474405611514285 -7.66548153980921 1.60989476079845 4.33590389592428 1.99980376125245 16.1595095957291 -8.71364712143259 0.418520734659978
"75" -1.79486881112695 -8.85593877721703 -0.443226028766276 5.54396761942917 -2.15524086215906 6.62128924739625 0.104182994245491 -5.96520016812838 -0.328383604865351 -11.027898845138 1.24085964096918 4.45684870218247 2.81363971043572 21.2710612503432 -8.13662065600602 -0.154919879569206
"76" -2.11487976787021 -12.0545143627496 -0.442887175803207 7.29795336610186 -2.33015622029333 8.72786425092625 0.167981664711164 -7.23951550321112 -0.112678423902111 -14.1245072343738 0.750803649876786 4.23749319597118 3.5494615498481 25.5506848999716 -6.84421915520397 -0.828699008685362
"77" -2.31772749641294 -14.9732334194837 -0.330304075838626 8.74499232765993 -2.40814020521027 10.6434059496448 0.204032431521341 -8.21559345627873 0.142537111127282 -16.8625320674471 0.1888906377269 3.7195757759946 4.20408247873337 28.8856567249862 -5.03471624055965 -1.513751067454
"78" -2.38664459807063 -17.4549196416447 -0.0970841546067049 9.78589132923753 -2.42220721146535 12.3182354947116 0.204005399444611 -8.85734810441625 0.407100002592216 -19.1976602449652 -0.392621573842007 2.96608593613928 4.77743310860899 31.2454494117475 -2.93517412845813 -2.12417956598802
"79" -2.32139787288412 -19.3809524129331 0.255236445526521 10.3646001882707 -2.40231980867277 13.7340747120098 0.162374299459174 -9.16188438479162 0.654131553381049 -21.1326430600343 -0.944305310868344 2.05458963376077 5.27000355833343 32.6728475236586 -0.772356470819432 -2.58868615391111
"80" -2.13612539861396 -20.6786726269156 0.714009114878763 10.4769516763618 -2.37169278168776 14.90104950391 0.0772065530102282 -9.16160136378187 0.862081407956126 -22.7091753665902 -1.42446225080801 1.06923287413883 5.68129327727047 33.2684096194578 1.25209204085513 -2.85788310236239
"81" -1.85494161000958 -21.323160520637 1.25500175315574 10.1722777949108 -2.34528924874824 15.8503660744232 -0.0493108492734962 -8.92123885082367 1.01554062442443 -23.9943492333334 -1.8025268391022 0.0920968347054441 6.00944167844261 33.1705760272761 2.97966534248008 -2.90687979727954
"82" -1.50641542679142 -21.3336521517285 1.84274827327249 9.5473576133536 -2.33036481723455 16.6239928289397 -0.210656332000582 -8.52975068752414 1.10504589586664 -25.0638767777557 -2.06076840999867 -0.805107622694777 6.25191844234536 32.5341672409004 4.30503339515872 -2.73369730785635
"83" -1.11816584430153 -20.7656136600031 2.43180856103982 8.73336293603461 -2.32849174160502 17.2631915312553 -0.396101667991019 -8.08783578366058 1.12621931764738 -25.9848267953748 -2.19434067372163 -1.56786850278149 6.40689126285554 31.5101038937848 5.17822124346185 -2.35493051149024
"84" -0.712683514451498 -19.7000473470127 2.96901533450796 7.87758318747001 -2.3382303521839 17.7979264612953 -0.591203494450497 -7.69281713688281 1.07862177911694 -26.8007093261481 -2.2099331356215 -2.16318783893439 6.47471233361068 30.2288690017681 5.60010998462803 -1.80044004759475
"85" -0.305132558143669 -18.23187541733 3.39676032051045 7.12256063144287 -2.3575688337224 18.2390032600199 -0.778667337200204 -7.42317464014883 0.964669680262645 -27.5213427157241 -2.12341325512472 -2.58071093031322 6.45892591552564 28.7895529462029 5.61312002286923 -1.10866412060568
"86" 0.096591738434995 -16.4592012473663 3.65731881173622 6.58571689370365 -2.38543054579515 18.5742824062281 -0.939576152249316 -7.32528637033624 0.788893033825843 -28.1191141313191 -1.95690301020278 -2.83055617222271 6.36633317603309 27.2553667796604 5.28920062097768 -0.323500876831531
"87" 0.221895777171767 -15.8504411092074 3.69622518397159 6.47487001932222 -2.3960091630958 18.6533237259692 -0.981853296243145 -7.33217371699482 0.721416459243898 -28.2734314009067 -1.8916343445207 -2.87847794404297 6.32248795082774 26.7559818752567 5.13067513568058 -0.0633730248300708
"88" 0.612195187236296 -13.8169644096738 3.65819476751949 6.33193169639708 -2.43528240925147 18.7943260048573 -1.07910381743571 -7.46188119576851 0.47436985921901 -28.6108173010348 -1.65855067429118 -2.94830902738249 6.14264524376563 25.1366928620156 4.49972587512093 0.771105562092998
"89" 0.992356379205489 -11.6779133418238 3.3491198021859 6.50091248155604 -2.48322792592977 18.7262006092537 -1.10881444327677 -7.71108684754006 0.183766085702956 -28.6462831641904 -1.40423143837705 -2.92211464332649 5.90691598140302 23.4500980901186 3.74361538498852 1.58270387931771
"90" 1.35775834451374 -9.4999902016034 2.75155676213865 6.93182280127166 -2.53751892880531 18.3897868599693 -1.05902557607428 -7.99374444269728 -0.137898222646726 -28.2820722774884 -1.15124353133166 -2.83525331436977 5.62152728523716 21.6778392483105 2.94849661906756 2.31653601401194
"91" 1.69754287307217 -7.33998962468058 1.87282232683788 7.52708775177962 -2.59173751803702 17.7321240833992 -0.92393894411677 -8.20156681108386 -0.474345962042875 -27.4307728262072 -0.917903432376875 -2.7171147141089 5.28846564249795 19.7986454277093 2.18703400752929 2.9179053343214
"92" 1.99348825660161 -5.24855305552546 0.749043826990828 8.15579516293747 -2.63427709191966 16.7167873119161 -0.705421363329037 -8.22169420711793 -0.80527843091339 -26.0302910172759 -0.717344990432196 -2.58775465967119 4.9051552917681 17.7972931025411 1.51469675098451 3.33703155870171
"93" 2.22112674286632 -3.274278909126 -0.553184283106475 8.67253321127555 -2.64842498130203 15.3320150868186 -0.413914001304164 -7.95605863825949 -1.10692442185206 -24.0552983188354 -0.557184015566861 -2.45706633044392 4.4656424355415 15.6704095453401 0.968329993071166 3.53552374567516
"94" 2.35308012876908 -1.46689526695832 -1.9383619061432 8.93801160708517 -2.6137777180998 13.5954174573981 -0.068514100858323 -7.33932855374536 -1.35355949087008 -21.5236411911606 -0.439696655960006 -2.3261901743499 3.96309899767778 13.4286413971034 0.566559436285388 3.49340288711392
"95" 2.36406118018238 0.121529776359012 -3.28742881581763 8.83850431818519 -2.5088310057502 11.5546826296468 0.303941555310871 -6.35244216514826 -1.51994220064299 -18.4971298881906 -0.362414980793062 -2.19038507041114 3.39308085087765 11.0955833331921 0.31157008502214 3.21492705174387
"96" 2.2365528480658 1.43791424761298 -4.46703176984931 8.3014552786999 -2.31433345851477 9.28437295331264 0.670855859223963 -5.02936426239518 -1.58437383657021 -15.0770525916271 -0.319042745508057 -2.04235311183947 2.7567690033988 8.70453825516506 0.191846667483333 2.73139572092987
"97" 1.96593979856414 2.43205030698277 -5.34228814365497 7.30527168859862 -2.01684080440977 6.87948942535922 0.996836303985447 -3.45573085536347 -1.53190309572929 -11.3955174147964 -0.300597651398164 -1.87507769965669 2.06342925614609 6.29451840660562 0.185524771726705 2.099572761952
"98" 1.56389411874858 3.06252849043494 -5.79199692905104 5.88225726030942 -1.61186852946526 4.44689443996788 1.2474101258326 -1.75931240812946 -1.35711208971057 -7.60418849581833 -0.296686900113173 -1.68356151446642 1.33151598867727 3.90684478353234 0.264046805060389 1.39528157701716
"99" 1.0591145431282 3.30371144953847 -5.72466364434308 4.11464926949338 -1.10610537611986 2.09586742785086 1.39310348572914 -0.0935274378800273 -1.06595176904007 -3.86210925532464 -0.296818204372414 -1.46532503176786 0.588144467548773 1.58330439135841 0.395836276939008 0.702870861212432
"100" 0.495027072143273 3.15247534998571 -5.0932753152141 2.12466116331143 -0.518293796970028 -0.0709714421104763 1.41338380597699 1.38363221980012 -0.676233134594767 -0.324126032682898 -0.29164083728125 -1.21999363731811 -0.133020033811249 -0.633796892647126 0.54970800947558 0.102328273598687
"101" -0.0753343904145254 2.63335754546824 -3.90659095002184 0.0601668101135147 0.121422577769067 -1.9653563003211 1.29991169821776 2.53212372526457 -0.21659396362881 2.86897404539286 -0.274006198225493 -0.948611691041151 -0.795125606750844 -2.70002816535185 0.697742693058899 -0.343462587079557
"102" -0.596467002711165 1.80090151008676 -2.23487621809329 -1.92189346313353 0.773669626877535 -3.51901327019425 1.05857674997569 3.25037858721311 0.27599369433625 5.59799875472413 -0.239741253060686 -0.653373287022987 -1.36221857894679 -4.56658491873196 0.81739436449061 -0.598681730698445
"103" -1.01832724087643 0.738354906861787 -0.208531761983977 -3.67218719181346 1.39330933438239 -4.68694143378241 0.709906038508223 3.49061329258859 0.759877425579106 7.77043375507583 -0.188046317959731 -0.338231127701874 -1.80341857053196 -6.17862899975438 0.892681863225334 -0.659606618741236
"104" -1.30362839495439 -0.447598601581376 1.9910961439557 -5.06374104529459 1.93380593315334 -5.44838568103273 0.287626989622311 3.26644080192284 1.19306184876544 9.32332274482997 -0.121463055466734 -0.010406955043436 -2.09655457999031 -7.47544304774863 0.914436885102077 -0.553620180195139
"105" -1.43317564862764 -1.63578723743512 4.14837698120414 -6.00321443606754 2.35197631195983 -5.8058193275607 -0.164586345366445 2.65143754513883 1.53765223292334 10.2244065646928 -0.0454070918883076 0.317676235768886 -2.23072989109011 -8.39329237377075 0.879721655127469 -0.332431971888582
"106" -1.40825640306701 -2.70229793391081 6.03605963350833 -6.43775422904491 2.61256078444352 -5.78241853034115 -0.597887624222608 1.76869994036167 1.76382190440037 10.4720208793658 0.0326838630053885 0.626910056209454 -2.20745871742719 -8.87129544669767 0.790656451255018 -0.0610524459625594
"107" -1.24964664654254 -3.53365223827177 7.44145348082691 -6.35716074053289 2.6920774414932 -5.41856667394461 -0.964012460881207 0.772836197420588 1.85280724848938 10.0941458918023 0.104480175072695 0.891453466661915 -2.04024478500776 -8.85987849943132 0.652977221511719 0.195011759489716
"108" -0.993427210481968 -4.03973652193008 8.19290915888087 -5.79171837119884 2.58152033141484 -4.76789139388336 -1.22129029883467 -0.172938159590331 1.79859350592172 9.14680896784694 0.162018278645292 1.08087484371572 -1.75271678902976 -8.33068464444045 0.474651782141336 0.38156082281057
"109" -0.684404653111926 -4.16474329432958 8.18306920035593 -4.8065297601288 2.28761205198026 -3.89323848239644 -1.3401063380845 -0.921100462219897 1.60815663890807 7.71183134553485 0.198911658373845 1.16466963710263 -1.37565815313872 -7.28627582932489 0.264813778604548 0.464102952471876
"110" -0.36838240517443 -3.89456518107681 7.38554716344208 -3.49348193804144 1.83250061901387 -2.86285903456587 -1.30703627283256 -1.3617228512735 1.30033420358032 5.8937480519794 0.211340966529121 1.11858376160671 -0.943430560829484 -5.76772766843561 0.0331435873740702 0.431414906015561
"111" -0.0847376971219092 -3.25949927715919 5.86238660569632 -1.96204800392115 1.25197120670002 -1.74695993175146 -1.12702422874091 -1.43849496493738 0.903574993196884 3.81566263579839 0.198677030177862 0.931448916195222 -0.490363240865122 -3.858338044177 -0.210329324236227 0.294089283350331
"112" 0.139316395445633 -2.33171019054726 3.76077315968257 -0.330010610111458 0.592400243285297 -0.614666430883517 -0.823222379578567 -1.15627481778631 0.452934894860917 1.61384576164915 0.163641332412851 0.610785359214788 -0.0476496480002311 -1.68214743964637 -0.455162409766672 0.0791087241377681
"113" 0.291754967618431 -1.21758232727234 1.29887853108346 1.2850604548139 -0.0932061974247347 0.468618320150199 -0.434426014189626 -0.578909937529033 -0.0132696062975839 -0.568959556714162 0.111975193503213 0.185433506663685 0.358833960640766 0.603269406491052 -0.690408408931035 -0.177688782299811
"114" 0.375579382335332 -0.0457702807957503 -1.25779122130461 2.7730613039912 -0.749684913524518 1.44349740695611 -0.0103753929456332 0.182359959330824 -0.456766904680492 -2.59133754603113 0.0516612070691735 -0.296002827752091 0.709572452445059 2.81936270184815 -0.904722365772614 -0.439161812668317
"115" 0.405648937533215 1.04766330874963 -3.62680694498761 4.0371291054953 -1.32428235898982 2.2585432873351 0.394494352989682 0.988063205274443 -0.842295135147609 -4.32166895617956 -0.00819263356919464 -0.771178188006161 0.991333849815703 4.78322611003784 -1.08680825349347 -0.672729879697727
"116" 0.403298511641651 1.93522949924272 -5.54222410743773 4.99797142478928 -1.77092961611859 2.87195284516065 0.728039118230015 1.69410703428287 -1.14003995120538 -5.64662381194694 -0.058644604856795 -1.17364437854849 1.19620240938127 6.32623833823368 -1.22621226612137 -0.853672318698955
"117" 0.389981591610422 2.51314925485167 -6.78669822435336 5.59692722268937 -2.0538990865696 3.25288165514507 0.947188801303952 2.17597573226828 -1.32747155605752 -6.47890493383352 -0.0921978770286955 -1.44426020526225 1.32011558878031 7.3122533478309 -1.31433213321907 -0.965946001895645
"118" 0.381364336841557 2.71376163635205 -7.21808892189813 5.7979855863714 -2.1505907340472 3.382427182058 1.02359965083909 2.34954119674637 -1.39059381846218 -6.76345942684384 -0.103878007728156 -1.54194614888183 1.36136809698132 7.65281769641933 -1.34541599342811 -1.00137402594555
"119" 0.383180375589575 2.51364939380346 -6.78700451011048 5.58895847384974 -2.05327285208041 3.25422693444079 0.947394022430416 2.1850631903759 -1.32466224569387 -6.48148999377213 -0.0919501142555532 -1.45138203750321 1.31951330002175 7.31725405777809 -1.31730200872062 -0.958387519764074
"120" 0.389760158276943 1.93645912910461 -5.54292477762851 4.98192332102917 -1.76967534576038 2.87464770795623 0.728466528855563 1.71208213521265 -1.13442618283148 -5.65182133071585 -0.0581693287600729 -1.18588985977112 1.19496394337045 6.33616302568873 -1.23170816143102 -0.841317652178986
"121" 0.385555958752718 1.05006058545996 -3.62807260510056 4.01294852033789 -1.32240109366914 2.26256105961636 0.395173965876381 1.01441655589815 -0.833915000371505 -4.32947232072638 -0.00752694584798519 -0.784847332208301 0.989398820008944 4.79784420333755 -1.0940011115581 -0.660644709532789
"122" 0.349321120623017 -0.0415940313982901 -1.25986110578503 2.74101369051459 -0.747186312198224 1.44872030362478 -0.00940787751929406 0.216114368795274 -0.445740065583706 -2.60160233576494 0.0524708680750905 -0.306248235494422 0.706862758079467 2.83816480220639 -0.912514278914387 -0.433868801221251
"123" 0.260013405972018 -1.21087853072368 1.29572179379488 1.24595719243462 -0.0901089816747032 0.474767553088554 -0.433138938358354 -0.539304792780172 0.000149914016347452 -0.581286148800245 0.112886070736295 0.183875739930954 0.355252655892343 0.625339147253555 -0.697602449016813 -0.186076031081029
"124" 0.103104899343464 -2.32159942205726 3.75623998652645 -0.374757360364129 0.596081371575764 -0.608100287007005 -0.821598545874792 -1.11288897058273 0.468320684272811 1.60022034066333 0.16463488405924 0.62281572019856 -0.0522446107099768 -1.65822752535018 -0.460675762624305 0.0509191113160341
"125" -0.124122568330392 -3.24489876450434 5.85622154250586 -2.01065058313543 1.25626028293297 -1.7407920639514 -1.12506979926741 -1.39363272334856 0.920322555157355 3.80196406572668 0.199789758828331 0.960941223511327 -0.496227605248862 -3.83454201454219 -0.213433313882888 0.241668361646589
"126" -0.409517701265031 -3.87396706299069 7.37756057068191 -3.5443286251566 1.8375228574217 -2.8583210526192 -1.3047857722874 -1.31738892786746 1.31769710228022 5.88179297012152 0.212709535925342 1.1680189323306 -0.951062254596707 -5.74664972454241 0.0325749341463961 0.352509010757785
"127" -0.726000485000213 -4.13575394851478 8.17313996113614 -4.85904184409719 2.29368687405059 -3.89218328392803 -1.337621778048 -0.87825814564178 1.62532089769526 7.70426640137043 0.200838322466495 1.23522549476911 -1.38600320068673 -7.27130699696954 0.266057874914623 0.358486031676875
"128" -1.03465506188968 -3.99827058804203 8.18093783983227 -5.84745059253964 2.58928490882067 -4.7731793971044 -1.21865344643984 -0.130630682235619 1.81477261037898 9.14758623462239 0.165065757609682 1.17307245833945 -1.76747174792661 -8.32646049376376 0.475887101873013 0.250174535416591
"129" -1.29048606241275 -3.47265946046582 7.42724986049939 -6.42108665078922 2.7026397051612 -5.43474596010469 -0.961310703052845 0.818442323178601 1.86733047536859 10.10939804181 0.109609228494094 1.00637757518416 -2.06227951385296 -8.87319496682846 0.6509932252211 0.0384358314768178
"130" -1.449812096605 -2.60988444526174 6.01915719622446 -6.51972835996639 2.6276828448989 -5.81683275474029 -0.595195358034658 1.82534455549307 1.77618770496497 10.5115301085307 0.0414513422744562 0.767936126339919 -2.24139097558532 -8.91271446288397 0.780457637765721 -0.24464191851439
"131" -1.47793909995471 -1.49257586401563 4.12777698919751 -6.11967796432418 2.37429401369101 -5.87029453301125 -0.161944961209201 2.73193754120302 1.54752669183343 10.3038855323539 -0.0305681703783875 0.492571557366318 -2.28369142222016 -8.47967420501874 0.853934874088736 -0.54958008077665
"132" -1.35569064790963 -0.223161812426952 1.96495229107859 -5.2397986985261 1.96709655646671 -5.56165879107425 0.290226903093469 3.39012788068533 1.20021604647377 9.46774334833071 -0.0968586164719341 0.212824732028821 -2.17919258622339 -7.63365326785345 0.862422497498301 -0.817917993896117
"133" -1.08357750288417 1.09014585591058 -0.243271756149966 -3.94419051057503 1.4428256873564 -4.87799289298721 0.712536605371156 3.68517318067126 0.764069954170779 8.0186434541281 -0.148212037974417 -0.0431576324808702 -1.93117250222184 -6.45067217849794 0.799264750400653 -0.993756405834574
"134" -0.682818897036668 2.34771482429596 -2.2828524012449 -2.34059278658879 0.846564040495707 -3.83144072271114 1.06137538432458 3.55416433093274 0.276808551181844 6.00883683533721 -0.176799661309417 -0.251724583733449 -1.55689790899595 -5.01639708397619 0.66117464159106 -1.03604644395091
"135" -0.192998658881322 3.47140902859815 -3.9744123957106 -0.574004856311149 0.22728895347673 -2.46285504001571 1.30307101418285 2.99688431543115 -0.219952009704386 3.52901261052398 -0.176899309347505 -0.392584057655768 -1.08679147856958 -3.42208177671728 0.449019241994392 -0.928838660765905
"136" 0.333255671014456 4.41447810631803 -5.18986832135727 1.18442329808295 -0.366726685459398 -0.843846610247738 1.41712537924738 2.07741822709426 -0.685201282210954 0.708724208263448 -0.145275901128798 -0.447464817058062 -0.562147056851529 -1.7634899132027 0.168148423617822 -0.686996498545341
"137" 0.837650443860923 5.16722939753686 -5.86153947405103 2.75252790902414 -0.892090557404387 0.923463001388996 1.39763174867898 0.916288205431044 -1.08296306097159 -2.28529945354512 -0.0812019180873449 -0.399520582112018 -0.0317233873387863 -0.142166531453086 -0.171850900476784 -0.355800606877892
"138" 1.26437166088311 5.75780089146042 -5.98337165233704 3.95495370278422 -1.31352580665371 2.70963158330869 1.25284287812687 -0.325706008135967 -1.38607543659541 -5.25388023926052 0.0138317418800966 -0.234030480638467 0.452280591159365 1.3323339683858 -0.557953639419793 -0.00420429098448949
"139" 1.56756794968095 6.24791600838603 -5.60496648663559 4.64179669691475 -1.6057761718771 4.36448697107608 1.00310966629729 -1.46955644607414 -1.57881502519724 -7.9739922039912 0.136613567421421 0.0595903274297598 0.838283938313168 2.54113966365668 -0.974890337415673 0.287080587608216
"140" 1.71685000794366 6.72405632874302 -4.81995292688407 4.70589322409796 -1.75399005315408 5.7272567131846 0.677604608104559 -2.34281398398031 -1.65799763067419 -10.211758182144 0.282788715452966 0.484971408335696 1.07886365098517 3.35762662740871 -1.40648325034181 0.440328562941431
"141" 1.69983844087733 7.28498499355146 -3.75077335947822 4.09655100423333 -1.75263562789715 6.63993846775861 0.310360904657074 -2.80349814292691 -1.63238584700267 -11.7398098294752 0.447385660798602 1.03599699757979 1.13337729817823 3.65342417977985 -1.83684744139919 0.395411543489899
"142" 1.52134159765291 8.02695323948251 -2.53214276745416 2.82779167965055 -1.60325710719688 6.96309562591853 -0.06381235521485 -2.75976930193804 -1.52047245608199 -12.3582393841493 0.625188100059745 1.69494997643415 0.969519808922939 3.30959945065206 -2.25123290661395 0.121353206035565
"143" 1.1994128866034 9.02820020443392 -1.29529600189846 0.979730215524796 -1.31161489731998 6.59272614995211 -0.413030362709236 -2.1826316263726 -1.34696179532317 -11.9175367071739 0.81089523300966 2.43228772628936 0.563965319809711 2.23261152400221 -2.63640025449695 -0.377416386287223
"144" 0.759214512292601 10.334497436025 -0.154735776854636 -1.30750453761902 -0.884916076892466 5.47637758819405 -0.711254778677187 -1.10995280498764 -1.13850602568697 -10.3411076416978 0.999072065239261 3.20834178936639 -0.097475333293005 0.373343352114887 -2.98056892857676 -1.06121283227185
"145" 0.226171519834111 11.9474875066751 0.801366818242286 -3.84698750644384 -0.329895251617145 3.62635791517005 -0.940197579333471 0.3586705317569 -0.919427752757002 -7.64436161415756 1.18394886536817 3.97675583022647 -1.01956476185939 -2.2536607726355 -3.27311017192005 -1.86144520335802
"146" -0.379798068325726 13.8174169592633 1.51657794576715 -6.42407896374516 0.347581141839697 1.12780724748188 -1.09012888680496 2.0753664564524 -0.70822991444777 -3.94708753657414 1.35917308891794 4.68906655595492 -2.19656902721135 -5.55446117253081 -3.50423577299807 -2.69174638588811
"147" -1.04725612546144 15.8415628152959 1.96743605981658 -8.81921502977093 1.14095524744475 -1.86037972325221 -1.15965842410728 3.86371933515977 -0.515620776037792 0.52396772595921 1.51763813774141 5.2996000530693 -3.60991965433573 -9.34747995840439 -3.66493137275484 -3.46163328801777
"148" -1.77218667783234 17.8691920752724 2.16099180652191 -10.831569053531 2.03941786977349 -5.11321446076784 -1.15467369888711 5.54179482415543 -0.344549777414912 5.44466515034674 1.65150594531411 5.76985260277434 -5.22447492515846 -13.366300402381 -3.7472968443717 -4.09011491726051
"149" -2.55255235038163 19.7132698489747 2.12943729586937 -12.3004016921241 3.0227999318015 -8.35636341688848 -1.08668773923677 6.94495012725008 -0.1923755986884 10.4162325326045 1.75250497440481 6.07173117489947 -6.98376848026822 -17.2758325364301 -3.74531029456648 -4.51687314216178
"150" -3.36524346742721 21.1484686835026 1.92732647557773 -13.1130243126645 4.03860279810313 -11.2466315876815 -0.973098527694873 7.93213616397145 -0.057006516130869 14.9298655880195 1.81190602812734 6.18894878357241 -8.7750440807722 -20.651261179973 -3.65807477790622 -4.70806897093644
"151" -4.20508963402114 22.0207248049835 1.60920603810882 -13.2581206906543 5.05958633768603 -13.5792781721278 -0.827824408056642 8.45612420419513 0.0662494687034467 18.6866133346716 1.82480804375342 6.12337953086171 -10.5360273137816 -23.2247908042681 -3.48510379409799 -4.66830748050415
"152" -5.01233407082697 22.1456273190786 1.23576914431737 -12.7471283077148 6.00177465772161 -15.0798507229687 -0.66799401416344 8.47977595533524 0.169250498036732 21.2712091137716 1.78545596195124 5.88148065180212 -12.113337601044 -24.6473892337575 -3.23225174526124 -4.41808297664829
"153" -5.7029727935892 21.4054769724355 0.860823220873726 -11.6561881641746 6.77123343841856 -15.5731967216439 -0.508236099724883 8.0261238446833 0.234018945172494 22.4111889339877 1.69174184776261 5.48207544140678 -13.3477516269653 -24.6983376231845 -2.90988012416983 -4.0011877314173
"154" -6.16292454038381 19.753300094033 0.52693465727998 -10.1018044967022 7.26202923935885 -14.9796707470961 -0.360472038330158 7.15826150587145 0.230502445756514 21.9700109300177 1.54523406621144 4.95278343086102 -14.0700806284423 -23.28876472154 -2.53297672841018 -3.47378825549094
"155" -6.2577129975914 17.2249503943735 0.262003133766939 -8.22446526647309 7.36872170337796 -13.3292229363902 -0.233284413466237 5.96711759447265 0.118710249899351 19.9692124623091 1.35160854611559 4.32810971647632 -14.1202240669714 -20.4832588677137 -2.12032275656475 -2.89593080261693
"156" -5.85009537380785 13.9414022842061 0.0781932630274014 -6.17289079394595 7.00291072140527 -10.7616623510673 -0.131709575993682 4.55892685247096 -0.146018940384693 16.5906573288355 1.12060655588033 3.64720224129269 -13.3712352265715 -16.5000471939211 -1.69325015904815 -2.32401025759464
"157" -4.82349539414832 10.1000280643225 -0.0268260220295815 -4.09131193708618 6.1112389674949 -7.5120751617435 -0.0574064283179894 3.04464549952422 -0.605209280508021 12.1571720208412 0.865453839159443 2.95117039690012 -11.7547836187085 -11.6879470074625 -1.27414115861575 -1.80511874091462
"158" -3.10740747119502 5.95538165797552 -0.0667170118243803 -2.11066309681792 4.69122506247011 -3.88287155481578 -0.00912916492680438 1.53220601813643 -1.28808328907472 7.09354332317321 0.601757697927098 2.27996161333795 -9.28294186855607 -6.48279079808123 -0.884783236727344 -1.37362570391269
"159" -0.699904624444116 1.79181768266608 -0.0620562017464863 -0.343008725662003 2.80103095723769 -0.206346087454222 0.01658438574961 0.121081776640153 -2.20262650832144 1.87340877630436 0.345988206656898 1.6690067705531 -6.06083258148067 -1.35024272564391 -0.544645851296082 -1.04985190898151
"160" 2.31770808546656 -2.10823520919575 -0.0355132267003455 1.12240482936249 0.559994742874821 3.19657835591579 0.0246064963762933 -1.10221991469461 -3.32861630708958 -3.03980002365006 0.113733263815732 1.14606525827548 -2.28572166452381 3.27523996088286 -0.269146367298163 -0.840399851265829
"161" 5.77811939514089 -5.49569306588819 -0.00748599381415715 2.22295886946995 -1.86154901365924 6.05500646784924 0.0203956724771217 -2.06900942450716 -4.61422767914081 -7.24861531701822 -0.0820218032790763 0.72881130836322 1.76941487053472 7.04483152893971 -0.0680456308418798 -0.739625434944173
"162" 9.4393050022166 -8.18128472515991 0.00710799244734517 2.9267575920876 -4.26233623168166 8.17817348928008 0.00924998673457367 -2.73390437597692 -5.97743990252509 -10.4654358773344 -0.232317473482567 0.423639109532814 5.78652333167742 9.73421972072174 0.0557737739363802 -0.731830554701446
"163" 13.0096129650068 -10.0532790538648 0.000475563029112891 3.23602774093251 -6.43696969485156 9.47261256121703 -0.00428306687206259 -3.07994245280742 -7.31281612581024 -12.5382975367345 -0.333103049754641 0.225939933738118 9.44267556952815 11.2613381505513 0.106817479082565 -0.793922140488576
"164" 16.1836648251175 -11.0841928719692 -0.0280339456152205 3.18788614675395 -8.20456440254084 9.94434894120025 -0.0167867476791912 -3.12139576588152 -8.5033290705012 -13.4555876224508 -0.385419878496975 0.121801687706466 12.4528199555006 11.6815688228419 0.0964870925990908 -0.898413022601744
"165" 18.6836339733192 -11.3260698636893 -0.0732768570053395 2.85061112467429 -9.43374582201864 9.68673649670029 -0.0261256775792162 -2.902396560189 -9.43583738200722 -13.3305153056033 -0.39485099391726 0.0908020627539372 14.6072319921705 11.1631900079807 0.0414797411167456 -1.01666439030305
"166" 20.2987843990928 -10.8957953565473 -0.126542921703219 2.3147116051482 -10.0591954168673 8.85700542447 -0.0313837640720749 -2.49052055208921 -10.0177713664098 -12.3695561413392 -0.370345681669164 0.109385380976164 15.7967878923768 9.94910930936891 -0.0387396877631545 -1.12218246802513
"167" 20.9157892989816 -9.9534541734397 -0.178076730859743 1.67984126126248 -10.0867750749512 7.64638040634821 -0.0326382402450633 -1.96608312678978 -10.191873332093 -10.8315470656105 -0.322651472892517 0.154255361532705 16.0217049040775 8.3127641873719 -0.124927064137864 -1.1936390481751
"168" 20.5336518330449 -8.67767490171582 -0.219338402147457 1.04017027055397 -9.58677428150521 6.24941044048802 -0.0306392075753195 -1.40938063428592 -9.94579375024874 -8.98518025846602 -0.262658406740314 0.205266549535736 15.3828354009424 6.51627683053459 -0.200874692519847 -1.21717802515195
"169" 19.2599813794344 -7.24207032523486 -0.244588628492636 0.471516255894585 -8.67736083230375 4.83777468474807 -0.0264691461401725 -0.888827013093362 -9.31417389097307 -7.0721536971422 -0.199960355496074 0.247426187010205 14.0581387241181 4.77760085184056 -0.255446639717775 -1.18758294320651
"170" 17.9207491664568 -6.21058785377431 -0.251427471584634 0.139433063698107 -7.86282346161155 3.90155768369863 -0.0228143907398675 -0.568954186441971 -8.67276939792074 -5.78127401998995 -0.157973135122575 0.266824897220431 12.8242203200062 3.66697609284043 -0.278110884331909 -1.13586085232419
