"V1" "V2" "V3" "V4" "V5" "V6" "V7" "V8" "V9" "V10" "V11" "V12" "V13" "V14" "V15" "V16"
"1" 0.709301101215193 0.33040250758915 -0.390117846745429 -0.127199881193629 1.47364975681196 -1.10204291090289 -0.00676846475969706 0.0612977894390232 1.34873390222653 0.0951262919825484 0.00368503786237762 0.105353121806409 0.590950878218414 -0.0651652714200344 -0.612033202246995 0.00629065623017766
"2" 0.775176543461076 0.284117578814871 -0.42174839647989 -0.13053439659774 1.60472154116374 -1.1228225627697 -0.00365926764802449 0.0659354479941658 1.47585842437834 0.0567767706296376 0.00630855719796219 0.108685595797922 0.653853867685176 -0.0943842506297041 -0.648653903383916 0.00287331157630888
"3" 0.811474981804746 0.200131382295165 -0.437689680615756 -0.125996517541354 1.67611398457217 -1.07471024482873 0.00120660168303166 0.068613315965008 1.55012160395481 0.00239524174863792 0.00967112434057427 0.106390728117347 0.6944741322583 -0.128759712530444 -0.655965176856974 -0.001975312762724
"4" 0.815624069112661 0.119141731624638 -0.438454523562372 -0.11770648289613 1.68428345894114 -0.997442705742173 0.0057400043804261 0.06944020810759 1.56458067531702 -0.0432762076665778 0.0124552198532051 0.101367875484399 0.706400126124898 -0.155172076456276 -0.642003473340971 -0.00612485996640544
"5" 0.788294987121399 -0.0206394983558706 -0.42487382370939 -0.0990332455546241 1.6322466798224 -0.831422529188411 0.0136350484879282 0.0696245744054433 1.52703864599662 -0.112244197903368 0.0168402774262857 0.0900706234447597 0.696588358864132 -0.193455373144903 -0.596087474718352 -0.012660878719629
"6" 0.721524335214904 -0.180317767593964 -0.396086629935844 -0.0732006283161368 1.5067722997575 -0.610975724963057 0.0230960889629901 0.0696379873789486 1.42155028518717 -0.177252470924876 0.0215089880378994 0.0751644089421291 0.654200936211697 -0.229807744997316 -0.523496832780403 -0.0194477559880681
"7" 0.617943468097079 -0.345325342711715 -0.356071584826351 -0.0421011691543427 1.315184396694 -0.357209474531164 0.0337764686583815 0.0708838684273267 1.25368693924795 -0.225995524980998 0.0260380026116369 0.0586333620842225 0.580342641386993 -0.260055241147701 -0.431720580699292 -0.0257976257268808
"8" 0.483400143128516 -0.499150675837703 -0.31020572973156 -0.00820881003826379 1.07044192029592 -0.0968621707877997 0.0452133607083551 0.0749327213691675 1.03435133103563 -0.245307538320811 0.0298273440324417 0.042681910794883 0.478858031992464 -0.279530955551331 -0.330385324776074 -0.0310622788457238
"9" 0.326218552865393 -0.625679816686459 -0.264455617069595 0.0257801838855318 0.789317112272854 0.141052278609055 0.0568714535645647 0.0832901708515763 0.778295926537567 -0.222802059794244 0.0320809762932539 0.0292939607600999 0.355887753325116 -0.283408365700629 -0.229665664028992 -0.034787198542233
"10" 0.156217767969913 -0.711601275991284 -0.224500746787703 0.0573424958098059 0.490299109838638 0.328866311634618 0.0681945126792884 0.0971610440391562 0.502340811433852 -0.148507854787119 0.0317966391339253 0.0197841921882542 0.219208685417939 -0.267050590330689 -0.138582082251169 -0.0368643941614835
"11" -0.0163507255228028 -0.748490769957131 -0.194949041012539 0.084497953533937 0.191582834241074 0.443561802844814 0.0786609629308117 0.117252975735383 0.223596275964234 -0.0162373183997335 0.0277727638307637 0.0144215550201636 0.0774764730548254 -0.226333348099797 -0.0634850923226864 -0.0376588595537442
"12" -0.181803799643209 -0.73426033650213 -0.178774196713299 0.106103346837136 -0.0905903380617039 0.469287394859906 0.0878405518362735 0.143655032043103 -0.0420751727971478 0.175524144826928 0.0186417033663657 0.0121940265510432 -0.0605226117752196 -0.157910050755673 -0.00697701234224724 -0.0380855070055475
"13" -0.331857787864045 -0.673766689673692 -0.177053632700165 0.122034196513525 -0.343094263249742 0.398804937066654 0.0954490443908238 0.175811767678459 -0.281218013173834 0.423332018714271 0.00293807580560213 0.0107623813154021 -0.186532935152932 -0.0594027680778789 0.0325610603565281 -0.0396184633790142
"14" -0.460221315060902 -0.578501353610543 -0.189026013316342 0.133235787353497 -0.556547910751614 0.233778830451643 0.1013965330066 0.212594300914771 -0.483515407562301 0.719120299064789 -0.020791656779644 0.00662365084787098 -0.29336179501646 0.0704811474520148 0.0607693336855348 -0.0442218150367353
"15" -0.562918482419871 -0.465409617100129 -0.212430432802195 0.141640313287663 -0.725461741762077 -0.0159986419630798 0.105822856702191 0.252451280426992 -0.642113704719317 1.05108246618338 -0.0538370865277029 -0.00452360546870523 -0.375271607110534 0.231893823296942 0.0864672956517083 -0.0541994421561753
"16" -0.638343551039741 -0.354992400317919 -0.24404415748166 0.14995994837472 -0.847997373668157 -0.334216566866363 0.109111878372629 0.293607730735944 -0.753603100355895 1.40493459378106 -0.0971344371336125 -0.0272466504790714 -0.428240622307094 0.42383238108361 0.120285477742335 -0.0719707694023839
"17" -0.68707553754297 -0.268925744970133 -0.280308282681256 0.16137608876749 -0.925456829793079 -0.700177740314722 0.111876128819824 0.334271596846051 -0.817738316646716 1.76535111910806 -0.151052372660255 -0.0657349430548635 -0.450107756300396 0.644143413053036 0.172950953965753 -0.0997884053792859
"18" -0.711502609307839 -0.22748167785152 -0.317923703439936 0.179153417885948 -0.961616541415138 -1.09111705877478 0.114905406118273 0.372807952411202 -0.836987096668696 2.11735464200418 -0.215172863592455 -0.123117609250443 -0.440614347887792 0.889529388665105 0.25344585383187 -0.139422069299684
"19" -0.715320572968488 -0.247049528049595 -0.354313296197583 0.20621426196085 -0.962007002322742 -1.48439498133881 0.119077490284197 0.407849263339726 -0.815986965053438 2.44747045350429 -0.288093159406325 -0.200822506095832 -0.401349196841473 1.15554870075466 0.367272017427794 -0.191840203667056
"20" -0.702975671596608 -0.338039216606893 -0.387877003056307 0.244713974606167 -0.933217080507006 -1.85932182699013 0.125235641491864 0.438325155867743 -0.760975956613278 2.7445164902273 -0.367279145236491 -0.298058231555046 -0.335599062132252 1.43661126527575 0.515044768918784 -0.256925521577415
"21" -0.679118835493639 -0.503401416207211 -0.418008783200635 0.295661394850606 -0.882276583673205 -2.19846054286057 0.134044836132269 0.463413843503542 -0.67924402015611 2.99997648567737 -0.449001710835128 -0.411493858108287 -0.248108284041018 1.725980915041 0.691607656514016 -0.333262715252488
"22" -0.648127538172977 -0.737930287212287 -0.44489053483511 0.358628942292375 -0.816145376631048 -2.48835467494183 0.145845259224331 0.482435973110515 -0.5786317919292 3.20798186578538 -0.528385455055509 -0.535197512621423 -0.144757945281226 2.01580263444098 0.885811702899552 -0.418034969598693
"23" -0.61373503008497 -1.02843094886613 -0.469119955335602 0.431593618872713 -0.741315539518311 -2.71971752383702 0.160525901496353 0.494726345382903 -0.46708577934294 3.36499103330413 -0.599592496446856 -0.660874622864654 -0.0321837499055468 2.29717614734542 1.081041117444 -0.507060175920486
"24" -0.579105288775142 -1.35165884512954 -0.491065030045666 0.510198671368476 -0.664230152803853 -2.8859459897324 0.177279699918042 0.499519183298879 -0.353314018177385 3.46857627454539 -0.655720482403259 -0.777410968945134 0.0815977769335401 2.55799543421251 1.2550438236058 -0.59420318268559
"25" -0.545190952936814 -1.69099696704541 -0.511377550169133 0.591530836000128 -0.587632499381322 -2.98865854362293 0.195367666139355 0.495953578233769 -0.241375752910691 3.5204238809899 -0.691402724340271 -0.876629667037264 0.192659763904164 2.7943334119318 1.38899790316782 -0.675537493470756
"26" -0.51347058576392 -2.01246848634533 -0.528984003907949 0.668130321149286 -0.516558185449134 -3.02519574362015 0.212798043455334 0.482875780859565 -0.139413945213632 3.51874381408597 -0.699213352896399 -0.945277482509326 0.292536752088908 2.99052334217877 1.45650912152485 -0.742970325341531
"27" -0.483937175584541 -2.28726361334061 -0.542278015956917 0.733320487307587 -0.453524731571012 -2.99828183131691 0.227482529345704 0.459346016140112 -0.0524024591958308 3.46446618974532 -0.673957829862414 -0.973586587219017 0.37556738559006 3.13556182782768 1.43758591855315 -0.790255842322438
"28" -0.455878007774098 -2.48945495510811 -0.548846823888761 0.780606306299569 -0.399789568887729 -2.91200295148233 0.237188950397535 0.424750909623437 0.0161763800267289 3.3589042071558 -0.612296391899922 -0.954533255255043 0.437290124749684 3.2190590574587 1.31844760980562 -0.812215247889867
"29" -0.42811386182511 -2.59871976295558 -0.54581648934127 0.804414132200316 -0.355371292403276 -2.7712859229386 0.239812369224387 0.379123337155416 0.0645032914589723 3.20379313117593 -0.513390814056135 -0.885036805458327 0.474687634655221 3.2318560491692 1.09417539800643 -0.805435396974332
"30" -0.399254618965274 -2.60255123837773 -0.530375756969152 0.800798584081502 -0.319134504805965 -2.58154765540899 0.23366452633341 0.323463589651462 0.0925033191911968 3.0014634759315 -0.379392985782646 -0.766859757834581 0.486345371634895 3.16669101820779 0.770663126524028 -0.768853609936031
"31" -0.367944874121602 -2.4977047525892 -0.500388406908813 0.768020653805273 -0.288948704536176 -2.34851326221406 0.217741795039036 0.2599890076417 0.101811894288395 2.7550860792256 -0.215686142715131 -0.607043952422131 0.472513634107028 3.01887607859798 0.36551662727426 -0.704131602981107
"32" -0.333078104433264 -2.29069588223274 -0.454981846448039 0.706906454407081 -0.261928650569711 -2.0781811745392 0.191931049824345 0.192238546079592 0.0956065116027618 2.46892459782314 -0.0308055087755035 -0.417749129840089 0.435064571035 2.78693824779583 -0.0923738027589209 -0.615733803017406
"33" -0.293963753576265 -1.9972633610226 -0.394997118316571 0.620915958291574 -0.23475577820573 -1.77690182902045 0.157118371794294 0.124972312097903 0.0782968754643236 2.14854052442128 0.164004870494792 -0.215418426552844 0.377340249678916 2.4731735708921 -0.564734013815411 -0.510653708071487
"34" -0.250437611981783 -1.64082330241316 -0.323203558539948 0.51588480697998 -0.204068512695938 -1.45152998933701 0.115176993866052 0.0638334694172435 0.0550832684357323 1.80091160922687 0.355600003758599 -0.0192763658720736 0.303895347864669 2.08406009124885 -1.00724992203862 -0.397775050230592
"35" -0.202911589916056 -1.25005974111795 -0.244217575852819 0.39944628191282 -0.166895490313166 -1.1096066822796 0.0688269662341892 0.0147779762777915 0.0314123807977511 1.43444110664785 0.530057249032335 0.150738754315825 0.220147784462313 1.63047453093463 -1.37411945446406 -0.286907789678992
"36" -0.152364013534206 -0.855906448843991 -0.164113739515059 0.280188793610378 -0.121092138181019 -0.759523443772205 0.0213774680297876 -0.0166789557587208 0.0123788728576759 1.0588486159383 0.674014423384795 0.276407286989141 0.13196121436025 1.12765954413712 -1.62336931372945 -0.187594930233871
"37" -0.10027569437281 -0.488260934053739 -0.0897694286776165 0.166649055082811 -0.0657305214907153 -0.410619154093035 -0.0236192994818891 -0.0263090869288849 0.00213614576865795 0.684941778265568 0.776077929329945 0.343739098346802 0.0451929024697137 0.594894482741905 -1.7223167819792 -0.107835334358867
"38" -0.0485201487224363 -0.172819638885482 -0.0280325069708418 0.0662743241399788 -0.00138751600417431 -0.0731598433397425 -0.0627590712859085 -0.0119871876209334 0.00338794558850131 0.324272349132065 0.828127468441526 0.345220942488098 -0.0347528660139695 0.0548343881834281 -1.65244670493662 -0.0529003032591788
"39" 0.000781480326481176 0.0715765826137744 0.0151638500996611 -0.0154982463225863 0.0697206710910867 0.241843009160328 -0.0931690903597504 0.0256617226954212 0.0170310265540758 -0.0113175522588591 0.826337892809809 0.281447464495898 -0.103323540919673 -0.467499004238574 -1.41295997463787 -0.0244294482192231
"40" 0.0454288842486634 0.234749813563666 0.0356005291640322 -0.0759053261789582 0.143797746240649 0.523007595510195 -0.112831091251696 0.0829166131720172 0.0420069318509952 -0.31025000994591 0.771759443490293 0.161825781932663 -0.157130171407843 -0.94606314152303 -1.02234983240601 -0.0199695695165758
"41" 0.083321798022713 0.315909570089558 0.0313562888026624 -0.115155980686733 0.215740034368942 0.759161044578414 -0.120797792230608 0.153019203970949 0.0753984607230438 -0.561851107590557 0.670345018555096 0.00414144794856952 -0.19414196087648 -1.35543109316815 -0.517576158275546 -0.0330689963428767
"42" 0.112637074389067 0.323197871253421 0.00307773294036551 -0.136308207369805 0.279615287622291 0.940104463349647 -0.117271742613152 0.226688864361016 0.112775841844055 -0.757049269202095 0.532382524242236 -0.167081760803597 -0.213746227384447 -1.67263134591614 0.0492845129592041 -0.0539646271230367
"43" 0.131990870113854 0.272117295180772 -0.0461135286707197 -0.144730078773545 0.329309968510297 1.05751134365569 -0.103535465339915 0.293077988331412 0.148762933334564 -0.88909048045848 0.371372777934907 -0.323321931380235 -0.216672402366959 -1.87906144626234 0.616673380824125 -0.0708101282772873
"44" 0.140573694998185 0.183060704529846 -0.111066513638665 -0.147217717776901 0.359278359289815 1.1058728856985 -0.0817441674930439 0.341078637843506 0.177759985394657 -0.954212290655322 0.202476678558908 -0.435614612918698 -0.204795135717477 -1.9623084345285 1.1208650053951 -0.0713051735277759
"45" 0.138247061922612 0.0782910948395634 -0.185330627846263 -0.1508988999182 0.365303984284369 1.08337597073961 -0.0546132572597617 0.360823302845009 0.194732102251513 -0.952204371948994 0.0407259805251741 -0.478486220832735 -0.180846068443259 -1.91768354339859 1.50405607836515 -0.0445121513548656
"46" 0.125592136825188 -0.0211978184393358 -0.262052853800235 -0.162088627929666 0.345171629020855 0.992584281895657 -0.0250490038449636 0.345172707736868 0.195956498320875 -0.886775938913196 -0.100762474188901 -0.433727102187021 -0.148074147935146 -1.7492725959014 1.72212843800833 0.0173981099600837
"47" 0.103903328918469 -0.0984898284522688 -0.334896904464635 -0.185274482888865 0.299149981146741 0.840795648684779 0.00422087757297085 0.29096245607802 0.179620531147855 -0.765653432998834 -0.21231802288343 -0.293440919977826 -0.109898872303823 -1.47032283220608 1.75095245681952 0.117736849065807
"48" 0.0751233223043064 -0.142820821181056 -0.398834873211616 -0.222392149371718 0.230201936418823 0.639971914707226 0.030960703439626 0.199794905282925 0.146177737726308 -0.600348070253677 -0.288769175395265 -0.061868926201555 -0.0695988450469622 -1.10283440509339 1.59023688642323 0.254454439627409
"49" 0.0417206094502518 -0.150627844851636 -0.450683910905383 -0.272507395154925 0.143870830816048 0.406180997270154 0.0536383696117211 0.0782144223880579 0.0983995411018737 -0.405562421509316 -0.329858238311845 0.244365165661208 -0.0300698370103003 -0.676299064873828 1.26423722918186 0.420020900123689
"50" 0.00651589507751682 -0.125438364637493 -0.489305158697128 -0.331956800689841 0.0478327001467527 0.15855005704114 0.0715067043185877 -0.0628119566005552 0.0411021525889481 -0.198245733578299 -0.33994925455181 0.597728419628282 0.0063264590101868 -0.225623123410481 0.819068988575992 0.602084575483502
"51" -0.0275307054550575 -0.0766460196901519 -0.515442119921886 -0.394926099509657 -0.0488485888942651 -0.0822039386352555 0.0845488912728189 -0.209081836407204 -0.0194244947862376 0.00364584210954177 -0.327067290412774 0.96285498248929 0.0378174808375302 0.211624663900375 0.316872377107558 0.78484798951348
"52" -0.0575546600931696 -0.0173942757546679 -0.531240441773146 -0.45437431518868 -0.136681916690958 -0.295534737360694 0.0933057457488502 -0.344877154553298 -0.0762134742319427 0.182582624062416 -0.301411263033671 1.30085809560663 0.063188912688827 0.598401970411838 -0.172436747755413 0.950988651638795
"53" -0.0810233917986802 0.03806965464126 -0.539548989710518 -0.503155803184779 -0.206808650530932 -0.462934832593308 0.0986230291305379 -0.454986267698338 -0.12253474515484 0.32295058499691 -0.273567223357281 1.57430221153973 0.0816913322807657 0.901504441363419 -0.580699786916668 1.08386404980132
"54" -0.095951471233195 0.0771249858779925 -0.543142188213835 -0.535160196501202 -0.252025518399513 -0.569698373824219 0.101370589048892 -0.526736709050809 -0.152797009444538 0.412438462270678 -0.252699544276823 1.75213345897561 0.0929163440376275 1.09464634995938 -0.850969861749121 1.16968930206349
"55" -0.101072933845439 0.0911348695136387 -0.544017783562545 -0.546287384155786 -0.267634671727518 -0.606366823649468 0.102189327660144 -0.551731429239773 -0.163307157087082 0.443165987588069 -0.245004312083804 1.81384850366393 0.096676546917676 1.16096321291528 -0.94550132316256 1.19937237937449
"56" -0.0959526477079931 0.0770380437178408 -0.542909015112567 -0.535101358496384 -0.252005426049844 -0.569677029297091 0.101315886920605 -0.527017925846753 -0.152775922041108 0.412420159514035 -0.252670085008686 1.75227951923515 0.0929196772413778 1.09464396118762 -0.851082888584187 1.16973729281591
"57" -0.08102473489744 0.0379096435547353 -0.539107901001202 -0.503058530843024 -0.206770321842131 -0.462890772697746 0.0985194701633336 -0.455504250726463 -0.122494955501632 0.322910320832198 -0.273511682950765 1.57457378221667 0.0816976679111301 0.901497594634096 -0.58091083015168 1.08395384211838
"58" -0.0575538158087956 -0.0176019015627227 -0.53063477877658 -0.454274449195214 -0.136628327367077 -0.295463138786749 0.0931631902518113 -0.345554568880953 -0.0761590245742636 0.182510446985953 -0.301335579022277 1.30121840696688 0.0631979694428582 0.598385756978241 -0.172718331519064 0.951109821790737
"59" -0.0275232084553427 -0.0768677429881897 -0.514720404108779 -0.394866769516039 -0.0487824112456492 -0.082091968555571 0.0843778753671964 -0.20982843738485 -0.0193597289306879 0.00351954555756429 -0.326978537377951 0.963258334785422 0.037829748403742 0.211589530515124 0.316556219183624 0.784989268438892
"60" 0.00653804399938185 -0.125635525469716 -0.488504500585908 -0.331980088169935 0.0479111941357255 0.158731236777185 0.0713140241664858 -0.0635480189583824 0.0411744559186551 -0.198471496945416 -0.339853949934964 0.598128237110416 0.00634421297208831 -0.225694803955245 0.818759203151089 0.602237847547713
"61" 0.0417714245054346 -0.150756837819717 -0.449811049349329 -0.272649109448707 0.143966705431707 0.406489518941154 0.0534217996303052 0.0775358511759521 0.0984805481932307 -0.4059748429328 -0.329760674087975 0.244720616111834 -0.0300412306613875 -0.676439087591972 1.26397888174435 0.420185023930287
"62" 0.0752270505012422 -0.142828503916139 -0.39784416411732 -0.222682501833312 0.230329863246755 0.640516948588319 0.0307025091832411 0.199169238749345 0.146275707089043 -0.60110744739357 -0.288669902080114 -0.0615892294261471 -0.0695492314400852 -1.10309916558122 1.59008303360027 0.254638481960853
"63" 0.104101487103554 -0.0983022199427537 -0.333661773231611 -0.185746501401489 0.299340802231958 0.841772524991256 0.00387901328979812 0.290317132626175 0.17975532815933 -0.767044230287468 -0.212212368713494 -0.293258584312895 -0.109810940749397 -1.47081064100484 1.75097464120613 0.117962935677156
"64" 0.12595500279024 -0.0207000766883918 -0.260324217987812 -0.162795320959678 0.345482725911237 0.994330094543469 -0.025553970595233 0.344348404361494 0.196166470708393 -0.889288042164571 -0.100638744039751 -0.433656567630123 -0.147919902383239 -1.75015153757924 1.72243571592199 0.0177047960356731
"65" 0.138891937905425 0.0792859609276664 -0.182673060748861 -0.151939888400303 0.365835588746068 1.08645523691776 -0.0554182561199719 0.359545396546391 0.195084721749147 -0.956658624160011 0.0408891607570219 -0.478539496755161 -0.180581390265564 -1.91923487944934 1.50482490113259 -0.0440644265498236
"66" 0.141693012264224 0.184857932798474 -0.106760717317865 -0.148776468354914 0.360198596637205 1.11120531412783 -0.0830742163674252 0.338909957820885 0.178368088691643 -0.961948261869705 0.202714510965166 -0.435807443162616 -0.204351429355724 -1.96499197505978 1.12238300669483 -0.0706244313269053
"67" 0.133893902448251 0.275206105687309 -0.0390121887205055 -0.147123842791963 0.330892051310145 1.06655574821383 -0.105748680249224 0.289343457171 0.149808842895648 -0.902237777871029 0.371740618063793 -0.323681136349848 -0.215944049878243 -1.88361057979488 0.619400878585623 -0.0697564710666541
"68" 0.115809507349035 0.328342914472341 0.0147541075305107 -0.140053893093253 0.282290751695964 0.955113556694215 -0.120922887634992 0.220363097416097 0.114546087166224 -0.778905427569407 0.532965066090057 -0.167653962358457 -0.212572323489331 -1.68018610912351 0.0539378622916473 -0.0523243869087651
"69" 0.0885074493149154 0.324274966392097 0.0502957005918319 -0.121055921694406 0.220172025450873 0.783520163467145 -0.126724143487241 0.142569510121888 0.0783321534558639 -0.597387663202608 0.671268970140686 0.00327931443723628 -0.192280573596113 -1.36771720061233 -0.509915832967948 -0.0305166998628295
"70" 0.0537372509845531 0.248062589279937 0.0657561265508804 -0.0851566958662602 0.15097785284917 0.561665018144036 -0.122263178117069 0.0660964698358413 0.0467608729848052 -0.366761847619659 0.77321017527473 0.160553952827712 -0.154223220705245 -0.965622555389427 -1.01010101784622 -0.0160154360848992
"71" 0.0138232553098305 0.0923349423129116 0.0621907835103386 -0.0298282070707607 0.0810913668610709 0.301829059769871 -0.107866399248485 -0.00074562348938656 0.0245640388793513 -0.0992170155957544 0.828580218674533 0.279589153349519 -0.0988504078468098 -0.497972638861955 -1.39388054773322 -0.0183511307238007
"72" -0.0284701246781724 -0.141090755289716 0.0437262272780963 0.0444491482793872 0.0162146480765346 0.0178556856474295 -0.0851666726184073 -0.0524680031211648 0.0150653728325865 0.19053744366251 0.831530134386298 0.342527509609141 -0.0279712077542436 0.00837949233960805 -1.62345713047509 -0.0436593288467009
"73" -0.0700925650151041 -0.440709333669709 0.0173229041228957 0.134045769211657 -0.0390894268899014 -0.275587380528318 -0.0570353652141637 -0.0869436415227476 0.0198526279679454 0.485898872719557 0.781140470586983 0.339876303049934 0.0553197119537274 0.525612958807385 -1.67932228521954 -0.0939813446806852
"74" -0.107874006032014 -0.786015963261046 -0.00783573932964998 0.232478738512135 -0.0816588156388887 -0.563631410457282 -0.0273589448140577 -0.105459554965599 0.0386932687605281 0.769032727207363 0.681393794649752 0.270944744520989 0.146848801750962 1.02658478881086 -1.56110536523251 -0.167164399385115
"75" -0.138696566976525 -1.14929368056389 -0.0212597330304973 0.331096922688804 -0.10979628704217 -0.831727929237315 -0.000682319648199758 -0.112316619943169 0.0696832677101777 1.0215866545837 0.54059011202671 0.143144675157345 0.241683562318014 1.48623604326358 -1.2860538435725 -0.257328262017637
"76" -0.159667004868945 -1.49827252952058 -0.0122753989834727 0.420057360939637 -0.123162290225949 -1.06610737477904 0.0182441862950977 -0.11406351598867 0.109587427621479 1.22548521940579 0.37031495666699 -0.0296336774440675 0.334531263818799 1.88272807124874 -0.885582114738725 -0.355790680370035
"77" -0.168285289205404 -1.79933104960345 0.0287595262029043 0.489462705393203 -0.122543584096549 -1.25422636084278 0.024968269470337 -0.118484246457701 0.154307556049756 1.36382891453412 0.184117516611554 -0.229262031922971 0.420172476797991 2.19830991926547 -0.400536160176458 -0.452292291488362
"78" -0.162605038494767 -2.02085750079882 0.109262062267277 0.530518188760713 -0.109555176635375 -1.38524936712646 0.0158404183874525 -0.133472072372946 0.199404227835226 1.42190205435725 -0.00392256027003768 -0.435879334338864 0.49388192806301 2.4199372996551 0.124084899455312 -0.536338571472839
"79" -0.14138091730203 -2.13638685905291 0.233353731375407 0.536575167433332 -0.0863334418914173 -1.45058938603148 -0.0115270434867858 -0.165918957271945 0.240599129754191 1.38826262358136 -0.180566073722403 -0.630322199539307 0.551792120010647 2.53967051057025 0.644231984524247 -0.59848166391069
"80" -0.104196544192556 -2.12717653546871 0.400999936413646 0.503952215015047 -0.0552690706834775 -1.44449928612071 -0.0578880726037792 -0.220733357575906 0.274196543122697 1.25584851867519 -0.334576570611298 -0.796196337495829 0.591163930122949 2.55487491823885 1.12113620221568 -0.631393872211106
"81" -0.0515642092929718 -1.98396910618728 0.607429614696827 0.432457615805024 -0.0188119825606364 -1.36466841203982 -0.122112058626623 -0.300075889888111 0.297381481053934 1.02299668490533 -0.457570297045948 -0.921389877770437 0.610541526010182 2.46823632398175 1.52445536603754 -0.630629205417364
"82" 0.015014697984004 -1.70779998444406 0.842894770855544 0.325572338257528 0.0206402313907912 -1.21274559052479 -0.201079816269678 -0.402877063468718 0.308374798194042 0.694243377283628 -0.544499661979355 -0.998927083197955 0.609784187487517 2.28758904627604 1.83404238964953 -0.595020262307912
"83" 0.09304131524946 -1.30982583808374 1.09282294118501 0.190284925587251 0.0607794623025698 -0.994688383957792 -0.28974426749839 -0.524677299333334 0.306448655406646 0.280763470395129 -0.593764659862011 -1.02715498228427 0.589982548397185 2.0255415453801 2.04034928187772 -0.526706156621458
"84" 0.179075669314301 -0.810259882249664 1.33840996857952 0.0365963325365701 0.0993759251782488 -0.720835359732745 -0.381365659519088 -0.657808119861739 0.291825870745518 -0.199679829803162 -0.606987817078163 -1.00933341709903 0.553279135491294 1.69887731180797 2.14365096646016 -0.43082655948092
"85" 0.268867781596138 -0.23658954614775 1.55768926714321 -0.123266796003975 0.134254852185782 -0.405616263218582 -0.467922213177989 -0.791913836066609 0.265501339738175 -0.72336471374284 -0.588517801374333 -0.952753398814025 0.502621378351811 1.3277109818357 2.15238702136093 -0.314943826719883
"86" 0.357567892438807 0.378689046091346 1.72708979361517 -0.275875952180423 0.163298552959058 -0.0668531534294288 -0.540686034883657 -0.914793023970109 0.229030998525704 -1.26184884947701 -0.544743434093234 -0.86753738120666 0.441478923990543 0.934393126341486 2.08097027930778 -0.188269394763836
"87" 0.384562867913849 0.57631375214645 1.76650400928905 -0.320443473853329 0.170941608584519 0.0419793923282588 -0.559410027503938 -0.949233579172033 0.215687896694212 -1.43021420644017 -0.526842662656126 -0.836478158698441 0.42055578763754 0.809144052015149 2.04454244328934 -0.14756376568792
"88" 0.463948664947404 1.19291159633407 1.83532970300178 -0.443189368389589 0.18928545398267 0.380892300133086 -0.60084114936512 -1.03768356985798 0.168823689485332 -1.94019339345586 -0.4614998225303 -0.73129849051783 0.351262007304717 0.42206979456433 1.89533766865997 -0.0218829548956023
"89" 0.530392033530106 1.77030706046806 1.80531033640723 -0.529696962085406 0.197553745288244 0.695728668653298 -0.609688109573687 -1.0860931113932 0.116560805655957 -2.39168509498869 -0.38909284253491 -0.624290027643056 0.279981837655654 0.065538795331546 1.70934510011396 0.0918947077497307
"90" 0.579391735003162 2.27671808221087 1.66369678041369 -0.57138361479215 0.194609568219235 0.966938461389601 -0.580451850217851 -1.08507963407357 0.0611855726668702 -2.75553877650483 -0.317131761846166 -0.525403278435988 0.210021463642675 -0.241029503940824 1.50466162872567 0.185532843476807
"91" 0.607370665536902 2.68489885317662 1.40638469075783 -0.563663264568291 0.180068176958433 1.17799830339041 -0.510369899423624 -1.02908170943907 0.00509723486242764 -3.0076378829056 -0.251964669188495 -0.442118591821867 0.144228721515616 -0.482457883339117 1.296810326072 0.252867635978419
"92" 0.612013350927127 2.97338957404127 1.03988077696908 -0.506739523734842 0.154526453460574 1.31689573588211 -0.400040347375005 -0.917465837854857 -0.0491532795479073 -3.1310011856028 -0.198317049538939 -0.378790330721699 0.0849046037702332 -0.649104831986364 1.09785977474124 0.290374374327996
"93" 0.592519163052615 3.12730606713015 0.582426613484639 -0.405990166506459 0.119726140455141 1.37723761877853 -0.253786812904114 -0.755218229087125 -0.0988231525176235 -3.11731883191624 -0.159010490979146 -0.336337607207398 0.0337682654640368 -0.737759366645529 0.916014294665409 0.29749953364032
"94" 0.549737710784574 3.13872593785694 0.0639488239595387 -0.271838837826875 0.0785995812081718 1.3588403281039 -0.0796791565147452 -0.553068357269849 -0.140977870562878 -2.9677475527439 -0.134871749119043 -0.312302531673922 -0.00803562429130622 -0.75199230846734 0.75561758800842 0.276715399466582
"95" 0.486162791177849 3.00675516773064 -0.475403308572153 -0.119047707777334 0.0351581441399451 1.26771613541919 0.110848361364849 -0.326936030555899 -0.17256865509579 -2.69286845474243 -0.124831072029163 -0.301274182504599 -0.0399011362036443 -0.701861753882164 0.617496506588083 0.233271509256269
"96" 0.405775193920358 2.73736225233756 -0.988216917918358 0.0345770776300718 -0.00579592665879192 1.11544016896232 0.303798100654388 -0.0966658317854616 -0.190609837011871 -2.31180240419187 -0.126196264009498 -0.295650422116537 -0.0617107362315878 -0.602936037866279 0.49956755210561 0.174642440551622
"97" 0.313741138655011 2.34304850505023 -1.42415134650382 0.170000703854209 -0.0391262567112772 0.917956482905184 0.483792996515212 0.115893942909798 -0.192457889591329 -1.85057039429102 -0.135075904272766 -0.286679457763995 -0.0737813585322988 -0.474679811237882 0.397629922743754 0.109703932110619
"98" 0.21599028777476 1.84238921718516 -1.73530328184042 0.269146712469286 -0.0599496397571451 0.693950296415654 0.635549614705727 0.289307849868322 -0.176169594148852 -1.33986792961797 -0.146911877878411 -0.26569011981853 -0.0768134046693212 -0.338337676096818 0.306270295736375 0.0477057708138773
"99" 0.118712879340324 1.25944020383314 -1.88203881078622 0.317228602971536 -0.0642877770110359 0.462967386504124 0.745492860299398 0.40520868738891 -0.140893728608001 -0.812483526723003 -0.15706921356708 -0.225388120668057 -0.0718441661379168 -0.214531943858626 0.219803500830309 -0.00285504101867673
"100" 0.0278272702976352 0.622968337736517 -1.83856723763811 0.304939994881794 -0.0496963742935443 0.243493692759541 0.803324888891879 0.45086213119408 -0.0872332210082958 -0.300624902080472 -0.161422126526071 -0.161070904251289 -0.0602028511689752 -0.120852300405832 0.133170132846253 -0.035330243813263
"101" -0.0515249275417389 -0.0345572094540438 -1.5974582070357 0.230191926076474 -0.0157751654357901 0.0512138685893859 0.803343209199266 0.421278176187093 -0.0175067215728311 0.166581187251294 -0.156871362187358 -0.0716026826445528 -0.0434616594754691 -0.0697427805957506 0.0427097659310434 -0.0458423392477982
"102" -0.115400216629329 -0.678276836318745 -1.1723462695662 0.099104587417818 0.0355322615451344 -0.102354443085941 0.745314041959057 0.320525690941313 0.0641575022171479 0.565177808470859 -0.141731347425817 0.0400003590184923 -0.0233766096866264 -0.0669768566926575 -0.0532691156593543 -0.0338967971217414
"103" -0.161343967002268 -1.27259516952241 -0.598234783808929 -0.0739720903701144 0.099919182351207 -0.21070106447207 0.634748695682378 0.161980808995505 0.151945947343873 0.8778727040205 -0.115937301667524 0.166493582916573 -0.00181305058110759 -0.110952246773469 -0.154190097344106 -0.00257754884998462
"104" -0.188518888252631 -1.78317083510291 0.0709079375293697 -0.267523039445669 0.171012904484183 -0.272555630570105 0.482499898059679 -0.0326351773475384 0.23872562002776 1.0948305510012 -0.0810420274252843 0.296901495364324 0.0193463945556673 -0.192938250248031 -0.257225895016425 0.0417321326956426
"105" -0.197659745253902 -2.17916937950179 0.76720626080315 -0.454988424398016 0.240980530640405 -0.291506555797726 0.303683439491694 -0.235411756540229 0.31663926593341 1.2137376743883 -0.0399977518055943 0.417583397129363 0.038309866416756 -0.298282228407427 -0.357643213026776 0.0900979961373594
"106" -0.19086497680086 -2.43563644944468 1.41614405078044 -0.607754617369309 0.301388696275719 -0.275079406018628 0.116025811644032 -0.415407386655568 0.377880938295346 1.2391965223053 0.00325308313070849 0.513780481260767 0.0534945214526772 -0.408446100313498 -0.449445818701371 0.132178567694694
"107" -0.171256742403892 -2.53578356756418 1.94523613052059 -0.698686485886226 0.344220199332841 -0.233415347264905 -0.0621737782143841 -0.542456094944747 0.415569126009847 1.18157764316459 0.0443269071773944 0.571479579706136 0.0636453762242586 -0.503619108397755 -0.526242844791092 0.157627640476505
"108" -0.142557416068546 -2.47293349539831 2.29303058895166 -0.705763374533298 0.362919384803257 -0.177738625008015 -0.214212904817236 -0.591145839683964 0.424610458628839 1.05550689031123 0.0790151361854257 0.579365789338709 0.0679422646645635 -0.565559732979453 -0.582231101096596 0.157572427317859
"109" -0.108640186351633 -2.25185778178952 2.41723913226075 -0.615328968045066 0.353324171570561 -0.118823968114358 -0.327000716028152 -0.544431048177545 0.402436874613877 0.878189607159172 0.103882186922475 0.53060037886344 0.0660811416534712 -0.580273563984431 -0.613154546518594 0.125962876771268
"110" -0.0731127636126725 -1.88926332446881 2.30083399711912 -0.424481911627705 0.314348959829767 -0.0656674169183589 -0.392640208479383 -0.39635672806911 0.349505773306836 0.667769970034783 0.116759922840206 0.424160508240504 0.0583166791204106 -0.540144347097396 -0.617097072480064 0.0605959860249641
"111" -0.0389860611662884 -1.41324977527535 1.95516631871925 -0.142222231642045 0.248309532466446 -0.0245285863257587 -0.40934989713124 -0.153465324624257 0.269476273036377 0.441894842142442 0.117065410487776 0.265517234787609 0.0454559949674782 -0.445202887326467 -0.594979685812717 -0.0363429054391133
"112" -0.00846522241598024 -0.861661065461538 1.41952964142019 0.210880323319188 0.160825473873368 0.00154590652589537 -0.381582164021139 0.16537933642754 0.169012834313192 0.216603245650062 0.105892665721194 0.0665057194753729 0.0287982776871876 -0.303334690469146 -0.550669752899367 -0.1583166664239
"113" 0.0171192602093917 -0.279381378008121 0.757065798990986 0.604534928079662 0.0602917520121831 0.0126806317033656 -0.319305183586172 0.530804978987629 0.05721536059453 0.0056031105521015 0.0858611757581906 -0.155652284054341 0.0100214913515688 -0.129376049379506 -0.490663989367533 -0.295066224373841
"114" 0.0372443481362603 0.285237776199907 0.0474222604943435 1.00192241173675 -0.0430289207302407 0.0116501271684646 -0.236533567983963 0.906204049947405 -0.0552741199198037 -0.18006446775876 0.0607397705384409 -0.380093098057785 -0.0089756027777339 0.0567917971633973 -0.423370688855059 -0.433765179610532
"115" 0.0520157711379552 0.784506845071963 -0.622955426120537 1.36386183215532 -0.138186300375439 0.00298612944372412 -0.149302246140237 1.25207527140385 -0.15739138361303 -0.332027841513568 0.0348984490266417 -0.584625780954582 -0.0262612755120508 0.232893554292495 -0.358080235091364 -0.560554491168347
"116" 0.0619186976296471 1.175676111771 -1.17164872183661 1.65342858981473 -0.214847054879017 -0.00812716148376236 -0.0733618153220341 1.53087544736873 -0.23886449384012 -0.444349324071585 0.0126676448682943 -0.748325990485085 -0.04006864661807 0.37728675101328 -0.303765452701278 -0.66225567648263
"117" 0.0675480522849399 1.42490697208094 -1.53076786419436 1.84042028137819 -0.264553432327279 -0.0169829492786029 -0.0219183037659167 1.71173363837734 -0.291372755757568 -0.513168663327455 -0.00230032547575831 -0.854064314164404 -0.0489810837467641 0.471936006173137 -0.267885261165951 -0.728032111962477
"118" 0.0693699705554218 1.51049268930414 -1.65570139785804 1.90507083970234 -0.281768382957034 -0.0203209846821828 -0.00373821195915092 1.77438311542135 -0.309502648486363 -0.536344157526369 -0.0075719909210985 -0.890621060609234 -0.0520832759034278 0.504909050901875 -0.255369960457784 -0.750771828099232
"119" 0.0675586729925712 1.42495666650337 -1.53090585970311 1.84050584394349 -0.264565794580141 -0.0169789868761647 -0.0218901954728334 1.71176514638998 -0.291376745666895 -0.513192378712627 -0.00229392266044037 -0.854089737044887 -0.0490596779085419 0.47203484199432 -0.267942408649034 -0.728001505229571
"120" 0.0619386109937512 1.17578108427892 -1.1719295142742 1.65360024323003 -0.214871669269906 -0.00812167343910719 -0.0733045735165474 1.53093964641643 -0.238873112907649 -0.444393979510905 0.0126805101047456 -0.748368780988329 -0.0402282853678035 0.377483810982935 -0.303879627834647 -0.662205198548293
"121" 0.0520424273674149 0.784679533143923 -0.623387211461697 1.36411954905518 -0.138223210370764 0.00298931390252299 -0.149214271487868 1.25217442242114 -0.157406276399717 -0.332089292952503 0.0349182133208252 -0.584670718849182 -0.0265057301017548 0.233186071880149 -0.35825201539847 -0.560503519384639
"122" 0.0372742361105596 0.285500828393308 0.0468304238758925 1.00226353410602 -0.0430788688891832 0.0116478643005902 -0.236413568826683 0.90634115668241 -0.0552987549813608 -0.180140102438265 0.060768049735576 -0.38011900773644 -0.00930829565772751 0.0571718486048047 -0.423603694269787 -0.433737649984806
"123" 0.0171483891830966 -0.278987932131244 0.75630706726843 0.604951238634882 0.0602264265126694 0.0126735588589142 -0.319153447826885 0.530983042351329 0.0571742093636918 0.00550980780157051 0.0859023893390143 -0.155632460593964 0.00959863818012785 -0.128925951631911 -0.49097016440642 -0.295084754182056
"124" -0.00844058005569459 -0.86106600761692 1.41860210967515 0.211354351473425 0.160739401808633 0.00154255876899612 -0.381402165845695 0.165600075598785 0.168942539229213 0.216476181005675 0.105957003041457 0.0666054349080838 0.0282841513864951 -0.302847592900726 -0.551079696894746 -0.158395118429524
"125" -0.0389684021072765 -1.41232602793718 1.95407419111912 -0.141721765930384 0.248191969382179 -0.0245065566979852 -0.409150188126375 -0.15320323761007 0.269354039495702 0.441696408104197 0.117173873846815 0.265744696028264 0.0448463728344239 -0.444735681870677 -0.595560918534609 -0.0364775484224253
"126" -0.0731023048586161 -1.88778638263481 2.29958577365362 -0.424005969346247 0.314179878724004 -0.0655786669010068 -0.392436588902043 -0.396059649775886 0.349291453941369 0.66742902602471 0.116952467887969 0.424590176757746 0.0575957594238234 -0.539789877851722 -0.617984118480756 0.060436861647247
"127" -0.108633994870523 -2.24943891129746 2.41584130697251 -0.614956378903621 0.353067791067432 -0.118599023864479 -0.32681879136766 -0.544112110355107 0.402061267988561 0.877585250857609 0.104230381031043 0.531355755956895 0.06520722742354 -0.580179200043837 -0.614596131755576 0.12585161962329
"128" -0.142549081255649 -2.46891657654194 2.2914754752554 -0.705613064374408 0.362513710747 -0.177268755779092 -0.214091312678238 -0.590825969845952 0.423956798814891 1.05444653642766 0.0796413009219741 0.580654944294693 0.0668261112083828 -0.56595639732631 -0.584661737598331 0.157638596178884
"129" -0.171237057576301 -2.52909137824183 1.94348272619153 -0.698936291403026 0.343560683467647 -0.232537676253481 -0.0621686000035924 -0.542163965528598 0.41444473256865 1.17976769448016 0.0454323854768734 0.573648380772738 0.0621191777728622 -0.504866214050377 -0.530388613702982 0.158081254506357
"130" -0.190824232588974 -2.42454928191219 1.41409125441061 -0.608670027645017 0.300303611386079 -0.273557082123271 0.115834713360953 -0.415178242452038 0.375975240509831 1.23620407663716 0.00515897752452421 0.517389371685425 0.0512686379696095 -0.411099267192924 -0.45647690293832 0.13334398141015
"131" -0.197592465958096 -2.16101706318636 0.764658194486316 -0.456965168167184 0.239195181406722 -0.289002951910529 0.303183266238048 -0.235285407761634 0.313463764154817 1.20894250015556 -0.0367934855886336 0.423514666963214 0.0349133514561575 -0.30319182418194 -0.369387911385658 0.0924632921761486
"132" -0.188432206818206 -1.75391985543724 0.0675316698439747 -0.271147606619726 0.168099443292062 -0.268601924243987 0.481532046220223 -0.0326537016374449 0.233530999299182 1.08736815872569 -0.0757871743378411 0.306504407404987 0.0140465120919981 -0.20138742014156 -0.276461289162185 0.0460193351044893
"133" -0.161271331554057 -1.2263173889625 -0.602957968469264 -0.0801038406649894 0.0952287510944817 -0.204657101908628 0.633091463648859 0.161775017011003 0.143611792771601 0.866571779150778 -0.107524471370047 0.181773666786867 -0.0101173981671288 -0.124842762796148 -0.185021761656429 0.00468342956139622
"134" -0.115422674032897 -0.606497250133953 -1.17917341710832 0.089227314992236 0.0281066657577936 -0.0933632845060988 0.742660606103115 0.320090950426692 0.0510512231226865 0.548498378985326 -0.128572332470884 0.0638558835881469 -0.0362918053559689 -0.0890692951432268 -0.101604681848748 -0.022155425270654
"135" -0.0518026853251154 0.0745031844226514 -1.60743601455749 0.214821551628654 -0.0273137654195869 0.0642771730926928 0.799275180433747 0.420573230643656 -0.0377027128903686 0.142563223562336 -0.136749100012663 -0.035100317614976 -0.0632685819449827 -0.103953620936919 -0.0313978516820441 -0.0275049788270394
"136" 0.0270101449513036 0.785211430254605 -1.85307380735956 0.281668662246172 -0.0672769683672607 0.262079097543116 0.797282601885777 0.449844359280959 -0.117723007756983 -0.334389997409414 -0.131327911724368 -0.106365771550827 -0.0900561430697748 -0.172603975581093 0.0220482208530655 -0.0074930991258384
"137" 0.116888121129579 1.49569381800938 -1.90280376515176 0.282824755404761 -0.0905389648095554 0.488914199942323 0.736744614084335 0.403830906285611 -0.185989238448197 -0.858844968913489 -0.113039849380529 -0.145123241827079 -0.115993189596522 -0.291142371715328 0.0568397772418763 0.0383672274172397
"138" 0.212428021556356 2.17907796513275 -1.76439096429296 0.219394186936738 -0.0983562412220168 0.729563267627201 0.623163362211161 0.28751419482774 -0.241515579488565 -1.40205933856796 -0.0838897900272961 -0.150427156969926 -0.140828523581233 -0.449423577143976 0.072533623973392 0.107368298322314
"139" 0.307355910317363 2.81257886108875 -1.46389043526275 0.0995629568085796 -0.0941798786622118 0.966101840813104 0.466615395535353 0.113615907509748 -0.285235756683538 -1.93209922620188 -0.0468239182660151 -0.124712189010168 -0.164759855879044 -0.632534077573151 0.0697848039363009 0.1941860372647
"140" 0.395018922862478 3.3780404210856 -1.04106147892151 -0.0630828629200835 -0.0831195962419539 1.17967394220892 0.280447209905338 -0.0995112672251821 -0.319686709845215 -2.41628900190982 -0.00530624604351271 -0.0729837697613789 -0.188427003574017 -0.822825225016239 0.0499452503709747 0.291729892894324
"141" 0.468912166713112 3.86204727143858 -0.543716041881776 -0.251654294793978 -0.0712635854792519 1.35245996701659 0.0797272938648663 -0.330443255027923 -0.348550329983876 -2.82385235520766 0.0371300804674695 -0.00184901397749115 -0.212857320537086 -1.00217772392536 0.0147085518226078 0.392121111437632
"142" 0.523188593784102 4.25568896698285 -0.0218096480274337 -0.448157597880417 -0.0649466717783787 1.46961940306953 -0.120340008722831 -0.557331093580945 -0.376119460592571 -3.12849364993415 0.0772930210150129 0.0814551387902753 -0.239363761237554 -1.1541848189125 -0.0341245505741625 0.487653845408175
"143" 0.553106207014102 4.55407211258614 0.477986131639616 -0.635510065552763 -0.0700523066278252 1.52098855695962 -0.305852180853403 -0.760304114623302 -0.406751231528224 -3.3106683992902 0.112651268839564 0.169904963320917 -0.26939890987129 -1.26597660345442 -0.0947198969993082 0.571613614316448
"144" 0.555378487163463 4.75567820856633 0.916650945066703 -0.799157008152893 -0.0914161854048231 1.50233691831419 -0.465352520061145 -0.923373135508243 -0.444360125064323 -3.35931775938418 0.141529422607256 0.257314466067839 -0.304371897691321 -1.32947870067116 -0.165124558588104 0.638864417856297
"145" 0.528407950918162 4.86166034405469 1.26575856555212 -0.928160571866824 -0.132375344025334 1.41602989999399 -0.590590281130756 -1.03567456019331 -0.491988295791885 -3.2728908636023 0.163166523546167 0.338701451375599 -0.345439516884936 -1.34199161302717 -0.243064738041376 0.686161374959909
"146" 0.472396609386396 4.87516328438477 1.5088610179549 -1.01572207503286 -0.194481387770553 1.27100560659676 -0.676865721568226 -1.09200032539247 -0.551475131137236 -3.05954525625198 0.177647099074912 0.410403740845496 -0.3932878087656 -1.30607687704117 -0.325700824889893 0.712191606768954
"147" 0.389338574811924 4.80074044593961 1.64138915528093 -1.05918001019838 -0.277374630902077 1.0820433353216 -0.722982573294832 -1.09265337775981 -0.623234919180705 -2.73649308157193 0.185731537973894 0.469993551066722 -0.447925262679476 -1.2288280734452 -0.409429586448283 0.717384722422935
"148" 0.282907853041786 4.64392706880199 1.66930901819598 -1.05958540632722 -0.378800755893534 0.868375685941939 -0.73087248025384 -1.04274228169208 -0.706142818356928 -2.3285419655624 0.188624265625752 0.516062809451896 -0.508512370083948 -1.12067678824637 -0.489820382157134 0.703560475934495
"149" 0.158258177965192 4.4110095203368 1.60687839202327 -1.02098972830859 -0.494744729363903 0.651768301593298 -0.704982553627744 -0.951075449049963 -0.797525736902287 -1.86595758367896 0.187722573750916 0.547959912457685 -0.5732533354412 -0.99392798905454 -0.561749764790434 0.673492570217462
"150" 0.0240786911160709 4.11454474112539 1.47655820168813 -0.951002940342144 -0.617544332871695 0.457268185639835 -0.652602893705407 -0.831049643262796 -0.891656994907049 -1.38988082853695 0.184454878834711 0.565373732576816 -0.638282214163744 -0.863420982788878 -0.618939235513423 0.631266917552466
"151" -0.115967671754648 3.75523485943767 1.29755344100594 -0.855414489755704 -0.743726415066881 0.298996703105612 -0.57966812195322 -0.691714005343071 -0.985720050437676 -0.920297137910889 0.17987817788169 0.569126566992765 -0.701718698979295 -0.737110501283306 -0.657944916405476 0.579235111363801
"152" -0.253102637566052 3.34440558682364 1.09272300151147 -0.742499332263218 -0.864723359657025 0.194244986077791 -0.493829164918179 -0.545722671551895 -1.07266265701758 -0.491226941090251 0.174821521680772 0.55947246350982 -0.758686961982646 -0.625475549700193 -0.673921596039364 0.520895878224167
"153" -0.379635167986614 2.89241677419861 0.881847094668171 -0.619871059685323 -0.972644172209569 0.152487014597637 -0.402007067042201 -0.403473561953927 -1.14574114760736 -0.12719843557208 0.16974534847378 0.53718094297551 -0.804504160590292 -0.534995345892906 -0.664188905211738 0.459060983110845
"154" -0.48818111524494 2.41135848992501 0.680975754749484 -0.494528359316147 -1.05964237007225 0.176186405421795 -0.310297548051119 -0.273356827917516 -1.1981419079693 0.154264258638116 0.164792495285365 0.503383002167922 -0.834452375138295 -0.469038633574056 -0.628210755288272 0.396111277212896
"155" -0.57210666938797 1.91511005232944 0.501523368302227 -0.372549589933348 -1.11844572624992 0.26047136037413 -0.223662534346688 -0.161320644556087 -1.22354002433661 0.343788368795574 0.159864301214257 0.459654598606335 -0.844216680166917 -0.427936270567641 -0.567947023705116 0.33399438563842
"156" -0.625985755730146 1.4191094458019 0.350027260185687 -0.258922319007432 -1.14292634565735 0.393676073979202 -0.145776967509035 -0.0707432876865308 -1.21670376726068 0.440459623529826 0.154720712686241 0.408065178278392 -0.83035430823433 -0.409376246694187 -0.487879379623372 0.274272696975828
"157" -0.646051827640892 0.939776714773868 0.228499900249876 -0.157474560972023 -1.1286819166279 0.558719162493642 -0.0790138004103245 -0.00257937456349033 -1.17409773743866 0.451272439664635 0.149081786918411 0.35115358192752 -0.790751572840804 -0.409029625811785 -0.394663051114748 0.218191320362678
"158" -0.630610094546154 0.49359623951115 0.135250075889527 -0.0708743883097274 -1.07358258271037 0.735174668127089 -0.0245402284109 0.0442745486414236 -1.09442378526986 0.389807154199145 0.142711776724831 0.291811519065917 -0.725016701532248 -0.421302524486154 -0.296420244442274 0.166740601626714
"159" -0.580359996541029 0.0959334539902204 0.0660103014634359 -0.000671677156493189 -0.978221837444068 0.901784799012042 0.0175070136676485 0.0724651256601359 -0.979029529548233 0.274311746909814 0.135473705358642 0.233077670238572 -0.634751124417357 -0.440111393408742 -0.201758960279285 0.120696863597828
"160" -0.498564783400365 -0.240271722464723 0.0151878915452031 0.0526333513446957 -0.846197148584703 1.03908390395001 0.0478004609595963 0.0855953504786289 -0.832111666126698 0.125436949753059 0.127350370000415 0.177868328279743 -0.52364227777969 -0.459593434551045 -0.118660175955675 0.0806357372790387
"161" -0.391001775423079 -0.505744127812032 -0.0229426360747027 0.089499033177054 -0.684140899938623 1.13176715348393 0.0675854765382198 0.0876421579002944 -0.660647718719212 -0.0360891913678918 0.118435314972176 0.12868827105963 -0.397331194163486 -0.474686533734058 -0.0534139823415742 0.0469222998678447
"162" -0.265639282902533 -0.695837458901181 -0.0532666536269346 0.111224718888009 -0.501430565448337 1.17045727979777 0.0784539845667531 0.0824457784788013 -0.474008532611121 -0.19156542901304 0.108902989900158 0.0873741848065634 -0.263030541648045 -0.481538889277085 -0.00979105935626734 0.0196892521535688
"163" -0.132017748260908 -0.811037549547277 -0.0791944845751313 0.119799898164496 -0.309535254700266 1.15260272112636 0.082146874603624 0.0733218332510095 -0.28323778046288 -0.325963533794124 0.0989700597411352 0.0549201394593126 -0.128903258126828 -0.47773346108943 0.0113953568229235 -0.00118259842321322
"164" -0.000362341153471002 -0.856881614671011 -0.102423003076758 0.117715966009451 -0.121007802246595 1.08237386083098 0.0803959793522395 0.0628252366296937 -0.100035020929849 -0.428958448636825 0.0888593609946353 0.0314204494848127 -0.00325482060403459 -0.462333565831599 0.0122481727169372 -0.016068399647196
"165" 0.119485333607112 -0.843265099066793 -0.123082184818081 0.10774445965454 0.0517957095313768 0.969591555660755 0.0748093257145115 0.0526703358302942 0.064458971291526 -0.495281425645652 0.0787747536985561 0.0161424190583546 0.106364043786039 -0.435771976310557 -0.00273200234600068 -0.0255792167767481
"166" 0.219171293505819 -0.783217977167514 -0.140186094995752 0.0926960631214513 0.198107384901294 0.827893354467361 0.0667974726201899 0.043788030158586 0.20091400067921 -0.524433941827684 0.0688902146178023 0.0077149311587732 0.194013388850257 -0.399616635504 -0.0275427699330706 -0.0305156940816573
"167" 0.29278732067492 -0.691334264483073 -0.152254277941244 0.0751843391032399 0.310025276940048 0.672480896254916 0.0575348108200409 0.0364818826503424 0.302896363887445 -0.519884023696027 0.059351461918677 0.00439489608862687 0.256035357318676 -0.356252321864303 -0.055772944779271 -0.0317998438163158
"168" 0.337502842789705 -0.582107068792995 -0.157944775245937 0.0574234254329546 0.383433701557095 0.517862521043351 0.0479479117904731 0.0306348777419032 0.367583610568876 -0.487923309490672 0.0502846912375112 0.00435833885777015 0.291415038701801 -0.308520302199255 -0.0816705529131312 -0.0303945803282915
"169" 0.353738354123807 -0.468437472590901 -0.156551904454362 0.0410872350927978 0.418366307097766 0.375986942799795 0.0387231048255763 0.0259183203056752 0.395953750102759 -0.436386647778072 0.0418056626632897 0.00596050077850663 0.301755454595817 -0.259357834653792 -0.100975013105163 -0.0272232421423695
"170" 0.349728063442646 -0.390868605465365 -0.151341143356669 0.0309783827942525 0.421823851018231 0.287768454892469 0.0326650303576805 0.0230554202016995 0.396354516657192 -0.392465142958313 0.0362100394013258 0.00737082713099824 0.295932820111249 -0.225134376069645 -0.109318088033763 -0.024356552942109
