"V1" "V2" "V3" "V4" "V5" "V6" "V7" "V8" "V9" "V10" "V11" "V12" "V13" "V14" "V15" "V16"
"1" -0.854329734645991 -0.235509715830759 -0.00960665975265221 7.96620401329497 10.5422843654507 -1.39012135475959 -0.102612430868698 -7.88233872629656 -1.57252044914139 1.4553522807752 -0.0477720099671005 1.46819978605861 -8.8600589016682 -1.14360926585318 0.591056228921278 0.773458516077472
"2" -1.91153006033351 -0.574843918707354 0.0611334978476304 14.1423381227867 5.88452046217253 -2.80784961415489 -0.145453212030937 -13.8742051485646 10.3566566152515 3.07192454814395 -0.123402145806978 2.53476639145726 -15.2889163472397 -2.10760275713908 0.894069385172307 1.29899314880807
"3" -0.894327185429206 -0.260025219554539 -0.0677393474907411 10.2759693379713 18.9092384174375 -1.62125424333567 -0.145220875968525 -10.2139757600366 -7.36137543831209 1.6483641751118 -0.0433079567260934 1.97897851044751 -11.6442145701885 -1.46546939633548 0.818984708925753 0.954185527014324
"4" -0.330531794733316 -0.150769819416278 -0.126009813231264 6.81010382930532 20.0763512259097 -0.866670908708924 -0.11204166022258 -6.83310524233448 -12.3802518253219 0.824365044132639 -0.00339804227439833 1.45762697076119 -8.00200987160976 -0.964983494447554 0.613004016317218 0.536334569322513
"5" -0.284250453479339 -0.302057093311006 -0.130547610248258 4.20248353345159 8.361326201376 -0.498544216409921 -0.0454435820348612 -4.1557505730537 -3.17418672000846 0.568468561393545 -0.00451143816751459 1.068563418094 -4.80183277076371 -0.640001950580911 0.278952351555017 0.0589879599267675
"6" -0.188646063016551 -0.426756166104342 -0.181462306460542 2.34398349719811 2.41016290109456 0.122025673716916 -0.00212066456967711 -2.24353900972675 0.771237203017471 -0.013525322566431 0.0127725729978084 0.811936322484378 -2.51534811870466 -0.292007451659606 0.050444616765532 -0.263571601291005
"7" -0.103495236549335 -0.52626839008603 -0.252119552974375 1.02586890274502 -0.535768498753672 0.928411059670649 0.0258075022691755 -0.872242181981679 2.02188965800978 -0.834686314341749 0.0401680134435319 0.615145049239135 -0.830706553458192 0.089344253842599 -0.110483344082684 -0.441635599894148
"8" -0.0887151278551759 -0.616627511455295 -0.320120443553319 0.216993068588394 -2.80844211702225 1.75544170531858 0.0445727090070736 0.000424886917535616 3.01155472442086 -1.69551409045172 0.0668294374710093 0.470070081543369 0.335609335098589 0.454186604135381 -0.228988183664583 -0.510815410217063
"9" -0.112126351431202 -0.685070366095327 -0.375958369332496 -0.273071699453016 -4.56029684652927 2.48762364407727 0.0561454268943312 0.550488644196999 3.78475958457408 -2.46558422081465 0.0886418781244869 0.358123503697808 1.15370038780905 0.776301861815862 -0.314191493659461 -0.516466734432576
"10" -0.135796266026774 -0.720437491038934 -0.410081642850372 -0.643215692416529 -5.74869787914866 3.00317828025634 0.0623004251561605 0.960420597231415 4.17713991634914 -3.00553168862005 0.101705423752708 0.259614478148592 1.79619028464182 1.02990357268963 -0.374257051144269 -0.502202553428795
"11" -0.129544492486509 -0.71573085090486 -0.414929625354184 -1.05318390195409 -6.33533288582269 3.20642153702028 0.0645652365621413 1.37712107130689 4.0507706670718 -3.20475380475068 0.103016173939983 0.158652912366684 2.4026842211808 1.19503697038148 -0.416038361529298 -0.502625927302411
"12" -0.0783025119822298 -0.667718301735434 -0.387971562449246 -1.58804455085852 -6.34604964280534 3.06498337364466 0.0638598152111671 1.88024112094632 3.37459350278332 -3.02607991703909 0.0916347972397768 0.0471279391936541 3.0517324591567 1.26493243935254 -0.443663551946038 -0.537059630611047
"13" 0.0154043878525556 -0.576673004658459 -0.332843154780438 -2.24587675063623 -5.894424689833 2.62346101600277 0.0603761284108772 2.47126047858161 2.25507180573841 -2.52221327038742 0.0691204512860114 -0.0739024447607726 3.75111162681881 1.24870117045659 -0.458072873634346 -0.607419543403488
"14" 0.136063213385281 -0.483424915066954 -0.252113383582354 -2.89223583037863 -5.11138036650453 1.96268405052968 0.0543837969337428 3.03052505957044 0.898160706996123 -1.76731460571454 0.0382088885013069 -0.192462985872023 4.38210672256979 1.1589581833396 -0.45553923410101 -0.681414498267955
"15" 0.282525445620403 -2.1557573436352 0.114620108011502 -0.344030316256113 -1.92330443333391 0.17328463949453 0.0739979993441539 0.604009479768674 -0.656329861904005 1.26725840186177 -0.0308243705780376 -0.112061593110727 1.4984413118301 0.616739388315404 -0.324717316141559 0.22783557553382
"16" 0.4270346955172 -4.7884348040358 0.634012383849039 4.05909359220436 2.46196500914905 -2.16345594413763 0.10577618823143 -3.55678737726602 -2.11443259859485 5.45940406404865 -0.118742579790237 0.0905392745727127 -3.4045057067636 -0.168638136312853 -0.114718064192946 1.69014322466635
"17" 0.468333911508337 -0.496036183290024 0.0890896982973404 -3.462484554775 -2.22047369405996 -0.356406389936634 0.0217762741384067 3.36725480596244 -2.45112352388458 1.00706078083995 -0.0714027522885983 -0.412381153988601 4.76286970740821 0.631231371794214 -0.315290958940352 -0.624249228639378
"18" 0.519692081209953 0.263967512129721 0.079742110840763 -4.57856560352057 -2.56896169812734 -0.490122150856476 -0.00787963903184812 4.33282943629533 -2.80511590751119 0.74910510261378 -0.0880694944428902 -0.516801916993316 5.96235465535968 0.626188488361781 -0.280507712538005 -0.96213948506216
"19" 0.547757854696622 0.434562991975242 0.151812791366181 -4.46598294489499 -2.38403142889791 -0.831346605207841 -0.0301456204414265 4.15658453456319 -2.84711967593313 1.04876658756656 -0.111390739991213 -0.535478617788055 5.85399323141136 0.497366605340341 -0.196586823084147 -0.944772981190255
"20" 0.513772040404363 0.534501980224656 0.201903092193091 -4.08497887954486 -2.33342186558027 -0.970014865621442 -0.0446237590312468 3.75232691600286 -2.19671453694814 1.12393988752949 -0.117586553599348 -0.537589840823486 5.09021769820643 0.370861853794429 -0.113225802891687 -0.834538924379409
"21" 0.47220354808568 0.7969508273737 0.384631697128444 -11.1289030867708 -7.73036912204349 -0.748953549695867 0.0720764593261492 10.6544505600426 7.8978142422233 0.66158409530443 -0.00785556065930082 -2.17057371500092 -0.443498669887809 0.739865417905363 -0.4333720316831 -0.754544037568424
"22" 0.80157655723423 1.56599360210625 0.787599659530242 -21.7492815055198 -15.8599203892254 -1.32562778097961 0.151509998360767 20.8422655635515 18.0348676178195 1.05369169895129 0.0116851897513769 -4.38766873344726 -2.97569943358073 1.37352180845938 -0.805976168264472 -1.24317959856994
"23" 0.435508856295402 0.835932946589351 0.422923980992746 -4.40300480639236 -5.0276058459832 -1.39898132317766 -0.0806167178418823 3.95437864054197 2.17842736098504 1.40356829579641 -0.155875345682325 -0.845453767976871 3.25052136102634 0.238776800138431 0.0852170795203484 -0.65506413545517
"24" 0.202601452532156 0.53959982352257 0.392942080710113 -1.79133933736575 -5.44259560891483 -1.62351518153806 -0.0936816031114149 1.46134291343292 2.58000146247657 1.71453251554917 -0.195959309948838 -0.378811166781659 3.56139320640956 0.146978394576456 0.240450364439099 -0.56152456694624
"25" -0.030643629721065 -0.0157178299848484 0.341099306538508 -1.32162266493835 -7.08335918065515 -2.08618135900675 -0.0287894513473879 1.12555274899465 4.69814743180413 2.41786394247968 -0.198559047627243 -0.312869076992424 3.28843910350905 0.31802834342526 0.148850311906794 -0.563809368751407
"26" 0.355511051090314 -3.00943936152925 -0.257904489375937 -2.78645589072868 4.21302455403101 -3.92185087094832 0.447447771373617 2.96768599018046 -7.2055150679982 6.10715366140379 0.176434037110326 -0.160950369010946 2.75268360430645 1.10051542969019 -1.65348154499652 -0.13884728377008
"27" 1.01697225715457 -2.11826933952727 -0.0283212373083028 -3.51548333895163 20.6962406694798 -2.45547302066027 0.246607270413712 3.29302099551589 -23.9421234095103 3.90494654423682 0.121295106676138 -0.528039029028322 0.284556336291143 1.96973281172806 -0.801911770967739 -0.00844011885988483
"28" 0.839189826634813 -0.686728110923952 0.492350738570733 -3.02930451717676 19.159302699734 -2.00308004548217 -0.0656256474997365 2.50466486411042 -22.6411349052693 2.37878102544912 -0.235405263325199 -0.990928956518355 0.0277548111216177 2.66881484880619 0.813861762488877 -0.454154386289012
"29" -0.821491110276471 -0.894256827038317 0.129319657562371 0.77643816770756 -13.2905787069584 -2.22568724019484 0.0643039768213916 -0.473315534287877 12.8730243893533 2.59854559570993 -0.267392692323278 -0.308703131064402 1.76133248993642 0.930906688316313 0.508742763850155 -0.5887260663239
"30" -1.03609908730326 -1.03682271585007 0.0089761976235182 1.4569425541307 -16.6032126880799 -2.08975525138029 0.0987090862250378 -0.973262594043064 16.8211562669015 2.45023788182488 -0.241695360218175 -0.244961819385146 1.53473423095576 0.848353962355996 0.47592135942913 -0.561542861125005
"31" -0.791304777275701 -1.330139269355 0.157765745126303 1.90289015616699 -14.9497547440236 -2.13497633351517 0.0674578028084034 -1.42619099621191 15.7574369393775 2.67983580206498 -0.235113643628641 -0.328226621225912 0.634442994160665 0.426290820893693 0.759851122521102 -0.448561427456035
"32" 1.9288497945598 -3.08457434903811 2.27493173352855 3.20521294433484 4.66678963560378 -3.99549285953048 -0.391515174802734 -3.66998581325323 -1.33230500834662 6.41875874242523 -0.526988548436406 -1.1982373730917 -4.67100735154058 -4.09423413625134 3.61822611010365 0.366326286760625
"33" 1.08695691807178 -1.30794534689465 1.09971588707026 1.26897687058415 4.76067278146819 -1.61587143942396 -0.205822615726873 -1.58059321142063 -3.24844099471529 2.72145678808305 -0.213450214821508 -0.528024626838079 -2.41041428359471 -2.08550884911351 1.64578017204492 0.247953189563676
"34" -0.440245224993629 -0.665680122104996 -0.0866605280716255 1.10018636642176 -7.78296411356815 -0.550964016020221 0.0493615312340745 -0.797900202975647 8.36613417905369 0.65800841456331 0.081507447276985 0.0516225444385228 0.116366323247625 0.550077606827222 -0.0681113227229453 -0.297407345338854
"35" -0.68070000297338 -1.02697231692697 -0.161539759044759 1.66918834566808 -12.2299589887444 -0.66742921644775 0.0693318960786871 -1.22697591578676 13.1000333626131 0.761752248622986 0.241319404287145 0.230071437148215 0.230107475340176 1.02357717294341 -0.381228626478107 -0.544950177862937
"36" -0.490098575733883 -0.936355542118615 -0.0984834940140207 1.36874869732333 -10.3133775517784 -0.34180645845528 0.0269620326792182 -1.08283060959326 11.0357901706061 0.362182795505463 0.405685440282234 0.444653042438929 0.186641839879996 1.04228019391337 -0.737122194000515 -0.612043182563596
"37" -0.245559596329327 -0.79389843400369 -0.0112693875047346 0.908902871467973 -7.8717187151791 -0.00407601126221246 -0.0244950606157727 -0.815471143645425 8.34819828974906 -0.0531007994189491 0.564633685058402 0.645086040857485 0.20268648096129 1.00767222163299 -1.08418720820435 -0.669463342467651
"38" -0.0192860127606096 -0.545835714561491 0.0459521801303978 0.39275894510407 -4.82176752604978 0.204409016252121 -0.0538143548206282 -0.435170774223536 5.0247412561646 -0.299665498626329 0.554405534470662 0.624154539801086 0.197026130665634 0.775969758585664 -1.07553634991407 -0.578559689334519
"39" 0.682507816622367 -0.00617951129674488 -0.381198546492979 0.842079661892946 1.74470922980644 0.320379131216858 0.0362106545600112 -0.419158718318237 -1.26732314913742 -0.38928852348732 0.0648873071146189 -0.161633894715149 -1.22547612538756 -0.191003473633811 0.485430873328971 -0.21548452184819
"40" 4.64367531857258 0.624630406354463 -2.62452689481952 4.99895994497264 17.2871093507055 1.88865813536949 0.309563024984709 -2.08192479592684 -14.3887621349165 -2.23441144785474 -0.25250947011021 -1.94866187794548 -8.37652775243139 -2.26534906507065 4.63158269958496 -0.717236386298868
"41" 2.22492237232007 0.0789348767590381 -0.814405876313539 0.193384138130938 4.51041582608479 1.16499056129994 0.00258175414026945 0.682141364985185 -4.13446687074941 -1.44988238445922 0.415904847233712 -0.645248986691463 -2.16214633821114 -0.585613164419334 0.832300938181308 -0.571532852213522
"42" 1.23039631499658 -0.0465738263616196 -0.10447349126408 -2.36715177850906 -0.977206087546172 0.696722691520324 -0.0953151724870417 2.48341173585595 0.0946044372226709 -0.910403217111886 0.487628044444126 -0.552414827174161 0.714893773304425 -0.140691763874074 -0.292278765863281 -0.283493163817099
"43" 1.4986147980321 0.0530684351970176 -0.249794351425226 -2.91158791092305 -0.830160527204221 0.612923239158819 -0.0598627930977545 3.2378894643992 -0.151199321654587 -0.795705080696068 0.29023526780525 -1.17776024062213 0.607313792162302 -0.459705682115473 0.33210454400347 0.0201815861553314
"44" 1.71113187570841 -0.267603369187995 -0.715849769358253 9.79722918639987 8.96065688978082 1.01073018972398 -0.104042778977702 -8.60519021742601 -1.43203415210215 -0.985218426919808 0.109939425090299 -0.740682383785519 -15.0889882286583 0.479424977852766 1.15397411960425 4.05193042852419
"45" 0.407554241484791 -0.676170148674252 -0.88919103288452 23.7715648777409 18.6841227856324 1.24730118086393 -0.162513141188264 -22.0864584475964 -2.44263472476025 -0.986549751895443 0.0238290416689643 0.783398051230758 -29.6786953633483 1.86141420679301 1.14986351413792 7.6072259996129
"46" -21.2870338181702 0.384914211091913 0.0513506233667536 5.20397158854917 11.3283644596835 0.532282543859174 0.0182517479740501 -4.42635213317645 -7.01280582816366 -0.599816213286212 -0.0914223933783463 -0.427886157326164 15.2469360133456 -0.384082089295881 0.0236917109885793 1.7767960682298
"47" -35.2072760895261 0.932725957126812 -0.0597372730683843 1.76286810807163 16.5686719822694 0.756029557234331 0.100724161076638 -0.522748361513834 -13.2357997013208 -0.930512877679904 -0.326479552783127 -2.07651104175457 31.9847867757223 -1.55453634340282 0.72405983821419 2.00524952891583
"48" -0.343084104813173 0.432165635018062 -0.561237053045584 -7.33252312898423 1.97401705684044 0.079061354131329 0.106881224777104 7.61479732233821 -5.14531208218037 -0.112329554602727 -0.39652541302203 -2.48804761443596 5.7378906692982 -1.35208706743711 1.7519805493193 0.382211439162006
"49" 2.79460994952828 0.363687154836068 -0.534222741944456 -8.29861289860463 1.52764195043986 -0.0415155798942175 0.105848627349661 8.15170415892563 -5.51969120132912 0.0499191595269628 -0.407122594568611 -1.98140375649318 3.54358872263245 -1.21030071949454 1.60745397609009 0.125491932147881
"50" 2.76952056748014 0.304432172961395 -0.345422723390562 -7.7915260574498 2.88469174105199 -0.0203807121112147 0.068805557236368 7.10692176140797 -6.87450408025461 0.0418586255448368 -0.295829046222629 -0.915686239705309 3.27513318506681 -0.903484117055502 0.980242065280953 -0.0981595974314047
"51" 1.38832732511225 0.261925879218799 0.487799246848453 -4.54268813226924 7.46458684191853 0.552813307681784 -0.160875039971857 2.97019248174915 -10.4204252163144 -0.694649087964786 0.553524182465721 1.54565046459347 2.44520629078609 0.321654582921388 -1.81257607424085 -0.783940832197302
"52" 0.231762372871483 0.0591102627884715 0.319124663260234 -0.685087287564137 3.25345105833376 0.286583518005323 -0.0980918541459368 -0.0493842130269631 -3.93337270869925 -0.357326694371139 0.334572009343707 1.10777309210507 0.454316470383462 0.342453095435761 -1.11727577235774 -0.389898139375877
"53" 1.45225553331226 -0.249166691697715 0.220086237144061 0.858206026744014 2.40955107707391 0.0341576281718021 -0.0738860159682937 -2.67774624048692 -2.41970986884998 0.0740369271636747 0.00534528262016332 3.32667817097236 -2.03649187106075 0.25624292618871 -0.643908296167521 -0.447286650583905
"54" 2.2993377932698 -0.634396738384694 0.542413597508759 4.66458092939935 3.79842759022729 0.117211314562647 -0.18452406759358 -8.25700679180967 -2.27787746671547 0.102452618675273 0.0884221241291689 7.34535019314268 -5.80401407151308 0.745336265870712 -1.52650781773998 -0.851942214062802
"55" 2.19898384347057 -0.818393601642864 0.698871081360604 7.42311886090316 3.67396170950036 0.179295493551086 -0.239817847266642 -11.5017150898818 -0.843982524857495 0.0710236980031491 0.165335457091813 8.89571661434708 -7.8625834331921 1.02078888191963 -1.93488370974349 -0.947013201685053
"56" 2.34751037055918 -0.637824153582031 0.544878247372718 4.62783943829648 3.86896906723607 0.116811796664122 -0.185411797864753 -8.26428481841472 -2.37770149062655 0.105533332821535 0.0862935585846838 7.41066498025239 -5.82135537933411 0.745721182126719 -1.53474542595437 -0.862568875295779
"57" 2.1110343449995 -0.297214449075877 0.248085634217794 0.359916492966804 3.33939967192275 0.0210613303382932 -0.0841708869166179 -2.76913010924989 -3.74401909016868 0.125751772291414 -0.031768675614352 4.19858829706153 -2.27900312972866 0.254154138622889 -0.730987732813158 -0.587125016743101
"58" 0.657977309834581 -0.0303948915171177 0.0160031266252071 -0.683773575932427 0.923651139196156 -0.00791885789647839 -0.00780905094476679 0.149172572333534 -1.39555433641234 0.0407630890722825 -0.0377331472295418 0.728536228449792 -0.101302161092889 -0.0286356838120185 -0.0534337831056744 -0.126272414719892
"59" 1.8857683158678 0.146444150551168 -0.205246596527045 -4.76859310387761 1.94483606683578 -0.0620638977993582 0.0460823228792542 4.11877491510772 -4.45338695656427 0.104172985658453 -0.221022998483409 -0.168583905339531 1.82847601780819 -0.529536891923641 0.586601712542797 -0.107434677669332
"60" 2.84569060808968 0.294354132525495 -0.415137312148307 -7.87376454396133 2.37741190527906 -0.0815074491719772 0.0894915256687435 7.26602941334113 -6.35670202511724 0.121854177522877 -0.374415811445122 -1.07660818894846 3.23459645019634 -0.992462437792344 1.22017657593054 -0.0347913186778754
"61" 2.8064971112891 0.363457496085262 -0.534698087548029 -8.30168337929101 1.52031102091148 -0.0420056796570862 0.105939938456706 8.15482531772288 -5.51429695390215 0.0505395419388617 -0.407488795979064 -1.98221592859964 3.53447025956342 -1.21061238727317 1.60886171785285 0.125244138650558
"62" 2.6607151465387 0.382275293135146 -0.598320696797262 -7.97576846435787 0.639976700294781 0.0248410969813575 0.105197641230449 8.18716379713183 -4.30010578756651 -0.0473244235462829 -0.394232377024069 -2.50462215557656 3.36907028779535 -1.31789402757599 1.82129145690709 0.241399714872486
"63" 1.99884290077771 0.29514173198087 -0.489808239992698 -5.891933372535 -0.00186823059736696 0.0765638317934498 0.0753217630381571 6.22590140163841 -2.59541771621289 -0.114556935430116 -0.280936154609937 -2.14739982882388 2.42072073561626 -1.06467169473578 1.49157757821536 0.236609140803083
"64" 1.33475291864572 0.183369492512687 -0.340462280821409 -3.65890465807581 -0.456577052314884 0.149969177663639 0.0346146523028008 4.00313762834737 -1.04937485249549 -0.205589460096989 -0.126534702790151 -1.5449536118477 1.38625691956381 -0.731819459781569 1.00306266884324 0.172541999896474
"65" 1.9530665208886 0.238678614256267 -0.48309000395155 -5.03358314787927 -1.00431525766987 0.343377734844272 0.0262876162867074 5.5912492450191 -0.977704069353848 -0.460885593299477 -0.0848560826941928 -2.22998199738652 1.78677145159232 -1.03326497588988 1.35027422000335 0.220463252777392
"66" 1.77581072014239 0.164410968319149 -0.38605946341624 -4.22688357520228 -1.12690316327167 0.47914527319783 -0.0133616207625883 4.70782502916921 -0.474225086897775 -0.633888631277876 0.0862277207644703 -1.82656052953074 1.39545420002536 -0.818764999780512 0.929928997203878 0.100792591152967
"67" 1.49821829665849 0.0649893466263993 -0.236663593133008 -3.26476748650029 -1.03648783827469 0.602679659072666 -0.0588471287385542 3.56466803377199 -0.179416376539479 -0.79079442393938 0.293923385021088 -1.19078890753441 1.02554120927714 -0.486674402394843 0.310611445690038 -0.0833835640632259
"68" 1.15102003899848 0.0579994075425327 0.292198603261797 -2.87004283901066 2.78902928873066 0.964091592525898 -0.20076572409952 2.27578934834855 -4.31583922129978 -1.25180121561671 0.844702069005151 0.526648367392767 1.34183941238427 0.277836311150192 -1.57921433950919 -0.665145934425595
"69" 0.676280579209011 0.254514135908582 1.56885442459285 -3.52536530513007 14.081124316082 1.81954057608104 -0.537874051325443 0.660552295882979 -17.2323687102002 -2.34364440759283 2.07084655974848 4.33005376011801 2.92515210798024 1.85398716395979 -5.93404505562633 -2.00557769153618
"70" 0.570729972852076 -0.239471757382597 0.399271114643196 -1.28180449563133 0.821735515942535 0.883372440517759 -0.208415463257818 0.566454756696913 -1.6823948714767 -1.15583430057934 1.02382384576869 1.31266848459179 0.90676475167912 0.847617688439572 -2.24258834431064 -0.910477545418964
"71" 0.317193349437176 -0.476061075725731 0.12247286229309 -0.266662306612346 -3.48053354229516 0.534720830681713 -0.113557652311701 0.0739298363057515 3.36479096940687 -0.718458846660388 0.77187546531613 0.749816059063406 0.36674701195895 0.779106848892392 -1.45183402444005 -0.702426499918474
"72" 0.0276788665372525 -0.638352033886631 0.071931630614182 0.35414130325718 -5.51473024802085 0.2990477904502 -0.0749135035784945 -0.435828399432658 5.69989192003735 -0.427432100560629 0.698640298420287 0.771963631242244 0.270786763079656 0.928765661775328 -1.35460679385798 -0.71017283771647
"73" -0.244742945636776 -0.795467143038718 -0.0108812607061078 0.908456805704269 -7.8833219956004 -0.00248579636817636 -0.0248392090766979 -0.815626508863552 8.35960340027118 -0.055245708669353 0.567045986856421 0.647561322694912 0.203759395960176 1.01023252710661 -1.08880046715876 -0.671693357629863
"74" -0.490150489561442 -0.936421714376257 -0.0984949976955558 1.36886055163963 -10.3142350905504 -0.341871722528574 0.0269683748643184 -1.08290794498271 11.0367027305415 0.362259095239012 0.405688588988601 0.444652414371191 0.186666540589854 1.04233886617759 -0.737121284996033 -0.612072463077183
"75" -0.700038192352078 -1.05091041147142 -0.165823075213548 1.71023448985444 -12.5425936948477 -0.691808824918353 0.0717359104524843 -1.2552794332894 13.4327075891448 0.790292172190861 0.241960604989806 0.229418352781053 0.23929152001044 1.04469030425557 -0.380027673903804 -0.555319455626169
"76" -0.867652262412373 -1.13131416330392 -0.198275299334671 1.91920702086033 -14.385823415412 -1.03223270859764 0.104052210964643 -1.34572954127831 15.3450667977094 1.2034624985516 0.0940007566802425 0.0441496106090895 0.369766982909752 1.0297059026399 -0.0695167393660439 -0.516131922654843
"77" -0.988040830665112 -1.17264279552757 -0.191678138803973 1.99287286821546 -15.7427049746881 -1.3500526826993 0.121859528278317 -1.36153521402914 16.6654292749212 1.58542955307633 -0.029189341621092 -0.0927505118892888 0.575671285039732 1.00283544655925 0.17043821192829 -0.500022675556515
"78" -1.05780601374103 -1.1718148714116 -0.149504232743192 1.93501008522885 -16.5705046521356 -1.63668505332932 0.125585789678997 -1.30506858476077 17.3526365497628 1.92572026319173 -0.125100485261215 -0.180035451931865 0.847845436664684 0.964969373197922 0.335600162198564 -0.505931181498234
"79" -1.07479528885792 -1.1267978426438 -0.0797164994354731 1.75313721912717 -16.8607245086076 -1.88530202992416 0.117122581949884 -1.17582218817171 17.4047195004737 2.21617869844405 -0.194919816923722 -0.226263340900161 1.17351637467522 0.914742563074003 0.432877143536789 -0.528899632630257
"80" -1.03788886066575 -1.03587354173454 0.00776601407767542 1.45729726411471 -16.6217143077673 -2.08861511570213 0.0989758142846852 -0.972927345280041 16.8392942531062 2.44809450693342 -0.241509308286267 -0.244253114540413 1.5378572545588 0.850018917798367 0.474256014600706 -0.561944929166614
"81" -0.946867532582425 -0.897063536950864 0.102761357697911 1.06009096401031 -15.8678945535429 -2.23709358566162 0.0736640861418893 -0.697540292011944 15.6818769995975 2.60989549970548 -0.268162603895816 -0.247541353820893 1.92426699085367 0.768691511048517 0.473237434364753 -0.597125152802512
"82" -0.802400070115292 -0.707724641939215 0.195779520541249 0.577339448393218 -14.6143251674423 -2.31750905046521 0.043347548521527 -0.354770831721815 13.9602822641581 2.68525213321438 -0.277936620062406 -0.248375792384479 2.31406533541669 0.669159103728249 0.443047720250591 -0.626076481316787
"83" -0.606090744676648 -0.464180128305322 0.278397982934968 0.0289646233813485 -12.8740537945999 -2.31139558688358 0.00962801019240331 0.0448963347875733 11.7021838711771 2.65106160952121 -0.273315297859999 -0.256698595076863 2.68586113430577 0.550701686362969 0.395898209460731 -0.64021712091148
"84" -0.35995162884287 -0.160424419608294 0.343261337682541 -0.558309079811288 -10.6486785669411 -2.19176385026613 -0.0266400840304146 0.482614737458654 8.92727007837942 2.47314505312637 -0.25591664042948 -0.279704825290601 3.01185836968399 0.413308251419803 0.342962929765057 -0.629766142184366
"85" -0.0528937258184383 0.232488933461816 0.386519592121855 -1.10932119496188 -7.81512641744525 -1.89664330739573 -0.0681795537336163 0.885275594794948 5.56618971738732 2.0689420057141 -0.224750405516989 -0.321003025209819 3.19336088610707 0.244171331173067 0.300523860699282 -0.565319119033326
"86" 0.333986023630892 0.782142505159433 0.419916526183042 -1.33467613222535 -4.13415600422403 -1.31869556925914 -0.125824675114087 0.955730494220639 1.61385394974981 1.28630308468232 -0.175524682759353 -0.372774523825814 2.8806363515576 -0.0134206332135145 0.30674416155598 -0.351092799922206
"87" 0.45032207269188 0.978027762033532 0.432240411444453 -1.28123202963744 -2.88036158828511 -1.08907559508567 -0.147312464448605 0.85371169513553 0.377397090759771 0.973907086738862 -0.157316802782881 -0.385709246239067 2.64524926115507 -0.11469328363096 0.322878676066854 -0.244865441165743
"88" 0.747278518851498 1.51730248815396 0.483093402558877 -0.737293334372595 0.395282094194165 -0.424582895114072 -0.211475584870989 0.176101850253353 -2.50835966403102 0.0637882993151569 -0.103911529164872 -0.384448146541128 1.58452851293795 -0.434700844733568 0.39310590833396 0.136019725000246
"89" 0.947787161409005 1.87075798410037 0.545408922112542 0.0034515420307244 2.60023890996747 0.0226329270859473 -0.258892682777824 -0.668804718776492 -4.10773551974977 -0.550741581787461 -0.0620036014302241 -0.348230342636072 0.427627401058189 -0.705177651325322 0.448224583920223 0.501655891249108
"90" 1.08833094531473 2.09808205956387 0.605721020055759 0.683789091675322 4.29444432955313 0.323461498437578 -0.290025379766525 -1.4383097269392 -5.20596231689116 -0.957638295431515 -0.0257821143231725 -0.305183137775241 -0.609758476421248 -0.922368427700603 0.466314444032345 0.830382647208673
"91" 1.18435836033128 2.22782698861062 0.652368508239141 1.26295127988831 5.61122038424076 0.527686709928285 -0.304216217500633 -2.09043398279373 -5.97433295462088 -1.22337379973098 0.00650874867445317 -0.263872000565932 -1.50865783923091 -1.08325400241537 0.44778719626545 1.12290839871994
"92" 1.23715584594297 2.26878185201375 0.673237204510861 1.71692014866944 6.577093871504 0.655566598729494 -0.298629505759235 -2.59339924504356 -6.45647967341 -1.37600397393823 0.0339451604391767 -0.236172200902647 -2.25127500465641 -1.18122237176683 0.396905002957777 1.37909502509245
"93" 1.24791070046475 2.22719690800569 0.654804405625431 2.01802498351127 7.2077571911458 0.720647431560956 -0.269621973090267 -2.90989841971687 -6.68623264003404 -1.43474803969872 0.0548932125027616 -0.236402934693245 -2.81645558551978 -1.2098746430989 0.318872633606109 1.59833241749546
"94" 1.21854453332376 2.10824230636627 0.582197639514715 2.13542822424436 7.51603964391072 0.732646354456341 -0.212963086704531 -2.997990190367 -6.6960385361903 -1.41376039623226 0.0672553135157935 -0.280875192051116 -3.18098182369442 -1.16313595497462 0.219670512630178 1.77982620597967
"95" 1.15170223972154 1.91641833967677 0.440017831516062 2.03767067060586 7.51366395390906 0.698622310460238 -0.124206866605051 -2.81432549816817 -6.51751304069269 -1.32365862442885 0.0686990783660374 -0.386672955231244 -3.32152880479936 -1.03546460023095 0.105790081560752 1.92261433394341
"96" 1.05087278345894 1.65645490411238 0.214694482606547 1.69825127426568 7.21450619169402 0.624108101926211 0.000372484323157701 -2.3215526979413 -6.18186031033858 -1.17305319820042 0.0570634538625673 -0.569005000904234 -3.21900206675366 -0.823128034532001 -0.0161343987645595 2.02570701498757
"97" 0.920639279760141 1.33496973954222 -0.1004409128125 1.10693418433646 6.63992994507343 0.514365892677576 0.161842125734983 -1.50343123526654 -5.71916577924922 -0.970286496244616 0.0310596161070191 -0.835987982149508 -2.86738041311065 -0.527340141944199 -0.139792127679503 2.08847169968775
"98" 0.767163405092484 0.963415926769824 -0.495893878759755 0.29007403527509 5.82722723099551 0.37597743008412 0.355110186512606 -0.391995580165194 -5.1558105419884 -0.725706772547543 -0.00860319047469771 -1.17953798662752 -2.28964857495106 -0.160322306473629 -0.259661240859679 2.11145590073642
"99" 0.598819687949391 0.562131692807925 -0.932790118223793 -0.66038090400513 4.84061062802995 0.218727130718709 0.563958396951819 0.89374706887039 -4.50965029174085 -0.454397971897577 -0.0577114812633883 -1.56246440963933 -1.56042710625651 0.245920685549005 -0.371425046073848 2.09749003387937
"100" 0.415471569373375 0.133612663541516 -1.33752755344273 -1.46923253424622 3.84919370517438 0.0635588396033488 0.756073283553787 2.00619612551319 -3.89630234319881 -0.187205017037408 -0.104898975320103 -1.75597013955043 -0.771307649307744 0.685467844877793 -0.475695724399398 1.89559604921915
"101" -0.243122396612995 -1.55097642501374 -1.84446823920319 2.05220404501694 5.89902420364694 0.201009756695022 0.855032263623524 -1.98965598414011 -7.98349809226545 -0.324133182590088 -0.0352073734993558 4.74798479533271 2.13811933856253 3.32773685249437 -0.718744101808407 -5.1088107071509
"102" -0.952270016162982 -3.34586738714356 -2.12944663871188 6.73523828992 8.58810599775915 0.412848428563833 0.845928738295519 -7.42592126026195 -12.7141550843185 -0.569180265465361 0.075523000875548 12.5005992767367 5.00647748875663 6.13911707999962 -0.971378828079993 -13.1567937087354
"103" -0.0884722184435089 -0.897239299268679 -1.30362809647953 -0.71303659353552 2.06632569782305 -0.217193038780461 0.819348882979159 1.22384498837395 -2.20247039453191 0.329341377816731 -0.114171249350931 -0.246399455199001 0.0387837327991463 1.41586720717361 -0.729145536689034 0.314325251600522
"104" -0.0477799303195034 -0.661714017567062 -0.678922506227448 -0.483078308961559 1.12212309274138 -0.311427852166086 0.631949745357612 0.820401603590284 -0.220826153335523 0.486769703720236 -0.0916858875716926 -1.11094673362574 -1.18991826098627 0.60678554116063 -0.740195784462765 1.71705648285425
"105" -0.0751627315755243 -0.64549445907793 0.0051651189785809 0.853225413958718 1.05084345733101 -0.314311377638858 0.38339140033793 -0.906270304211318 0.561432058711759 0.511792823043903 -0.0326623287444763 -0.41776477994425 -2.04934906041146 0.212213237090687 -0.766257112147501 1.58847313804033
"106" -0.149645480602213 -0.8176736630653 -0.206829703786218 -0.234251060898558 0.243871789596184 -0.396435533925866 0.439409829113127 0.417504254493117 0.631857630901862 0.641244578020597 -0.0645910930106625 -0.615069332269055 -0.850816353370377 0.414575380757631 -0.721815448222069 1.19317287153797
"107" -1.70530001920964 -2.32681078071104 -0.975935883036434 -13.9549222145814 -6.73248299699999 -1.60469848689841 1.13327619924382 14.1248718738933 0.797443581054285 2.37995244111326 -0.240850994858194 -3.50665828106435 11.5339111454992 1.90675471905025 -1.47225094187256 -0.15460215068968
"108" -2.30940611102794 -2.0690171997396 3.9854540909422 -9.9237581263899 -6.29569130623211 -1.90880896549239 -0.305483360659282 6.37471507832386 3.43911417877993 2.8423960242535 0.201670764928544 -0.21903204871699 8.87839336227573 -0.768187651593006 -2.34697404569475 0.0423082467918618
"109" 0.0350868218583926 -0.515016095307591 2.14626905462338 2.69311346220152 1.54289155290737 -0.335668095458215 -0.437984857572082 -3.74272602330321 0.611843016075383 0.573711314104043 0.153427530135929 1.37281552691967 -2.40870603298035 -1.04796771931681 -0.796514088127094 0.475193958761317
"110" 0.375782925443293 -0.358222572654483 1.96722471953235 2.89367460283987 2.57540251094457 -0.191614016921705 -0.48473416512486 -3.51495354431783 -0.716460142172224 0.359322010501372 0.146454141324366 1.3631810229361 -2.42803289298024 -1.09588158371319 -0.595602009998959 0.114894272863822
"111" 0.12917115839026 -0.343388333227695 1.78812897034536 4.3708342395184 1.91487150103257 -0.0366445838088201 -0.509319932772822 -4.47164869030429 0.901438681812039 0.202685681299282 0.132672196494416 1.23239719411178 -3.96448262272301 -0.922419936739224 -0.473830684935249 0.411820573265032
"112" -3.58637868409207 -0.565941505601848 0.909363288302662 25.9688148666121 -8.5400473471167 1.09863507296477 -0.523605485013006 -24.2250912559837 26.7314405006464 -0.789739979289559 0.0763614754882115 2.22697864662641 -26.0947100608224 0.685587078938571 -0.13601741218233 6.43490804198191
"113" -1.61523579669684 -0.207350433099707 0.130546070615118 10.9315975682843 -4.04258873846799 0.504593939364977 -0.160304173546758 -10.0485845213741 11.7454879073813 -0.38876461276986 0.0122679480361448 0.745535677982899 -11.0859004853936 0.446909858514205 0.01491528139888 2.81853545403139
"114" 0.86801551453908 -0.0624070410587745 0.207085820945786 -3.99321394233002 3.27100261511049 -0.0527778924560312 -0.123356031429778 5.1935204976418 -6.11851354743639 0.0749074394442352 -0.00677316951704554 -1.10751534467439 3.61903315034344 -0.359203032323313 0.0157864514820737 -1.19286598655861
"115" 1.66892394543416 -0.0491083237582801 -0.0997866417520475 -9.12082815866315 5.90953311357103 -0.0918327819571951 -0.0947600690700494 11.6821338859919 -12.2414985350493 0.100706412763082 -0.0574021503882287 -2.72014612440503 8.14615085485509 -0.467199372002014 0.164558524444579 -2.36207266912415
"116" 1.95648542615228 0.0227602363029655 -0.855307160307755 -12.6674199635625 6.38980407774689 -0.0657206239297881 0.0832960309942963 16.3336935303084 -14.9418652868547 0.0380616523717836 -0.139587662378015 -4.25544543712189 11.0643755434369 -0.237022845047361 0.416132732459451 -2.80595603218094
"117" 1.52481080685955 0.0369492002842167 -1.70912714125054 -11.9264728702427 4.6236664956074 0.150233609950082 0.253527695193358 16.9414202118863 -12.3281684981294 -0.181523724216571 -0.230404525230096 -5.5234051540549 9.68440488940934 0.226576000777856 0.721628310963177 -2.05921765885025
"118" -2.49679837394811 -0.242711332602058 -2.14992134377129 11.9094297922058 -7.03329249513971 1.21696810356455 0.182943268985188 -5.90272698078948 16.3101276756059 -1.07710618838362 -0.247034736223487 -3.64100579404909 -14.2787964898393 1.63821582930681 0.896220095490328 4.46133839802126
"119" -0.880008180637446 -0.0880406372492584 -0.55107753439162 4.59346013552141 -2.40871714712925 0.387427478952061 0.0280819301178172 -2.91861332628025 5.8763778761232 -0.336752922098081 -0.0626640728615656 -0.837715625667926 -5.22919309489561 0.496781492188565 0.235755499709363 1.54478349015099
"120" 1.23940004348569 -0.00193871080024355 -0.394500887393704 -7.62546747227383 4.1894820522049 -0.0464790027234183 0.0121069078319974 9.83246988815185 -9.3797344562571 0.0368554282774637 -0.0737088164193817 -2.4887787472095 6.69169875974064 -0.207672564640048 0.217888031771983 -1.77162552725885
"121" 1.66801743676742 -0.052788369338109 -0.0685287662012359 -9.03186692451348 5.92705609105153 -0.0935175204768732 -0.102950035739006 11.5664710431447 -12.2065304584715 0.104155670926823 -0.0544405381842693 -2.67639073694872 8.0762486020373 -0.480762760141694 0.155385538648608 -2.35795724283578
"122" 1.39869976592551 -0.12589236620614 0.583843233161642 -5.8278759732472 5.3546396247639 -0.113211759257569 -0.256475618549861 7.47865920036854 -9.58566515532728 0.161093979468358 0.0124626091635989 -1.41864697326272 5.39717323301397 -0.699223797892991 -0.0495061047627967 -1.89915903191148
"123" 1.10289602196667 -0.191560967270419 1.12408869067583 -2.83264038921003 4.59087239714553 -0.129173832038218 -0.37472714677942 3.69761695995766 -6.84381340745691 0.211948258681848 0.0667411736287787 -0.348268691501985 2.82999508994158 -0.874269445030298 -0.223128430816286 -1.37271763525987
"124" 0.670102344295438 -0.17778912033642 1.0964646070917 -0.655185465789344 3.01866109787198 -0.106477843758808 -0.33208190181931 0.925574499412086 -3.7121482808453 0.187058005276468 0.0747699265285496 0.232224010679715 0.837038376697578 -0.737607303477339 -0.252811235145287 -0.734501314599292
"125" 0.098490477306995 -0.0321853472824158 0.196664025000314 -0.00781488492128712 0.465063069797224 -0.0186054894663762 -0.0571876702896013 0.0265194396903992 -0.508416307905694 0.0333705855062141 0.013823392492654 0.0691922933376921 0.047057328098397 -0.126269529300452 -0.0481662869312536 -0.0966100249107038
"126" 0.068398752209045 -0.109483760227754 0.548100055717912 0.974557593032815 0.610899518666233 -0.0583385470878244 -0.124686737038518 -1.19496799250837 0.0548736842805084 0.108818171644601 0.0407355661046346 0.406578189312354 -0.861220821363357 -0.294083117348413 -0.1822350030139 0.117421804508012
"127" 0.16821277141204 -0.372243296180136 1.71367764572158 3.25572102404101 1.81312440760936 -0.197779471682659 -0.366409434424875 -4.00032206051489 0.48336271083717 0.365983452858855 0.126221557507771 1.28411851085893 -2.95987518487551 -0.900479413101976 -0.610887115118528 0.514643315866863
"128" 0.077147520557137 -0.464503440537772 1.68875581354373 3.62681852676433 1.67726915510929 -0.244642511681859 -0.292709257783857 -4.46366107359304 1.07569733664029 0.442787954177248 0.119989931252534 1.25463299767696 -3.52545011396114 -0.838985679540589 -0.72749403981112 0.880923837662394
"129" -0.0125516776517998 -0.526339630560158 1.2775406545331 3.1368127365434 1.37083766787487 -0.272299038040242 -0.111449992487551 -3.84291012471591 1.29181513538062 0.477630084410972 0.0821069758315981 0.863889082807695 -3.3905054463727 -0.566644480812556 -0.761944877676605 1.17634361135461
"130" -0.0595596958665148 -0.559600172493979 0.708926112791072 2.14301162427759 1.1093111925345 -0.281953282595379 0.0988051505931366 -2.57815567530989 1.08178761791781 0.478551595407464 0.0319280660132876 0.315080890353244 -2.77911748398186 -0.22141903624123 -0.739141867080919 1.33538607111342
"131" -0.081156779147467 -0.284286607949055 0.217846304890369 0.672524218003613 0.127219957317074 0.0730596384699382 0.0947388991521031 -0.821320227243621 0.809228861164975 -0.0233357096132397 -0.000727307160370949 -0.046548773750926 -1.09810312330726 -0.0341313626578739 -0.27765541283641 0.668578949855579
"132" -1.15497320182671 -0.460137268750764 0.911045556825129 -0.970466630379585 -8.15023701112631 4.9742281671494 -0.0859105218341364 0.365372956687715 9.78266064132383 -5.89913612595324 -0.0620687771424447 -1.17605207846856 0.0647456786363394 -0.474055260804615 1.34228121695764 0.593721954228028
"133" -1.29393112824138 -0.814599196581312 0.267375813548764 -2.2159910240958 -8.54435518015516 5.57768748882661 0.369669330590895 1.93946373259868 10.3872433837536 -6.58334043839892 -0.152240975704684 -2.36765916227512 0.0092625261711845 -0.013619797621212 1.20078578823911 1.63662983836242
"134" 0.0538063952804828 -0.465768328153222 -1.48489037432045 -2.24335731377435 1.41858233114182 0.110580426698029 0.895913665945267 3.01512708155738 -1.45641283887585 -0.100521694660055 -0.157620114099066 -2.09413912804126 -0.124557998806722 0.968412856261533 -0.534738184521936 1.90830347405262
"135" 0.262213988517622 -0.184863044222161 -1.57766891833103 -2.15134559439388 2.75505584864738 -0.0904368579462707 0.888619162085517 2.9244138754017 -2.95449400641675 0.0745966527742106 -0.144545915739533 -2.09678918711252 -0.285222205079378 0.908453059048551 -0.557770638045198 1.97778322189513
"136" 0.1313754178919 0.625359852232666 -1.22523088183888 -0.174845866577172 1.13409199511306 -0.0542494335494499 0.670548189490302 0.480441724852142 -0.971092047238614 -0.0334807500579078 -0.113235160513983 -0.302098890413784 -0.279791451387183 -0.26789965784104 -0.139398273081459 0.410566710346792
"137" -1.56244642976646 3.58064417428874 -0.105873367818292 8.86243030115475 -14.3501690555066 -0.608809728491962 -0.0956425891844506 -10.3199095536097 15.728445713938 0.661514086556979 -0.0959551880892527 9.70472185493162 2.57496100169819 -5.92664673376886 1.96641902274781 -9.57425429896303
"138" -0.486124341561497 1.24082054337947 0.087612883330662 3.1110611853631 -4.57771524927436 -0.168626945049599 -0.0928602273313566 -3.66596457629034 5.09045304300846 0.166153400079304 -0.0189298069534283 3.28381962482158 0.71959098401249 -2.02562224822696 0.675565527812938 -3.16860656804173
"139" 0.636043675979566 0.984175516372739 0.016961766118463 0.948051759042873 4.49974538679102 0.367528649512139 0.0652201848984676 -1.28030465563938 -3.83532765053192 -0.692852129583805 0.0281202396923438 -0.433339792406912 -2.00398573226955 -0.457776218210465 -0.0552632577780142 1.32912400860099
"140" 1.04119137110322 1.64337792268851 0.218245894374054 1.6902697135506 7.14249163062721 0.61900388685735 -0.00268780639246566 -2.31075289863804 -6.11922104597042 -1.16335274081665 0.0569263767706788 -0.557260619586827 -3.18905831816009 -0.819293631001996 -0.0137003224145313 2.00128567178254
"141" 1.15167591858423 1.9163788204922 0.440020037301372 2.03764403830837 7.5134850628771 0.698608337011612 -0.124210642314288 -2.81428775284886 -6.51735285333167 -1.32363126835241 0.068698578684536 -0.386649460253064 -3.32145735432688 -1.03544953192312 0.105792063945148 1.92255933592762
"142" 1.21089834209118 2.09432670735213 0.57804610331997 2.12411414806877 7.47414973636755 0.72842511049556 -0.211151767013949 -2.98123179447605 -6.65577430227334 -1.40510161589479 0.0669974512727874 -0.279486437108357 -3.1658780509683 -1.15574926976105 0.217349037726206 1.77093380438015
"143" 0.932227015834869 1.6517094528865 0.483230887955791 1.55652824864778 5.48849722962452 0.547620323338946 -0.194463866339477 -2.2238463518571 -5.02683048088502 -1.07834135359146 0.0446380458309008 -0.178646831375012 -2.20272189326527 -0.905494312126702 0.221795410817108 1.23448552574492
"144" 0.274755938699886 0.503036839659988 0.148049303602418 0.37549885811257 1.45531742277648 0.142671767882398 -0.0650358684431923 -0.569931773338495 -1.43233758037476 -0.302055474307645 0.00724365260835021 -0.0553554928310831 -0.495330241824835 -0.260067971766217 0.0864705089006538 0.308474640302887
"145" 0.854229684597919 1.61812755650223 0.471462649675139 0.82600625832232 3.89666739988055 0.356920591488519 -0.222506410589157 -1.42042771698297 -4.26322388992656 -0.859443683177905 -0.00103483274123001 -0.200168119731519 -0.94708071729525 -0.769676929901659 0.336171562956706 0.769329723885427
"146" 1.07978582936327 2.08226779955728 0.60102495488474 0.672614781373426 4.25043226164626 0.319098904743407 -0.287897719240596 -1.42110387604573 -5.16183852753278 -0.948271682106551 -0.025964144903014 -0.303522003480715 -0.595497580182695 -0.914263875849694 0.463384705563145 0.821319871835847
"147" 0.949022865712998 1.87250714236139 0.545372890043813 0.00272610786677774 2.61095373375124 0.0249349134895072 -0.259053816936987 -0.668475842936544 -4.11938081958768 -0.553784719595044 -0.0618260433448152 -0.348318633619854 0.426657281189947 -0.705826029230503 0.448212194696801 0.502205722547508
"148" 0.768314298773632 1.54293079987336 0.478482393301249 -0.740371807982996 0.63922685300254 -0.36825203872682 -0.21332494758492 0.174612857005243 -2.74810921602484 -0.00615049193882344 -0.09874055439151 -0.381234036527751 1.53840971372107 -0.444925219479965 0.38897023727441 0.148398802963293
"149" 0.516551131205493 0.941179954491098 0.345922849373491 -1.2655118139821 2.21102306166675 -0.50001861651193 -0.138037120311735 0.841849218594117 -4.33568513739914 0.330128446254429 -0.092094194434373 -0.397181604334136 1.49338814036373 0.0769738670036935 0.260027803284744 -0.0134572944441835
"150" 0.842267262249101 0.719417433094572 0.499956448030277 -3.9969084086373 25.7721039441469 -0.450321949254831 -0.171241331844466 3.16325373603811 -29.9209766181753 0.442563520214437 -0.0860435230333756 -1.22581830684911 -0.495869297193249 2.37745053431668 0.340410686361366 0.466409746594124
"151" 0.741406916782161 0.839444407561361 0.448254690875615 -4.15796066560924 10.548100572823 -1.06806960213477 -0.140816745601674 3.49057453695316 -15.3747804477263 1.11745742036377 -0.145028357787078 -0.919368334348501 2.9760508753873 1.28154264119145 0.200086150747988 -0.273249577558609
"152" 0.538357511676424 0.698296944242379 0.281118468032166 -3.69904231249721 -2.19936941057629 -1.19146889774738 -0.0772450751693272 3.30386892700126 -2.34280615166711 1.29848380697592 -0.145344757883872 -0.523072256582278 5.06676461297654 0.29022117525974 -0.00138579448946174 -0.787770070820081
"153" 0.539935752934058 0.628593419776675 0.214555900962159 -4.19305528987221 -2.42475972113929 -1.06803972625368 -0.0530380085508454 3.83805448344051 -2.51367360790717 1.23502590265744 -0.128865599163294 -0.56563726754478 5.56600442242016 0.324368727359055 -0.105301128601742 -0.854769319444308
"154" -0.126931434105829 3.5286454908496 -0.08630511392902 -7.02225843085467 -5.31897867426309 -1.24221571276939 -0.0118339977707742 6.82829984442183 0.179486311088098 1.56650026074266 0.000430934754466206 -2.60756683393948 6.30998747621356 -2.78694697972947 -0.353282188227931 1.16857996849078
"155" -1.58293615424603 9.90355777515503 -0.663050226499778 -12.5404410264109 -11.7107225859495 -1.7653536505218 0.0492684994317457 12.654616943888 6.62734377235336 2.35467904223241 0.26060636340245 -6.97043271695495 7.37889501744564 -9.60343318694328 -0.768848018688166 5.62015742650477
"156" 0.137703372837044 1.56961021280967 -0.114366944704581 -5.70588900973566 -4.37589951248068 -0.213425806693527 0.021173548687273 5.59496131763112 -0.931337386796869 0.540083073336497 -0.00652463341211001 -1.4682489065122 6.0926326966617 -0.812259751277951 -0.42651482646997 0.0712805626512818
"157" 0.371565194381668 -0.0925658859497531 -0.0855509190930419 -4.15939305192906 -3.57828727388256 0.577589392130107 0.0298264816641296 4.08723650605998 -1.57023978780383 -0.309645457765638 -0.0283635835825833 -0.41138711673382 5.57497603203101 0.894913569074602 -0.40574782155486 -0.878650880992367
"158" 0.261360625519369 -0.285134079706107 -0.172366517036819 -3.62208061948334 -4.331002220893 1.26843498801534 0.0436431742974765 3.65249837290126 -0.443439159969884 -1.03718344089427 0.00510227364982513 -0.309462822140802 5.08343973916505 1.04623202556264 -0.44070170253769 -0.801015565058343
"159" 0.13564481128414 -0.446462939163804 -0.257783528040958 -2.95701202113876 -5.15894680464882 1.98431938563519 0.0537840154678129 3.090764801623 0.902355669346647 -1.81284375558861 0.0389186058172777 -0.19636407584073 4.452949002362 1.16744409465216 -0.457831094373678 -0.701744547851575
"160" 0.0153971884358661 -0.576637322199503 -0.332848645370394 -2.24595073178523 -5.89445191152281 2.62348198048733 0.0603756971347658 2.47132960408619 2.25504793844458 -2.52225732437459 0.069121226193859 -0.0739069661970149 3.7512005046006 1.2487096090055 -0.458075858454611 -0.607442110622053
"161" -0.0783043412819318 -0.667717919729781 -0.387971150639558 -1.58805204185237 -6.34603811822508 3.06497984726405 0.0638598506559672 1.88024800888887 3.37457564308106 -3.02607582743119 0.0916346747998528 0.047127005842114 3.05174299637849 1.26493206895841 -0.443663852542031 -0.537060972880283
"162" -0.129544705417985 -0.715731156058679 -0.414929810221551 -1.05318254501577 -6.33533442314991 3.20642272541032 0.0645652555247819 1.37711988159079 4.0507739256985 -3.20475513406365 0.103016236456928 0.158653323558532 2.40268281743694 1.1950369752686 -0.416038367899407 -0.502626005747771
"163" -0.135796346375608 -0.7204372086781 -0.410081416642815 -0.643215494322991 -5.74869872997828 3.00317840067005 0.0623003450749741 0.96042035725894 4.17713972315628 -3.00553186513244 0.101705348377668 0.259614118595305 1.7961905832942 1.02990366466895 -0.374256772062082 -0.502202108168099
"164" -0.11212615565655 -0.685069740812974 -0.375955843075958 -0.273059694634387 -4.56030254948555 2.48762119401665 0.0561443843327802 0.550476168869633 3.78477559240973 -2.46558137174 0.0886407724435934 0.358124161899383 1.1536893984736 0.776296829310138 -0.314186727838871 -0.516465349779686
"165" -0.0887490852286934 -0.616652271423858 -0.320125083560154 0.217386228364774 -2.80791621450766 1.75537104183876 0.0445679123578497 3.60744864345008e-05 3.01151201257846 -1.69543381699626 0.0668265909193323 0.47016112939794 0.335167880177281 0.454119202714693 -0.228959465646957 -0.51080338047975
"166" -0.105908766897346 -0.527917223778726 -0.252595774813878 1.05267667387295 -0.497591184861225 0.923750641719901 0.0255268612823335 -0.898730790017467 2.01679837950651 -0.829473902840837 0.0400437184244457 0.621425047560354 -0.860966687001394 0.0849678799926581 -0.108728917611925 -0.440793182703516
"167" -0.229761339915506 -0.452836340940441 -0.189589942560261 2.82381253022189 3.1803353244829 0.0412501512482253 -0.00757327099446177 -2.71864267060997 0.584714756794057 0.0750432356832755 0.0107548198385264 0.921867205185084 -3.0595194631957 -0.368699986657281 0.0835848258117415 -0.24406471185533
"168" -0.438289588807923 -0.39729968054615 -0.172609685450715 6.49525550605741 13.3404256278868 -0.848497644235547 -0.0762417372778177 -6.439127389095 -5.42836506310121 0.934715640903514 -0.0105398100936522 1.58559270393788 -7.45095792130465 -0.994085926596243 0.457139235960651 0.180295895757737
"169" -0.205050724140351 -0.15321081813674 -0.20227658340952 8.10378029377399 28.8883551800978 -0.905602854733393 -0.144465490902416 -8.17598022095881 -19.6845758767619 0.810577995390438 0.0123479210547327 1.82894421661559 -9.73896707770127 -1.15319845624391 0.779479964628528 0.576626729926808
"170" 0.0190355196871774 -0.00423440395024999 -0.128883867539536 4.49114741145184 20.4083836036098 -0.388453517937896 -0.0945981949238389 -4.57439207921624 -15.4791839782259 0.273928298469811 0.0192304846559912 1.00700868458441 -5.54961200541845 -0.604410061682432 0.493325231751941 0.385903601414686
