"V1" "V2" "V3" "V4" "V5" "V6" "V7" "V8" "V9" "V10" "V11" "V12" "V13" "V14" "V15" "V16"
"1" -3.53721281966277 1.46336080519677 0.00502836683793362 -0.485492442495911 3.55241271427841 -2.39370290786101 -0.0196624684933111 0.380649055069105 3.44312541026219 2.29366186907819 0.005653015814441 -0.140644916486053 -2.63538248545628 -1.87131886021543 -0.105576445316842 0.211348368001268
"2" -4.08417018477841 1.79945859720173 -0.0923003627764007 -0.708634543030882 5.21355774944148 -2.71620618958533 -0.0281415125561981 0.55510355362707 4.18869222451386 2.21134909201041 0.0082225519856447 -0.0699114756951076 -3.73013022126004 -1.87859812734347 -0.179820915914121 0.0721479115966304
"3" -2.58739926868867 1.42844010669713 -0.242952984174313 -0.777646916284709 5.46451574058624 -1.9515511960144 -0.0270113205671878 0.60762754064098 3.25452113245432 0.985895091480749 0.0137526992523931 0.0782865912177613 -3.51804134362923 -1.08832205756748 -0.250125504051709 -0.198110888924361
"4" -0.793526420400934 0.898436989640381 -0.307428069870117 -0.713486815015216 4.47615676653079 -1.32590528348308 -0.0178185810928726 0.550617257265127 2.06086714849148 0.338279492771235 0.0218790027866991 0.131996270640684 -2.31605394361219 -0.806844782440569 -0.28012117314799 -0.291221885837786
"5" 1.53422440463165 0.0247931294027524 -0.264841839313055 -0.466742242694465 1.86077399529551 -0.861435432339201 0.00302224740286938 0.332645024674832 0.65142427649418 0.407042868664604 0.0330791046955987 0.0639968295832887 0.390312034121381 -1.26695593928979 -0.268183552557986 -0.163860388253966
"6" 2.87100839234304 -1.10060987262532 -0.112602381027042 -0.0425278007243435 -0.831629813558251 -0.184833698212122 0.0198350583143672 -0.0411384548466671 -0.0700905851657763 0.305898056981881 0.024407145496788 -0.0745922414289453 2.9350728519594 -1.44301308702675 -0.182708766544536 0.0597349549924502
"7" 3.1627427265151 -2.61813063118979 0.0618567081299179 0.532409260045242 -2.44109994511412 1.48293725189718 0.0229142150201862 -0.543781848062743 -0.369925838217757 -1.34794812339492 -0.0160787629972496 -0.157505671696413 4.28557521668559 -0.0504748902808476 -0.036720657179643 0.13829367075175
"8" 2.63561031838435 -4.34208343995578 0.221724625946358 1.17438293666176 -2.828221423925 3.93684748142252 0.0139813608466151 -1.09950635883528 -0.483302382308604 -4.31878206600626 -0.0791979506590206 -0.162653462459616 4.39034187722962 2.6958768441554 0.141431565811743 0.0524590719912794
"9" 1.55354771184956 -5.84813592252991 0.359149842172126 1.7499091034372 -2.43083769976492 6.38263560086302 0.000572889602808768 -1.58849442289693 -0.433037537125968 -7.42763640868934 -0.143457095893115 -0.126436803205138 3.64364903702551 5.69342749658581 0.319218586697929 -0.0961472314037337
"10" 0.247076277485443 -6.68714443712696 0.459402994312082 2.12367538024377 -1.66706135521568 8.00407611993039 -0.00973377771954942 -1.89043256758323 -0.267145683223894 -9.46686919265381 -0.186132100692544 -0.0774135120169035 2.41793730960836 7.78381048194005 0.469105514233547 -0.215920029815493
"11" -0.955400310302633 -6.53932278116137 0.502517963481356 2.1962146018966 -0.795318400553592 8.23654799946971 -0.0116907250770018 -1.91819819365975 -0.0920479369093357 -9.61181033808411 -0.190491396765538 -0.0261031501153184 0.973251185701056 8.15431725926309 0.570636385036451 -0.257104251068199
"12" -1.8313659260303 -5.31405415286331 0.476282344948716 1.9244389926094 0.0244764014041685 6.89895383867385 -0.00320334835125635 -1.63529617487301 0.00635671825384843 -7.60155303204425 -0.150211706451421 0.0249996947589466 -0.498372163703596 6.53110503903405 0.608071450522047 -0.20709495457163
"13" -2.30161905989468 -3.18357910915428 0.381756590659498 1.32886065739272 0.692651893239207 4.23374290522453 0.0144827380628931 -1.06188095079233 -0.0053126742497176 -3.79050491145787 -0.0708133516127836 0.0764492394573608 -1.84471257968301 3.2367848767427 0.569332920916395 -0.0861561753898741
"14" -2.40869464394378 -0.525532274799382 0.232639057563651 0.486062819731927 1.15690849956342 0.808798009920025 0.0374007141828696 -0.268329400933142 -0.113291263935192 0.998428283923719 0.032618705781716 0.129512936455683 -2.94950200701538 -0.952353119565696 0.448923648940749 0.0630158154273204
"15" -2.26342927988939 2.20170749547237 0.0515217172567226 -0.490616708920996 1.40413407596041 -2.68676605948828 0.0601607485063851 0.641397759921102 -0.277070431395964 5.77490025607802 0.140469163837381 0.183892600835179 -3.73761789353086 -5.1011739442775 0.253018725110593 0.193114033755137
"16" -1.98842805008559 4.58918038041214 -0.135121747704963 -1.47524244338132 1.45096255697884 -5.65227922756551 0.0774102019500749 1.55100429336061 -0.451407077514326 9.68827788282519 0.234054633127458 0.23617102011724 -4.17857524723597 -8.41512876597172 0.00237437956970155 0.269222216022513
"17" -1.67927279677032 6.3623814180436 -0.301853306556243 -2.35140085844417 1.33321156131885 -7.70772448426356 0.084975087876189 2.35192231155359 -0.601583236309202 12.2185272070727 0.299537581493804 0.27985804611626 -4.28338450070093 -10.4238513919828 -0.269705361907086 0.2778081487196
"18" -1.39011173007957 7.40457937220582 -0.428089671524646 -3.02793298242203 1.09563649139268 -8.7237279493571 0.0804736852444741 2.95824743995976 -0.709224953837244 13.215183778111 0.329525633618892 0.306860688776055 -4.09476430902256 -11.0142990309356 -0.523947361225481 0.226229114844159
"19" -1.13813574321179 7.73080719828341 -0.500020505884873 -3.44672371229157 0.783519800019147 -8.77653781435551 0.0634973031074093 3.31485073263998 -0.770661614857837 12.8262605288967 0.32264268265588 0.309024974640579 -3.67405510792712 -10.3536524105977 -0.723453822209791 0.13657315332182
"20" -0.916205259082059 7.43617030692566 -0.509850448352385 -3.58371095210012 0.436457765651303 -8.08110693203378 0.0357528761046293 3.39962602548148 -0.79174679939014 11.3973222610932 0.281813601359506 0.277152241823387 -3.08795704597268 -8.77490560175882 -0.840986760428166 0.0408622039882403
"21" -0.705335858644365 6.63580919064662 -0.452091313954812 -3.4459616124377 0.0839571266231629 -6.94489612399616 0.00164485456061758 3.22269708703027 -0.782177922589743 9.40444619533761 0.211823666726316 0.195799306922254 -2.39688673361517 -6.67939660330657 -0.863882693625101 -0.0177844399864853
"22" -0.485119220161766 5.41157105661789 -0.320095319998932 -3.06739252210076 -0.252450752841438 -5.73335026620139 -0.0310177527138187 2.8241673859523 -0.750926523403487 7.40538976319453 0.116718802371475 0.0420560579073026 -1.65504002067886 -4.45678313398706 -0.794821086605509 0.0104174566502024
"23" -0.248172399223344 3.79084467147126 -0.110939739457132 -2.49880819026649 -0.554891639197785 -4.77531286076716 -0.0521015544501431 2.26459356694068 -0.702079723476152 5.89689657573295 -0.00158180623125048 -0.199724206062911 -0.912504945646074 -2.38015506863811 -0.64754628733138 0.154993059154208
"24" -0.0204245085326455 1.80469285253052 0.155851786014303 -1.79424186480526 -0.814050630537453 -4.18941322835775 -0.053700742448334 1.60840024427338 -0.632069425646239 5.04713566141326 -0.140242309784957 -0.508456797105282 -0.200077230593896 -0.505819381520721 -0.44213033011215 0.383604655832983
"25" 0.155040726026426 -0.528639339012521 0.442680584294573 -0.965448744875303 -1.03484810159572 -3.79702066574743 -0.0342092029167551 0.875093765220953 -0.531072902465728 4.56498857852264 -0.298019896948142 -0.825685986223334 0.493104505004995 1.38114448377209 -0.187277916120649 0.599955214520037
"26" 0.232543149182964 -2.99923396809028 0.686113681073403 -0.0469183065492302 -1.20516734549635 -3.31557891833141 0.00142956209263634 0.0945306788051745 -0.398911022364451 3.99310912735088 -0.461426894310501 -1.05132617157835 1.13389418993246 3.42785514178118 0.103900933213652 0.668287830765507
"27" 0.202990168603234 -5.37679101143161 0.841405276205592 0.932826703284803 -1.31940324223732 -2.56451920779831 0.0459443943561553 -0.717187374863595 -0.244055323221267 3.03201674051964 -0.614953720296624 -1.11481539280453 1.69613789424497 5.6394321154223 0.417206412851783 0.508605922439983
"28" 0.0888179831159484 -7.45122482917286 0.89190422927242 1.92809865077521 -1.37869429476632 -1.56551209362392 0.0934686708299894 -1.5311188733594 -0.0818766382270777 1.69642882806983 -0.741719443143726 -0.996057535485761 2.15715199403591 7.83804915590339 0.723815162616035 0.126279728589793
"29" -0.0728197190298303 -9.06481937313212 0.844239595118886 2.87190182157366 -1.3886843353619 -0.467084437136624 0.139769879628069 -2.29964741700568 0.0695807865781526 0.198776253730088 -0.824718565516168 -0.716222929343076 2.49741232686544 9.77675151277506 0.975733574950169 -0.408269543998813
"30" -0.245920205748726 -10.1113878269866 0.718129016403267 3.67985054103102 -1.358218457307 0.56266962653325 0.180904133262217 -2.96015549234793 0.193037933175459 -1.21697940303177 -0.846995999197755 -0.319313399715725 2.70277800825803 11.2449111507138 1.10732769403194 -0.991276675127551
"31" -0.402287574062276 -10.5261646940642 0.539744420587319 4.25675294853826 -1.29856948809743 1.390003443096 0.212376911232294 -3.44107778730089 0.273488801261297 -2.35870752278393 -0.791983089317567 0.139338680950459 2.76598624447247 12.1079346477374 1.04082274699573 -1.50517672334377
"32" -0.522209723473928 -10.2791448565294 0.338272454262157 4.50561426569081 -1.22229759040821 1.92611064620181 0.229206601379258 -3.66907297162137 0.298917963399512 -3.10183059186607 -0.644872860718568 0.598816274638921 2.68672162708745 12.3048017545506 0.696156193649642 -1.83041987140223
"33" -0.593471737282536 -9.37512180218283 0.143121825355639 4.3419379170534 -1.14138002427594 2.12381413598921 0.226624793354381 -3.5797097120118 0.261541060087021 -3.38254485672942 -0.395663291593735 0.997852788202408 2.47140176140881 11.8337577480882 0.00776261484540441 -1.85979345482883
"34" -0.610505896549947 -7.86073681082236 -0.0195049865930628 3.71598524552596 -1.06417499694266 1.9749369823891 0.201207920104001 -3.13410151120736 0.160254606923623 -3.19075358710963 -0.0443347640638283 1.28268439517296 2.13307452520325 10.7385116770837 -1.04896124238894 -1.52135973813483
"35" -0.57397633798031 -5.83717935800286 -0.130645895337498 2.64242322811137 -0.991171444729082 1.51131005217398 0.152260734686396 -2.34136551040362 0.00428922265933274 -2.56736096323012 0.392072426442937 1.41794394055478 1.69132797810523 9.09672448115766 -2.42218770010228 -0.810148517310836
"36" -0.490551957490791 -3.47345658122485 -0.182293347497382 1.22983582171858 -0.910605851802044 0.807233955451494 0.0830946731749131 -1.28129343862204 -0.183032415955487 -1.60375789493403 0.872423942744119 1.39802089107582 1.17201267623704 7.01034727324886 -3.94838598834093 0.179680548905026
"37" -0.372367427686894 -1.0094545136815 -0.17932195653534 -0.306782308338427 -0.796642146248555 -0.0220297097531414 0.00160632977826403 -0.114148878507056 -0.363018809702027 -0.437942912913655 1.32888182030289 1.25301968828694 0.606551727847203 4.59793292306844 -5.33845833743291 1.24092000073051
"38" -0.235546143732446 1.26557683857138 -0.13811791167425 -1.67256374363549 -0.613688204625469 -0.8328718994482 -0.0805311664958666 0.939692107684809 -0.486253376357446 0.759994174776992 1.67447345265808 1.04185650045031 0.0305040103462506 1.98919587930494 -6.2131441055173 2.08181076362052
"39" -0.0974267462630074 3.06701325920946 -0.0812413109762602 -2.57005892573395 -0.328739652785033 -1.48106020849593 -0.150399170180865 1.65953620911674 -0.505010496398539 1.81720097832282 1.82389762313415 0.828602189349454 -0.518862695133681 -0.678384052342965 -6.20245724182783 2.40966610621581
"40" 0.0269955278000218 4.18866116543512 -0.0295377841525628 -2.80734472999904 0.0714887697281963 -1.85863067660323 -0.197451218058222 1.90795532055926 -0.390360616318153 2.59639360030223 1.72238291482201 0.648913290885048 -1.00573700714071 -3.26190924814693 -5.08395777822292 2.04770902181554
"41" 0.127990030492631 4.56213343818185 0.0047622767044686 -2.38340401299388 0.567364970240519 -1.9235133430256 -0.216586320740348 1.69592761384102 -0.145643389590773 3.02689989437899 1.36872540498543 0.484868750129522 -1.39895003158773 -5.61654922686275 -2.89237068530315 1.02652334087384
"42" 0.202034368394534 4.26932703278811 0.0205972290017797 -1.49979076815427 1.10539516488022 -1.70627320618447 -0.209134016635822 1.18932824086056 0.19161291072907 3.11296045003718 0.819307649392591 0.265578040080641 -1.67452088507091 -7.60247455857033 0.0637114772418954 -0.405563163986699
"43" 0.250479983320822 3.50068825852566 0.0253374402789142 -0.487291194317947 1.61126371477635 -1.29048996748605 -0.181353114061468 0.648083767150631 0.561036698937857 2.91580222009802 0.170148426721539 -0.102965779223609 -1.81725218537378 -9.09543409497065 3.29220233320947 -1.86510170205793
"44" 0.27694964219442 2.48445840176765 0.0288829516849347 0.312406988312176 2.01000351108106 -0.778976731167909 -0.141514923675911 0.330017914714816 0.897671566218533 2.52139604696838 -0.472655595927067 -0.693088932919181 -1.82148225138056 -9.99808688666459 6.26402961581354 -2.96457100585894
"45" 0.284990979466322 1.42472224206044 0.0379918264651522 0.65053534974723 2.24325579562027 -0.264111035263223 -0.0972384646867734 0.406747761747333 1.14774616503421 2.01185713660308 -1.01862575212057 -1.51654746720214 -1.69138615066003 -10.2484990018756 8.54005848190889 -3.4259265986334
"46" 0.276874546659347 0.469645588629376 0.0529033769065421 0.426927348563794 2.27802042343117 0.187385726227479 -0.0540568079505803 0.918342596976714 1.27668403031269 1.45070935876932 -1.40602137654232 -2.50347267155394 -1.44109155993803 -9.82415111728193 9.83587362281759 -3.13931668246846
"47" 0.253525046545327 -0.29094029656568 0.0664109520700507 -0.30174562397076 2.10705970891382 0.535599990506118 -0.0152276133956111 1.76621760881495 1.26953667309119 0.881633885124337 -1.60267391529853 -3.49940690847006 -1.09451274436658 -8.74150402156412 10.0257379046455 -2.16740436293367
"48" 0.215061064780443 -0.811646538218966 0.0644431663042617 -1.34142916514017 1.74431713765291 0.760767753703785 0.0177389404605872 2.72855839114642 1.12703355011176 0.334515324652301 -1.59977014981584 -4.27396920485899 -0.684666969223898 -7.05211314476977 9.11120935103412 -0.716862110697321
"49" 0.161428704138924 -1.07431694203085 0.0270945885657952 -2.38804504315414 1.21890593577409 0.855042843773546 0.0443964001167494 3.48276110619483 0.860539087502754 -0.167248862507201 -1.40395653393575 -4.53479181754869 -0.252418303235128 -4.83696397143715 7.18077278889285 0.900806880302753
"50" 0.0929045245371825 -1.07511967812583 -0.0701908373581404 -3.05608592228981 0.569968573075786 0.816369213353269 0.0648680089860036 3.63151308585174 0.488015169961444 -0.60147760321879 -1.03120853695166 -3.94832886710401 0.155475372057307 -2.20152076012635 4.37735031216283 2.30967989702481
"51" 0.0107361574260416 -0.821095842482464 -0.252404182202433 -2.9301220699154 -0.155588683068554 0.647177834505527 0.0794774403517895 2.75871841964261 0.0329617705249419 -0.94556919967205 -0.505581246376757 -2.1948721377114 0.490284240854635 0.721058130585591 0.888626821307696 3.12462650937778
"52" -0.0810947137509785 -0.345079422279639 -0.530472779763521 -1.71577909847878 -0.898841515671034 0.363175870946769 0.08855229862281 0.604254498102435 -0.469700280180833 -1.18093350908431 0.130358531326795 0.859003101152666 0.711616504796403 3.7393385858359 -3.00786271902331 3.06893748675429
"53" -0.172164687238851 0.254255909302216 -0.871375291235189 0.436033384267773 -1.57556236610524 0.0166310231431623 0.0928399964239528 -2.55721380557623 -0.957769882762079 -1.30580196843688 0.787628785288671 4.79675496459731 0.80848724789271 6.53075089859536 -6.81810771447277 2.19512212316522
"54" -0.242774853975195 0.778669642139505 -1.17207361863408 2.63507458436226 -2.06671142302284 -0.283412790194156 0.0939850439336976 -5.57787066237815 -1.32918814117365 -1.34815510739998 1.30799173192398 8.34128297210123 0.818648666045842 8.58780827385424 -9.73022091493698 1.07303514831347
"55" -0.269930945803686 0.99062716207078 -1.29479597459032 3.58620911792855 -2.24853640795815 -0.40435792090156 0.0940319596028765 -6.85164365123676 -1.47022529249123 -1.35415853926413 1.50947791338634 9.79836724230972 0.809858407714387 9.35670993060099 -10.8386034385375 0.55525885356883
"56" -0.242900404092108 0.778527052688048 -1.1724717948263 2.64357627834994 -2.06582430108561 -0.283542554249877 0.093960926196754 -5.58629737628783 -1.32875475882859 -1.34753494936082 1.30770455811258 8.34619123195466 0.817536693954583 8.58562398289574 -9.72779409348652 1.06821450638972
"57" -0.172298178317426 0.253917312425017 -0.871705499194057 0.444685136954661 -1.5743555348414 0.0165514509203106 0.0928159544209297 -2.5655183812284 -0.957132821192437 -1.30502121362703 0.78710666604319 4.80107980135563 0.807177088748887 6.52750519426286 -6.81427333536664 2.18996260290942
"58" -0.0811804556405882 -0.345163730603019 -0.530791788278449 -1.71055773195553 -0.898134585575865 0.363055407077731 0.0885658685858548 0.599235994673911 -0.469344805242581 -1.18038839634202 0.130066216064776 0.861964766228994 0.710791528852337 3.73744278147818 -3.00564875515892 3.06545622924523
"59" 0.0106913895212699 -0.821070068040541 -0.25283402848607 -2.92838406369032 -0.155342759965547 0.647112972360006 0.0795663738728916 2.75733625103457 0.0330768660961001 -0.945348098697821 -0.505738998048244 -2.19394112404143 0.489978543785394 0.72040786560536 0.889647790948231 3.12315504517778
"60" 0.0928681847720902 -1.07500811955012 -0.0707295782217017 -3.05538571353082 0.569977610595903 0.816306125243003 0.0649936328909124 3.6311725955725 0.48799531576481 -0.601405461329549 -1.03126362620177 -3.94779260612336 0.155382639791654 -2.20144317869704 4.37761894539324 2.30883620665804
"61" 0.161408829912954 -1.07424684099094 0.0267713543449801 -2.38785767386071 1.21886914318391 0.855009722291328 0.0444746937522797 3.4827814630484 0.860505086845416 -0.16723695819271 -1.40397270626492 -4.53458343867328 -0.252430723379234 -4.83678670826358 7.18079994242265 0.900457852759473
"62" 0.215056304664834 -0.811634722731768 0.0643522710903248 -1.34139421907383 1.74430977629829 0.760763210656176 0.0177616280847008 2.72858911643625 1.12702684655802 0.334515338854303 -1.59978070102173 -4.27393628781465 -0.684668350516116 -7.05207485205428 9.11124541994963 -0.716955965647003
"63" 0.253524845160779 -0.290937130661959 0.0663978714131872 -0.30171430071394 2.10706537409099 0.53559906228568 -0.015224753065235 1.76619681884429 1.2695391678649 0.881638588942295 -1.60267826808106 -3.49938347533907 -1.09451888665343 -8.74152295888132 10.025768301812 -2.16745078718941
"64" 0.276873966116078 0.469655497639579 0.0529025341905651 0.426916091689151 2.27801338773736 0.187380555808598 -0.0540569252246623 0.918347489663034 1.27667894316526 1.45071105442064 -1.40601368088602 -2.50346475456331 -1.44108954028159 -9.82412944658567 9.83583235473617 -3.13930054623847
"65" 0.284990607260413 1.42471762480126 0.0379926027165993 0.650516351381356 2.24325094712498 -0.264109443913529 -0.0972381877443809 0.406766695158986 1.1477441112459 2.01185200702516 -1.01862487632423 -1.51656450539213 -1.69138080985395 -10.2484796703498 8.54004403860921 -3.42590136921626
"66" 0.276949704637731 2.48444562800798 0.0288820358546431 0.312437566710486 2.01001373864778 -0.77897029506342 -0.141514467094013 0.329995414712101 0.897678799483199 2.52139455672115 -0.472665911381345 -0.693082827703847 -1.82148653079726 -9.99811617825131 6.26408723157843 -2.96461061723835
"67" 0.250479489928836 3.50070714765715 0.0253373193494859 -0.487297145057454 1.61126331006954 -1.29049895867835 -0.181353822161103 0.64808495620548 0.561034950928832 2.91581387971077 0.170154273665192 -0.102957099887362 -1.81725622548118 -9.09544662627296 3.29218222657872 -1.86509824171412
"68" 0.202032801834751 4.26933974669197 0.0205979986976672 -1.49982563151408 1.105384787115 -1.70628081419946 -0.209134289986682 1.18935633168384 0.191606461449866 3.11296375891907 0.819317326773776 0.265565480199484 -1.67451560597995 -7.60244701711528 0.0636555706070396 -0.405518224368507
"69" 0.127988399617839 4.56209433136256 0.00476009942432043 -2.38335274644362 0.567374707436703 -1.92349564777781 -0.216584642501048 1.69588952432549 -0.145633611543342 3.02688281936283 1.3687081657581 0.484878194796352 -1.39894839099396 -5.61655432384244 -2.89229100084526 1.02646713163199
"70" 0.0269971020253763 4.18868982965746 -0.029536040673463 -2.80736569458861 0.0714895289247535 -1.85864340548166 -0.197452531276013 1.90797050062295 -0.390363029838278 2.59641120994716 1.72238917878453 0.648910661394098 -1.00574360167115 -3.26193697388258 -5.08397822447836 2.04772487714422
"71" -0.0974270346776791 3.06703301942535 -0.0812411708281218 -2.57008840644309 -0.328746945142403 -1.4810690728692 -0.150399817083995 1.65955836518311 -0.505016556765893 1.81720786700783 1.82390866878068 0.828597577330356 -0.518861760694129 -0.678371119645561 -6.20250983448469 2.40970074256143
"72" -0.235548366801078 1.26552913084674 -0.138120465062165 -1.6725135698282 -0.613682970865975 -0.832850783558168 -0.0805291879393986 0.939653946589868 -0.486245628290634 0.759969346663276 1.67445868355721 1.04186764393069 0.0305101108616306 1.98921729783413 -6.21308146884363 2.08176156081572
"73" -0.372365315549885 -1.00943352104089 -0.179318901503589 -0.306805622926305 -0.79664246970753 -0.0220401560500534 0.00160519034305118 -0.11413024945767 -0.363021120335211 -0.437928950874934 1.32888522566157 1.25300932440928 0.606547794934322 4.5979126081946 -5.33847289228606 1.24094085157844
"74" -0.490551158855254 -3.47343109887406 -0.182293944521824 1.22981830713687 -0.910606839993481 0.807224590978542 0.0830939466273053 -1.28128070896359 -0.183035508318344 -1.60374619722054 0.872430744330442 1.39802127931455 1.17200819641359 7.01033105481725 -3.94841125684312 0.179695450017107
"75" -0.573978851177959 -5.83720929251001 -0.130648444837689 2.64245024807335 -0.99117114001065 1.51132407358273 0.152262054534293 -2.34138650805031 0.00429241831030813 -2.56737969797022 0.392067189786363 1.41795272057061 1.69133374924053 9.09675232579535 -2.42216699979656 -0.810171720112521
"76" -0.610505496177881 -7.86074704570878 -0.0195022345319238 3.71598375232867 -1.06417602024419 1.97493761903319 0.20120777572903 -3.1340998805703 0.160254987851371 -3.19075469281283 -0.0443368148001042 1.28267807563134 2.1330771497635 10.7385202785352 -1.04895711765752 -1.52135548263641
"77" -0.593469424576654 -9.37509109574894 0.143122377739882 4.3419186047721 -1.14137888815567 2.12380103873883 0.226623838087249 -3.57969479734974 0.261538630348539 -3.38252651324161 -0.395659128694811 0.997849164366471 2.47139491995731 11.8337248731388 0.00774922923054078 -1.85977987426213
"78" -0.522211173844646 -10.2791440536401 0.338269092197436 4.50562271539866 -1.22229634631627 1.92611730363676 0.229207082172137 -3.66907970816262 0.298918743493059 -3.10183962364768 -0.644872728380014 0.598823761793597 2.68672099384876 12.30480358835 0.696159163531235 -1.8304301307403
"79" -0.402291588469472 -10.5261985115492 0.539745590717715 4.25676387588481 -1.29857224131515 1.39003967747476 0.212376886097411 -3.44108701580896 0.273491558364463 -2.35876238906427 -0.791986616013673 0.139340268960041 2.76599607312696 12.1079949864406 1.04083127007004 -1.50518803173418
"80" -0.245951184705948 -10.1114335626426 0.718125325014171 3.67982419734741 -1.35822714522764 0.563052826257113 0.180894762837925 -2.96014614519099 0.193051579184974 -1.21757017264714 -0.846999373561291 -0.319283503848169 2.70281621150046 11.2452947478252 1.10733893829413 -0.991356042540701
"81" -0.0730737824566692 -9.06515295993259 0.844137289858288 2.8720508761852 -1.38874878193803 -0.463087087729576 0.139673114855405 -2.29992589070677 0.0696928675395794 0.192631261587856 -0.824753474712738 -0.715824252196398 2.49781361316821 9.78045993741451 0.975940309479739 -0.409128095918163
"82" 0.087640318919016 -7.45251486594906 0.890975744160846 1.93182020597322 -1.37918032219741 -1.53720114496223 0.0927224807955715 -1.53558048460635 -0.0813449274159892 1.65289337973641 -0.741956481569893 -0.993137154737042 2.16029656720465 7.86241654815226 0.725664090178896 0.120783127612754
"83" 0.198637534175619 -5.38144079895559 0.836494886614291 0.961059364470628 -1.32272826533786 -2.41767133131543 0.0418160995204957 -0.748818288792169 -0.24161118057897 2.80622656148543 -0.616232780558727 -1.10025189387011 1.71499775185845 5.76002788538645 0.428120662059428 0.48311672687214
"84" 0.220596915074754 -3.02602749319279 0.670250920304907 0.0798234811727241 -1.22334905458832 -2.745516156308 -0.0152566208930178 -0.0452081643761737 -0.388372539487044 3.11710618942209 -0.467269187723165 -1.00077991973046 1.21914377894295 3.89194944377281 0.149511620185535 0.579974479091447
"85" 0.149367418963708 -0.651606344462948 0.409743834386573 -0.56461027765576 -1.10535940517953 -2.13153932111906 -0.084681087695273 0.434359157701962 -0.501504604053647 2.00703936571664 -0.318397667249886 -0.699389222613604 0.773637308649079 2.7453440188145 -0.0463235159236319 0.371689096718342
"86" 0.0611215479791909 1.4237360004082 0.115089896910476 -0.831461093495648 -1.00961741541034 -0.448105656380545 -0.171608421885593 0.548195436763649 -0.579165982671794 -0.698132241558799 -0.193491655059391 -0.275658203382363 0.490449994537382 2.58071374906687 -0.108655416707819 -0.0590794431988115
"87" 0.0469340020228852 1.97644884542483 0.0288516836023351 -0.826025253429691 -0.989002571910467 0.258764263781934 -0.202540894632316 0.496179602746984 -0.597901136940606 -1.80867873326324 -0.161676726420616 -0.138601202814357 0.445743135019431 2.70706075209595 -0.0974863823233534 -0.210182008260858
"88" 0.0788152390184482 3.35880653617163 -0.180414957666327 -0.555706605009746 -0.953580478534027 2.69109129501124 -0.306108717755611 0.0823244110317134 -0.643309901960849 -5.57776219303725 -0.0862034086766101 0.226583431547738 0.437039485190331 3.3660326374549 0.0208157769891386 -0.610144592728375
"89" 0.240081619707459 4.27628412460007 -0.264703791847793 -0.0312129195083628 -0.944232366805966 4.85206970319654 -0.407098481330911 -0.580797197100743 -0.676651543950547 -8.86546448315942 -0.0390778122312412 0.409411888484669 0.558924265030806 3.87405069115916 0.214811835505543 -0.750018794231892
"90" 0.511876828512754 4.92127459547089 -0.238943822876109 0.552631114056496 -0.933398317920467 6.2790219136091 -0.491483845310426 -1.29400163403035 -0.710903993290958 -10.9767957898058 -0.00264560884644993 0.383912958432916 0.701108562234495 3.77204225248178 0.410621209280094 -0.566227667969656
"91" 0.841531097210135 5.42112921482548 -0.154655657670514 1.05813229343022 -0.904255822340904 6.91215783570375 -0.548247232658124 -1.90645363150122 -0.750139459564992 -11.83803775812 0.0345694898702185 0.189668652762521 0.792214254305573 3.03608625751032 0.553102199692205 -0.115427525542145
"92" 1.16763803608795 5.79981294894903 -0.0718380660382039 1.42569926674005 -0.853709507395331 6.90762227374867 -0.567960647151817 -2.33715893838831 -0.789187322874744 -11.703668909588 0.0740908690950999 -0.109730324645739 0.811959306170687 1.90090787430861 0.61782151751774 0.489886141183092
"93" 1.43995344308237 6.03319559312224 -0.0496315107936063 1.64607043334703 -0.787258365090644 6.45113453306505 -0.540871558736994 -2.54943517823126 -0.820798284790049 -10.870340012022 0.111214888296901 -0.44777485554232 0.767334775717567 0.640270125538676 0.604803440915617 1.12404769489012
"94" 1.62259247015958 6.09672976767759 -0.146476484069424 1.73532732541801 -0.713317350910069 5.69328622120945 -0.456643341806194 -2.52864129238394 -0.839903616051087 -9.57920908680073 0.139033216208778 -0.758454423382545 0.672239535239248 -0.522974340519752 0.528614105194634 1.66181225451987
"95" 1.69208329368296 5.98087271785829 -0.416982930706013 1.72274017363603 -0.640351569621564 4.74688341210961 -0.305714764434487 -2.27435442065212 -0.844204804387408 -8.01227360118182 0.150522257531808 -0.977611294002145 0.539968321240389 -1.4292012237139 0.411906710842658 1.98469439017447
"96" 1.63638662554255 5.68982529931598 -0.90098114248865 1.64288835171871 -0.575199116157782 3.69651678337479 -0.0823323918156156 -1.80045770261541 -0.833129980357581 -6.30608049347084 0.139858417793425 -1.0492648612726 0.382051083767472 -1.97796246016819 0.28060560746431 1.99398450560807
"97" 1.45521761779085 5.23516046385034 -1.60342072802326 1.5261492616913 -0.520813682359976 2.60755721753724 0.210353734008584 -1.13890682374212 -0.805762658370065 -4.56332190987484 0.10388583388046 -0.937920945278961 0.208685094497508 -2.12872546243486 0.159128373702117 1.63397670288259
"98" 1.16097836333281 4.62801220289575 -2.46695514827935 1.38673601782412 -0.473042119493494 1.53394405385897 0.553463826318524 -0.3455830641463 -0.757893151685365 -2.86160740878845 0.0438476498671889 -0.645338952586485 0.0293573653324088 -1.90830659034562 0.0656721977905192 0.923039429999676
"99" 0.779378724722632 3.87211335098381 -3.34751240601403 1.21178574162963 -0.417634791347366 0.524346231120262 0.906355996443807 0.494850661249782 -0.679235142168235 -1.26002743686779 -0.033159538697582 -0.225746493142537 -0.146659281694806 -1.41846252808589 0.00842977432054681 -0.018701806497802
"100" 0.348292114474379 2.96190084528258 -4.01441474412859 0.959332239401334 -0.330325954753878 -0.374881006892704 1.20669984790359 1.27115317482596 -0.553166215418432 0.196192859998433 -0.114124627078379 0.212832516033473 -0.31009930628076 -0.829965667690122 -0.0157381173923454 -0.968009347288444
"101" -0.0865352360457088 1.89047314354384 -4.19788651703296 0.57347639163396 -0.183061062034759 -1.1217550838778 1.3822648308993 1.86113865419315 -0.361579336284384 1.47279948977076 -0.182579235883322 0.534113574539333 -0.451923090273228 -0.348994572930564 -0.0187737215084383 -1.64749284977438
"102" -0.478928974649143 0.66724922207262 -3.68332606510684 0.0162939530097503 0.0437039287375827 -1.68557647250126 1.37427471811801 2.1607744465277 -0.0947787432755629 2.54518685178911 -0.223508361259189 0.625507593112161 -0.563974159111957 -0.155946562405969 -0.015281675093064 -1.8240574018032
"103" -0.790713209511896 -0.663294745099662 -2.41273578831249 -0.698350779623155 0.347979956848197 -2.0549611690352 1.16260957755849 2.11607063604085 0.238125658116257 3.39798918742031 -0.228746283592843 0.45401513041611 -0.639854874137095 -0.340127975303248 -0.0154153480473838 -1.41533916272874
"104" -0.99750159189508 -2.01515479038177 -0.530915945030657 -1.4919732864 0.700882013957711 -2.2410624064531 0.777507132335077 1.74047275268763 0.605418223306782 4.02444837976922 -0.1997679029417 0.0907643698279799 -0.675616284228767 -0.867618722418301 -0.0207779930339598 -0.538838566657432
"105" -1.08959202287631 -3.27355011598277 1.65767760543204 -2.24165368813854 1.05341974328183 -2.27269998737111 0.289333995655392 1.10782108060143 0.959311332429746 4.42483892084178 -0.146135062463893 -0.315150451299928 -0.66998710106038 -1.60301049673344 -0.0256726390265953 0.532306131143514
"106" -1.06920231630485 -4.32026396880529 3.79239568320809 -2.8217525866331 1.35138895877894 -2.18610057529888 -0.216497702565846 0.328051965804896 1.2492836416997 4.60433345417049 -0.0809293862911655 -0.597184197760271 -0.624241582642439 -2.36799875877735 -0.0222506738926143 1.4772463378149
"107" -0.947066659462026 -5.05822952320547 5.55956353892377 -3.14375720206027 1.55004477376237 -2.01487986519515 -0.664634279402647 -0.478754906126536 1.43507753064378 4.57114828018434 -0.0160652054314649 -0.631810322878209 -0.5419827265041 -3.00082864953508 -0.00608818666196953 2.03620251134112
"108" -0.740570801813007 -5.42508873740947 6.74919855494107 -3.17598241374438 1.62220063728613 -1.78445357747922 -1.00363758215525 -1.19855343170981 1.49387510699066 4.33545137134298 0.0403055863025532 -0.372620342832079 -0.429019040816303 -3.38933236842329 0.0205715218447438 2.07215196468701
"109" -0.473509292076436 -5.39442217981765 7.25984217128224 -2.94009221643424 1.55899414375455 -1.51128097803902 -1.20730092377891 -1.72923862672338 1.42095895313478 3.90897241330688 0.0840242929459798 0.145149189015683 -0.293328640750959 -3.47463226436985 0.0483796479439604 1.57986180530679
"110" -0.176344013597943 -4.96966361774513 7.07350067088131 -2.4918453261466 1.36639060065873 -1.20487115494746 -1.26881549117674 -1.98299088432476 1.22648128635658 3.30503302705515 0.113807064805911 0.817412882034432 -0.145024188161198 -3.23873774320717 0.0621873735784959 0.665013550037429
"111" 0.114080904119351 -4.17604032183708 6.22368768874796 -1.89378427400896 1.06066631482553 -0.870392227265246 -1.1934162957076 -1.89211910628698 0.931138781329997 2.53871517605757 0.129833762664747 1.48882647341884 0.00374856003511326 -2.68972165961278 0.0430118716794823 -0.483160573767236
"112" 0.355796842393318 -3.0534955146075 4.768736304864 -1.18369996110147 0.664643193086409 -0.510756684109502 -0.992473587249449 -1.42249915557771 0.562302701886118 1.62707138858723 0.132585662552602 1.96917469083098 0.138978165484549 -1.85164906476181 -0.0297699147949686 -1.61409907641792
"113" 0.504152509253835 -1.65239633494483 2.77497685956651 -0.341973545472825 0.2053396408346 -0.128177579052956 -0.679984006998561 -0.595423489979073 0.15117895829772 0.590048202947123 0.12207645493727 2.04987713829041 0.245073073695949 -0.761340908362461 -0.175667838285221 -2.43361938720295
"114" 0.517621747297389 -0.0367321376705263 0.318874813739416 0.726095085471201 -0.28637881195439 0.273476480889201 -0.272823357091106 0.486973802620088 -0.268772558606937 -0.5446272094891 0.0977101193661785 1.53521264900508 0.306097188816771 0.526114992849681 -0.40801278577743 -2.63615666897658
"115" 0.374512585380016 1.69228454193775 -2.46315343722275 2.13767818426805 -0.772796370804605 0.682007597323878 0.200760493074549 1.6331720391699 -0.661927555549228 -1.72381138532165 0.0596978046145367 0.329207762408032 0.310831708879201 1.91703859057116 -0.722231088589126 -2.00632244065127
"116" 0.107843806350143 3.34145987248064 -5.24953234400187 3.83778953468268 -1.2024259891083 1.06279187241999 0.680311495938301 2.6080600205478 -0.989361897147995 -2.8313445080206 0.013123622016435 -1.38516667419503 0.264784443835223 3.24142361938904 -1.07467515537365 -0.644525374602608
"117" -0.164647168417217 4.5845544325489 -7.42649040720883 5.36783662094817 -1.50675027546924 1.34758902643331 1.05621018727813 3.23306094202428 -1.20967190944648 -3.6600897238494 -0.0279515121008771 -2.99383376547905 0.201813986161945 4.23282154597158 -1.36818410727776 0.821773297796653
"118" -0.282562113744349 5.05601674074333 -8.26791460283206 6.00434123094379 -1.61800364581328 1.45542562262299 1.20157116306118 3.44290387829465 -1.28774319966145 -3.97349087199979 -0.0447665507811763 -3.66883421596629 0.171931427534838 4.6067035161316 -1.48501380251034 1.46952358607928
"119" -0.16559962255619 4.58517041470047 -7.4273319303273 5.36717880192336 -1.50644226012389 1.34769989317683 1.05637628639122 3.23510317445596 -1.20938482561422 -3.66042569925767 -0.0279641073910692 -2.99756865122072 0.201067450121231 4.23338258795431 -1.36873441808126 0.825931833740015
"120" 0.106827359509181 3.3422018195846 -5.25041590303925 3.83538459391025 -1.20219196126369 1.06292795945133 0.68051010940804 2.61188291201017 -0.989103672594052 -2.83179887499444 0.0131274077785442 -1.38945404270282 0.264082287573498 3.24236264717457 -1.07541503169116 -0.640207270521159
"121" 0.374090703554025 1.69263549087221 -2.4633095556094 2.13423832257976 -0.772765134098674 0.682063893766369 0.200837562614373 1.63691504689095 -0.661851982742169 -1.72406079788976 0.0597275806400841 0.327225973336226 0.310602062587202 1.91779141338319 -0.722707483243084 -2.00489791214954
"122" 0.517525662609746 -0.0366067616746761 0.318872364294723 0.724355958428788 -0.286410098859196 0.273495471649923 -0.272798726849198 0.488712503100675 -0.268776804233876 -0.544727970075463 0.0977275508179503 1.53466680279541 0.306075474474937 0.526459841919772 -0.408195302723783 -2.63597938368684
"123" 0.504141983016055 -1.65237534683641 2.77498954423499 -0.342374981457908 0.205329225580339 -0.128174459810094 -0.679980967725247 -0.595041588975143 0.151174711816913 0.59002894100955 0.122080873113065 2.04979933918378 0.245076280066099 -0.761267579414762 -0.175703735149824 -2.43363383595101
"124" 0.355792803786676 -3.05349845924049 4.76874477745815 -1.1837434206586 0.66464472158747 -0.510757333378351 -0.992474494994235 -1.42246212235053 0.562304815841439 1.6270725200787 0.132586160659459 1.96916154072051 0.138976780348424 -1.85164462992487 -0.0297738143237325 -1.61409154551893
"125" 0.114073208196659 -4.17603957799449 6.22368660571921 -1.89379546743669 1.06066914047404 -0.870392093512848 -1.19341569580429 -1.89210664662273 0.931141908521191 2.53871462991219 0.129833724143557 1.48881927876562 0.00374406341267353 -2.68971716110191 0.0430105749820484 -0.483155075727836
"126" -0.176357216903464 -4.96966811063931 7.07350818695402 -2.4918705704815 1.36639609230793 -1.2048703378645 -1.26881650704963 -1.98297096478386 1.22648779994703 3.30503244687453 0.113807250021637 0.817409202554359 -0.145030369283234 -3.23873054038826 0.0621859879069859 0.665012952300913
"127" -0.473528174838732 -5.39444293033489 7.25987390265897 -2.94014082546568 1.55900454212785 -1.51128193627259 -1.20730619557507 -1.72921167027084 1.42097138041625 3.90897891149532 0.0840248308689304 0.14513550630204 -0.29333508205389 -3.47463087807784 0.0483773574443944 1.57987616353535
"128" -0.740585472975578 -5.42510491936915 6.74922156986169 -3.1760228925092 1.62220826394339 -1.78445531459305 -1.00364099931654 -1.19852836587918 1.49388454650111 4.33545794279103 0.040305861798311 -0.372636153173517 -0.429023390499838 -3.38933150832479 0.0205692550009076 2.07216850986651
"129" -0.947070562619247 -5.05822778777346 5.55955823857351 -3.14376558322576 1.55004476002666 -2.014879661755 -0.664632798083804 -0.478743300517902 1.43507825519629 4.57114693937422 -0.0160654298405536 -0.631810646888766 -0.541983667420331 -3.00082231380829 -0.00608857624902726 2.03619798452655
"130" -1.06920178799466 -4.32026330347222 3.79239620512699 -2.82175157387127 1.35138861432602 -2.18609913384603 -0.216498156099962 0.328050437502259 1.24928337654978 4.60433098118187 -0.0809293311688286 -0.597181661304489 -0.624241131584018 -2.36799784930481 -0.0222501807652122 1.47724315233768
"131" -1.08959299485445 -3.27355798174506 1.65769410034103 -2.24166118325454 1.05342274428662 -2.27270019535247 0.289330483250509 1.10781807947938 0.959314219911065 4.42484197363303 -0.146134622291605 -0.31515812310613 -0.669987497394754 -1.60301829163368 -0.0256730337803219 0.532320142699291
"132" -0.997502817992562 -2.01515153135801 -0.530930611663358 -1.49196975843122 0.70088040561868 -2.24106488639039 0.777511004927496 1.74047875190531 0.605416804246772 4.02445052721487 -0.199768601849108 0.0907697857782068 -0.675616841125423 -0.867611540590391 -0.0207776060778713 -0.538850276394896
"133" -0.790711518564185 -0.663289623732986 -2.41274050130335 -0.698346819004172 0.347978532550135 -2.05495951668463 1.16261016910486 2.11606949304752 0.238124123993755 3.39798543992568 -0.228746208939825 0.454017416649776 -0.639854315417784 -0.340126882257294 -0.0154152602235342 -1.41534252118572
"134" -0.478928385371763 0.667243080964987 -3.68330544601956 0.0162871115605867 0.0437066569189071 -1.68557388581961 1.37426955801254 2.16076807240542 -0.0947761825308229 2.545185486715 -0.223507518984556 0.625498598889294 -0.563973791932012 -0.155956132337595 -0.0152822327154922 -1.82403987291332
"135" -0.0865378547130824 1.89047344190693 -4.19790392080748 0.573480447755088 -0.183062703608064 -1.12175910503148 1.38226963586844 1.86114606915343 -0.361580503802756 1.47280398424306 -0.182580288601899 0.534122829712373 -0.451923821888748 -0.348983254101701 -0.0187728680310215 -1.64751104683455
"136" 0.348293567393597 2.96190358061084 -4.01441292654528 0.95933192379556 -0.330325900137541 -0.374880827862253 1.20669932427416 1.27115211911345 -0.553166555042182 0.196192690504667 -0.114124282820256 0.212829213009513 -0.310099330692568 -0.82997042314883 -0.0157388566296959 -0.968003508078937
"137" 0.779380215430214 3.8721142123007 -3.347504622138 1.21178496835071 -0.417634309570236 0.524349716766533 0.906353621044753 0.494846145073389 -0.679234805036914 -1.26003227650035 -0.0331590837314497 -0.225749659920893 -0.14665862462196 -1.4184668357438 0.00842989236051039 -0.0186949348124017
"138" 1.16097622911392 4.62800911665492 -2.46696033401984 1.38673665028807 -0.473042447154882 1.53394269219035 0.553465325793231 -0.345580009362553 -0.757892981960899 -2.86160571717691 0.0438471127168913 -0.645334346751383 0.02935716542998 -1.90829945595542 0.0656728547931209 0.923030649648013
"139" 1.45521722164309 5.23515926092894 -1.60342180607626 1.52614811325648 -0.520813420753995 2.60755395460781 0.21035437516751 -1.13890472458999 -0.805762544137993 -4.56331662101298 0.103885844054442 -0.937921958699121 0.208684517685853 -2.12872673367408 0.159127530484938 1.63397787181179
"140" 1.63638878972931 5.68982953046184 -0.900978332286055 1.64288933603186 -0.575199209215402 3.69651907497801 -0.0823334314179789 -1.8004609660377 -0.833130481349505 -6.30608401915156 0.139858790478383 -1.04926740045426 0.382051467527271 -1.97796787674482 0.280605636181718 1.99398976997884
"141" 1.69208276140909 5.9808736201219 -0.416983597522883 1.72274103742049 -0.640351875256177 4.74688745509564 -0.305714927032257 -2.27435517073498 -0.844204824092774 -8.0122802886677 0.150522101725768 -0.977609080434945 0.539968724360893 -1.42919698523911 0.411907652508688 1.98469071586965
"142" 1.62258809634937 6.09673551863231 -0.146480367829543 1.73532303697183 -0.713315926600114 5.69329403675003 -0.456642818740986 -2.5286359317847 -0.839903033026465 -9.57922137492941 0.139033686133446 -0.75844957430968 0.672236365681496 -0.522967175803982 0.528612751053629 1.66180478028241
"143" 1.43991519742254 6.03335557161933 -0.0496680266883907 1.6460323331832 -0.787240226404379 6.45129617696158 -0.540875384013246 -2.54940360183787 -0.820797494396907 -10.8705958694997 0.111225392552328 -0.447716835280175 0.76729237560123 0.64031339815618 0.604793619010763 1.12397361467731
"144" 1.16720280718722 5.80154917466616 -0.0722390597480889 1.42525967822425 -0.853506696222528 6.90927846216657 -0.567997844396587 -2.33678476280806 -0.789173306820665 -11.7062986758044 0.0742026928229027 -0.10907692885155 0.811475760502896 1.90132942132158 0.617718770442224 0.489041628699624
"145" 0.838332518906459 5.43466507260714 -0.157668839601847 1.05442676335608 -0.90263218571511 6.92311832035545 -0.548492575494745 -1.90323113100055 -0.750111848318012 -11.8555306247441 0.0354570700977739 0.194480029675105 0.788226792850942 3.03770141771679 0.55216048288807 -0.121514620026232
"146" 0.496153922718932 4.9986251694699 -0.255066660652497 0.530007555743069 -0.924183081968623 6.32656152513438 -0.492622205149767 -1.27396525333403 -0.711738104908458 -11.0535395204253 0.00254269726721823 0.408344864493188 0.677401309333453 3.76760364571415 0.404185613604199 -0.595802748894926
"147" 0.185141116185804 4.60355332220797 -0.327576362755227 -0.13263878454093 -0.906122165855472 4.9852628789042 -0.410830546565426 -0.489679787860595 -0.684146294572837 -9.08547801266997 -0.0167720379393348 0.49882298995476 0.455922123900924 3.791819698584 0.18409630218423 -0.851987217624583
"148" -0.0653191508159434 4.40177756481998 -0.362956041143105 -0.894771378591884 -0.834883492426393 2.90740406564923 -0.314931758671196 0.389714528750876 -0.675817239451696 -5.9570446831544 -0.014650156152161 0.470987504842583 0.102864992470728 2.90376037081459 -0.0828468221527885 -0.869220613969446
"149" -0.255935392152994 4.54215657248832 -0.377304770221528 -1.69147306100776 -0.698435184050681 0.333188095889643 -0.218059476050159 1.28449640442578 -0.689185869287385 -2.03084137066057 0.0147196231517839 0.376182244305028 -0.389625225299696 1.12042584984475 -0.359228457537199 -0.706957080074062
"150" -0.410460786165299 5.06755081235273 -0.398875681815861 -2.42590818142277 -0.4958066475198 -2.28745938187218 -0.132919240960698 2.09164163996666 -0.718498251579134 2.01096375151857 0.0698305763885134 0.288484160747657 -0.994295218448608 -1.25022574883777 -0.59918212966366 -0.479985491645834
"151" -0.564058849408285 5.88777060688351 -0.441538387344417 -3.03258405823119 -0.227300460213546 -4.66709949525162 -0.0627160702054583 2.7528213812616 -0.753707509051813 5.74224062523636 0.143124664678064 0.251433926978734 -1.68589197786505 -3.89875281767545 -0.773800025113701 -0.27197626207942
"152" -0.733285321634101 6.77432091828031 -0.491320563872105 -3.43365677162836 0.0910906657461252 -6.59557627849072 -0.00803813491150596 3.20001685668871 -0.782041603171213 8.86012294658933 0.219480165868289 0.263575894870314 -2.40416279317639 -6.4787885784188 -0.857309025628325 -0.111505013606688
"153" -0.922292722662595 7.46651639734855 -0.519371032429824 -3.58038145642261 0.437008050856423 -7.99538663140463 0.0335071317076858 3.39409562205373 -0.791746843921359 11.263854602781 0.283507200762713 0.293204884972852 -3.08814496368597 -8.72240741262167 -0.839588131023476 0.0182560171450632
"154" -1.13573919317281 7.73534404082209 -0.501780105289935 -3.4461052821451 0.782480545806633 -8.7611780666682 0.0631101797060944 3.31383896949373 -0.771497116994793 12.8023447666252 0.322922431453683 0.31180395385411 -3.67424781983992 -10.3438180520385 -0.723247830462554 0.132590503074198
"155" -1.38539832778977 7.40463173412857 -0.428396869666571 -3.02790449882539 1.09432812523277 -8.72188971903258 0.0804247890515386 2.95810555504507 -0.710422696624541 13.2123034617397 0.329561519908819 0.307229414503126 -4.09544749813387 -11.0131461195522 -0.523921630272639 0.225683921420682
"156" -1.67634429980852 6.36208927116665 -0.301924625805899 -2.35141583289004 1.33243529468776 -7.70762457647952 0.0849701381175292 2.35188973566748 -0.602310846537302 12.2183658597465 0.299540932081385 0.279899739843472 -4.28383157000217 -10.4238245197029 -0.269696351490026 0.277739742467929
"157" -1.98759713540338 4.58905464268683 -0.135136755510638 -1.47524312021676 1.45073760057946 -5.65224293847433 0.0774093057474357 1.5509924095713 -0.451610739090487 9.68822101336551 0.234053542190803 0.236175558231707 -4.17868968139446 -8.41507819926538 0.00237506266573462 0.269209365045754
"158" -2.26331061182667 2.20172125682534 0.0515171218698924 -0.490629714504024 1.40410192565792 -2.6868031683105 0.0601610406609212 0.641408240078626 -0.277100852656184 5.77494974659943 0.140470441975407 0.183893721285358 -3.73763492161312 -5.10121697754836 0.25301523438668 0.193113974970743
"159" -2.40867883847551 -0.525516214460495 0.232639154231466 0.486065049463065 1.15690481507467 0.808762255448357 0.0374010338901125 -0.268331289101967 -0.113294864488022 0.998486631707244 0.0326195960261417 0.129510405835845 -2.9495030992888 -0.952413450908058 0.448925939782541 0.0630231180090277
"160" -2.30146484226049 -3.1836553431552 0.381754582943598 1.32888689784123 0.692511852885437 4.23374479937096 0.0144841443950696 -1.06190404592576 -0.00531926984567388 -3.79048729748979 -0.0708121329821072 0.076421338865714 -1.84449078790221 3.23671783008508 0.569317784665031 -0.0861120702408016
"161" -1.82954770069248 -5.31424478171628 0.47624337656948 1.92445040782798 0.0229951576420004 6.8980359225328 -0.00318253868058349 -1.63532233179483 0.0062322340590597 -7.60003246178587 -0.150175837057849 0.0247991574011053 -0.496085591123848 6.52913957288624 0.607931852183171 -0.206734393076317
"162" -0.941773591446381 -6.54090893917106 0.502297556053989 2.19564140415751 -0.806308992435782 8.22979403275178 -0.0115380517817756 -1.91793284348721 -0.0928756538902009 -9.60068935933763 -0.19024229351781 -0.0270239087521986 0.99034269133894 8.14000507993136 0.569718904807203 -0.25542687271718
"163" 0.319240024395755 -6.69519001012036 0.458362762270097 2.11847663029783 -1.72458186570436 7.96710641256948 -0.00892639968389952 -1.88746286974522 -0.27082944326285 -9.40705060754627 -0.184838090555201 -0.0806779537803664 2.50783986235642 7.70831381551565 0.464321551521749 -0.209739539947918
"164" 1.81853980785089 -5.87151965706248 0.355277837447522 1.72576396782023 -2.64436151607396 6.23370065467353 0.0036165605168712 -1.57357230273117 -0.440205632512341 -7.19142427572194 -0.138462117141969 -0.137357877886643 3.97749115001722 5.40218613511174 0.300662498162325 -0.0749509707309244
"165" 3.30661247772956 -4.37005849025252 0.21127095422862 1.10122333070001 -3.401047268314 3.49904744965415 0.0221454083140626 -1.05077538677666 -0.468185338523812 -3.63622079025025 -0.0649908938833148 -0.197289512106181 5.27178391913434 1.87215953673573 0.0901711481508016 0.11818736347459
"166" 4.38109885163035 -2.60079321581771 0.0430004787468228 0.377700888393704 -3.6020192022095 0.570256373763586 0.0388440600737301 -0.433464841985884 -0.267545993054668 0.0678181580448864 0.0131687074935538 -0.23916112939105 5.97800915562646 -1.73033479116377 -0.136430775891085 0.288801311820293
"167" 4.62909640334666 -1.05502644894379 -0.137084732123565 -0.260045523459581 -2.68724656789075 -1.41790610972848 0.0430676242712105 0.12141384929371 0.0216816904527439 2.27511535031478 0.0667975588755851 -0.192519405013172 5.37306384407229 -3.78244459851472 -0.316076527468766 0.275552936495046
"168" 3.97326617295491 -0.160981418782605 -0.299251174589926 -0.615223148612841 -0.664014834184755 -1.62419767765513 0.0299802317998266 0.44718891055112 0.0778517053750343 1.90733252226205 0.0757143810802496 -0.0184312049001392 3.2424071289964 -3.21646924840114 -0.38246758682692 -0.00422541123180054
"169" 2.74886628154592 0.0519882976338408 -0.363693904868208 -0.603726992612124 1.2119246283236 -0.560705721417378 0.00954518363223222 0.468449091061441 -0.143333421630038 0.0221467459448341 0.0494086749101985 0.166256810845653 0.76391629174802 -1.05119071309703 -0.318888410744023 -0.327510606194096
"170" 1.7876631852858 0.0186389356762007 -0.307947725724583 -0.440277134206397 1.59431165416495 0.0754229633116346 8.46491514412406e-05 0.349152272084764 -0.245529720305274 -0.82676893891248 0.0271188352080483 0.200093832493053 -0.241988082297339 0.0834439699578708 -0.223022650785467 -0.383226428213447
