"V1" "V2" "V3" "V4" "V5" "V6" "V7" "V8" "V9" "V10" "V11" "V12" "V13" "V14" "V15" "V16"
"1" -0.164023256819781 1.04235449481843 -0.290235666934063 -0.412191092453572 2.02694894882727 -1.78231697169142 -0.0108518112414351 0.285740032618523 1.52192039209592 1.06683645543046 0.0319786871764172 0.0916793198472305 -0.485572523301792 -0.801636063838481 -0.521078365646723 0.0107102959925953
"2" -0.060032709461145 1.1808818856127 -0.361875931304043 -0.499825241481105 2.40854553481615 -2.13544536424987 -0.00936521310142124 0.347991599895217 1.83632181700486 1.28968214644384 0.0428507557643973 0.11295174007418 -0.450606580338681 -1.03316279935828 -0.647081413323946 0.0134697488213078
"3" 0.131901413798742 1.10311953982903 -0.394742981689568 -0.526460023262693 2.50193576314691 -2.21406385749114 -0.00468144170434082 0.366246847382859 1.96179859062768 1.34520768408028 0.0502200516057929 0.119733699324229 -0.270150338319961 -1.18238770225534 -0.704114334033832 0.0144172626658019
"4" 0.298592050256835 0.892294551430894 -0.385076475215804 -0.497436366282422 2.37122548624104 -2.0585214236732 -2.16784599147424e-05 0.343453878727003 1.9195817663682 1.24640475915289 0.0513015353520574 0.111995429871769 -0.0646989407619616 -1.2070989113311 -0.686318072853652 0.0129549733148906
"5" 0.524274350383026 0.386273621681021 -0.320711337222532 -0.386990490145813 1.95080917193032 -1.53434642851256 0.00678218696083333 0.25778036966388 1.69791571889218 0.889910685517101 0.0448213948906293 0.0811946406950028 0.283554260683534 -1.09940210182956 -0.570945036570023 0.00613292032113577
"6" 0.67114292030633 -0.299878931717419 -0.203469623561034 -0.208141389918943 1.3608997997138 -0.708705479059057 0.0116994194781026 0.118053667248718 1.34651662810089 0.296140615385772 0.0281656280563034 0.0293591411049192 0.61451279555304 -0.818006029202715 -0.359199564305712 -0.0079338290441342
"7" 0.683838495764086 -1.05488652184848 -0.0520152385639037 0.010941406715645 0.739537612648131 0.298133209910837 0.0132276765088655 -0.0536870518220756 0.941871318986142 -0.460125343600573 0.00329471412469662 -0.0352740487680876 0.83544978655827 -0.395460021556062 -0.0814852041968948 -0.0293059023326805
"8" 0.545225839705348 -1.74786288458743 0.10684882240416 0.232725943198041 0.201752727842964 1.32161596046563 0.0116281054942604 -0.225648029335721 0.547698248105631 -1.24383998841097 -0.0246179548352758 -0.0993708604418089 0.884025045993601 0.0893265321973535 0.215095171315724 -0.0548049391916834
"9" 0.278255756004542 -2.25391689282207 0.244126359461712 0.417311469975516 -0.187250774872079 2.18037254797099 0.00897252009116123 -0.362275971123717 0.202897198985089 -1.87794135463466 -0.0481540824746975 -0.147195887611559 0.742833737065682 0.522636862698723 0.475540422413985 -0.077828048292929
"10" -0.0661007983440571 -2.47615275512661 0.334634759844974 0.52982689959186 -0.415210748338843 2.71060645725758 0.00834234881899132 -0.43147314363523 -0.0786637245942239 -2.1826618451208 -0.0595703009061577 -0.164272971273533 0.436557839534246 0.783849082109698 0.648162445620301 -0.0899129464560815
"11" -0.427176007242797 -2.36118637695239 0.361673730749381 0.546883022419117 -0.508835134936246 2.80100639284175 0.0125715267154924 -0.411369956603599 -0.301245351591891 -2.02519822390412 -0.0530149694948685 -0.140921279718981 0.0175201753407119 0.781198011632999 0.69547693727273 -0.0835585533502581
"12" -0.751320398154558 -1.90645643489745 0.319560087007265 0.460590138240754 -0.513314151275311 2.41776916561578 0.0230917715593884 -0.294883913719995 -0.477940434014118 -1.36090972324242 -0.0262701312646625 -0.0746368467779632 -0.451725867688725 0.481428601158567 0.601809107913894 -0.0550549573591184
"13" -1.00211806183246 -1.1589322602222 0.213960274238682 0.279351573397868 -0.474472608887122 1.61139057128212 0.0393170001594338 -0.0910474138903403 -0.622535177391455 -0.249868764409587 0.0185075194452278 0.0292027160301984 -0.912154547713599 -0.078348050046722 0.375892724325375 -0.00605352457648678
"14" -1.16310644977664 -0.2060802266703 0.0603947277048125 0.0256059278514797 -0.428085921656907 0.503229604925829 0.058722095763406 0.1768982038275 -0.744459269028652 1.15677008131978 0.0751601503088573 0.158261390628326 -1.3159838889356 -0.800261792238838 0.0484179185546978 0.0567383109882371
"15" -1.23487241033342 0.838846851394063 -0.118584648738322 -0.268649487917024 -0.396323562732109 -0.743477037342361 0.0775087390601237 0.47591950289078 -0.847151824304028 2.65448280492162 0.134772361883809 0.295387074116775 -1.62934004143944 -1.55174834733234 -0.334295718884299 0.123462868300521
"16" -1.22944956678718 1.85405136049391 -0.297017222282087 -0.567430026494669 -0.388889930208461 -1.95942127548285 0.0916066432966272 0.769030369516449 -0.929012132463837 4.03399279028342 0.187344276430243 0.421406199212697 -1.83205550613218 -2.19801696674492 -0.718726888680116 0.183733886095183
"17" -1.16454833585283 2.72529453817691 -0.449389438830957 -0.836241689722748 -0.406228524741579 -3.00245648814809 0.0977308294505517 1.02133360190254 -0.985613534586 5.12651968395045 0.223425432532969 0.517959200451401 -1.91629667657272 -2.63059320965668 -1.0527781278535 0.228988754234933
"18" -1.05912393284045 3.35776588806011 -0.554159795415081 -1.04642099956126 -0.443040924362637 -3.7808048147268 0.0942553871673373 1.20511903887842 -1.01199025060684 5.83462829086606 0.235350484690596 0.569843779336139 -1.88472428086294 -2.78476796062905 -1.29294784770733 0.253867415210266
"19" -0.930763843666036 3.6823711240337 -0.596505779894231 -1.1776736963747 -0.49132259367107 -4.26212966143478 0.0817248997919018 1.30316677316817 -1.00429748757699 6.14286051422324 0.217918841157309 0.566563053966775 -1.74826321546889 -2.64338458430603 -1.40897530057175 0.256333506117585
"20" -0.794637492123095 3.65733713586329 -0.570041910047741 -1.21868670411082 -0.542687388310915 -4.46809182662173 0.0628882075960955 1.30984814459728 -0.960679174597465 6.10781742888666 0.168583019639239 0.503086419213986 -1.52350678040016 -2.2288269895977 -1.38564666404828 0.236660925470289
"21" -0.663366006414674 3.2676175419411 -0.477439683905031 -1.16620551996484 -0.589963390890518 -4.4574235173813 0.0422181639978407 1.23009985463666 -0.881542092440753 5.83220927775341 0.0873714611855636 0.380070700076232 -1.23004391565603 -1.58818100882711 -1.22219542786362 0.195756049040597
"22" -0.547135445620735 2.52459148185763 -0.329980028772351 -1.02330948453662 -0.628084069997817 -4.30315452402266 0.0249930557990417 1.0767832593049 -0.769557178461813 5.4310718722316 -0.0231944493853691 0.203832873274251 -0.88820776988895 -0.777631284928306 -0.930262920651273 0.133530242160248
"23" -0.453624212780144 1.46696866910223 -0.146087834033141 -0.797700170174046 -0.654331626541865 -4.07086490302338 0.0161444852415298 0.867256585318449 -0.629621645327948 5.00015584564917 -0.158033371897214 -0.0137907140391746 -0.517672165498301 0.148882580714464 -0.531552887685322 0.0480881989906266
"24" -0.388145295704406 0.174507534685262 0.049296039340911 -0.503651245525141 -0.668009131150554 -3.80668748571252 0.0190781806924778 0.622475582906635 -0.470374072925159 4.59907523148647 -0.307877007707564 -0.253518960136773 -0.140464657044677 1.13501226083424 -0.0606892268798731 -0.0625706002878701
"25" -0.350922576479569 -1.29546811975989 0.236636066386648 -0.147414056214842 -0.670301789471167 -3.52125833790094 0.0353287183519662 0.353113091531911 -0.296630820646074 4.23014739543301 -0.466037082347473 -0.500363044800878 0.235751218906415 2.16564770646873 0.457735521465679 -0.204099660957013
"26" -0.341469703154674 -2.80672031917036 0.389625104949092 0.247541039639664 -0.663005893656392 -3.217148546712 0.0638312923098208 0.0784745962012039 -0.122070876060026 3.88007254106641 -0.616265496268658 -0.725408829563122 0.587484296244596 3.18344435095595 0.970166936499481 -0.373635861602793
"27" -0.354701894537919 -4.23291646845131 0.490875814119628 0.65723018689058 -0.649116651491186 -2.88527771228189 0.101243941251515 -0.188366155558152 0.0410118125997386 3.51598878683106 -0.742356773900037 -0.902432120513311 0.898441935515815 4.14442229080354 1.42250960900235 -0.563130087966101
"28" -0.38311098080903 -5.4509991577064 0.531184802873748 1.05246179247724 -0.632333231925586 -2.52214406345145 0.142629182830951 -0.435974283894945 0.180079576395622 3.1137218551537 -0.826705454935646 -1.00631030445481 1.15370666873011 5.00063271631887 1.75369747387909 -0.755765920958424
"29" -0.418009850806278 -6.35387213230154 0.510543642425567 1.39971654570402 -0.616843276331185 -2.13768025054809 0.182203643421631 -0.653759397665075 0.283453312511655 2.67097249499097 -0.851759713072783 -1.01545203469112 1.34058011404214 5.70264687045652 1.89904517046352 -0.926164087496375
"30" -0.450855214815482 -6.86039493118549 0.437535846008814 1.66362378854824 -0.606839192999709 -1.75567606742183 0.214051733487462 -0.83164296107218 0.341531766098992 2.20911471385961 -0.801979040328126 -0.914272799889545 1.44953929332047 6.20456863889872 1.79701413388082 -1.04323001806171
"31" -0.474300844469029 -6.92231598325852 0.327394596621774 1.81110940701218 -0.605645783530568 -1.4078363863474 0.23276355061375 -0.960422482071504 0.348085322708347 1.76537356970764 -0.666320432187039 -0.69580874050763 1.47512202050397 6.46952203441848 1.39977759495157 -1.07549796497199
"32" -0.48281572925675 -6.52888044526969 0.199198586675017 1.81687329701717 -0.614488547855992 -1.12465570506929 0.234042507554327 -1.03273945695157 0.301597517803311 1.38029621539698 -0.44117226792514 -0.364538488682967 1.41664678030769 6.47364349457653 0.686938769373626 -0.998242061593601
"33" -0.472910504522399 -5.70982568909418 0.0727213467704573 1.66938120771868 -0.631110126478408 -0.926535230683831 0.215322530491338 -1.04432384912348 0.206549676414806 1.08561915795242 -0.133399575334704 0.0608171567144495 1.27872075414744 6.207568561497 -0.319649155984777 -0.801126371521718
"34" -0.443110967825355 -4.53652707425352 -0.0345885906457326 1.37606541146778 -0.648623641778378 -0.817567803467364 0.176351142633783 -0.995081172258308 0.0743614914641436 0.89586751552925 0.237199506587338 0.54523615926206 1.07146030592722 5.67566155221985 -1.54362641143641 -0.494698358634423
"35" -0.393798673952884 -3.1198438869735 -0.110073308488253 0.966063960270859 -0.655124661667801 -0.783194000725537 0.11959385018179 -0.889584161978417 -0.0764935293276501 0.804955371463288 0.637048196748811 1.03723719329594 0.810281140194609 4.8941102936433 -2.84937330411675 -0.113676105997513
"36" -0.326981259591702 -1.60257767659057 -0.147424459049299 0.488852958683857 -0.634580748840278 -0.792043192963691 0.0502645597397513 -0.736621846665907 -0.221731613072218 0.78766391706943 1.0206302041346 1.47188379072622 0.515086203198385 3.88918227156908 -4.04973071274274 0.28495154517924
"37" -0.246014404409382 -0.145060559726623 -0.147104741079657 0.00780684144176291 -0.569292176470665 -0.801647298251915 -0.0241712242699981 -0.547674811611721 -0.334185336155642 0.805163368467397 1.33566601840206 1.7777409821141 0.208744527621901 2.69652810632759 -4.92910439999645 0.630137491414359
"38" -0.155283639562587 1.09565220997021 -0.115594646573637 -0.410894311760046 -0.443756737047366 -0.767077343032785 -0.0950386066521087 -0.334539713230299 -0.388254183534467 0.813308645591295 1.53135708391673 1.88751473731634 -0.0850797331969542 1.36170031171973 -5.28059453978035 0.850697825591681
"39" -0.0598572876405079 1.98984310640537 -0.06366847073215 -0.711851901585163 -0.249196647501563 -0.650836878774173 -0.153875702456686 -0.106744616462722 -0.365103335237392 0.772027321928796 1.5682561395917 1.75075020488237 -0.34447054997533 -0.0586967667270017 -4.9504315866313 0.892167195895581
"40" 0.0348696518925111 2.4571203586484 -0.00412100267874216 -0.862979558051521 0.0124444520296609 -0.431796462667537 -0.193914898081662 0.130291313187779 -0.257346029361303 0.65381896447543 1.42738367780498 1.345870171689 -0.551717617824075 -1.49633484757572 -3.878740852506 0.732091694948167
"41" 0.123514647620978 2.48050867500737 0.0505250731778961 -0.863126407507806 0.326301934868671 -0.110941980761572 -0.211247200387065 0.375386484794531 -0.071851528738781 0.449469635600984 1.11600988446682 0.688569717477719 -0.695181684929724 -2.87215669272154 -2.12479539052062 0.388936755577106
"42" 0.201004462272774 2.10854422105403 0.0898506708592155 -0.74208531462213 0.665046137098844 0.287561204619552 -0.205375800807626 0.629427129963258 0.170257278430031 0.169730460980308 0.668287154833378 -0.165602651571135 -0.770189192915588 -4.09979601572487 0.131510067366634 -0.0787063297767645
"43" 0.262813284136863 1.44469749914049 0.106620309885743 -0.552551934221725 0.992080667542601 0.720187087418005 -0.179055048662313 0.891015974230497 0.43654264439983 -0.157203518187028 0.140418047855748 -1.12503788147507 -0.778844573309837 -5.0914030941047 2.61330183400784 -0.58301681367459
"44" 0.305141944305486 0.627149442698109 0.0970722422902348 -0.356133390142048 1.26675708466234 1.13158734093679 -0.137528449965409 1.15088029819378 0.688390902257826 -0.491448455510568 -0.398344446535845 -2.07113615831855 -0.728942986350351 -5.7650937597888 4.989413457068 -1.02516917602668
"45" 0.325059166700186 -0.195655971274856 0.0605962871837011 -0.207327707946931 1.4503814209328 1.46384098169795 -0.0874315869736897 1.38671064468398 0.887075578404797 -0.788752461971253 -0.876540214248646 -2.87069388880411 -0.632361130634509 -6.0528768777081 6.92537029081488 -1.31595784999456
"46" 0.320648956774293 -0.888073376200513 -0.000911828261237702 -0.139935906606823 1.51180313655929 1.66541139962771 -0.0356569023399151 1.5606037971492 0.999463171108633 -1.0077087063562 -1.23082113248193 -3.39004090336078 -0.50332376110476 -5.90815134480324 8.13182888188115 -1.39351625813845
"47" 0.291226049725474 -1.3451320863482 -0.0837368911932366 -0.159645115305878 1.43183851810719 1.69855348132632 0.0116056677227077 1.6214460518596 1.00254447973122 -1.11579586987515 -1.4142083746952 -3.51072320764644 -0.356806341355464 -5.31254778010734 8.40356139800579 -1.2341305036764
"48" 0.237676618470193 -1.50406391452413 -0.182876447069663 -0.244906008815263 1.20638453542288 1.54490348557599 0.0495726018042006 1.51411429537586 0.886601685687526 -1.09399919310713 -1.40189818215471 -3.14776527216696 -0.2071422768249 -4.28250758835894 7.6473932045306 -0.854398775337359
"49" 0.162928758407816 -1.35030803292889 -0.292343517271121 -0.356068139546323 0.848434694350174 1.2095695913241 0.0753393865566192 1.19577694120602 0.657219168969483 -0.940267838143175 -1.19497912225415 -2.27114654391579 -0.0667883871609654 -2.8758581730941 5.90079514309991 -0.305299430726109
"50" 0.0724427615547647 -0.919127413886336 -0.40528377235956 -0.450273081868147 0.389041515003196 0.723771509961514 0.088162675866486 0.656497369209994 0.33624570779254 -0.671881774333823 -0.822295471382267 -0.928065937788233 0.0547592147502236 -1.1973236371537 3.3417803621486 0.339509263595119
"51" -0.0255348033880685 -0.292613773466428 -0.514056971575997 -0.497311700605422 -0.123376804276058 0.145039505559502 0.0895255650087323 -0.062574041863023 -0.0387409781169481 -0.325995965702255 -0.33975535028558 0.741482464798196 0.151759117280827 0.600268688807785 0.28579572377231 0.99787555764533
"52" -0.120298566173107 0.40989802825554 -0.610497386756027 -0.490498682379766 -0.626639474908937 -0.447040088325618 0.0828750046492015 -0.862771519069515 -0.417497837970457 0.0431762867395804 0.174609182974997 2.50729680489542 0.222464275943437 2.32401338987871 -2.83972276601838 1.59241524627851
"53" -0.199863254356141 1.05013636928086 -0.686533745385372 -0.447705181272354 -1.05245901573174 -0.961366918783046 0.0729148146088381 -1.60116683939987 -0.743677932324009 0.371950454471559 0.6314366555454 4.0797414189035 0.268551029652258 3.76234169876686 -5.5517566542606 2.06010388275502
"54" -0.25297466274923 1.49731282044607 -0.735181772723408 -0.401399395954613 -1.33792303503118 -1.3118905103072 0.0644702086465898 -2.12448503328351 -0.964721776569017 0.599331177468443 0.946409926158132 5.16920282049205 0.293665295814579 4.71949987711315 -7.39762578261261 2.35687015767496
"55" -0.271511216075561 1.65736746910647 -0.751687080283162 -0.381771565726808 -1.43838937223339 -1.43659640528788 0.0611691780872299 -2.31426768412969 -1.04303656220525 0.681024696569501 1.05882501668575 5.55982482684965 0.301380517106807 5.05571897934095 -8.05255972537 2.45778580903607
"56" -0.25249376331311 1.49617075824538 -0.734435096321871 -0.401073315296529 -1.33775479271295 -1.3128078058689 0.0643689766321156 -2.12574959049067 -0.964963306983133 0.600730748144727 0.946536498394401 5.17134264108256 0.293291140863722 4.72006774673182 -7.39826206383194 2.3551706797067
"57" -0.198907954583795 1.04829587786243 -0.685268270411001 -0.447256004480181 -1.05231502234244 -0.963042612542328 0.0727396239779772 -1.60324620226035 -0.744190000017797 0.374461360819325 0.631692176278376 4.08336223673405 0.268124391681916 3.76324739551545 -5.55305594177096 2.05736779392953
"58" -0.11895641677861 0.407988107616632 -0.609071079906151 -0.490237504603499 -0.626736594770094 -0.449133612401685 0.0826720243727586 -0.864945470158922 -0.418268363696372 0.0462368684579744 0.174969311900089 2.51137596670389 0.22236676933387 2.32495118536465 -2.84157491302821 1.5895508606061
"59" -0.0240213491278558 -0.294111378495188 -0.512802964489524 -0.49745014400186 -0.123776528950569 0.142981888918865 0.0893419096037027 -0.0642144322303793 -0.0396593538340074 -0.323069299662105 -0.339356727838979 0.745095484692229 0.152142351369694 0.601026712740019 0.2837303961619 0.995535245113956
"60" 0.0738455304154586 -0.920055073797002 -0.404383792847966 -0.450757935847562 0.388466845416664 0.722133569666401 0.0880271553983354 0.65560674309296 0.335360642160654 -0.669617291437845 -0.82194044194371 -0.925388552465961 0.055470513499225 -1.19680630076552 3.33994024186231 0.337867996728619
"61" 0.164003608210238 -1.3507721320676 -0.291804428531588 -0.356648042808203 0.84788425390614 1.20850772487279 0.0752558085307573 1.19544822181973 0.656524960289957 -0.938841525152259 -1.19472280068972 -2.26939236767646 -0.0660410988107643 -2.8755448532223 5.89948274638886 -0.306405664125691
"62" 0.238358513294579 -1.50425751775566 -0.182601227486458 -0.245354464118108 1.20599073384023 1.54434494866639 0.0495284118394022 1.51403659626452 0.886158137583705 -1.0932701454448 -1.4017488473888 -3.14668185283108 -0.206575458454259 -4.28233818538398 7.64665699338016 -0.855194311067862
"63" 0.291584331023538 -1.34520481510967 -0.083613829154082 -0.159895418518559 1.43162069986249 1.69831885319084 0.0115850998756493 1.62142264765336 1.00231499557686 -1.11549721708823 -1.4141403984469 -3.51006484383561 -0.356474065425026 -5.31247264963502 8.4032589605473 -1.23473469881651
"64" 0.320804902787135 -0.888102006130154 -0.000862118999425121 -0.140042172108991 1.5117101134547 1.6653366735874 -0.0356654156479479 1.56058084871426 0.999368881294544 -1.00761425716405 -1.23079999137033 -3.38965477358954 -0.503168689215011 -5.90813213144814 8.13176581324406 -1.39395270585555
"65" 0.32511544596859 -0.195669667696272 0.0606148177634047 -0.207365262905384 1.45035215287824 1.46382679119289 -0.0874346120821938 1.38669395522758 0.887046491060027 -0.788732712794793 -0.876539177419026 -2.87048907223681 -0.632302137659725 -6.05288321162255 6.92539792079822 -1.31623288341814
"66" 0.305158742087989 0.627141480444987 0.0970786549718632 -0.356147278876762 1.26675156469838 1.13158961984492 -0.137529267670816 1.15087507427391 0.688385425049647 -0.491449033330259 -0.398348700596667 -2.07104417265481 -0.728923654547132 -5.76510523720198 4.98945384557852 -1.02531439963548
"67" 0.262817227156654 1.44469230403665 0.106622462717111 -0.552558733018643 0.992080968927475 0.720191422747925 -0.179055159125151 0.891017692700897 0.436542864264284 -0.157207464086817 0.140414317594612 -1.12500480451769 -0.778837936977726 -5.09141053806364 2.61332911939979 -0.583080135296314
"68" 0.201004839966131 2.10854063865676 0.0898515627600975 -0.742089250170707 0.665046764619516 0.287564506066301 -0.205375788815489 0.629430247533699 0.170257778549754 0.169726892296424 0.668285081685612 -0.165593809061363 -0.770185675961758 -4.0997983705757 0.131523331242192 -0.0787290066535888
"69" 0.123514185395714 2.48050624748155 0.0505256828875105 -0.863128653576723 0.326302035685919 -0.110939649551339 -0.211247232754308 0.375388620452517 -0.0718515653091738 0.449466701158691 1.11600900152646 0.688571122031703 -0.695178799546984 -2.87215612901185 -2.12479039678651 0.388930107263263
"70" 0.034869179493322 2.45711905515002 -0.0041204141109823 -0.862980712048895 0.0124442732401232 -0.431793938956604 -0.193915032488792 0.130292171915988 -0.25734633712296 0.653815355898907 1.427383370764 1.34587007692738 -0.551715025901586 -1.49633329058162 -3.8787392082322 0.732090025023012
"71" -0.0598572058178286 1.98984355827733 -0.0636675836394325 -0.71185208636588 -0.249196737617113 -0.650830128415228 -0.15387616940047 -0.106745325314641 -0.365103615274782 0.772017210210347 1.56825601727166 1.75075000813115 -0.344468073089998 -0.0586941847844855 -4.95043000755402 0.892166352960885
"72" -0.155281496808593 1.09565716062477 -0.11559195991917 -0.410892478315091 -0.443756056611149 -0.767050469855032 -0.0950404732703412 -0.334544771738376 -0.388254254495013 0.813268185697531 1.53135684604418 1.88751437669572 -0.0850758675702625 1.36170849665979 -5.28058852773248 0.850695376246506
"73" -0.24600430260842 -0.145041214167719 -0.147094239570853 0.00781595611747576 -0.569288157894861 -0.801539936848336 -0.0241786400064554 -0.547696431351717 -0.334185234486946 0.805001648760403 1.33566497035815 1.77773918972645 0.208755861035865 2.69656133445856 -4.92907990781637 0.630128343451076
"74" -0.326941161335464 -1.60251122920036 -0.14738514466565 0.488890525710694 -0.634563370810941 -0.791644442404847 0.0502371205651935 -0.736705109058716 -0.221732527177518 0.787063018891002 1.02062585104365 1.47187495632477 0.515125343656083 3.88931049559712 -4.04963919597321 0.284920450149968
"75" -0.393654691795825 -3.1196296111051 -0.10993921986644 0.966205283835393 -0.65506050423984 -0.781834188800959 0.119500552993656 -0.889878573870224 -0.0765005437252799 0.802904890897906 0.637032065569172 1.03719992973021 0.810411064591876 4.89455792100654 -2.84905954601484 -0.113772153657351
"76" -0.44264390270247 -4.53587688258211 -0.0341706366504866 1.37654611550441 -0.648420358243726 -0.813321841672103 0.176060001059312 -0.996032937374022 0.0743383972867633 0.889459785592477 0.237145966349709 0.545099992292933 1.07186580992619 5.67707015098378 -1.5426399451439 -0.494969800793683
"77" -0.471545998599417 -5.70798322295072 0.0739223829340236 1.67084898475751 -0.630558067757069 -0.914398190359414 0.214487620810903 -1.04713033142516 0.206519822448719 1.06728588326688 -0.133559479550508 0.0603778793313268 1.27991473183537 6.21157685139846 -0.316807060561459 -0.801829457287397
"78" -0.479212457595958 -6.52404859908747 0.20240122412444 1.82090205246082 -0.613195297747248 -1.09285946411254 0.231838527996964 -1.04029550003998 0.301703167932979 1.33222081405037 -0.441604940955648 -0.365810074300782 1.41995121929531 6.48400865773088 0.69444750839962 -0.999907516076519
"79" -0.465619388847409 -6.91068194476981 0.335343566780475 1.82111019698288 -0.602988778865887 -1.33135090585331 0.227399858078065 -0.979053112755327 0.348900149754118 1.64961732559385 -0.667390692433596 -0.699150235376919 1.48363168209149 6.49401909522697 1.41800807860976 -1.07909706011816
"80" -0.431553920885046 -6.83480599358397 0.455903560539475 1.68623662637827 -0.601915688912735 -1.5863567769948 0.202001985437476 -0.873862162719018 0.344590017512405 1.95261832047142 -0.804421005320331 -0.922296451615296 1.46973601668919 6.25778648482347 1.83780595707805 -1.05032849564247
"81" -0.378040404667823 -6.3025148703596 0.550007914238172 1.44658299561382 -0.608307209668814 -1.79190094007828 0.157181365430672 -0.741981442255968 0.291904814281607 2.14665936707832 -0.856931255193342 -1.03311067301416 1.38454823046226 5.80943468448487 1.98339448865353 -0.938985386309866
"82" -0.305632986711437 -5.35665264225868 0.609922168947769 1.1419212987622 -0.618006867436111 -1.869186003409 0.0945242768197008 -0.606445686405706 0.199239433850586 2.12256155139763 -0.836893674890476 -1.04200211068775 1.24152928048628 5.19922941229119 1.91522477356794 -0.77704263057899
"83" -0.213956139204411 -4.07318760707814 0.636659142887186 0.81504151860446 -0.625463262072021 -1.74249183522541 0.0154634868442955 -0.493715178753812 0.0786141209613311 1.77896450030743 -0.761008034139763 -0.968876080119458 1.05995226586744 4.48735962233726 1.70939033220702 -0.595497554357564
"84" -0.101930308729755 -2.55508728816704 0.64016455374205 0.50547709179817 -0.624819405621327 -1.35919689843138 -0.0783603859592832 -0.429692181420554 -0.0559994268097744 1.05090746909773 -0.647913085661026 -0.839820082517321 0.862266121995231 3.73381344757626 1.44321476160839 -0.418166828881454
"85" 0.031226303347879 -0.922298468074235 0.636604740588977 0.244033908315252 -0.611039725661356 -0.708557458695851 -0.184287702049268 -0.434413793392563 -0.190421340791011 -0.0635873906887809 -0.515688129384579 -0.683501661259555 0.670359239589198 2.98715059473933 1.1826197931627 -0.257726571419084
"86" 0.184610442252089 0.702122965772062 0.642938036853621 0.0490325148471982 -0.580983057638142 0.167985685695458 -0.297697623828081 -0.516611086634278 -0.312174252079295 -1.48979088807759 -0.37977832845903 -0.527312571705977 0.50156202553197 2.27651620007838 0.972639523250365 -0.11490980489782
"87" 0.236807290071285 1.19567697829082 0.649037106685428 0.00231318376802392 -0.56794170570027 0.478805451236155 -0.334029745692857 -0.558149713358404 -0.346479670534631 -1.98398373664694 -0.337993390829639 -0.481736455180112 0.454806200957666 2.06116319774583 0.920619593589734 -0.0722310215860489
"88" 0.410413892497722 2.64418198268509 0.683085253582787 -0.099862949413513 -0.516369467401861 1.51009660667107 -0.44577172116053 -0.730043316104036 -0.438684112976466 -3.59310350914473 -0.213950113898837 -0.358524762011569 0.330056152698715 1.40870927607375 0.803085306946869 0.0607230866248756
"89" 0.58979075873203 3.86826062487728 0.732576502600894 -0.141015415339034 -0.452393706993472 2.51697058954418 -0.544056059252144 -0.941139601740366 -0.504759115462422 -5.1239357177659 -0.106083339282816 -0.274724392870468 0.238697196709296 0.793314762582937 0.745954578170753 0.198792987323543
"90" 0.762682439184199 4.82624476294702 0.774702055766561 -0.134874473028283 -0.382394888300218 3.37955168530934 -0.616148922733703 -1.1538285935245 -0.546594954982275 -6.39849624796364 -0.0167612700412043 -0.232741665316752 0.173799790807031 0.209631143243981 0.724505627139479 0.347013946063612
"91" 0.914414189764034 5.50731095302613 0.77194983149179 -0.0938780658254927 -0.314323124522035 4.00583667253764 -0.648568324381906 -1.32572468909417 -0.56936478208284 -7.28487692733224 0.053509407405353 -0.227593999029267 0.125600076344003 -0.335732206038143 0.710296447676626 0.500315728370822
"92" 1.02993126325048 5.92326434259387 0.677889349734398 -0.0250651107964046 -0.256435378386703 4.34426345313224 -0.62857423116307 -1.41646291998996 -0.579801964114316 -7.71463151800551 0.1046175415067 -0.249821293548564 0.0846623290581547 -0.820001432087658 0.680050133866899 0.642886467845983
"93" 1.09614957801828 6.09833461918792 0.446284448602102 0.0708596717922347 -0.216076950803749 4.3842933067945 -0.545918962449042 -1.39372315667986 -0.584439367157293 -7.68179163127883 0.135964008230319 -0.2884102122012 0.0441095511116751 -1.207518951789 0.620870815335124 0.751130267854535
"94" 1.10390132526288 6.06018687913054 0.0425457661085709 0.197018645165393 -0.198432264916051 4.14847761224023 -0.394916215030358 -1.23805000702251 -0.588052853197985 -7.22903312654198 0.146413863271031 -0.33288464589117 0.000539410847377297 -1.45913422834186 0.531271277815335 0.799309002279642
"95" 1.04916244955254 5.83375682206148 -0.543715980305437 0.355273980420108 -0.205143535400326 3.68143249630933 -0.176814221924185 -0.946629116136332 -0.592417807843299 -6.4293576770408 0.134995116411598 -0.374371541814639 -0.0462238488544768 -1.54450438057338 0.418971318322022 0.766583562458777
"96" 0.933674787350137 5.4379889932908 -1.28698622363959 0.540211004115491 -0.232965975683518 3.04010762465521 0.0978391237136829 -0.536106517391159 -0.595449609790794 -5.37007419761502 0.102005161467837 -0.4058859918037 -0.0940499465336071 -1.4536263022265 0.297041357346515 0.643973330533811
"97" 0.765109777351869 4.88494580445707 -2.11806212829643 0.734230272886251 -0.272910750311777 2.28715464000334 0.407563592969653 -0.0439027141578698 -0.59086759765583 -4.1420586738019 0.0500790356022724 -0.422181815496117 -0.139567740609882 -1.20445520516457 0.179817731079964 0.439591663706551
"98" 0.556707888709812 4.1809739195504 -2.9240916940659 0.905769505521604 -0.310434446804201 1.4868365039135 0.720060844090474 0.473196726809645 -0.568636618765213 -2.83380039768096 -0.0152070281094607 -0.419413701439623 -0.179045650083768 -0.844460366244635 0.0795325753670539 0.1804784790246
"99" 0.326204605218721 3.32997462451435 -3.55986139656355 1.01214645842651 -0.327118687935662 0.70181603781165 0.994995314205976 0.944484460344926 -0.51645858417564 -1.52804451305651 -0.0855013513898006 -0.394722375038327 -0.209004725255982 -0.445135069086353 0.00411916275550084 -0.0902850745510477
"100" 0.0939542402344582 2.3387123023611 -3.87126670767071 1.00734762191691 -0.303926458072998 -0.0105981222690232 1.18973713280565 1.29529414902705 -0.422383482221861 -0.298941406713416 -0.150705589684756 -0.345798041296518 -0.226630114521808 -0.0898858700803147 -0.0437065632119555 -0.321476468937988
"101" -0.119583743030969 1.2234008378807 -3.72771867840977 0.853415473410898 -0.225566036934548 -0.603123962372862 1.26731558093467 1.46038318924965 -0.278193152359221 0.791269119299558 -0.200692373640744 -0.270523051398754 -0.230068495923266 0.142555469111108 -0.0662283694829711 -0.465348827925197
"102" -0.296564993499584 0.0159267678781703 -3.05592413669699 0.532454012978476 -0.0849273538505993 -1.04332241432491 1.20475659295754 1.39793890318204 -0.0827545045293845 1.69575701804951 -0.227287143065842 -0.166884683555281 -0.218649564434311 0.195396805337896 -0.0696657382867585 -0.490044481079565
"103" -0.424109789576764 -1.23240134583372 -1.8652244170664 0.0554736837438199 0.113732648633683 -1.31710145740016 0.999412219962886 1.10047230930749 0.155701098951711 2.38571920166396 -0.225958576778043 -0.0333926122485764 -0.193015834658 0.047125602706295 -0.0626266035597922 -0.389035189886158
"104" -0.495761257935472 -2.4513210429506 -0.256099924166026 -0.535075645586076 0.353970490634847 -1.42953141421351 0.671224229602735 0.599307085807606 0.419248983178671 2.85098839413411 -0.196726872958963 0.12983281970287 -0.155125087084819 -0.282932306104491 -0.0544388223231778 -0.184344197272651
"105" -0.511786457911814 -3.55685825586623 1.59156145583537 -1.17024288593749 0.609126308623772 -1.40237298191034 0.260070931441454 -0.0388289745164379 0.682206429574472 3.09808725163962 -0.144052737063921 0.31932208475115 -0.108108488144959 -0.738413658260126 -0.0536525268473582 0.0778219284442798
"106" -0.478402357729334 -4.46037849137156 3.44730340437169 -1.7656021765994 0.846611268176769 -1.26881352184779 -0.181066187570767 -0.722184009111245 0.914915583052254 3.14606409160363 -0.0758088706980091 0.526140919960653 -0.0560058559131349 -1.23771420125744 -0.0668924198877363 0.337911203604619
"107" -0.406291236237087 -5.07933569634603 5.06779068977802 -2.23506972898889 1.03333856455628 -1.06680074447472 -0.59512353442251 -1.34844251001119 1.08839030445425 3.02119982637266 -0.00170958985791092 0.733917065432991 -0.0034286530865657 -1.6900915502118 -0.0981250886619023 0.537159817331258
"108" -0.308861373925116 -5.34738264716412 6.23359505847299 -2.50378618373506 1.14091970457617 -0.83267394062449 -0.929786673174151 -1.8197091260338 1.17868627308083 2.75198625098285 0.068332060881346 0.917726214375023 0.0448024739136965 -2.011653904121 -0.148329254122913 0.631034667103449
"109" -0.200588852215302 -5.22227980394233 6.77778323788353 -2.51743606162082 1.14958544602438 -0.596458225897729 -1.14432166232818 -2.05530250284472 1.17014296768459 2.36558780250365 0.125555610184903 1.0447049869166 0.0840368708017065 -2.1378267542238 -0.215528397408832 0.598568632274464
"110" -0.0955428420664859 -4.69136811151534 6.60380682872457 -2.24730594932523 1.05045668285269 -0.379452747994138 -1.21373208177113 -2.00142674202464 1.05720345452611 1.88648481470696 0.163274639145799 1.07733659620368 0.110223972447606 -2.03094812423682 -0.295153042221884 0.445634189449834
"111" -0.00600676943594447 -3.77548050578617 5.69470653426293 -1.69230303186389 0.84643168155553 -0.193986969048753 -1.13065540119613 -1.63829366202252 0.845049446828475 1.33739116395452 0.177450520628917 0.980177928509931 0.120433127323445 -1.68361319293268 -0.380726331501918 0.201825483914831
"112" 0.0589209708646159 -2.5322886629496 4.11751433218785 -0.88030164433097 0.552241060206284 -0.044731755747021 -0.905910542284535 -0.985350098155729 0.549518981390719 0.741971512783316 0.167100884348204 0.730009939442311 0.113453343252806 -1.11929599220743 -0.464882168381266 -0.0880565629535113
"113" 0.0947108073166456 -1.05886711568899 2.02488144931171 0.129390217477933 0.19399730587644 0.0691861905107825 -0.568287456600453 -0.103914703519219 0.196574649534335 0.128346143307098 0.1346463299406 0.327740385495076 0.0903867988159943 -0.391292116137862 -0.540664781562953 -0.375856772355348
"114" 0.10245946565546 0.508850870272408 -0.348702563938799 1.24351217214824 -0.192019989666653 0.151909462567293 -0.16324363663737 0.904952124760824 -0.178913346850084 -0.468124704761102 0.0860737924749015 -0.191801735871366 0.0550617795277066 0.420373970346661 -0.602873322226486 -0.622179240619744
"115" 0.0890380878900761 2.00371378715371 -2.70308578610972 2.33702548306825 -0.562108982980316 0.208851444013167 0.250713870301943 1.90980820904032 -0.535740091118719 -1.00451884500292 0.0305714827989698 -0.75756068989034 0.0139887484574244 1.21571019883036 -0.648998470264971 -0.804991746561939
"116" 0.0657156207808631 3.24553491978471 -4.70792127610189 3.26574597933022 -0.870122149352965 0.245201520683182 0.609217838315331 2.76659883922925 -0.830906267735814 -1.43380363938833 -0.0207237199946277 -1.27197464060504 -0.0244517167410363 1.88684748805646 -0.679279213767813 -0.921471274891758
"117" 0.0451010003684038 4.06953531595043 -6.05749246780835 3.89120693434837 -1.07454925032501 0.264990676007786 0.852799501565868 3.34334184550115 -1.02601019903724 -1.71205490897685 -0.0569126480800008 -1.63309924612003 -0.0517008185419936 2.33532525296991 -0.695732651512913 -0.9822167562034
"118" 0.0371313250342045 4.35899150496398 -6.5337189799282 4.11215686580856 -1.14631711977065 0.270663391062607 0.939098569525327 3.54675401225034 -1.09426055894627 -1.80760533924508 -0.0699719898710436 -1.76323935669927 -0.0612495920970408 2.49142106907375 -0.70055078340549 -1.00052740277101
"119" 0.0456020453692592 4.07159567336504 -6.05730142307582 3.89121776191313 -1.07496702636514 0.26303300910674 0.852725222292944 3.34319485640809 -1.02603526718562 -1.7088843715697 -0.0569417761346651 -1.63331773365718 -0.0506211885617818 2.32989009798918 -0.694667299996595 -0.98223283914399
"120" 0.0667617955231741 3.2494968060479 -4.70748091982932 3.26531549305087 -0.870985421767024 0.24142008739917 0.609065724752535 2.76668660434008 -0.830999687373915 -1.42768638592183 -0.0207752538469892 -1.27244324659034 -0.0222486920646379 1.87636798325119 -0.677245772793682 -0.92155024337535
"121" 0.0906351840549346 2.00904736735835 -2.70230297589325 2.33525559903963 -0.563399819224125 0.203723865255661 0.250485455212621 1.91090376583366 -0.535962328599846 -0.996242305877161 0.0305148280724605 -0.75830430371667 0.0172126439037026 1.20156664841242 -0.646306442036305 -0.805239221524062
"122" 0.10447868844403 0.514591784826543 -0.347501436202771 1.23933405937711 -0.193603157706543 0.146334814928325 -0.163533161452179 0.907998241170604 -0.179297504724258 -0.459161794148983 0.08603901074913 -0.192791490380159 0.0588979865246353 0.405152506790669 -0.600074795815701 -0.622738142144556
"123" 0.0968703239808466 -1.05379387923546 2.02648602664026 0.122230100656552 0.192365373584812 0.0641943254380521 -0.568608396626408 -0.098375399517213 0.196060094034802 0.136318158998911 0.134658253905045 0.326608016067269 0.0941945085107641 -0.404653177838081 -0.538360736195969 -0.376821775570193
"124" 0.0608817248321936 -2.52858007760961 4.11936416039585 -0.889861224424664 0.550817161883911 -0.0484446014177831 -0.906225507547812 -0.977753075194208 0.54896722295394 0.747834106594443 0.167165665748572 0.728891548178524 0.116634258243062 -1.12887085029853 -0.463426969227754 -0.0893718550062772
"125" -0.00449452575443132 -3.77322797848734 5.69652752483654 -1.70253933070268 0.845377203608835 -0.196294385445409 -1.13092932801222 -1.63005345282019 0.844567693337036 1.34096745860312 0.177549668521969 0.979227834831022 0.122681482120287 -1.68917598093004 -0.380090650152795 0.200383752468383
"126" -0.0945517337070338 -4.69022601045582 6.60532453464308 -2.25622040034555 1.0497936287834 -0.380659893265209 -1.21394176290061 -1.99421030535202 1.05685780514084 1.88830155404225 0.163376746848425 1.07664777271521 0.111573773862174 -2.03352835421778 -0.295046077134785 0.444349037467191
"127" -0.200036453321914 -5.22179418346553 6.77884797997501 -2.52379678320961 1.14923214614905 -0.596995255453995 -1.14446141336371 -2.05014694458963 1.16993819213838 2.36636122471647 0.125635569070835 1.04428269608724 0.084726939165666 -2.13875168907634 -0.215632614000285 0.597630726195803
"128" -0.308599282394455 -5.34720940509502 6.2342216709343 -2.50752054753851 1.14076103377168 -0.832879583786536 -0.929866903210185 -1.81668759246431 1.17858591956566 2.75226505195044 0.0683816482379829 0.917509098753158 0.0451031891393221 -2.01188980398086 -0.14845003626229 0.630472038562402
"129" -0.406185303664552 -5.07928459273569 5.06809960523899 -2.23687849979842 1.03327916821351 -1.06686929189483 -0.595162879269887 -1.34698502367065 1.08834966852757 3.021286278283 -0.00168481555741806 0.733823942275819 -0.00331712876342127 -1.69012176982722 -0.0981988993532354 0.536881827044226
"130" -0.478365918126856 -4.46036670900726 3.44743102711444 -1.7663264039131 0.846593173084895 -1.2688335268206 -0.181082590461523 -0.72160410840277 0.914902058959147 3.14608766402428 -0.0757988226073465 0.52610760758887 -0.0559708831929795 -1.23770816607115 -0.0669245639300442 0.337798012427413
"131" -0.511775937687402 -3.55685627912637 1.5916056959609 -1.17048309625568 0.609122091411843 -1.40237813208027 0.260065123590569 -0.0386382849106433 0.682202811797022 3.0980931181115 -0.144049403080096 0.319312112770263 -0.108099395719077 -0.738409119466629 -0.0536631969052479 0.0777839503164159
"132" -0.495759261044516 -2.45131948644067 -0.256087271965088 -0.535141938145138 0.353969934685509 -1.42953284201668 0.671222485583291 0.599359193381199 0.419248411732637 2.85099003505118 -0.196725886195686 0.129830497949968 -0.155123353753275 -0.282932118021232 -0.0544416695336452 -0.184354837181218
"133" -0.42411153794456 -1.23239499266092 -1.86522251522284 0.0554579366020391 0.11373287623708 -1.31710267654526 0.999411806007139 1.10048488316242 0.15570172955096 2.38572039786919 -0.225958002280003 -0.0333921896976221 -0.193016219517069 0.0471211613510616 -0.0626276855651611 -0.38903828446405
"134" -0.296571683929438 0.0159478502796837 -3.0559278179444 0.532449237805878 -0.0849267335954201 -1.04332454998861 1.20475658535214 1.39794383000564 -0.082752472796239 1.69575829299251 -0.227285813374777 -0.166881502143553 -0.218651840682864 0.19538266415572 -0.0696679092682331 -0.490047180758779
"135" -0.119600420001636 1.22346173859994 -3.72773105591974 0.853409329495037 -0.225564681637197 -0.603124793827893 1.26731559830165 1.46039113392074 -0.278189163898386 0.791265026481323 -0.20068830102452 -0.270513332351982 -0.230075810454243 0.142519039551564 -0.0662358551086726 -0.465354692444066
"136" 0.0939196449453972 2.33887856645833 -3.87130018827211 1.00733048529027 -0.303923909328288 -0.0105818947276628 1.18973632721253 1.2953141301988 -0.422379941588785 -0.298979357123555 -0.150693131168921 -0.345770509467286 -0.226652979535914 -0.0899699186708114 -0.0437328105570884 -0.321489195343247
"137" 0.326142565374171 3.33043245107912 -3.55995150421166 1.01209375789931 -0.327114999101773 0.701909133416828 0.994990593995338 0.944537749770486 -0.516471157770144 -1.52821864352427 -0.0854627861694732 -0.394643669355332 -0.209077168149399 -0.445325145638351 0.00402795253792476 -0.0903095718274471
"138" 0.556606073275482 4.1822791387159 -2.92434340159197 0.90560352785414 -0.310431398261589 1.48718258131535 0.720042695413762 0.473348232084621 -0.568723079494396 -2.83441096677433 -0.0150869310826902 -0.41918278280275 -0.17927620931638 -0.84492816556048 0.0792251194683047 0.180436322278808
"139" 0.764941570254419 4.88870524987361 -2.11877736120936 0.73371616214142 -0.272914068255392 2.28819184921563 0.407506755625665 -0.0434560844505558 -0.591201746602639 -4.14386554676814 0.0504435524889404 -0.421505400996807 -0.140281442790507 -1.20574307233622 0.178838286642701 0.439528489517556
"140" 0.933368064141084 5.44847866735114 -1.28896496069958 0.538699400494416 -0.232988499980159 3.04278252001004 0.0976839282786282 -0.534814161136353 -0.596496048346578 -5.37476590104558 0.103051177290625 -0.403981488794329 -0.0961372015822821 -1.4573308350468 0.294145279832961 0.643905532923611
"141" 1.04853743700575 5.8612792908416 -0.548872906285567 0.351136545301188 -0.205205526133754 3.6875119540743 -0.177194480816184 -0.943098603590711 -0.595304326117228 -6.44021437368204 0.13778394897529 -0.369345938898277 -0.0518969296295326 -1.55484405168747 0.411089779993702 0.766605694046916
"142" 1.1025467420126 6.12717467211292 0.0300846127401524 0.186551255376081 -0.198543965860845 4.16070654557387 -0.39576326581598 -1.22909907379058 -0.595267245693551 -7.25148759760515 0.153276210109391 -0.320596409789459 -0.0136936299586328 -1.486118589734 0.511568020674403 0.799749827318692
"143" 1.09315564005944 6.24898184740067 0.418511205232058 0.0464074232081302 -0.216175301284016 4.40584884247206 -0.547645173526301 -1.37276640515079 -0.600950316018902 -7.72305624920777 0.151535516318196 -0.260662102378888 0.0112037563713905 -1.2725862009509 0.575555216623201 0.752909575388173
"144" 1.02336190773355 6.23636342110338 0.620818703059994 -0.0778769113471398 -0.256257314658659 4.37661779894916 -0.631805053754029 -1.37115817700125 -0.614569479308999 -7.78095370829528 0.137255983082435 -0.191943062442107 0.0145058694263023 -0.964681918892302 0.583884531075853 0.648235872808812
"145" 0.900497831036788 6.10975298975952 0.663684241158455 -0.199540428737578 -0.313255792247318 4.04415316234263 -0.654143226084917 -1.23516822585667 -0.636956681600504 -7.37485004618839 0.116861059905473 -0.115905144670847 -0.0126286652278189 -0.632752185162996 0.521394667578306 0.514053758702516
"146" 0.734979887291705 5.90181804821053 0.584751908554825 -0.331121986836628 -0.379400932096069 3.40554544147861 -0.625064889462823 -0.986165995395488 -0.66833605689538 -6.49189732392625 0.0974077311904056 -0.0329582841927447 -0.0786522551902449 -0.354619536461025 0.380060028532668 0.378465074540486
"147" 0.53883746492412 5.65446140852789 0.423797841545145 -0.480134597761491 -0.446049270481665 2.49091811700229 -0.557376605055356 -0.653011579623609 -0.708650577113166 -5.16811807152366 0.0854198034820426 0.0571850121935711 -0.190234699061224 -0.20133502210071 0.161608181968248 0.264128661402651
"148" 0.324182094620468 5.41067992811149 0.217238586725649 -0.646386423915445 -0.504867987595808 1.36584209951263 -0.464571998505322 -0.269396698031848 -0.757385375249371 -3.49237834097325 0.0857247519548121 0.154608014047966 -0.350591162866064 -0.223275627551847 -0.120951436355426 0.18498449428688
"149" 0.101836368135297 5.20281903483938 -0.00419769223651478 -0.8212361884597 -0.548848144540036 0.126928072727419 -0.359463285440041 0.128732037010668 -0.813041305234497 -1.59987039145856 0.100448534206819 0.25791150576589 -0.557818173899987 -0.439201670198155 -0.443432526037142 0.145268130487068
"150" -0.115980823659795 5.04334518014171 -0.212223108862586 -0.986121442498828 -0.572932479257171 -1.08919028729333 -0.254874249281312 0.499898123292597 -0.871576420968484 0.312242717848529 0.127853334412215 0.361254870890832 -0.799275277348308 -0.822956146723965 -0.767207680564269 0.140509387026555
"151" -0.329071704984367 4.90940330878889 -0.392724282814693 -1.12542347172621 -0.576001607276392 -2.19511107831321 -0.156606588864537 0.822324134611755 -0.929794220187012 2.12354025713463 0.164180672815039 0.460101663039126 -1.06608857835718 -1.32973280876301 -1.06319959375038 0.160294296854659
"152" -0.531474417702911 4.75751266574801 -0.527766969198414 -1.21632630437621 -0.558872732607189 -3.06748931143768 -0.0717058381441373 1.06574489125802 -0.981012399387368 3.65576826260962 0.202400973652995 0.543435105213916 -1.33517660062119 -1.87557573862422 -1.29058338324852 0.192150541448427
"153" -0.72015335834375 4.52512720760124 -0.605250339932836 -1.2401491194065 -0.525880356206278 -3.61352666947532 -0.00386916848175867 1.21067247527727 -1.01845994486371 4.773507752524 0.234501139685527 0.599957797628576 -1.58097942385829 -2.36344947525919 -1.41683101874324 0.223360501588445
"154" -0.89138069078661 4.14778732384113 -0.617735918955647 -1.1841021115582 -0.484362057077675 -3.76789390238954 0.0452326601728443 1.2463786761715 -1.03594620091037 5.37700781258562 0.25290834669646 0.619483130967865 -1.77579339029829 -2.69603420397907 -1.41970208435054 0.2430777961589
"155" -1.03901857280544 3.57609859577158 -0.563718053013707 -1.043873345107 -0.444173992469371 -3.49981863683467 0.0755957156077982 1.17201920204025 -1.02914540241768 5.41113990495659 0.252058554680917 0.595386634899938 -1.89254164823949 -2.79298907377954 -1.29112947142213 0.243567615640075
"156" -1.15312685002648 2.78982438641251 -0.448676175357658 -0.825163289337411 -0.416789892727916 -2.81996632370714 0.0886325078429318 0.997202823924815 -0.996589247325689 4.87482471845603 0.229577592809225 0.526481188447207 -1.90757487729663 -2.60767908857732 -1.03941985483429 0.220999388905568
"157" -1.21947817682729 1.8061712041922 -0.285342886642976 -0.544011370100691 -0.413729853943393 -1.78635078317694 0.0870283244100385 0.741798215753295 -0.939942715075067 3.82992056677771 0.186857988655416 0.417885756564743 -1.80342058234077 -2.14045241093138 -0.689414884741034 0.175901500843793
"158" -1.22059109354118 0.681295723973234 -0.0929140282457288 -0.225858818157668 -0.444022262560106 -0.506525505441802 0.0745897388096055 0.434736305953084 -0.863229397294784 2.40519988975912 0.128949672029191 0.280760722012587 -1.57162381451913 -1.44493835030357 -0.280472472202078 0.113168168249786
"159" -1.1387338113358 -0.494550287314041 0.104772146352722 0.0966754404610484 -0.510581838512486 0.867581677961102 0.0559365778858969 0.111611424749634 -0.770997768623441 0.789613930168988 0.0637872300136424 0.130994889054222 -1.21585846999159 -0.623975063771996 0.137694627003867 0.0413908548727022
"160" -0.96092713894006 -1.60750061240938 0.281914700959429 0.387360374629331 -0.605982638336372 2.15525486050267 0.0359434593044652 -0.189030913426425 -0.665975666275141 -0.789595181057731 0.000844183006006638 -0.0129818228705858 -0.755114107782929 0.186841998385957 0.511188792621581 -0.0286531934892196
"161" -0.685186280186455 -2.53581754892883 0.414129615042302 0.611311468398597 -0.709134175245995 3.17407073176045 0.0189544682741318 -0.430699738785131 -0.547363907728584 -2.10442551048175 -0.050629584956444 -0.133049184081159 -0.225970624044546 0.847132469746658 0.789871768051299 -0.0862963048722349
"162" -0.326160121209663 -3.17044306945976 0.482358363274171 0.741132989293284 -0.785390587269457 3.7759363501181 0.00793571558162798 -0.584919269137297 -0.411171234633946 -2.97373264197371 -0.0835224702008688 -0.214594028680835 0.317810494404297 1.24614215937847 0.936476754860109 -0.123660963537247
"163" 0.0824639086075951 -3.43827639977911 0.476902645875732 0.763340366916026 -0.792777496653002 3.88438820405106 0.00384513731340697 -0.63717846595017 -0.253433136259366 -3.30843838998306 -0.09451454895403 -0.24951144067694 0.810370896421938 1.33401515162958 0.935409946662716 -0.137954512472675
"164" 0.490984175341771 -3.32314154786543 0.400745281970961 0.683228956579129 -0.695437762760569 3.52054430531202 0.00551893450493823 -0.591155150125466 -0.0756635607320285 -3.13711962065341 -0.0849592788654503 -0.238242870620013 1.18477759531956 1.13804019918452 0.798640216571314 -0.132363639736468
"165" 0.842372899844417 -2.8769142648211 0.270911445856479 0.525840561814995 -0.481709895802555 2.80423990221834 0.0102389424628671 -0.469183154804815 0.109988298990299 -2.5969563602762 -0.0605705639161815 -0.190069808745079 1.38914122492728 0.754715586629398 0.565580700450127 -0.114730480888909
"166" 1.08453850257338 -2.21352031149149 0.116509859183081 0.33127525103172 -0.179204314992755 1.92349060602643 0.0148594561338706 -0.307591129259789 0.279533902850362 -1.88713783088041 -0.0298224015897688 -0.121178490979105 1.40344842473273 0.317169456553787 0.29494060685505 -0.0941182208987925
"167" 1.18308392264088 -1.48279605513768 -0.027490489444304 0.144467858120962 0.144375971324304 1.07881212343562 0.0170520393493345 -0.147244444323684 0.402754335834208 -1.20066784291356 -0.00144687759841844 -0.0505759289857224 1.2493926962851 -0.0508284052313344 0.0492944021828663 -0.0768062217945271
"168" 1.13177618814219 -0.829198633820058 -0.130286448734799 0.00216081158853854 0.402894437423537 0.422762967102256 0.0160829062515582 -0.0218494466317818 0.455167225370606 -0.665015118818925 0.0181570156210906 0.00527605020644728 0.985812305393187 -0.274771733028943 -0.123321474772347 -0.0641298038642049
"169" 0.957416340308457 -0.349726893438307 -0.175882975169769 -0.0779064778944374 0.530623321416743 0.0204905138554556 0.012746111649182 0.0515826984956309 0.430931046686555 -0.319302695003906 0.0266153202889958 0.0373157977207086 0.688663798358885 -0.345315755194256 -0.203621110057675 -0.0536475819074553
"170" 0.788367765338851 -0.132347231464015 -0.175165999721921 -0.0986818196585517 0.532909482074692 -0.121181097323952 0.00978668607356958 0.0728900818510372 0.376373520450709 -0.17443558456953 0.0266651299039942 0.0454732594866414 0.494927332890704 -0.324366087726135 -0.210342825659623 -0.0459287756989966
