"V1" "V2" "V3" "V4" "V5" "V6" "V7" "V8" "V9" "V10" "V11" "V12" "V13" "V14" "V15" "V16"
"1" 1.16250726603751 0.576540910198649 -0.717201593098451 -0.111677266467915 2.36287557314208 -2.78323212540341 -0.0487573409923137 0.163125611412141 2.25938233715619 0.831016032988465 -0.293044902809207 0.0924630346339654 1.12712800524322 0.741406581661643 -0.672422488046635 -0.0112924326359689
"2" 1.14708365725018 0.406979589478333 -0.853372536438116 -0.0601476945964379 2.40337833699586 -2.98839280441464 -0.00189090593882923 0.232092858168258 2.31936381274852 1.07943376423245 -0.336651282560666 0.0627502440941043 1.16047149192073 0.876040587092721 -0.638455156244163 -0.0450807119759702
"3" 1.10880443030203 0.196021548299967 -1.00229919632251 0.00321951472379567 2.41059740733841 -3.19247198803085 0.0540792598347473 0.311459668994971 2.35181911250553 1.36659416687318 -0.385068835249449 0.0252830539972706 1.1815987484152 1.02946409549548 -0.585064034497577 -0.0855676729382822
"4" 1.06765154628096 0.0224386202334159 -1.11436546178136 0.0550342480769928 2.39463004158985 -3.33575438367572 0.0988598345922576 0.373532594884125 2.35718417652749 1.59276580450884 -0.422188470128312 -0.00589707073720547 1.18883481029459 1.14958990096346 -0.535302276518223 -0.118198262034412
"5" 0.989668968808594 -0.256205496305547 -1.28112231396669 0.137887217081868 2.34182014399952 -3.53726549441378 0.169019959158959 0.469209999449063 2.33941589613538 1.94484175996961 -0.478761214465983 -0.0565345370434898 1.18815369875324 1.33646191804397 -0.447939568474737 -0.169898200753096
"6" 0.888980580744184 -0.572046074539408 -1.45629437061537 0.231573580098996 2.25374319925512 -3.73877401423296 0.246560461694969 0.573591547879616 2.29201011138789 2.3345128036344 -0.540196916146868 -0.114730087390171 1.17500244636298 1.54421134048138 -0.340876297108991 -0.228017468349663
"7" 0.767027467840958 -0.921195493740477 -1.63755946664031 0.335078425141603 2.13169690139784 -3.94125084472692 0.330294816776593 0.685474084179177 2.21590897086692 2.75947056307628 -0.606255612955053 -0.179986753129015 1.1501166341605 1.77289971999016 -0.215241419603331 -0.292127049204964
"8" 0.62601706938206 -1.29849780182659 -1.82225103732068 0.447032327280127 1.97812904662333 -4.14577758214625 0.418758987107431 0.803347294971914 2.11302467577717 3.21622177474558 -0.676499855070901 -0.251554348520244 1.11466744560114 2.02201506739991 -0.0729157380687866 -0.361606808313581
"9" 0.468847688515799 -1.69766380004808 -2.00743140426121 0.56574633675605 1.79654402050095 -4.35337435712239 0.510258173451774 0.925433062310518 1.98615540597586 3.70009221688109 -0.750269079023951 -0.328438767144462 1.07019897197766 2.29038384200351 0.0834813086406712 -0.435655371087023
"10" 0.298997217086644 -2.11145710395799 -2.18998079293428 0.68926151804358 1.59135536197537 -4.5648117468067 0.602926293760405 1.0497389672535 1.8388542643387 4.20527637727376 -0.826660635760568 -0.409421433685793 1.01854211877325 2.57609730012206 0.250637226148683 -0.513307074191744
"11" 0.120382571514172 -2.53192114153857 -2.36669807998243 0.815410391455359 1.36769362860982 -4.78042129704259 0.694795017182237 1.17412352647858 1.67525963688314 4.72493314102486 -0.904519954758179 -0.493088298864791 0.961710592387874 2.87645835748868 0.424623847003261 -0.59345518037253
"12" -0.0628017699611956 -2.95063498739536 -2.53440846396558 0.941886970639032 1.13118166509503 -4.99992020649196 0.783868551145929 1.29636997081819 1.49989795884377 5.2513255585489 -0.982442109652013 -0.577867325878856 0.901785846905256 3.18795481677829 0.601004504337595 -0.674880254744949
"13" -0.246256511032215 -3.35898487255773 -2.69007275433481 1.06632169400805 0.887691257430425 -5.22226544876521 0.868200035692595 1.41426480514657 1.31747157151685 5.77600061715744 -1.0587866351562 -0.662073046340424 0.840798737237861 3.50626410993394 0.774967671154286 -0.75628239182015
"14" -0.425751461985541 -3.74843817161484 -2.83089281532779 1.18635743253697 0.643095918904111 -5.44555104564107 0.945965359261763 1.52567706265461 1.13264503551886 6.29000301462142 -1.13170683953628 -0.743956472642253 0.780615889516032 3.82629361164769 0.941482588725933 -0.836315866964014
"15" -0.597290815948842 -4.11080756664752 -2.95440789271132 1.29972291029361 0.403034188951197 -5.66695947682886 1.01553046693473 1.62863410310186 0.949842916525709 6.78411532233977 -1.19919408711522 -0.821758443980343 0.722838447973203 4.1422591295476 1.09547144467786 -0.913624760505172
"16" -0.757260911894658 -4.43849474889491 -3.05857707333047 1.40430026347683 0.172696423339347 -5.882774547987 1.07550875302598 1.72139000369296 0.77307075505489 7.2491157069265 -1.25913663216512 -0.893764352334529 0.668719930051633 4.447802428058 1.23199189540628 -0.986878155609702
"17" -0.902553161727514 -4.72470521142888 -3.14184393748394 1.49818403599119 -0.0433542082164484 -6.08845874569816 1.12480586128923 1.80248303390087 0.60576882814204 7.67604359972758 -1.30939162290514 -0.958358136617107 0.61910850557345 4.73614667754686 1.346423161448 -1.05480362745834
"18" -1.03065678065946 -4.96362814775313 -3.20318050007643 1.5797296012432 -0.241318683304388 -6.27879354050292 1.16265009011035 1.87077935669288 0.450705622291796 8.05646338456511 -1.3478679252548 -1.0140734423801 0.574417235754755 5.00028663693674 1.43464855957427 -1.1162179028297
"19" -1.13971816116058 -5.1505779442797 -3.24210872267466 1.64758974396099 -0.418252441349255 -6.44807662062691 1.18860754211111 1.92550091131559 0.309914912277656 8.38271630466618 -1.37261650844954 -1.05963991788894 0.534623811694672 5.23320828772834 1.49322717875771 -1.17005375871827
"20" -1.22856598593915 -5.28209601313648 -3.25869913283739 1.70073886969601 -0.572107740774371 -6.59036599333135 1.20258209350228 1.96623635180819 0.184677235564759 8.64815134041481 -1.38192435631656 -1.09402275426066 0.499299276901112 5.42813065660106 1.51954747287334 -1.21538243177247
"21" -1.296703312116 -5.35601358574934 -3.25354732600786 1.73848497979174 -0.701729851588528 -6.69975756832223 1.20480112094139 1.99293488218601 0.0755436084899124 8.84732672848206 -1.37440728146831 -1.11645378175911 0.467663257016053 5.57876080825668 1.51195585377843 -1.25143101598792
"22" -1.34426973188793 -5.37147747423623 -3.2277302724882 1.76047011711452 -0.806811572097336 -6.7706804579252 1.19578865771732 2.00588378533209 -0.0176032463207578 8.97617501701728 -1.34909667715583 -1.12645271037616 0.438661488679102 5.67955156992221 1.46985395028821 -1.27759452868122
"23" -1.37197821440251 -5.32894167758081 -3.18274534055709 1.76666042870983 -0.887812687572296 -6.79819292623073 1.1763282171951 2.00567133349139 -0.0954569437239972 9.03212600911471 -1.30551518103869 -1.12383745586158 0.411060049481602 5.72595056068859 1.39375907617807 -1.29344252123769
"24" -1.38102944291725 -5.23128354583486 -3.12108051296727 1.75748215699298 -0.945419302539549 -6.77867026171783 1.14772295271178 1.99330569053333 -0.15864788773733 9.01468386728976 -1.24438500044289 -1.10891757922741 0.383805854195074 5.71500209550722 1.2864589715158 -1.29872030148385
"25" -1.37305570003858 -5.07824830390103 -3.04304368406287 1.73307243970419 -0.982540463137098 -6.70816467625598 1.1102870814694 1.96936315370345 -0.21016694496813 8.92316075363757 -1.16456749523847 -1.08156186326505 0.354901677010258 5.64383999739579 1.14755717128912 -1.29336238871792
"26" -1.34968123484497 -4.87513607392 -2.95186528951194 1.69427117553539 -1.00011001901216 -6.58502948136876 1.06573139496717 1.9351402831183 -0.250559216527572 8.75945675979715 -1.06823989921612 -1.04259030686762 0.323636657153756 5.5118004530239 0.982485463880494 -1.27727134623387
"27" -1.31302947846743 -4.62709186184964 -2.84996114943678 1.64211103985758 -1.00049660395969 -6.40923709170815 1.01542339772175 1.89189209043494 -0.281628256725457 8.52736020257048 -0.957314541694785 -0.992908157037164 0.289077304504655 5.32025044526227 0.79608628710821 -1.2506836626942
"28" -1.26531327885564 -4.34014885436757 -2.73974500040498 1.57780317693539 -0.9862068755861 -6.18237417101622 0.960743320548566 1.84087362457416 -0.305131663076018 8.23210003724357 -0.834281035991921 -0.93360873733991 0.250604121531506 5.07231781769381 0.593998997969948 -1.21397435374524
"29" -1.20874104433448 -4.021071520569 -2.62354786782345 1.50269658267607 -0.959765211362189 -5.90764110534138 0.903038475282685 1.78327984880269 -0.322678379214477 7.88018421182791 -0.702140299233065 -0.86592224545393 0.207968399163818 4.77286050649148 0.382462900444011 -1.16763782878093
"30" -1.14543612906122 -3.67718233752437 -2.50354872698026 1.41823777728476 -0.923611577191281 -5.58977510017435 0.843584031728945 1.72019478629667 -0.335649255354462 7.47920060975351 -0.564312515108284 -0.791160682919781 0.161323404507613 4.42836301507113 0.168090792633279 -1.11226733557805
"31" -1.07737192161336 -3.31617453139491 -2.38171891203152 1.32593189011308 -0.880020545847477 -5.23490012982397 0.783551208743042 1.65255270132982 -0.345143626317385 7.03758741224593 -0.424522296275285 -0.710662059297874 0.111228231532408 4.0467606464231 -0.0423774932081642 -1.04853413139858
"32" -1.00632387796396 -2.94591375361954 -2.25978181510777 1.22730609363802 -0.831042720329866 -4.85031074186197 0.723983362764699 1.5811133153494 -0.351952749542576 6.56438061889287 -0.286665606900996 -0.625737166872341 0.058624315469558 3.63719553606309 -0.24233069399304 -0.977167534071668
"33" -0.933838600642481 -2.57423235446984 -2.13918847190828 1.12387614676382 -0.778468250540419 -4.44420003379372 0.665779988839553 1.50645217032422 -0.356559148851948 6.06894712261328 -0.154664086758331 -0.537622149191066 0.00478629292141619 3.20971206826941 -0.425539181904014 -0.898936938432598
"34" -0.861219068050861 -2.2087207876789 -2.02110871037561 1.01711664119512 -0.723810806613564 -4.02534482538574 0.609688243766705 1.42896629386169 -0.359159335755604 5.56071213074821 -0.0323132089742302 -0.447439770573737 -0.0487495743631854 2.77490262400897 -0.586393662096384 -0.814636736894045
"35" -0.789524306417441 -1.85652156757439 -1.9064366955003 0.908435387288819 -0.66830934549195 -3.60276304211105 0.556301273764596 1.34889434455744 -0.359706105405855 5.04888985124242 0.076868845567688 -0.356171738067815 -0.100274886734482 2.34351761050858 -0.720118233639141 -0.725074858439712
"36" -0.719581197175007 -1.52413198388216 -1.79580897788381 0.799152224522857 -0.612944306920913 -3.18535953387581 0.506062387678178 1.26634947822788 -0.357965679286776 4.54222621615691 0.16978463034755 -0.264643659500052 -0.148010968330059 1.92605617699927 -0.822947809351604 -0.631065348190759
"37" -0.652005733340854 -1.21722233981644 -1.68963258062149 0.690482394817025 -0.558464501816798 -2.78157695045806 0.45927396270686 1.1813623321969 -0.353584415364701 4.04876199443291 0.243886512650349 -0.173523291956371 -0.190216899504417 1.53235576189964 -0.892261787094753 -0.533425066379777
"38" -0.587230873007108 -0.940476716279136 -1.58812026008474 0.583524472348472 -0.505420887504786 -2.39906788777003 0.416109898300888 1.09393082907792 -0.34615962732988 3.57562395502015 0.297285350838408 -0.0833317133528908 -0.22529722024975 1.17119950697775 -0.926668269710262 -0.432974216915909
"39" -0.525538166455345 -0.697463103356313 -1.49132986488394 0.479252702772897 -0.454203619822424 -2.0444033486397 0.376630436835015 1.00407300122731 -0.335309224211451 3.12885078988901 0.328833680894348 0.0055339789955724 -0.251902886079513 0.849960515074748 -0.926035873292449 -0.330540051415483
"40" -0.467090526776687 -0.490539140444938 -1.3992046941753 0.378513470496898 -0.405079177249094 -1.72283069959363 0.340798235004783 0.911878769687632 -0.320735357698986 2.71325931057748 0.338179526642591 0.0927687843379772 -0.269019501327502 0.574300869842503 -0.891473042335178 -0.226962768261728
"41" -0.411963836304874 -0.320798665188136 -1.31161191421225 0.282025490059539 -0.358224905823819 -1.43809184964314 0.308494684440404 0.81755660281371 -0.302277990695189 2.33235501830788 0.325788330151056 0.178121842933024 -0.276037626589321 0.347941282468419 -0.82525759102657 -0.123102370788729
"42" -0.360175494250605 -0.188062824686838 -1.22837641298173 0.190383212966282 -0.313758972835496 -1.192309448806 0.279535629840559 0.721471239795051 -0.279955211089656 1.98828955201779 0.292931979125697 0.261356044634113 -0.272801006411019 0.172514245394751 -0.730721705690485 -0.0198450926532132
"43" -0.31170847632249 -0.0909177192133939 -1.14930793268448 0.104062861187344 -0.271764382163107 -0.985945642446225 0.253685804718515 0.624169186113534 -0.25398813961146 1.6818657897208 0.241645403485919 0.342209050202428 -0.259629826729999 0.0475097770378241 -0.612099693745108 0.0818920365572922
"44" -0.266529958732967 -0.0267985267882409 -1.07421988865016 0.0234304492076944 -0.232306343340296 -0.817834474305371 0.230671486623137 0.526389447280195 -0.224809350526325 1.41258957519091 0.174652644065105 0.42035944658187 -0.237317514923983 -0.0296815886360164 -0.47434721307161 0.181159815161664
"45" -0.224604026369434 0.00788208665596812 -1.0029389266366 -0.0512488578733041 -0.195442858506494 -0.685285566517024 0.21019105515726 0.429057921707539 -0.193054773945548 1.17876523442573 0.0952655920053758 0.495401291005919 -0.207101060726469 -0.0636287545322602 -0.322941484826401 0.276979783759089
"46" -0.185898413009827 0.0175656041203069 -0.935304952611602 -0.119800679776745 -0.16122886836374 -0.584253379781018 0.191923309219312 0.333264966669759 -0.15954002246266 0.977630312156322 0.00725969970531537 0.566829525820594 -0.170606283350789 -0.0606281338841583 -0.163672066847425 0.368352185096228
"47" -0.150385592894736 0.00734567668700947 -0.871162053111874 -0.18213122082895 -0.129714664573309 -0.509563327938992 0.175533558506331 0.240226813379252 -0.125222936971189 0.805523380976211 -0.0852681687526484 0.634037731847457 -0.129770823113834 -0.0283898867157362 -0.00243119580329676 0.454269286783983
"48" -0.118038846940255 -0.0172593922881248 -0.810341375440061 -0.238217414064621 -0.100939529529076 -0.455183431953586 0.160677644502051 0.151232661641103 -0.091154843372923 0.658077436348009 -0.178053973400452 0.696328523156126 -0.0867488250251114 0.0243431900926936 0.154988397500006 0.533733891047177
"49" -0.0888241591434848 -0.0505502273684897 -0.752637622783624 -0.288097774167795 -0.0749217128732829 -0.414528174299761 0.147004165527257 0.0675803523028264 -0.0584235330895337 0.530430367691054 -0.266826708843141 0.752935678276799 -0.0438022484466032 0.0882258649857519 0.303081778030446 0.605782351274684
"50" -0.0626889607507728 -0.0868956101633813 -0.697781311455913 -0.331864192957624 -0.0516459136653733 -0.380779854983317 0.134155277933807 -0.00949557899113529 -0.0280913168253205 0.417443354660975 -0.347468403316498 0.803055968083754 -0.003184435360577 0.153768672442609 0.436801459519188 0.669510944892863
"51" -0.0395488367592698 -0.12097649620064 -0.645409312835653 -0.369654775765525 -0.0310494289823486 -0.347212122859446 0.121766521065055 -0.0788989866691736 -0.00113165507843505 0.313917828098596 -0.416167889485067 0.845887689987421 0.0329780311016279 0.211801292828355 0.551705362758071 0.724104061980142
"52" -0.0192733492635568 -0.148014041304677 -0.595036442993802 -0.401647688583353 -0.0130080761571136 -0.307500492157018 0.109466167453846 -0.139745462618919 0.0216321489147484 0.214801884601997 -0.469562715197711 0.880672247554457 0.062799061136765 0.253917806714412 0.644081534111024 0.768862397591874
"53" -0.00167212428343078 -0.163971471097085 -0.546030956885005 -0.428055874194399 0.00267708189823779 -0.256005546762211 0.0968746323273706 -0.191428987847189 0.0395828812127617 0.115377754079674 -0.504864129969874 0.906734794381464 0.0847364968576372 0.272881326596242 0.711049276158974 0.803229211913276
"54" 0.0135176982312615 -0.165720741828181 -0.497596745051851 -0.449122409562392 0.0162912641686619 -0.188016136460931 0.083604487943937 -0.23367717336231 0.0523569689657464 0.0114230649678859 -0.519960797450864 0.923520028163239 0.0976798900807658 0.262967583339339 0.750637128331391 0.826812761501515
"55" 0.0266416297282923 -0.151166507093578 -0.448764818883404 -0.465116221994265 0.0282148899015935 -0.0999420942080036 0.0692616183428427 -0.26659093298997 0.0598810660799947 -0.100659822106849 -0.51349771102025 0.930619674160425 0.101018043581067 0.220230278856249 0.761838474806723 0.839403207466603
"56" 0.0381346959743318 -0.11932185078949 -0.398396310818214 -0.476327860895111 0.038929101252962 0.0105512689845568 0.0534480179334693 -0.290665269977893 0.0623955954304654 -0.223750315336048 -0.484927696886857 0.927788997575362 0.0946827511711099 0.14267523022496 0.744645475141283 0.840982657668974
"57" 0.0485242055084392 -0.0703324820725868 -0.345198718683434 -0.483065034902864 0.0490171750664805 0.144471553639065 0.0357666817332642 -0.30678892739428 0.0604637465680282 -0.359953807371681 -0.434533848554011 0.914950758182158 0.0791663519686203 0.0303352788560787 0.700061594153908 0.8317274695778
"58" 0.0584277774854769 -0.00544850978164391 -0.287756503738279 -0.485647667308143 0.0591611854440943 0.301491942137403 0.0158289544861177 -0.316221881059391 0.0549650516648281 -0.510583384857256 -0.363422223899946 0.892186264441079 0.0555120029514775 -0.114756671780874 0.630092381849408 0.812002489314636
"59" 0.0685461491507446 0.0730545913122711 -0.224576429390027 -0.484402290695243 0.0701333733196945 0.480006275420379 -0.00673540104944692 -0.320550964450945 0.0470733151118017 -0.676176761312718 -0.273485129850258 0.859714479756576 0.0252769072760266 -0.288693616945594 0.537713481792935 0.782347480720546
"60" 0.079650470655654 0.162001759724276 -0.154147225730782 -0.47965568760543 0.0827818063022105 0.677241565777095 -0.0322652905191987 -0.321625224128695 0.0382193358911831 -0.856544292507522 -0.167336299990666 0.817861352571981 -0.00952995127274647 -0.485911239361023 0.426814298224258 0.743456556754609
"61" 0.0925640044455989 0.257484522423681 -0.0750123117717578 -0.471727780645381 0.0980100843204577 0.889420222834417 -0.061052564187932 -0.321473829439213 0.0300395189641298 -1.05084236272197 -0.0482202174312647 0.767022565679326 -0.0465327878354671 -0.699482585517949 0.302115486621233 0.696151914472921
"62" 0.108138377962558 0.355059208101878 0.0141465654827471 -0.460923875714997 0.116751073363708 1.11196200747563 -0.0933237044525086 -0.32221042665239 0.0243121040934717 -1.25766526140251 0.0801012726013255 0.707623626026589 -0.0830928420609531 -0.921473729580711 0.16905857632446 0.641353553153749
"63" 0.127224789634933 0.44996721735771 0.114417772395058 -0.447526460091495 0.139934933806061 1.33971407283796 -0.129219353804103 -0.325928671989374 0.0228833281108036 -1.47514798006861 0.213481102853819 0.640081571419842 -0.116426285465284 -1.14334060246098 0.0336666638870611 0.58004689215295
"64" 0.15064083493742 0.537366222525279 0.226564108481455 -0.431786848039877 0.168452046633659 1.56719648200024 -0.168772334767688 -0.334594253068047 0.0275863585832559 -1.70107219479033 0.347533211917522 0.564772516397852 -0.143730782442073 -1.35634543845568 -0.0976237494697898 0.513250283139314
"65" 0.179133893696591 0.612560575621487 0.350927504963437 -0.413917047139421 0.203111816993654 1.78885034481901 -0.211885041014625 -0.349938985154779 0.0401562705320089 -1.93296807030877 0.477787623157084 0.482008798127936 -0.162314874468063 -1.55197084371475 -0.218158113574759 0.441984328932449
"66" 0.213342291434241 0.671219209621398 0.487339161791454 -0.394082285397246 0.244598728473862 1.99927618508701 -0.258307299569552 -0.373362537417563 0.0621446604776521 -2.16820540197239 0.599848731406539 0.392028653416446 -0.169724232783562 -1.7223103178385 -0.321282779865783 0.367244690384268
"67" 0.253755702390784 0.70956994819997 0.635040554022794 -0.372394690269942 0.293427404950489 2.1934512833971 -0.307616002904886 -0.405847014081871 0.0948376814342646 -2.40406893848113 0.709550941721943 0.295000235109228 -0.16385898172798 -1.86041607828677 -0.400581830874216 0.289979709240697
"68" 0.300676484112191 0.72456038146359 0.792620877628991 -0.348908642796232 0.34989877657596 2.36691645228629 -0.359197969798458 -0.447889011310167 0.139181318846519 -2.63781440813125 0.803105810335126 0.191040461149441 -0.143076722758934 -1.96058808921526 -0.450123971870084 0.21107373452719
"69" 0.354183805370415 0.713977275250301 0.957976372574592 -0.323618339291812 0.414059707715101 2.51592486721346 -0.412237596999866 -0.499452932162313 0.195717595925752 -2.8667036834964 0.877235078773367 0.0802478009611605 -0.106276565284748 -2.01859206251 -0.464709799587467 0.131336554248492
"70" 0.414102533110359 0.676518780125562 1.12829652554805 -0.296458074357929 0.48566859378037 2.63754805456976 -0.465710892089916 -0.559948318870795 0.264535088728295 -3.08801952639709 0.929284474375407 -0.0372532343922103 -0.0529603602956144 -2.03179861421563 -0.44010833759296 0.0514988472652931
"71" 0.479978863199641 0.611816380282846 1.30008139541027 -0.267305706764233 0.564169442657146 2.72973676730011 -0.518387415012668 -0.628232809330711 0.345236646485237 -3.29906231015158 0.957313867512141 -0.161259302011331 0.0167316076950215 -1.99924043298049 -0.373270927030262 -0.0277868769505858
"72" 0.551064600290484 0.520406431167189 1.46919321586455 -0.235989677047684 0.648676804284655 2.79133709698503 -0.568841488600469 -0.702641102543197 0.436926560707438 -3.49713287450382 0.960160307138665 -0.291431441826944 0.102012037477195 -1.92158895196096 -0.262510520177329 -0.105940754728636
"73" 0.626311804030756 0.403654113665183 1.63094402542217 -0.202299807790837 0.737973589264087 2.82206462262211 -0.615473758986127 -0.781039083299163 0.53821862751324 -3.67950709718112 0.937471566760223 -0.427239157397366 0.201465465356666 -1.8010563285119 -0.107635215707887 -0.182446635485576
"74" 0.704379218266755 0.263635504504634 1.78021938974516 -0.16600193074629 0.830523327231776 2.82244154160044 -0.656543793833819 -0.860901064938446 0.647265632078537 -3.84340875271903 0.889709073847811 -0.567910392052909 0.313093644958858 -1.64123227770481 0.0899735000124338 -0.256841068844551
"75" 0.783651489065431 0.102986046273017 1.91163637453704 -0.126856149773545 0.924497774186276 2.79370345280603 -0.69021390648696 -0.939407010826244 0.761809792201836 -3.98598769109441 0.818120407801771 -0.712392198498947 0.43438535706057 -1.44686827400162 0.327344951415284 -0.328701575430159
"76" 0.862271666389514 -0.0752741767531688 2.01973188209885 -0.0846382716143239 1.01782001450933 2.73768368186926 -0.714603803261994 -1.01355563394029 0.879252678038998 -4.10431025808008 0.724682867696188 -0.859326293582171 0.562407481767952 -1.22362368913425 0.599970041942129 -0.39763548793735
"77" 0.938186890542791 -0.267926441028862 2.0991753863635 -0.0391636293353343 1.10822235869577 2.65668370594676 -0.727854993947858 -1.08028848777718 0.996742130596273 -4.19536818782706 0.612020861296529 -1.00704276084969 0.693913253931132 -0.977789497886427 0.90191927314288 -0.463270477186597
"78" 1.00920651311122 -0.471737972747803 2.14499811493451 0.00968779390946395 1.19331746191734 2.553338338231 -0.7282032158978 -1.13661958141853 1.11127278860529 -4.25611095745488 0.48330098311726 -1.15357398849312 0.82546291239472 -0.716005251206635 1.22602504707675 -0.525247634654761
"79" 1.07307122395117 -0.683632468527989 2.15282896922488 0.0619463349525802 1.27068023715216 2.43048389507867 -0.714056440937114 -1.17976470230221 1.21979605690014 -4.28350487453888 0.342109570367327 -1.2966896010405 0.95355147469909 -0.444984147083566 1.56412168735494 -0.583217696149632
"80" 1.12753108748341 -0.900834771452566 2.11912608664841 0.117529363633579 1.3379373672142 2.29103664834422 -0.684075407984423 -1.20726452986057 1.31933475913105 -4.27462007703643 0.192318201552311 -1.43395175887224 1.07473813972274 -0.171259341423557 1.90733331890817 -0.636840688888014
"81" 1.17042977162634 -1.12097962053535 2.04139206759115 0.176221562432744 1.39286058807332 2.13788754700337 -0.637253101540473 -1.21709578374487 1.40709735548771 -4.22674429567176 0.0379429985189859 -1.56278885754887 1.18577184710291 0.0990377011695145 2.24639697990625 -0.685788991499066
"82" 1.19979172127864 -1.34217682094037 1.91836063252347 0.237660656982214 1.43345947006905 1.97381758205697 -0.57298922452248 -1.20776507542237 1.48058650144388 -4.13751981665526 -0.116996308562406 -1.68058444708629 1.28370779805795 0.360358816271084 2.57200628825251 -0.729753535023519
"83" 1.21390862252887 -1.56302821067138 1.75014292960316 0.301330399883199 1.45806920264858 1.80143638633527 -0.491155535771199 -1.17838081669358 1.53769689244516 -4.00509775315163 -0.2686117909969 -1.78477718322085 1.36601024833269 0.607875748584476 2.87515978172536 -0.768452656738418
"84" 1.21142125681753 -1.78259524526452 1.53832292902374 0.366562365406466 1.46542891737339 1.62314483147269 -0.39214797140756 -1.12869946770392 1.57679778103512 -3.82830165366609 -0.41327191742414 -1.87296687182095 1.43063759134758 0.837569867741902 3.14749776443273 -0.801642956313572
"85" 1.1913927817696 -2.00031966552481 1.28599331518981 0.432547697406832 1.45474637255135 1.44112063020999 -0.276921765782575 -1.05914355269181 1.59679625016403 -3.60679080044372 -0.547710760975519 -1.94302120803957 1.47610661969202 1.04627598703451 3.38161212618007 -0.829131396212006
"86" 1.1533696138101 -2.21590331110821 0.997725964522232 0.498359374606395 1.42574536388331 1.25732438455194 -0.147006337268664 -0.970790193526668 1.59717824570299 -3.34121241583804 -0.66911814792951 -1.99317765577598 1.50153384021206 1.2316838178914 3.5713150957522 -0.85078783197514
"87" 1.13759759543078 -2.2836009155363 0.9000100050703 0.518973644029842 1.41278989644738 1.19912266150465 -0.10318809307384 -0.939194354824238 1.59321336457954 -3.24830902903102 -0.704415855908039 -2.00467426442219 1.50534389117387 1.28520524285538 3.62125574473339 -0.856411352382565
"88" 1.0760918946003 -2.4960723945327 0.573716784935442 0.583004976809491 1.36017318381842 1.01565940066108 0.0427797682652624 -0.828766876897802 1.56799526079398 -2.92761140417987 -0.805276977683079 -2.02674178794518 1.50408399381478 1.43779831317448 3.74551273540396 -0.870321066628549
"89" 0.997611090270793 -2.70583969914653 0.227095685665546 0.644458844448408 1.29069061707661 0.8342774957827 0.197776159162565 -0.70427580909832 1.52424137187092 -2.56879514840453 -0.888683983608843 -2.0267270335288 1.48309118202804 1.56477685239587 3.81679260215583 -0.878403646263678
"90" 0.903518411260542 -2.91230047328283 -0.131435521408832 0.702298463431077 1.20584927100629 0.656435280056499 0.358556995467595 -0.568530801454514 1.46334202196312 -2.17651022034246 -0.953699093585669 -2.00465720023738 1.4434638328385 1.66626282030704 3.83414778404847 -0.880816335057034
"91" 0.795709360141956 -3.11439900284615 -0.492846808121129 0.755565545656523 1.10762976759354 0.483526787020651 0.521509585542937 -0.424642604737329 1.38716675847121 -1.75666326090129 -0.99996920590101 -1.96119308606626 1.38681024048738 1.74291168028751 3.79831471637078 -0.87781897101604
"92" 0.676564765468637 -3.3104959538679 -0.84782721603662 0.80343626397773 0.998418963950247 0.316917449430832 0.682759595995691 -0.275892978606151 1.29798452641158 -1.3163415338508 -1.02769680310402 -1.89762890669181 1.31517467113744 1.79580536641263 3.71164045099658 -0.869775904218841
"93" 0.5488823113424 -3.49828139748699 -1.18713698066935 0.845273725247594 0.880925284833197 0.157969986741975 0.838294375078775 -0.125599140197991 1.19836944978662 -0.863675369563722 -1.03759274232016 -1.81586516817958 1.23094991559963 1.82634815883219 3.57794664854589 -0.857154004152335
"94" 0.415788658097972 -3.67474214284014 -1.50196280599255 0.880672823487572 0.75808054110723 0.00805730021063766 0.984097763277376 0.0230200821780358 1.09109697250958 -0.407640277520144 -1.03081410707226 -1.71835488932777 1.13678041165257 1.83617076307997 3.40233886899648 -0.84051639992208
"95" 0.280635263510863 -3.83619096083186 -1.78425794672935 0.909493497642345 0.632932770479226 -0.131439561105609 1.11629073129187 0.166969256225428 0.979035482733474 0.042196594869381 -1.00889067124945 -1.60802468980808 1.03546022697298 1.82704640513422 3.19097127386863 -0.820511741677137
"96" 0.146881892642133 -3.97836110524478 -2.02704923256005 0.93187891287613 0.508535077997166 -0.259148947365347 1.23127169129699 0.303585855866785 0.865038620102056 0.475977517574208 -0.973643707017402 -1.48817344086831 0.929830210651527 1.80082121089808 2.95077844179394 -0.797858944235713
"97" 0.0179725169690315 -4.09656488155269 -2.22469483069187 0.94825591281402 0.387835615352095 -0.373740887574158 1.32585016769712 0.430628528714564 0.751843245861755 0.883891404364618 -0.927100868960338 -1.36235227166094 0.822678444976709 1.75935966270893 2.68918695259981 -0.773327576642032
"98" -0.102791191818428 -4.18591018277055 -2.37307931357506 0.959316213924424 0.273573712629898 -0.473972040766782 1.39736770587939 0.546339678864413 0.641977560694272 1.25653312481967 -0.871410726691437 -1.23423069235685 0.71664777801859 1.70450462280078 2.41381971208926 -0.747714291963575
"99" -0.212373302566395 -4.24156423942363 -2.46973630668381 0.9659781616907 0.168186775458743 -0.558740146862164 1.44380043428273 0.649479541895289 0.537683122607371 1.58526871743311 -0.808760223433339 -1.10745439122604 0.614153717715219 1.63805036566894 2.1322057016817 -0.721815942775947
"100" -0.308118522395596 -4.25904965521258 -2.51389338740918 0.969330344674077 0.0737319142685466 -0.627143936829725 1.46383854500012 0.739330757450134 0.440853600345768 1.8625890156279 -0.741297937859855 -0.985500844947978 0.517315351662138 1.56172631841098 1.85150700197761 -0.696400286623657
"101" -0.387853331964283 -4.2345544416598 -2.50643867602798 0.970559850350995 -0.00817457393903176 -0.678543890231907 1.45693906745969 0.815674355117793 0.352992060835338 2.082433801118 -0.671065550663556 -0.871539210589049 0.427901260019173 1.47718878924692 1.57827363422626 -0.672175433602433
"102" -0.449968654218507 -4.16523550222593 -2.44981334986807 0.970869318319075 -0.0763977395523066 -0.712618986877573 1.42334960679542 0.878739921279191 0.275187503358968 2.24046916989666 -0.599939394540343 -0.768301010781101 0.347291649369055 1.38601785789405 1.31823507900907 -0.649759402842847
"103" -0.493480104526919 -4.04949406325441 -2.34783876032475 0.971388076474312 -0.130303463781385 -0.72941469905264 1.36410211976597 0.929134367297664 0.208110289979181 2.33430234272294 -0.529583422608113 -0.67796785705832 0.276457190764951 1.28971677034574 1.07613536481227 -0.629651311856151
"104" -0.518062825469556 -3.88720203742215 -2.20549059730237 0.973083420707525 -0.169756899569626 -0.729377900481282 1.28097721714945 0.967755042263803 0.152025149269052 2.36362062644224 -0.461414387904668 -0.602081868550158 0.215954330217642 1.18971156691957 0.85561646913186 -0.612205798478726
"105" -0.524059024463824 -3.67986027167544 -2.02863533873688 0.976678430175994 -0.195100895526072 -0.713375094957996 1.17644082525997 0.995693820145036 0.10681960674147 2.33024453081116 -0.396579504111727 -0.541483539380806 0.165936185464627 1.08734920694441 0.659152539048364 -0.597612250579232
"106" -0.512457555065978 -3.43067300909542 -1.82374583454282 0.982582544259728 -0.207116331103919 -0.682691341033575 1.05355623210851 1.01413916806922 0.0720450654591622 2.23808901383742 -0.335946369514744 -0.496280611706993 0.126177573979383 0.98389306214165 0.488035208079452 -0.585880280411857
"107" -0.48484615509687 -3.14452751432529 -1.59761319487168 0.990840451338997 -0.206967032796621 -0.639008404039501 0.915875522225697 1.02428303845801 0.0469673523814054 2.09303126988392 -0.280104493841421 -0.465850066542998 0.0961122524417846 0.880515263105632 0.342408146737682 -0.576832625343059
"108" -0.443338216377539 -2.82787341189605 -1.35707118303705 1.00110368633621 -0.196132489601566 -0.584361927844256 0.767315124175539 1.02723873627663 0.0306233701801566 1.90268815893019 -0.22937737965907 -0.44887371522691 0.0748800989120078 0.778285939180169 0.221347011847342 -0.570106292040464
"109" -0.390477151246241 -2.48850252346844 -1.10874716835482 1.01262778029766 -0.176331925841764 -0.521078705938109 0.612020634475279 1.02397475492569 0.0218805422456079 1.67611105222026 -0.183843783337608 -0.443406143842367 0.0613817402271124 0.678159846727461 0.122979221716548 -0.565162305707872
"110" -0.329122482957391 -2.13523646375391 -0.858850589448622 1.02429596752154 -0.149443421428616 -0.451696364498162 0.454226241401116 1.01526805074526 0.019495985720253 1.42341028263695 -0.14336652053764 -0.446972027271499 0.0543380170570984 0.580961207112065 0.0446365378746236 -0.561303909378694
"111" -0.262322669177474 -1.77753553492968 -0.613006114981744 1.03466848003947 -0.117421708939544 -0.37886887360699 0.298113973464147 1.00167847228367 0.0221727547435546 1.15532528898972 -0.107626992411113 -0.456688195342394 0.0523516801299095 0.487367765831564 -0.0169676735314965 -0.557702518219912
"112" -0.193180326643819 -1.4250481139814 -0.376134621621418 1.04205450962171 -0.0822180514392423 -0.305262210507451 0.147677678517248 0.983544231603574 0.028611015462102 0.882759706179925 -0.0761634946784682 -0.469404407091247 0.0539688118923252 0.397895147152941 -0.0655453616666932 -0.553430214169111
"113" -0.124715928073265 -1.087124355124 -0.152381115633943 1.04460216103209 -0.0457052502244641 -0.233445157316751 0.00659615073406172 0.96099656375668 0.0375525925684306 0.616302888125972 -0.048411335149865 -0.48185567149028 0.0577376535566216 0.31288253669679 -0.105034090562583 -0.547497111505209
"114" -0.059736167803532 -0.772321288689312 0.0549148329140792 1.04040031094748 -0.00961038784127144 -0.165780587081798 -0.121880780067706 0.93399022127133 0.0478179112545503 0.365760514755365 -0.0237428269689985 -0.490818229061802 0.0622627719999471 0.232480609546123 -0.139399849113545 -0.538891576119568
"115" -0.000713032162810379 -0.487928032542186 0.243213382623026 1.02758535266548 0.0245425819093112 -0.104322656110241 -0.235030043886546 0.902345323766468 0.0583349009863863 0.139716942445233 -0.00150534394910551 -0.493261041346045 0.0662528078351912 0.156642468187506 -0.172451035929953 -0.526621074820014
"116" 0.0503208318725825 -0.239539692212034 0.410742506460281 1.00444543400444 0.0554787933417185 -0.0507250749316768 -0.330734529846936 0.865795423743151 0.0681598903250742 -0.0548492147696749 0.0189441830482906 -0.486484857533128 0.068560389549539 0.0851181957003604 -0.20767144115058 -0.509751388839504
"117" 0.0918555633399869 -0.0307065795688573 0.55644965303614 0.969515023832358 0.0822058688304415 -0.0061650908994153 -0.407541853266871 0.824036507726419 0.0764908796052088 -0.212877097109995 0.0382096905335771 -0.468241639568419 0.0682131647998716 0.0174534913409516 -0.248078867851632 -0.48744205709545
"118" 0.122962405618463 0.137318281926994 0.679946356433618 0.921653455804361 0.104034113906271 0.0287129847708769 -0.464701449306816 0.776772026565652 0.0826738196098917 -0.331447373446835 0.0568323741616297 -0.436828293119675 0.0644352768998537 -0.0470072466666842 -0.296114574369938 -0.458976212744574
"119" 0.143324091159183 0.265715566957311 0.781453732779482 0.860102428845735 0.120583285515816 0.053831886296976 -0.502179289128044 0.723749889314291 0.0862026526033737 -0.40990616441961 0.0752737368558485 -0.391150202740278 0.0566589922971019 -0.109113088164676 -0.353567045254522 -0.423783419103074
"120" 0.153235771825852 0.358108540088708 0.861754547649156 0.784519177179249 0.131776096166398 0.0696914866465335 -0.520650000527482 0.66478856543722 0.0867139036776279 -0.449882374759383 0.0939055995257121 -0.330751905935358 0.0445265555427206 -0.169893714722338 -0.421531794686246 -0.381454661395537
"121" 0.153576348029638 0.420440164492604 0.922154751870806 0.694984006740711 0.137818970683774 0.0773544743041867 -0.521466627695929 0.599790888643213 0.0839765716394631 -0.455196974344929 0.113006991940765 -0.2558142401748 0.0278827052623569 -0.230541281479244 -0.500407062660543 -0.331749262053563
"122" 0.145751451349419 0.460721684885172 0.964454403821577 0.591982954140434 0.139170908042162 0.0784084759772696 -0.506608708684446 0.528745689012482 0.0778779923704125 -0.431668172931595 0.132767467246268 -0.167119323110683 0.0067586221630016 -0.292386762816232 -0.58992347535343 -0.274594105464985
"123" 0.13161070011429 0.488663347387615 0.99092507904416 0.476368278207715 0.136501631278347 0.0749066877823594 -0.478609810202592 0.451718837030342 0.0684062679463904 -0.386821676776094 0.153296044658319 -0.065986639175776 -0.0186516079375245 -0.356870606576219 -0.689204100711777 -0.210076127797038
"124" 0.113343110929218 0.515204745999483 1.00428854732849 0.349301170222887 0.13064054383314 0.0692901438033289 -0.440466159146141 0.368836513107823 0.0556298032513931 -0.329520013659135 0.174634699994272 0.0458148270046195 -0.0480206531058265 -0.425507639173819 -0.796849924998014 -0.138429497301104
"125" 0.0933556500237245 0.551968114230405 1.00768994997551 0.212182323307118 0.122518354596077 0.0642956204915919 -0.395528560547369 0.280264392660399 0.0396744921364753 -0.269529005198791 0.196775108964587 0.166172162936846 -0.0809221132958022 -0.499846355822584 -0.911044680676468 -0.0600192378558404
"126" 0.0741407904605076 0.610662359982769 1.00465812834531 0.0665767284307606 0.113103581732156 0.0628537968584766 -0.347380391129661 0.186186870528218 0.0206991608602705 -0.217042627341499 0.219677215454482 0.292744699672426 -0.116867423102939 -0.581423001827076 -1.02967222801249 0.0246767961757541
"127" 0.0581395571638659 0.702468513736974 0.999046224461722 -0.0858607914900631 0.103336482281414 0.067982627442106 -0.299705088877538 0.086790397640641 -0.00112999180030782 -0.182189556975672 0.24328815318718 0.423083317609326 -0.155343552715387 -0.671711194857778 -1.15043936857865 0.115085715690839
"128" 0.0476068544477073 0.837438372273994 0.99494716686587 -0.24345323818109 0.094063256759596 0.0826809189590989 -0.25614718889733 -0.0177455255150392 -0.0256650334663191 -0.174545539965663 0.267560095240711 0.554745580629856 -0.195849517830787 -0.772068233653282 -1.27099706051627 0.210555496018969
"129" 0.0444858562759052 1.0239374351475 0.996581029454973 -0.404557186606667 0.0859736135339864 0.109826833306855 -0.220171537266253 -0.12724710186373 -0.0528008780837737 -0.202675286245423 0.29246573724275 0.685400043842151 -0.237929726315201 -0.883679653236992 -1.38905349994639 0.310367683174036
"130" 0.0502978890080392 1.26816082378697 1.00815426982396 -0.567602931404053 0.0795449103082806 0.152085489750206 -0.194925790768025 -0.241533407205196 -0.0824974605642241 -0.273725923555318 0.318010326541369 0.812914164138533 -0.281202294905487 -1.00750397946405 -1.50247339227531 0.413746104295342
"131" 0.0660535564591775 1.57374692198532 1.03369420606506 -0.731117035084225 0.0749960827983838 0.211829047950545 -0.183111620601466 -0.360392098308779 -0.1147979964116 -0.393091215678808 0.344239416399134 0.935421667001947 -0.325380668723152 -1.14421996133772 -1.60935890040537 0.519861347610686
"132" 0.0921898716269887 1.94150824778598 1.07686542598191 -0.893727111144543 0.0722543907254476 0.291071678124879 -0.186870124315234 -0.483545266153953 -0.149841738166236 -0.564161930926815 0.371241832987423 1.05136687257425 -0.370287171489007 -1.29417877381706 -1.7081091446081 0.627831364220356
"133" 0.128536908114786 2.36929289248071 1.14077778426557 -1.05415046416738 0.0709376353904796 0.391420735995368 -0.20768676425125 -0.610608401309094 -0.187869682813914 -0.788173145403476 0.39914767310097 1.15952522936357 -0.415857500914175 -1.45736374960224 -1.79745664743905 0.736719092603607
"134" 0.174316022637342 2.85198311671365 1.22779790706213 -1.21116979354727 0.0703539208416899 0.514044338915184 -0.246320660964997 -0.741046530582111 -0.229221873490928 -1.06415414137628 0.428121480933655 1.25900101279569 -0.462135651424489 -1.63336008904682 -1.87648066574275 0.845528462892389
"135" 0.228170096752979 3.3816307666067 1.33937742941961 -1.36360040614595 0.0695202489226254 0.659654469092388 -0.302762266565431 -0.874132290798684 -0.274325287792414 -1.38898120033048 0.458351062670715 1.34920469302699 -0.509259278096597 -1.82133670269913 -1.94459882932824 0.953200456687
"136" 0.288224580607743 3.94772244498775 1.47591136997369 -1.51025416921749 0.0672002824437099 0.8285037920907 -0.376222341041036 -1.00891094779581 -0.323671809847143 -1.75752829310919 0.490032669965785 1.4298137540161 -0.557436087405875 -2.02004186721053 -2.00153981697008 1.05861104699761
"137" 0.35217648043043 4.53756119387478 1.63663903583495 -1.6499057054578 0.0619605245486765 1.02039364619733 -0.465153795978502 -1.14417711344689 -0.377786423083514 -2.16290573078359 0.523353502846433 1.50072167079452 -0.606912422162424 -2.22781374715485 -2.04730086323025 1.16057280529503
"138" 0.417406903840735 5.13674611343842 1.81959769986656 -1.78126607258136 0.0522430071300972 1.23469018864373 -0.5673064212233 -1.27846717720624 -0.437186496422131 -2.59677253204639 0.558472638693402 1.56198027205551 -0.657935765322112 -2.44260609337316 -2.08209464076242 1.25784173937018
"139" 0.481111449740887 5.72972709531136 2.02163615977372 -1.902968413845 0.0364514316998452 1.47034551610865 -0.679812858160787 -1.41007031423749 -0.502333815755495 -3.04970482091916 0.595501580599262 1.61374081185511 -0.710713382705237 -2.66202862568731 -2.10629046169186 1.34913053418609
"140" 0.540441682539957 6.30040884763321 2.23849142417777 -2.01356889155832 0.0130466450536009 1.72592072317582 -0.799302530571403 -1.53705946339227 -0.573581770856954 -3.51160017422474 0.634485634320541 1.65619876229198 -0.765369720312702 -2.88340080556985 -2.1203547737598 1.43312884124362
"141" 0.592650231088065 6.83277672441083 2.46492749194843 -2.11156473502763 -0.0193535553881201 1.99960831155583 -0.922038699200328 -1.657342018777 -0.651120776360584 -3.97209661134204 0.675387271148182 1.68954666435354 -0.821905432699158 -3.10381696520223 -2.12479560366 1.50853064511807
"142" 0.635231752156404 7.31151655730932 2.69493085295736 -2.1954295854591 -0.061875926164908 2.28925207668313 -1.04407247645943 -1.76872829852886 -0.734925515750362 -4.42098490864331 0.718072521021355 1.71393840794929 -0.880161014762198 -3.3202201421174 -2.12011495784782 1.57406808163137
"143" 0.666052126341107 7.72260167257987 2.92195329950707 -2.26366465108799 -0.115300545755854 2.59236351414225 -1.16140661934198 -1.86901429589417 -0.82470788856773 -4.84859410435696 0.762301275773467 1.72946714468912 -0.939787918989214 -3.52948152212352 -2.10677228907616 1.62855044693924
"144" 0.683458817205072 8.05382244885587 3.13918922897545 -2.31486264282719 -0.179982743916566 2.90613482384327 -1.27016128926112 -1.95607392054814 -0.919879566177669 -5.24613234269187 0.807722178191128 1.7361577688996 -1.00022975287671 -3.72848215111244 -2.08516105100068 1.67090657495351
"145" 0.686366303231097 8.29523697596461 3.33987211252625 -2.34778017543189 -0.25579364137235 3.22744964787157 -1.36673377915463 -2.02795501661629 -1.01952779167028 -5.60596842923874 0.853872541188139 1.73397363632512 -1.0607156695365 -3.91419355518762 -2.05559918061294 1.70022832004474
"146" 0.674311841267773 8.43952541817168 3.51757339504823 -2.3614133976597 -0.34208390949652 3.55289365503552 -1.44794448264661 -2.08297297654164 -1.12240748993614 -5.92184341924984 0.900183495737252 1.72283602275695 -1.12026740494404 -4.08375410439368 -2.01833316139152 1.71581260063522
"147" 0.647478470214203 8.48223535124444 3.66648687585007 -2.3550711291947 -0.437674163392487 3.87876787910849 -1.51116210693477 -2.11979579408484 -1.22695190359079 -6.18900598006107 0.945990318324107 1.70265383986339 -1.17772060921305 -4.23453834600702 -1.97355421832094 1.71719936159275
"148" 0.606684023164579 8.42191040345503 3.78168259575577 -2.32843976624838 -0.540873910970552 4.20110823708694 -1.55440226802525 -2.13751490739426 -1.33130288400058 -6.40426987729957 0.990547649580506 1.67336038741848 -1.23176021176393 -4.36421707970547 -1.92142425988141 1.70420290894617
"149" 0.553336876761474 8.26009975494877 3.85931632570654 -2.28163466507675 -0.649529283326414 4.51571482564087 -1.57639508293581 -2.13569712548949 -1.43336071153014 -6.56599644171561 1.0330490945851 1.6349534723015 -1.28096860775108 -4.47080659714259 -1.86210847713392 1.67693435335241
"150" 0.490498673059488 8.00630937718958 3.89649810684162 -2.21649181498827 -0.759235560727713 4.81329235796021 -1.57679298652813 -2.11492437602257 -1.52928227922916 -6.67264876321229 1.07202087943878 1.58839542040232 -1.32323077460341 -4.55155422561205 -1.79696820776917 1.63660618077711
"151" 0.418915731305113 7.66189397951084 3.89339731600097 -2.13254464261465 -0.870077845274174 5.09735765507371 -1.55606233140013 -2.07543168389503 -1.61932892373366 -6.72871579551641 1.107682414294 1.5328022713702 -1.35832275073554 -4.60768434037404 -1.72464702974662 1.58302304755466
"152" 0.341694874097172 7.23802131384207 3.84954040628816 -2.03178310511765 -0.978113829434744 5.3606066666394 -1.51500650043232 -2.01836402657582 -1.70027905908639 -6.73516957798782 1.13883663118442 1.4689620184314 -1.38450464969641 -4.63757416469367 -1.64609039726815 1.51749208164142
"153" 0.261563625630131 6.74586577771953 3.76626341592382 -1.91609946058557 -1.08036530874377 5.59858611535356 -1.45516319710347 -1.94519841887913 -1.76992337811511 -6.6951051664106 1.16470485267725 1.39745227386311 -1.40061629276934 -4.6408765656562 -1.56179672904136 1.44127188427638
"154" 0.181273784038844 6.19809271186085 3.64608824178742 -1.78775164897829 -1.17394135991493 5.8069804721757 -1.37861525886916 -1.85778916022321 -1.82624955686884 -6.61228733833386 1.18457842285922 1.31903808711934 -1.40571864666811 -4.61765247696134 -1.4724044725408 1.35584970805508
"155" 0.10347024728723 5.60838092501065 3.49257771008067 -1.64929219637796 -1.25616703446014 5.98173164298672 -1.28788396138965 -1.75829243962215 -1.86753515414432 -6.49092823590956 1.19784443612285 1.23466691288593 -1.39914934558468 -4.56835771763651 -1.37869631042508 1.26289721394119
"156" 0.030569971023592 4.99092612524133 3.31015038192331 -1.50348274767485 -1.32470270332624 6.11916776968577 -1.18580859231771 -1.649079879987 -1.89243008578427 -6.33547820771635 1.20400895467635 1.14545179739514 -1.3805663501183 -4.49382346774273 -1.28159239495244 1.16421874883463
"157" -0.0353422871153732 4.35994635925415 3.10386692446414 -1.35319891441472 -1.37764722557899 6.21613543949776 -1.07541888633808 -1.53264612010054 -1.90002360718209 -6.15044060811712 1.20271673414351 1.05264372782233 -1.34997672924541 -4.39523162896253 -1.1821329144027 1.06169455619374
"158" -0.0925959791151953 3.72920978351453 2.87920077575072 -1.20133065744274 -1.4136190858786 6.27012848141935 -0.959806959615129 -1.41151563273272 -1.88989159634461 -5.94021857267489 1.19376659002171 0.957594841240052 -1.30774843502195 -4.27408608380757 -1.08145113284115 0.957221597182752
"159" -0.139990622186781 3.11160341058782 2.6418058731239 -1.05068358893722 -1.43181102322822 6.27940584060501 -0.842005041439712 -1.28815372022608 -1.86212110560616 -5.70899867186041 1.1771216901126 0.861714792474004 -1.25460400217237 -4.13218059793511 -0.980738761376188 0.852654761745725
"160" -0.176823369615907 2.51875897257986 2.3972934585216 -0.903886377419383 -1.43201536080005 6.24309085776659 -0.724874612505225 -1.16488605658209 -1.8173105607335 -5.46067310918966 1.15291424663519 0.766422997444806 -1.19159627020939 -3.97156383273079 -0.881206062835815 0.749751184931711
"161" -0.202888057352267 1.96074884367022 2.15102853177549 -0.76330890191916 -1.41461912051868 6.16124469990771 -0.611011583248583 -1.04383032183648 -1.75654552707182 -5.19879903288192 1.12144430196242 0.673099678772701 -1.12006740636314 -3.79450169653242 -0.784039426137724 0.650120161345967
"162" -0.21844734094811 1.44586122543527 1.90795454568303 -0.630994980399421 -1.38056992637022 6.03490770286397 -0.502670958599886 -0.926842479037759 -1.68135151707805 -4.92659081392669 1.08317254692253 0.583038637575328 -1.04159361069385 -3.60343710181453 -0.690359253882264 0.555180787630661
"163" -0.224181217387533 0.980459714673955 1.6724526008116 -0.508612464272829 -1.33131552211371 5.86610395426413 -0.401713124095735 -0.815479162242866 -1.59362676125965 -4.6469390092652 1.03870737093836 0.497404469048888 -0.95791882173183 -3.40094714016361 -0.601180888636179 0.466128985867044
"164" -0.221116607734405 0.568928159531026 1.44823888964777 -0.397422328614169 -1.26872131461273 5.65780647492327 -0.309572543129068 -0.710976561247094 -1.49555909309303 -4.36244832180576 0.988786607115387 0.417196553702411 -0.870881435201611 -3.18969774909212 -0.517380981105418 0.383915003132643
"165" -0.210543660640102 0.213697593756585 1.23830164041816 -0.298267185091575 -1.19497158579418 5.41386270671003 -0.227248363831055 -0.614245183270071 -1.38953201348216 -4.07548626348807 0.934254688777429 0.343221627137495 -0.782338443260278 -2.97239612017454 -0.43967121361402 0.309231881730511
"166" -0.193924959891444 -0.084651753199843 1.0448764839974 -0.211578487999006 -1.11246080754981 5.13888250893328 -0.155315275437314 -0.525879008427466 -1.27802553439381 -3.78823442322741 0.876036161625684 0.276076104120648 -0.694091466530496 -2.75174136475334 -0.368580684405174 0.242514790451651
"167" -0.172803858525784 -0.327223631991167 0.869457148659578 -0.137400671068932 -1.02368179643662 4.83809330386332 -0.0939519926758727 -0.446176882274656 -1.16351752048712 -3.50273516239181 0.815106682232681 0.216138658053865 -0.607818884351291 -2.53037427654998 -0.304447588774167 0.183950538147997
"168" -0.148717737318984 -0.516586947085536 0.712836777114248 -0.0754296076901397 -0.931117253392735 4.51716919314831 -0.0429840294186761 -0.375173532889391 -1.04839095421412 -3.22092806672744 0.752462764722814 0.163572886535576 -0.525017698532867 -2.31082736400078 -0.247420160260333 0.133496091827169
"169" -0.123121156268379 -0.656519451122634 0.575174019843132 -0.0250621752580429 -0.837140584984783 4.18204260416425 -0.00193697596933262 -0.312677370172949 -0.9348518820461 -2.94467238573573 0.689091601674001 0.118339276473989 -0.44695794729877 -2.09547662021849 -0.197466213909991 0.0909045214227717
"170" -0.10478078133445 -0.728333239938756 0.488859068476501 0.00407358242467382 -0.770855721172612 3.93910937453315 0.0215386696183266 -0.273320816423208 -0.856396716113888 -2.75314504316366 0.644241128061957 0.0905947691829283 -0.395049135480434 -1.94652995163835 -0.166232271810912 0.0652465214342328
