"V1" "V2" "V3" "V4" "V5" "V6" "V7" "V8" "V9" "V10" "V11" "V12" "V13" "V14" "V15" "V16"
"1" -0.877293184724792 10.7652252122758 -0.250274649602293 -6.55329591835656 5.07181170283258 -13.181496519857 0.0218214060978301 5.73526043406163 2.20358685874084 18.0112232124785 0.517411603601891 -0.20883270701755 -5.19343867806835 -19.0958537457245 -0.19188955054598 0.10075578924766
"2" -0.806766921614679 10.7456624438398 -0.244003338958818 -6.61434888126822 5.25980295518378 -13.2893095312332 0.0178874625831069 5.77041442038488 2.36426162178666 18.0953414234423 0.514656842774286 -0.223659176511148 -5.15788461980179 -19.2827294954402 -0.181861871263052 0.0912353687072418
"3" -0.652971476834583 9.94779866849606 -0.218122662794993 -6.22688642380484 5.14378497612125 -12.4886886144394 0.0115879361447861 5.40869035767346 2.41706645406515 16.9237128665178 0.473856841904404 -0.229000980930763 -4.74184117630705 -18.16843415191 -0.152828290787923 0.0709669400957651
"4" -0.497310931366151 8.90848974921752 -0.188360038698018 -5.67672156479072 4.86743551397662 -11.3634973183612 0.00607888852867866 4.91001283469719 2.3809095162371 15.3275743982942 0.421849407025487 -0.226574178611244 -4.217885128136 -16.5799586677636 -0.120449887877513 0.0502869558123287
"5" -0.225563678188397 6.84454881760463 -0.132984326997359 -4.54964473676316 4.21887175512295 -9.06638827385119 -0.00225386108936121 3.90065536457344 2.22478014456118 12.1106106667049 0.319441208136766 -0.214779785015622 -3.19442962516882 -13.3233824270686 -0.0592009391093313 0.0133652789535113
"6" 0.0794074418828807 4.2631149940199 -0.0679412667660522 -3.11309615403632 3.32220476949959 -6.14482181399039 -0.00968071796164072 2.62653386040368 1.95611286271604 8.06062142136863 0.192005570784776 -0.194868744274245 -1.93333245212481 -9.17392074407108 0.0168261025387721 -0.0299543582016604
"7" 0.376939812016855 1.45677647990278 -0.0023704695035498 -1.53218195808076 2.27425538074179 -2.93519890745681 -0.014087882375172 1.23804024382192 1.59964682055207 3.65563407758395 0.0537856147294384 -0.170054856509552 -0.584740329729296 -4.61291084559063 0.101985677601505 -0.0756580488653213
"8" 0.620716858469927 -1.22079057200052 0.0530336741636752 -0.00833397009528625 1.19865759323221 0.151445526792383 -0.0131865209279685 -0.0823560793746054 1.1910652166039 -0.524643882150009 -0.0782349916144476 -0.144794135941169 0.67166030327099 -0.226755790037274 0.18975685627413 -0.119208712407229
"9" 0.765275523459177 -3.40534439104085 0.0875705728611003 1.24929200454075 0.228368789655217 2.68714156041108 -0.00481814678416015 -1.1458618488455 0.772009628100278 -3.88042012421194 -0.186944702861023 -0.124477545792018 1.65215932670072 3.37646031573148 0.274324531694873 -0.156371302629182
"10" 0.772769199383694 -4.77609956159463 0.0921919457324023 2.05448387727922 -0.513433753002545 4.28898193764192 0.0127347248220016 -1.78489745666508 0.384381301630071 -5.87913852875996 -0.257893517922046 -0.115119443046751 2.19614810221045 5.65623288451864 0.352372632083842 -0.184093807813682
"11" 0.618823625578477 -5.10385520181929 0.0609688062361684 2.27136396412063 -0.930710099723406 4.67463050565057 0.0404900809428099 -1.87761605845844 0.0649512240640107 -6.13333048791532 -0.28176777166118 -0.123093684896801 2.19014009669977 6.21919655107547 0.42476341296441 -0.201291222786438
"12" 0.296531720960245 -4.28545403122556 -0.00789963962941798 1.83410641291098 -0.967410192473906 3.7024470635665 0.07860869824734 -1.36546136241785 -0.158886223935475 -4.45649129702417 -0.256129824487811 -0.154921823546289 1.58480986197939 4.87620175898634 0.497747471733476 -0.209390425864989
"13" -0.181997787460774 -2.35969026958176 -0.111717279099267 0.756253257313704 -0.61411517206307 1.39069283095565 0.126366808074817 -0.261334026747384 -0.271702386445849 -0.889233284547316 -0.186141743018489 -0.217067448978455 0.402650602112674 1.6690255579035 0.583374915584187 -0.212526257887063
"14" -0.786687695397805 0.496825628495387 -0.24363017590014 -0.871163895146005 0.0920340096113641 -2.08581056154297 0.182263575430991 1.35230621955762 -0.270809269796928 4.30649684675789 -0.0841640882141306 -0.315653994081671 -1.26442624610502 -3.13549362411391 0.698857347541662 -0.217325592374173
"15" -1.47287123379944 3.99214241253762 -0.393618620992104 -2.89168734100462 1.07351865427177 -6.41954562309372 0.244241664846792 3.33443786474163 -0.165376287979708 10.6821781508423 0.0317079568323493 -0.456012137718517 -3.26661025880967 -9.08083662012656 0.864755664387928 -0.232269400317513
"16" -2.18641156953419 7.75556884290343 -0.549977641574049 -5.10328088636788 2.22329983682117 -11.2098379931272 0.309977176937201 5.50334733116878 0.0257328896049831 17.6594940920737 0.139963536579526 -0.641982708769831 -5.41463394813948 -15.5785863604792 1.10202829965851 -0.266676624898459
"17" -2.86977137546115 11.3826201477142 -0.701041482307691 -7.28272306587103 3.41843313967307 -16.0115163232527 0.377181756754416 7.65839434200238 0.276909492443369 24.5997695061025 0.218538136634624 -0.874950460534095 -7.50217959265956 -21.9790904614913 1.42815297305381 -0.329403387627188
"18" -3.46818310450602 14.4819825922662 -0.836868892281579 -9.21105430989216 4.53439725433853 -20.3856241999349 0.4438574283891 9.60249069320953 0.559025887502058 30.8760045018303 0.247849796951407 -1.15265634775656 -9.32906215365677 -27.6448035740675 1.85271349353252 -0.427392963163072
"19" -3.93514310238881 16.7185572205045 -0.950613834540817 -10.6968598305157 5.45828180053988 -23.9456772382655 0.508454308238207 11.1623980262176 0.842496145290855 35.9382843072632 0.213631344218165 -1.46791965700169 -10.7222529383819 -32.0169905810374 2.37300044044053 -0.564242946051579
"20" -4.2366285131661 17.8477760369111 -1.03935862874901 -11.5948485534166 6.09940283902524 -26.3943535813442 0.569901112289694 12.2046177496022 1.09984914378287 39.3653736350137 0.109213554322999 -1.80748195633502 -11.5524391502498 -34.6685464056718 2.97028790776295 -0.738973201997958
"21" -4.35367414959283 17.7379926374695 -1.10427485767526 -11.8181102909516 6.39647157947001 -27.5474044694622 0.627504601030047 12.6455385731666 1.30763890092965 40.8980445255646 -0.0630189995140498 -2.15124599022718 -11.7446738442497 -35.3384682027511 3.60749550530358 -0.945178853699026
"22" -4.28320102157788 16.3795372301113 -1.1500873063186 -11.3434232163976 6.32102611383386 -27.3436123908967 0.680741766329684 12.4554533907276 1.44766004493903 40.4526138006587 -0.291187495623362 -2.47220813740502 -11.2825956704842 -33.9464697355918 4.22890577883035 -1.17073434681551
"23" -4.0372165289508 13.8807151247815 -1.1839300230528 -10.2098825187525 5.87735176060282 -25.841476859287 0.728992266719102 11.6568999177158 1.50755173600375 38.1158010686602 -0.554578777115147 -2.73735929629125 -10.2065378445736 -30.5888713744371 4.76246837358701 -1.39817593401082
"24" -3.64490429893887 10.4872881203197 -1.21350412779963 -8.52958414415543 5.10799510970896 -23.2334088940117 0.770916729413055 10.3328543106646 1.48158797208824 34.1671967296869 -0.822958235239707 -2.9087018125289 -8.6232011233869 -25.5721584048896 5.12269141181255 -1.60408531645911
"25" -3.12930944012654 6.39081633148728 -1.24668789324922 -6.39106850563559 4.04806452028072 -19.6859223198019 0.80599592880642 8.54819206010866 1.36757569011618 28.8407322781877 -1.07102220355331 -2.95181698675931 -6.61474897393686 -19.1267368514343 5.2301688462301 -1.76946105659599
"26" -2.5378505118422 1.98669192965666 -1.2877103230359 -3.98974928633119 2.78658804229398 -15.5418487814997 0.831251836588265 6.45428722730588 1.17036696000869 22.6325080034673 -1.2602489482323 -2.8282149743066 -4.36172666358992 -11.8009225075035 4.99614931890179 -1.86617611076298
"27" -1.91507952671954 -2.36325743857927 -1.33751186605515 -1.51176558364824 1.41415601913343 -11.1352459144559 0.843912290870792 4.19877246463398 0.900537843407445 16.0242567101492 -1.35958807449273 -2.5122581357007 -2.03412297630329 -4.12077569480209 4.35927399952197 -1.87297289763243
"28" -1.3044151806987 -6.31367787114385 -1.39260142774492 0.857972374171128 0.0262383462069273 -6.79683240575932 0.840916315595328 1.93228548486445 0.57371913277891 9.49577994626058 -1.34491371138278 -1.99286842497636 0.20014967237093 3.37984832403335 3.29026760428297 -1.77491907225156
"29" -0.744886375421448 -9.56548906337794 -1.44517429752141 2.95041831569213 -1.28330169427881 -2.82751321406408 0.819330539076818 -0.201498005824604 0.210130057733023 3.48815690532294 -1.2026201534463 -1.27843599118235 2.18801953809724 10.196919190715 1.80285463360653 -1.56631252077522
"30" -0.268509275369788 -11.8901150807308 -1.4839847151528 4.62483840620126 -2.42796163828514 0.523318444611721 0.776857543104992 -2.07414865709488 -0.166096624254887 -1.62664756347168 -0.932345359849144 -0.400274326715319 3.80188910309885 15.8885953982773 -0.0387304891427505 -1.25289080672717
"31" 0.101588233029986 -13.146438937385 -1.49586118889555 5.77838848834999 -3.33352745926727 3.07363341964637 0.712356218601267 -3.579016303316 -0.527924718201085 -5.56848877978515 -0.548400830252351 0.586233872856425 4.94764664689493 20.1013299897505 -2.11741217244966 -0.852922799695804
"32" 0.352235245987297 -13.2893779988877 -1.46765300585998 6.35234216791918 -3.94214732977892 4.7181715431739 0.626284070856419 -4.63610320756683 -0.846860905177728 -8.16337248688711 -0.079580993745676 1.60349337958377 5.56976968701234 22.5892032932658 -4.26750808247075 -0.39683888610196
"33" 0.480466095989349 -12.3696287463913 -1.38832926718383 6.33469184848949 -4.21553457294848 5.4312071341419 0.520976294263519 -5.19542574414726 -1.09487478765536 -9.34919611733694 0.432820806588776 2.5569357620117 5.65340693683034 23.2262489293328 -6.28623090007036 0.0747970043643491
"34" 0.492978031687771 -10.5248305567891 -1.25092676014956 5.75905927831425 -4.13725429909227 5.2628744828201 0.400696275695392 -5.23898728188335 -1.24673829376785 -9.17310906987404 0.938756841036252 3.34357805391029 5.22348353548054 22.0116885613527 -7.9522196861349 0.514964139808072
"35" 0.40487390144681 -7.96312865825076 -1.05406284457394 4.70009272689477 -3.71400368260887 4.32965314479257 0.27142442184002 -4.78141188283746 -1.28262489183612 -7.78112291457973 1.38465868630327 3.86331187568686 4.34103191985779 19.0680923452342 -9.04977003624529 0.875257067801051
"36" 0.237813793283105 -4.94082402801531 -0.802790170477035 3.26578874959806 -2.97575740599002 2.80002096638967 0.14039206516656 -3.86920258279976 -1.19070899348929 -5.40104636298002 1.71964805636738 4.03179984096862 3.09711128210439 14.632603303611 -9.39633607014107 1.11185084709422
"37" 0.0177464982396653 -1.73640158534845 -0.508661349811909 1.58743342611809 -1.97463521108356 0.876664694863653 0.0154083864470209 -2.57852053574776 -0.969430265959652 -2.32025996204451 1.90200799590831 3.79340307815889 1.6048328468858 9.04154336704579 -8.86996142499908 1.19164446389065
"38" -0.227570411902029 1.3763671202837 -0.188979390899441 -0.191925863765082 -0.782369469695478 -1.22306341659771 -0.0959360494965402 -1.01135598928798 -0.629053866194354 1.1397776816527 1.90506869749743 3.13228467427555 -0.00986252903139828 2.70896573317411 -7.43274848870865 1.09773277611546
"39" -0.471032689159121 4.15342992228967 0.134682294065165 -1.92943093706782 0.513687358887552 -3.28660226462648 -0.187081677765521 0.71000576748267 -0.192178828043843 4.6501593947117 1.72164288822653 2.07980708234955 -1.61794533768185 -3.89997966546321 -5.14645224689806 0.833336353822759
"40" -0.688408332914836 6.40096795687895 0.438513459547956 -3.4937127693873 1.81597312350908 -5.12375306702865 -0.253213258558807 2.45022422062254 0.307071169617352 7.90011731346065 1.36625618155907 0.716613545919046 -3.09680904004753 -10.299666238521 -2.17687862848859 0.423432620032266
"41" -0.860118737976213 7.98937024732191 0.698811444712533 -4.7745655250049 3.02336536653956 -6.58081934402288 -0.291770004578559 4.06969268504059 0.825300869771464 10.6195710896554 0.874658253908891 -0.831644739475195 -4.33885590937716 -16.0170533731358 1.21502551448037 -0.0864185599631142
"42" -0.972442616074397 8.85945477880335 0.894362427238384 -5.69022987752598 4.03873190179534 -7.55021113709526 -0.302676493139302 5.43451441637532 1.31348259602975 12.5970256958652 0.300448606209628 -2.40515455764915 -5.25857619580389 -20.6253250541631 4.69579330563224 -0.634199280403614
"43" -1.01807521463012 9.02072314568852 1.00859072908763 -6.19181384382089 4.77688110412599 -7.97497776532257 -0.28825965555839 6.42707287206694 1.72171790096962 13.691746888414 -0.290938211077659 -3.82661390072374 -5.7977012344674 -23.775960073454 7.89417265069207 -1.14822310995909
"44" -0.996053145568357 8.54245849855797 1.03124567445488 -6.26470939499857 5.17226484173497 -7.84834402354982 -0.252865101658637 6.95638087616847 2.00465993212277 13.8397490242741 -0.830229074241508 -4.92201843870559 -5.92819375191846 -25.2268931624193 10.4443819044901 -1.55587168748113
"45" -0.911126592183486 7.53936443677467 0.959459054261437 -5.9271800817661 5.18568603195253 -7.2088833021213 -0.202232735979086 6.96722075213822 2.12697708407142 13.0537140847804 -1.25328227366637 -5.54303527912457 -5.65301690645761 -24.8643595314776 12.0326294386083 -1.79319450136501
"46" -0.772715043391178 6.15405894392992 0.798084580211153 -5.22655431487997 4.80923355090137 -6.1323853979867 -0.142729093026601 6.44700839387906 2.0681523322949 11.4174460304725 -1.50980128627355 -5.58793476507614 -5.00477753707757 -22.7161360394238 12.44061941342 -1.81405683315553
"47" -0.593612796132872 4.53899027686792 0.559312479153526 -4.2336303165277 4.06873248289365 -4.72171201444463 -0.0805554684199468 5.42936769487157 1.82592149329628 9.07580387574671 -1.57051631952758 -5.01797294651192 -4.04245810741372 -18.9542591262964 11.5796248479016 -1.59747594228801
"48" -0.388613809069412 2.84019991165996 0.261627163794294 -3.03597033314023 3.02317024400988 -3.09596100937129 -0.0210527395688125 3.99361239607879 1.41776842375721 6.22123862377128 -1.43170843891511 -3.86652080953289 -2.84653553647403 -13.8859542705763 9.50955916128908 -1.15195166276265
"49" -0.173204528129203 1.18485646361415 -0.0717644258960206 -1.73074050852057 1.76083621500488 -1.38010082274157 0.0317948820584562 2.25970164879001 0.880110377956324 3.0781040666222 -1.11628924762447 -2.23910102414845 -1.51284099688694 -7.93245754731677 6.43927282494371 -0.515965723885799
"50" 0.0375654948710524 -0.326281767900003 -0.414866727079691 -0.417660744115974 0.392272227688629 0.304060662408943 0.075591083662081 0.378735436232901 0.265099219622407 -0.114139182688582 -0.671132182017082 -0.303717406340752 -0.145553649789914 -1.59659400361619 2.70683080033416 0.245650056696292
"51" 0.229973136392247 -1.62121363074796 -0.741006959975046 0.807503986779864 -0.959467874194729 1.84507500773041 0.109475101088888 -1.48037189177923 -0.364705103655851 -3.11780637565687 -0.160909335902353 1.72772611533895 1.15024786436241 4.57871754452705 -1.25856743132749 1.04916817650211
"52" 0.392256746227944 -2.65446184140177 -1.0249419329141 1.85862219674834 -2.17036617650279 3.14708622489382 0.133817743164895 -3.14684033016815 -0.943213252956259 -5.71304822226121 0.340767343316244 3.62474090177031 2.27602652192456 10.0576131879909 -4.98853102251348 1.8023381767489
"53" 0.515021158250913 -3.4015768327769 -1.24479698059611 2.66388311103262 -3.12760691530188 4.13326530294455 0.149742165847396 -4.46493993842854 -1.40840680748718 -7.71227953493123 0.761660407465406 5.16701071418308 3.14675462645256 14.3596778072237 -8.03450301305043 2.41629001352374
"54" 0.591462595224401 -3.85212690105999 -1.38370307268205 3.16942773959263 -3.74100419635991 4.74781102022334 0.158575847060753 -5.30995795676375 -1.70968488870172 -8.9722638577575 1.04117696067215 6.17264453842807 3.6969459067887 17.1046513856947 -10.0257539157691 2.81729568540435
"55" 0.6174731322219 -4.00302222846746 -1.43103180809545 3.34191880713622 -3.95234637181493 4.9569593539599 0.161350171476577 -5.60130089396128 -1.8139775639901 -9.40324422749073 1.13906623368829 6.52192015570461 3.88532594336166 18.0486025060232 -10.7181173583562 2.95668708588737
"56" 0.591679251344393 -3.85378364310159 -1.38316098618015 3.17007091799638 -3.74151671514633 4.74940813839967 0.158451777929539 -5.31109655220675 -1.70979045260968 -8.97464084249675 1.04123135588785 6.17308228925816 3.69779213125842 17.1074773479683 -10.0264150188814 2.81746768527979
"57" 0.515452140696604 -3.40484773958975 -1.24373281652692 2.66516358299761 -3.12862637249437 4.1364384564735 0.149497490278396 -4.46719640138164 -1.40861931296603 -7.71700542508141 0.761769912709696 5.16788024545025 3.14843301590745 14.3652874223955 -8.03582137399388 2.41663205857884
"58" 0.392903227056618 -2.65929400873586 -1.02339239109693 1.86054634158147 -2.17189089357356 3.15183350911909 0.133458345777777 -3.15019107502101 -0.943537029421282 -5.72012537955469 0.340931074642008 3.62602887197363 2.27852663456537 10.0659742047798 -4.99049415706594 1.80284558209935
"59" 0.23085202593072 -1.62760977844382 -0.739017879696682 0.810127772081984 -0.961519884000573 1.8514977261576 0.109006884473388 -1.48482823922309 -0.365150857244608 -3.12738997514742 -0.16069826099514 1.72940978579609 1.15359957539989 4.5899166516152 -1.26114588789704 1.04983241390725
"60" 0.0387298602194717 -0.334406585420009 -0.412479089343108 -0.414171133714719 0.389614205103243 0.31250258623821 0.0750154468029987 0.373063436864925 0.264508365285316 -0.126740602833848 -0.670892887479056 -0.301671246248787 -0.141219687114663 -1.582171186452 2.7036929616616 0.246458149941887
"61" -0.171632809922893 1.17451143437365 -0.0689898508117537 -1.7260140099802 1.75738390291789 -1.36883206992253 0.0311007243818562 2.25250157267979 0.879328622887336 3.06129288944536 -1.11606130501573 -2.23673386176765 -1.50719759462915 -7.91383995370336 6.43566578557818 -0.515030125904033
"62" -0.386391609563901 2.82655664583573 0.26484779614794 -3.02928107528415 3.01854038232242 -3.08023968520394 -0.0219026216561993 3.98420089799775 1.41670999819826 6.19782482480915 -1.4315629846798 -3.86387413669794 -2.83890586730526 -13.8611249271641 9.50561058883073 -1.15090419926641
"63" -0.590291328094394 4.51997023456292 0.563176294709045 -4.22365729544939 4.06220855086963 -4.6985249928134 -0.0816466601295218 5.41641758651252 1.82443199429326 9.04135614853778 -1.57057230061694 -5.01507103405871 -4.03156951151969 -18.9194120677827 11.575497197969 -1.59632312315851
"64" -0.767505834251407 6.1259282152348 0.803031863552683 -5.21099943064695 4.79954565270462 -6.09642903510843 -0.144230684706965 6.42811532068335 2.06596266381989 11.3641648667866 -1.51025062565658 -5.58475592547995 -4.98837068225212 -22.6644947666269 12.4365021312005 -1.81278211046077
"65" -0.902694256710963 7.49572387052828 0.966331858832696 -5.90217650320019 5.17067095837565 -7.15116833068608 -0.204450765815064 6.93823583429776 2.12363227764419 12.968377017006 -1.25442938981789 -5.53946946745808 -5.6272420811291 -24.7843520820129 12.0287295679477 -1.79173773089377
"66" -0.982205601296913 8.47273877448624 1.04151977424433 -6.22393680703251 5.14835999613422 -7.75411288997395 -0.256321285971666 6.91041851283607 1.99941363484945 13.7006429383474 -0.832551588498781 -4.91780909920502 -5.88671030109322 -25.0994329212778 10.4409187517942 -1.55410069684157
"67" -0.99531737688953 8.90802555782826 1.02470544311344 -6.12522609817463 4.7383998799817 -7.82071000534328 -0.293803875637643 6.35308902940925 1.71338234812984 13.464256800652 -0.295176470436168 -3.8212813314246 -5.73038409245023 -23.5705468689837 7.89138282893737 -1.14589550857669
"68" -0.935357825275929 8.6775739300351 0.920176391922233 -5.58229847799644 3.97686676938597 -7.29948342396778 -0.311642545840753 5.31534527874958 1.30022392553951 12.2275355277896 0.293165785505096 -2.39789675253439 -5.14972980055614 -20.2946715647395 4.69395105990779 -0.63091172513478
"69" -0.800545638834879 7.69885695269305 0.740212219133433 -4.60195577790511 2.92487217486158 -6.17881414740027 -0.306183904938496 3.87945454314752 0.804371404286083 10.0273708900703 0.862645916819567 -0.821210169630177 -4.16484748727918 -15.4899780913891 1.21447953897615 -0.0815397170760335
"70" -0.594392757323208 5.94415505287808 0.504201374596697 -3.22234668214253 1.66151090450043 -4.4902944105011 -0.276060853604521 2.15101339677983 0.274474723615715 6.96713379378232 1.34706161905054 0.732087503287687 -2.82306938285994 -9.47210321916167 -2.17565630353272 0.43084971158639
"71" -0.325557683625588 3.44846739517856 0.23713039758254 -1.51096119362029 0.275827676050184 -2.30776159390761 -0.222636360879712 0.247913742589915 -0.242084428676474 3.20856596786266 1.69179422424226 2.10299517194031 -1.19535567064776 -2.62416678835854 -5.14281654064365 0.844666316320584
"72" -0.00710579141326484 0.310510302655594 -0.0324202166847769 0.440243787903809 -1.141386214895 0.258357796453701 -0.150137011257955 -1.71077244601179 -0.704000150911586 -1.0420752957512 1.85979682647302 3.16691500558611 0.62934065017669 4.63671863915667 -7.42584887376302 1.11491600867875
"73" 0.344779540014325 -3.31373034188723 -0.274591455993857 2.52229118070789 -2.50523020672888 3.07109864295254 -0.0654478926735642 -3.61499717804548 -1.07969284367342 -5.55261270789966 1.83496683771823 3.84453085530505 2.55134340133467 11.8936264140656 -8.85875058880131 1.21734884220699
"74" 0.712499223618876 -7.22433395447447 -0.460666568053099 4.61853803244459 -3.74315313018235 5.98040295995428 0.0224160442519068 -5.37221230069434 -1.34951731509396 -10.0865339699508 1.62267207406088 4.10609281915494 4.46853742442864 18.7619368220968 -9.37964611833146 1.14964807280899
"75" 1.07893862097446 -11.1960715850406 -0.565395405215874 6.61496066350759 -4.79977295765823 8.8383439402688 0.103108533115808 -6.91350473186865 -1.50644716128203 -14.4252033783942 1.24761117843726 3.96930975597247 6.28486396430332 24.9168670541933 -9.02648123641998 0.929796259223231
"76" 1.42929868109569 -14.9999212001724 -0.569051832641449 8.41019936873883 -5.63976540840905 11.514103501603 0.165938517365982 -8.19699706663972 -1.55534065228399 -18.387996419025 0.749535017014978 3.4918688881467 7.9181219214179 30.1142427201707 -7.92154016191358 0.592115496266338
"77" 1.75258134538114 -18.4246331058739 -0.45910522063302 9.9241611322989 -6.24870454495508 13.9065778854355 0.200947224031326 -9.20834686896639 -1.51104173004492 -21.8476949827363 0.177590377099417 2.76017458905743 9.30618364986821 34.2028855784848 -6.24809386869768 0.181728688992926
"78" 2.04249038643071 -21.2955193981992 -0.231446832947885 11.1041329254251 -6.63191545369983 15.9527405881546 0.199975475060707 -9.95841445671174 -1.39566780946822 -24.7389568913279 -0.415852406680628 1.87617645977383 10.4108816069922 37.1277192541397 -4.22307669574681 -0.251695196796838
"79" 2.29759191527665 -23.4881036380598 0.108835142917673 11.927682914063 -6.81157084988892 17.6304852105801 0.157628070909944 -10.4784131320377 -1.23548007044604 -27.0585565442514 -0.981060011937792 0.94414134653411 11.2190970181316 38.9235809465213 -2.06966150639289 -0.660065661939875
"80" 2.52069522711585 -24.9350995562287 0.547106941756496 12.4020741407786 -6.82241928833536 18.9555176821935 0.0720551882923175 -10.8130977845201 -1.05772496696798 -28.8572690686479 -1.47580336987249 0.0589610836639167 11.7409506456154 39.7006986966678 0.00694767078238101 -1.00214678233035
"81" 2.71754496369866 -25.6262446903209 1.0592427709124 12.5604098828919 -6.70665734001848 19.9728262598162 -0.0545144121190351 -11.0127663332448 -0.887785883745581 -30.2245508018821 -1.86877255304598 -0.702845919455939 12.0054025305455 39.6237311477534 1.83810518768729 -1.24747080201335
"82" 2.89503610011332 -25.601611165666 1.6120910818728 12.4551845512897 -6.50853398851268 20.7441565438868 -0.215540007971168 -11.1250125409954 -0.746902496678675 -31.2683273937094 -2.14133498216097 -1.28879553709729 12.0539428938488 38.8870239656532 3.30339226933015 -1.37861390389771
"83" 3.05925098341826 -24.9399619752068 2.16442343343522 12.1502476004813 -6.26928714012694 21.3335893762007 -0.400275611518964 -11.1872438783877 -0.650615331193935 -32.0930177978728 -2.28767666732276 -1.6726259438132 11.9333320069964 37.6891742510848 4.33515085140886 -1.39179273183959
"84" 3.21365504977695 -23.7443596334064 2.66849969440349 11.7123435542491 -6.02295147482925 21.7936333205404 -0.59424616353334 -11.2209356076499 -0.607987638313556 -32.7792340675969 -2.31356469934121 -1.85331006415238 11.6884705256998 36.2100134018308 4.91659698324059 -1.29593770619301
"85" 3.35776675460229 -22.1274683439744 3.07242408787308 11.2033485914316 -5.79344731285835 22.1541390327303 -0.780108837316098 -11.2284181814806 -0.621558874410766 -33.368332305647 -2.23410008860449 -1.85150182394511 11.3564290058505 34.5926924776813 5.07489043172225 -1.11054069667971
"86" 3.48654064616171 -20.1988008677503 3.32345544489127 10.6741032316434 -5.59317795001588 22.4158388171372 -0.938893956234107 -11.192696675303 -0.687905045637681 -33.8541884479791 -2.07088590061037 -1.70420043272284 10.9624449212995 32.932737518781 4.87088922514008 -0.862653672213831
"87" 3.52266571767539 -19.5400878386178 3.36291861355404 10.5087332717543 -5.5363859522334 22.4740986780301 -0.980384521270804 -11.1674054288231 -0.7186344253054 -33.9789439737069 -2.00583403266626 -1.63474442242554 10.8272296644239 32.4074793074195 4.74389656900738 -0.776218764547906
"88" 3.61635941653785 -17.346622358872 3.33889658773878 10.0047025849071 -5.37448371711863 22.5569281946928 -1.07478225053747 -11.0220574636548 -0.841007548694433 -34.2408518845974 -1.77082621495682 -1.36842068555063 10.3676718625177 30.7518524011409 4.19115524129828 -0.493765843949539
"89" 3.66816297422228 -15.0408149220795 3.06225830746181 9.53779675094327 -5.22941809984799 22.4363473891285 -1.10112621858215 -10.741291099022 -0.991201556313367 -34.2187187262154 -1.51082234541948 -1.07008706262589 9.85495059688059 29.0876624133075 3.48166101040337 -0.221340596176987
"90" 3.66365618574464 -12.681410131314 2.51315514558223 9.10592603491304 -5.08310924952615 22.0399738913745 -1.04758276955762 -10.2793183336221 -1.15407487302157 -33.7926984203309 -1.24888956235056 -0.786124771029478 9.27681121149256 27.3679867834594 2.70621680617012 0.0134807439194162
"91" 3.58958381759478 -10.3155670646042 1.69415897383157 8.69367386492474 -4.91409572552288 21.2967321913136 -0.908572666307771 -9.59918861509383 -1.31354250100823 -32.844820247152 -1.00407126539367 -0.554147493320684 8.61760613824031 25.5285019593008 1.94490005799065 0.18933849578756
"92" 3.43598523063614 -7.98511579111145 0.634976272690821 8.27571055688083 -4.70065270173285 20.1502781834461 -0.686263519369737 -8.68096482122273 -1.45352698785829 -31.2790426849266 -0.790374152320414 -0.399724216531226 7.86339434038788 23.502923181048 1.26197089459768 0.292916680368727
"93" 3.19798065227634 -5.73279456112569 -0.604944196015442 7.82060353722377 -4.42353298105537 18.5705725500098 -0.391447806183389 -7.52796220513896 -1.5587268677979 -29.0384346705142 -0.6163450869442 -0.334621106523571 7.00650163922022 21.2368253060161 0.703196563047925 0.319914273137144
"94" 2.87695784965676 -3.60686105579284 -1.93688690143519 7.29466081368862 -4.06809787847593 16.5618861959586 -0.0435786031624374 -6.17003686123449 -1.61525977628346 -26.1171281306813 -0.485164311505955 -0.356589868494908 6.04884657353087 18.6981769741392 0.295279055536668 0.27510768180904
"95" 2.48100140590295 -1.66290249849284 -3.24717035168192 6.6656305133078 -3.62575023319081 14.166169998157 0.330198721360196 -4.66329552551343 -1.61126757416892 -22.5656353492579 -0.395165170114474 -0.450626660219712 5.00360092920079 15.8836971007585 0.046950530124235 0.171510089116815
"96" 2.02452297072453 0.0377103252004218 -4.40558153167436 5.90623115101975 -3.09471013788925 11.461487090752 0.697072764673447 -3.08608504368787 -1.53756961872246 -18.4892044119247 -0.340687597150243 -0.591530919923869 3.89506126920011 12.8209412844883 -0.0487303310380298 0.0286965859351085
"97" 1.52716432587787 1.43259223239359 -5.27765696422552 4.99755422545853 -2.48025830228261 8.5559481687763 1.02156390909008 -1.53163894653811 -1.3884165833961 -14.0398966014913 -0.313174570816685 -0.747502252866667 2.75689824019415 9.56668422294517 -0.011314820074432 -0.12956660736176
"98" 1.01213815912943 2.46556916852158 -5.73984450987741 3.93234111643866 -1.79459830906923 5.57818904899183 1.26925217379879 -0.0982371410477612 -1.16233720698549 -9.40384949082636 -0.302420985337658 -0.88442591326536 1.62917535983207 6.20257124243746 0.130500706692004 -0.27817824930397
"99" 0.504231996492562 3.09511455788476 -5.69592734219005 2.71800355622248 -1.05645958113539 2.66580630583123 1.4108476430169 1.12189414152935 -0.862997092156757 -4.78564204494561 -0.297880088011844 -0.970420256106124 0.55465897806104 2.82912833286143 0.342452260288212 -0.393765814384743
"100" 0.0277237024721542 3.30249469045369 -5.0925895083807 1.37907607852259 -0.290494769706328 -0.0467077281877746 1.42610614127601 2.05350317417914 -0.499919692416782 -0.391781525651211 -0.28992497257704 -0.98016546237703 -0.425030807568726 -0.440919955684919 0.588176329484639 -0.457629016698803
"101" -0.395556050670912 3.09811511316457 -3.93176753371003 -0.0413761302064852 0.4735546629243 -2.43909720483909 1.30704378010233 2.64759358033365 -0.0888733240051458 3.584868784774 -0.270956087557639 -0.898517391453353 -1.27293921626024 -3.4893809769429 0.832395045126219 -0.458215169746751
"102" -0.747821032725641 2.52479291715872 -2.27754875712055 -1.48195385977044 1.20201355643651 -4.41439744978913 1.05993332438008 2.88777895573112 0.348280393941714 6.97831654590131 -0.236246328283165 -0.722947771288744 -1.95959944158505 -6.19908250574524 1.04367437492499 -0.392799395534674
"103" -1.01645423242095 1.6571088943591 -0.255875555814523 -2.86523683995981 1.85885949351223 -5.90516497773765 0.705678954155278 2.79277705409748 0.784443489560317 9.65943597277462 -0.184428541095144 -0.46445044461197 -2.46494462891251 -8.46011854473575 1.19662955243408 -0.268110519396835
"104" -1.19459707772131 0.596552535686161 1.95383899088165 -4.10252576306249 2.40781979080226 -6.87656776332335 0.278355683262587 2.41459692642537 1.18892765338705 11.5423642445697 -0.117559297099113 -0.146711887663031 -2.77924573848371 -10.1759985747725 1.27346966009515 -0.0997562922439457
"105" -1.28120690099827 -0.537217806729441 4.13498441455121 -5.10099248312129 2.81497578148448 -7.3264220112986 -0.178057010734069 1.8325348964247 1.52985498530746 12.5873684614369 -0.0407370897684025 0.196449854919919 -2.90313799493655 -11.26982096583 1.26480113767548 0.0895511354543217
"106" -1.28064300030637 -1.61810061098071 6.05652797962632 -5.77280042984034 3.05175333176477 -7.28258463459744 -0.614454823497729 1.1436599776545 1.77714489560883 12.8005631165796 0.0386917755493172 0.525143866634835 -2.84688657743712 -11.69041486133 1.16965493355281 0.272805131673088
"107" -1.20188251570746 -2.52689711068319 7.4998080075483 -6.045332327778 3.09805105300352 -6.79832821401558 -0.982366683246598 0.450960311718951 1.90579161934264 12.2310283298378 0.112248191987678 0.798506784469609 -2.62908844601152 -11.4181296941687 0.994764911992462 0.422229611800532
"108" -1.0574900863561 -3.1646186324118 8.28604157392896 -5.87131461784319 2.94515019809698 -5.94642996517939 -1.23997482783792 -0.14933009687887 1.8990412571794 10.9659252722064 0.171613322573251 0.980210136040441 -2.27501615406256 -10.4696819505757 0.75319987519282 0.513075704775041
"109" -0.862470091166148 -3.46401936032618 8.300852364357 -5.23743508570213 2.59799001998272 -4.81270682240845 -1.3575927349798 -0.579554036626483 1.75103340819523 9.12416161364767 0.209921981209121 1.04363657721325 -1.81479050756068 -8.90127958562438 0.462526046410943 0.527178564164672
"110" -0.633119550510365 -3.39777402681528 7.51225836338577 -4.17006647794378 2.07639851527952 -3.48964502969757 -1.32182280497484 -0.790007377804862 1.4684929158587 6.84906824086607 0.222868073950814 0.975983633870698 -1.28153313195484 -6.80920104533926 0.142735624248303 0.455765482274195
"111" -0.385977311152179 -2.98209582949428 5.97923363478466 -2.73695425885249 1.41494801486726 -2.07063069362177 -1.13775864801536 -0.764572266355778 1.07114443513671 4.30044835816766 0.209452033605693 0.780660262222383 -0.709607800793234 -4.32714072478628 -0.185794907965942 0.301085089724189
"112" -0.136935582759317 -2.27514457934722 3.84910538351436 -1.04418155731786 0.661251533477387 -0.645115512840865 -0.828841480677607 -0.521800976900558 0.590667905807251 1.64628135547254 0.172246540151058 0.477551500302042 -0.13301888667716 -1.6199400670335 -0.504065898319539 0.0765754092956428
"113" 0.0994519829458334 -1.37024138311251 1.34352020876527 0.771668508263249 -0.127289831945504 0.705124390727972 -0.434294630689795 -0.111263741103222 0.0681980773385931 -0.945676927309286 0.117125766688666 0.101015035062971 0.415998223622948 1.12623832738504 -0.795740106298325 -0.194512488737779
"114" 0.310461332246753 -0.384597674773758 -1.26569367014764 2.55556036214741 -0.888064213803151 1.90863685738156 -0.00440021703475324 0.394362099587482 -0.449429903626694 -3.31615624929206 0.0524848630390053 -0.304199368646351 0.908183902728149 3.71673595453397 -1.04784882730698 -0.481896481986745
"115" 0.485508190203934 0.555111979154535 -3.68796376329696 4.14903562543911 -1.55872635464486 2.90597351254429 0.405802590533325 0.910371426587545 -0.91430361316079 -5.32222481455059 -0.0119426380352436 -0.688600809010453 1.31826150725303 5.96318588454992 -1.25092405937579 -0.7521008661572
"116" 0.616313982170948 1.32854298749333 -5.64877270768985 5.40650268145766 -2.08299615949783 3.65060519760083 0.743576435495251 1.35272001217592 -1.2824009352247 -6.84441903889756 -0.0664951159900156 -1.00441900264121 1.62575376540401 7.69884924555289 -1.39866762557386 -0.972832197645118
"117" 0.69697191720246 1.83682170205059 -6.92328016858421 6.21079557521382 -2.41611820216804 4.10931041098085 0.965351344407264 1.6505131181201 -1.51830620949906 -7.7928040236647 -0.103006085315954 -1.21197195626173 1.81561611154225 8.79288385226859 -1.48734691586088 -1.11728244485278
"118" 0.723957002690471 2.01506285279268 -7.36426790587625 6.48602259675749 -2.52933008299589 4.26226416622827 1.04245344715793 1.75649682352541 -1.59908853553619 -8.11161678003511 -0.116019343189301 -1.28502519343337 1.87869031711891 9.16194092969603 -1.51514175756947 -1.16774510922959
"119" 0.696115960587473 1.84061444433953 -6.92060507473651 6.20602529384963 -2.41278818458888 4.10300984267595 0.964898762547078 1.65403339209228 -1.51684827055866 -7.78218707882108 -0.103605027423477 -1.21436083914917 1.81197678182556 8.77772639250976 -1.48165055874748 -1.11802068266745
"120" 0.614660088537694 1.33593824825607 -5.64369365866409 5.39732187365269 -2.07658108547643 3.63842822733707 0.742718840912529 1.35954847842413 -1.27960204379144 -6.82392168585492 -0.0676473870978285 -1.00903150387732 1.61872073603866 7.66960637417137 -1.38770087029201 -0.974260149803712
"121" 0.483168367673679 0.565747864330806 -3.6810008315338 4.13613569654857 -1.54969875688733 2.8887379461859 0.404630763625988 0.920097179972352 -0.910389971431535 -5.29326780735482 -0.0135585439187622 -0.695114515445951 1.30830760666779 5.92192326947301 -1.23551515029604 -0.754122911374722
"122" 0.307591815875347 -0.371206012932422 -1.25756918459575 2.53989996630529 -0.877084816979909 1.88748045646692 -0.00576147529831061 0.406407811112466 -0.444720093986767 -3.28072057225742 0.0505364733516629 -0.312151717778619 0.895965513252163 3.66633224912449 -1.0291788283711 -0.484372587408188
"123" 0.0962352019819352 -1.35460273103196 1.35195363651633 0.754361582466935 -0.115140260376123 0.681369034709235 -0.435700811893255 -0.0975813165533879 0.0733200778170549 -0.90608002678713 0.115015080485101 0.0922010620699183 0.402276327018038 1.07006930373724 -0.775268154823465 -0.197261395975453
"124" -0.140319551581189 -2.25761740963321 3.85695639074627 -1.06203282008429 0.673766746571111 -0.670178890511014 -0.83014701069729 -0.50717408493518 0.595788639049434 1.68773186730163 0.170183379441951 0.468536661392946 -0.147501796961061 -1.67847535082285 -0.483439183947581 0.0737745282624829
"125" -0.389391165363995 -2.96260990053968 5.98566765142787 -2.75448152935113 1.42712714188887 -2.09604734357453 -1.13883744527916 -0.749563224339234 1.07586088773642 4.34193338988631 0.207694464221895 0.772162451577543 -0.724300147288064 -4.38525330781422 -0.166768063652967 0.298496449339105
"126" -0.63652214253154 -3.37541025805373 7.51657283894961 -4.18690814728151 2.08778879728568 -3.51520112257874 -1.32258698463453 -0.774862991821614 1.47244813837862 6.88987201212601 0.221746655058986 0.968770442740606 -1.29630004041371 -6.86549347927682 0.158331684499331 0.453712224273062
"127" -0.865985445514029 -3.43639133478874 8.3025039738992 -5.25406126569132 2.60854846600151 -4.83945508674321 -1.35800539143981 -0.563963918770483 1.75393817965224 9.16544194439948 0.209890128883565 1.03855669119253 -1.83020323776608 -8.95667870233001 0.472714733625111 0.526078661266439
"128" -1.06149892654795 -3.12696652638153 8.28460188686571 -5.88942538938435 2.95542278557349 -5.97738859273362 -1.24005396122575 -0.132106486591454 1.90067385746192 11.0117047618461 0.173337115258313 0.978285503578988 -2.29273194796316 -10.5285799804815 0.755633957047991 0.513509078168404
"129" -1.20714979300845 -2.47076033170253 7.49483466125209 -6.06838243596841 3.10939099041394 -6.83945365318805 -0.982179622275593 0.472324254324448 1.90597223048487 12.2895456056274 0.116751678629544 0.801107332104522 -2.65237332604318 -11.4898794905868 0.986293976549888 0.425049190889084
"130" -1.28850288206787 -1.52938554251311 6.04735151104531 -5.80674162528104 3.06661961471771 -7.34417616334364 -0.614105145700501 1.17362144789946 1.77568702461848 12.8862117481448 0.0475762533657615 0.53426459620367 -2.88136406284959 -11.7914313390885 1.1456407911125 0.279305957456451
"131" -1.29383430583083 -0.393432888939401 4.12042223918606 -5.15535935059401 2.83737242959397 -7.42516948645229 -0.177668052730303 1.87841441117101 1.52650194174988 12.7235342995507 -0.0249797959028868 0.215106986458764 -2.95787486052482 -11.42663950346 1.21814629080319 0.101712106096684
"132" -1.21540018363455 0.830145934133558 1.93185504818883 -4.19201258179981 2.44394892768728 -7.03848889833516 0.278655712093677 2.48788193244856 1.18328635659691 11.7655276786207 -0.0911198510045992 -0.113953831480927 -2.86830396857887 -10.4297055634604 1.19333594431751 -0.0789445683529451
"133" -1.05062335301826 2.03266694609577 -0.288543727116117 -3.01191316653516 1.91806378357933 -6.16967929665462 0.705765555764438 2.91092782659591 0.775930436640067 10.0249115725446 -0.141623626084691 -0.410816760364298 -2.60952860958415 -8.87257521784906 1.06684241168441 -0.23422226993474
"134" -0.80306357360951 3.11854512242184 -2.32577113322426 -1.71823712986816 1.29807206169741 -4.83973386351225 1.05968440823019 3.07662936642333 0.336095909773803 7.56793544233741 -0.168826647945806 -0.638667096059635 -2.19090084403551 -6.86128766727408 0.840840138375825 -0.339453494181313
"135" -0.483032321267547 4.01851551803105 -4.00238055860481 -0.413812221250457 0.626367378256351 -3.10911227032372 1.30632615007667 2.94438992858149 -0.105725899116877 4.51674301480072 -0.167290691709582 -0.769943736722865 -1.635719905625 -4.53213675927726 0.523811769628168 -0.376471370087785
"136" -0.107724000507217 4.69962462724966 -5.19469069056253 0.805287680097435 -0.0528487820108197 -1.0789830179545 1.4247483694954 2.51053583990599 -0.522553517829891 1.048434019562 -0.134101611145603 -0.78887542547676 -0.981877331074548 -2.04765109972591 0.12969813200516 -0.335335039807369
"137" 0.299237958809837 5.17072914545879 -5.84104621941416 1.85397185524658 -0.695381372644903 1.11103066488682 1.40859839788669 1.81054287577136 -0.892485808840817 -2.60999719353332 -0.0687994152157536 -0.69239562309798 -0.281366188431889 0.408018271200817 -0.323428816978094 -0.214917834071386
"138" 0.708899698029161 5.48271638280768 -5.94191262010145 2.66038809402446 -1.25853912898931 3.28910097969295 1.26572342546748 0.916597079004603 -1.19947479583801 -6.19150613147938 0.0269912659748641 -0.489481432522993 0.401616949785939 2.63504616130187 -0.814971001796863 -0.0223903480907524
"139" 1.0887243727137 5.72321107985585 -5.55268728589331 3.1667818191563 -1.70251891013098 5.26161478557281 1.01615926645238 -0.0692769142274514 -1.43339531175042 -9.40396263596705 0.150115000159115 -0.199166223322365 0.994159411269012 4.42610666620502 -1.32346495864692 0.228221471464146
"140" 1.40492685308205 6.00611194067833 -4.77096935458778 3.32974506854321 -1.99192030195254 6.82751363113351 0.688903077470421 -1.02580591158658 -1.58959481628886 -11.9500806142842 0.296485226145929 0.152378733007595 1.41974573679937 5.5775443723831 -1.82809061206075 0.518116136516284
"141" 1.62526264141804 6.45686572807425 -3.72054919044134 3.12064412415914 -2.09759467763723 7.79581527086939 0.317990309344644 -1.82567251433841 -1.66814886863945 -13.5515192533421 0.461595919594632 0.535226081107865 1.60483532801303 5.90390550693955 -2.30986727687124 0.826093697436768
"142" 1.72206703332401 7.19489749493449 -2.53451822399464 2.52681283995871 -1.99891804987677 8.00505821671658 -0.0615732729488396 -2.34995869405788 -1.67303999487557 -13.9756300170902 0.640842250150637 0.919072906942745 1.4865070449982 5.25551416186784 -2.75244464262457 1.13089210352653
"143" 1.67527794867178 8.31503290034073 -1.33968743160441 1.55373441332019 -1.68640546514115 7.34292267155977 -0.417522034129369 -2.50231477918024 -1.61142646334756 -13.0625875231738 0.829598270854643 1.27622248981542 1.02052649689019 3.53792517936758 -3.14247349168781 1.41319704762264
"144" 1.47513059077869 9.87003153411213 -0.244017423404749 0.227983064621999 -1.16438952079308 5.76389695829613 -0.723291003692029 -2.22133595569696 -1.49308716587494 -10.7500185162697 1.02306113074638 1.58388205026715 0.188970756726881 0.731199940400728 -3.46961260199157 1.65712723914551
"145" 1.12419351660027 11.85645636787 0.671883371155346 -1.39974518152741 -0.453308682719747 3.30265792406161 -0.959981417493522 -1.4897544099987 -1.33003873095162 -7.09186258469363 1.21593140033464 1.82562444410185 -0.993606878411709 -3.09378698174044 -3.72628267618379 1.85110203423245
"146" 0.638432310030405 14.2059929897745 1.35882308986699 -3.25251742553223 0.408964217016209 0.0808919388456495 -1.1172439502452 -0.33930348292553 -1.13624159387919 -2.26818703908666 1.40204609624743 1.99199200267188 -2.47652969303329 -7.76520920296257 -3.90730657534465 1.98810153517303
"147" 0.0470449895209195 16.7839697664251 1.79890474488561 -5.22711023748611 1.36733959459231 -3.694342602029 -1.19313653630144 1.14952880789559 -0.927260686664219 3.41686486248212 1.57410513060083 2.08032858143683 -4.17281834626858 -13.009434666408 -4.00957359132528 2.06541420565527
"148" -0.609085255244407 19.3961997494286 2.00194634027662 -7.19705591924082 2.35175564677173 -7.74189453257178 -1.19312656261392 2.85317773913113 -0.719735449545853 9.55083993647812 1.72362713229803 2.09399926601586 -5.96315503012064 -18.4619023777861 -4.03183537069083 2.08402242020929
"149" -1.28033275511048 21.8043787973189 1.99946278356027 -9.01945815285658 3.28169864817871 -11.7275870871482 -1.12847908432981 4.61588790020313 -0.530546846797876 15.6428358743072 1.84123572394629 2.04119258971136 -7.70422544370169 -23.6909013793089 -3.97468938498935 2.0477973735095
"150" -1.9026199216533 23.722054523886 1.84105031178428 -10.5234961377794 4.06134009329383 -15.2400237913174 -1.01651298485756 6.23946066815053 -0.377856938720928 21.0816996912449 1.91644172569555 1.93566780001811 -9.21806639820268 -28.1662517679236 -3.84357383100334 1.96443937647184
"151" -2.44040626087679 24.9595596963176 1.5755562730452 -11.6148639020242 4.63507470448005 -18.0398636367014 -0.871300931282263 7.60082414310823 -0.270503664884751 25.5182615446402 1.94304130728252 1.78843095582369 -10.3994023178492 -31.576200222078 -3.64065978525244 1.83934086385467
"152" -2.84084021126987 25.2876858829896 1.25521122639841 -12.163044242661 4.93023584268031 -19.8030646756179 -0.710156955282358 8.53615886917848 -0.219531834095237 28.4663303318805 1.91333766409057 1.61401918795268 -11.1048890610251 -33.4989448363333 -3.37409359365574 1.68083876425488
"153" -3.06782213165013 24.5635698520969 0.925901847460072 -12.0904053041791 4.90386675887027 -20.3237601327349 -0.547977946423648 8.93453719804185 -0.229145173867908 29.6119564832516 1.82361560891173 1.4256529342003 -11.2417648587529 -33.667340569571 -3.05384606693184 1.49703695579516
"154" -3.10012265927444 22.7336635561182 0.624110982441128 -11.3688665873311 4.54150643167361 -19.5068020359843 -0.396959440410832 8.73602331905462 -0.297283164429299 28.8003110826036 1.67426668662628 1.23509333712387 -10.7654803082307 -31.9624064430614 -2.6925651093506 1.29612733234846
"155" -2.93404285089174 19.8475647862426 0.374764844103137 -10.0272767650394 3.86101397666672 -17.3837984165143 -0.265923985735316 7.94006891093839 -0.415269407325386 26.0600010728988 1.47042556186146 1.05203112206434 -9.68761858018004 -28.4371452131456 -2.30526783480062 1.08624077375585
"156" -2.58414131087531 16.0595581057446 0.190745550926096 -8.15226969201494 2.91252361842964 -14.1144394293678 -0.160095429171768 6.60690801918329 -0.568318241725741 21.6062842794607 1.22204715568548 0.883759177085125 -8.07734576333943 -23.3203554418515 -1.9087035101071 0.875322039334328
"157" -2.08182315034795 11.6165887391844 0.0738532851866545 -5.88175450058224 1.77413153312935 -9.97181186072449 -0.0812726042184817 4.85137205831033 -0.736963343303707 15.8211703281115 0.943331556560004 0.735105292559155 -6.05566703438302 -16.9980686308951 -1.52038959397885 0.67096847329843
"158" -1.47189026462044 6.83344391290525 0.0168926317051223 -3.39136052135598 0.543596389156221 -5.31279236473728 -0.0283240949352805 2.82964652800509 -0.899305112731557 9.21184123470647 0.651509874457037 0.608578127192843 -3.78284736320501 -9.97369800920771 -1.15737180825778 0.480194878233227
"159" -0.807465460484136 2.05805424514497 0.00648731005032843 -0.875383826045734 -0.672958059668478 -0.537059769628511 0.00209549037705159 0.720612399095963 -1.03380236731159 2.35236841137527 0.365119620543556 0.504664310346271 -1.44048198940535 -2.81159502818434 -0.834813083818261 0.309119425961491
"160" -0.143965394881502 -2.36836051434943 0.0261936514553582 1.47517646378209 -1.77375996307261 3.95969558649605 0.0147178100950693 -1.29565603979742 -1.12219534693737 -4.18334303709069 0.102000771863295 0.42221183982528 0.789347426344211 3.92824180329164 -0.564572834333745 0.162600809911289
"161" 0.46704381485376 -6.1504810064974 0.059487126367074 3.4942733374097 -2.6736059453143 7.83159735964211 0.0148311733951747 -3.05912507307773 -1.15207573111351 -9.88771365420124 -0.122688594612384 0.35884522901506 2.74482189997584 9.75473139631991 -0.353986424874108 0.0438867552084403
"162" 0.983253117729555 -9.07148617177301 0.0922426091127768 5.05887291919823 -3.31365425968606 10.8206292140539 0.00754673066949429 -4.44763625993188 -1.11863906157186 -14.3749831737363 -0.298122575619512 0.311376656462812 4.30197054461173 14.2998052072204 -0.205075266111635 -0.0456494622945343
"163" 1.37554738589964 -11.0141054334926 0.114421297867636 6.10067626021681 -3.66723332879807 12.7812682957383 -0.00276429921275501 -5.38874712577314 -1.02527274214337 -17.417918724278 -0.418853629031599 0.276196342905848 5.38651388357862 17.3539035565322 -0.114389025157152 -0.106610487032505
"164" 1.62998769568529 -11.967095817301 0.120811504094206 6.60982531840806 -3.74078281474294 13.6883201358367 -0.012818115544265 -5.86399808064734 -0.882835068772863 -18.9607811998081 -0.485085192999126 0.249636355742481 5.97835427498252 18.8778988866669 -0.0735911610814526 -0.141463813729423
"165" 1.74767956542182 -12.0166560237946 0.110831367316298 6.63032063828203 -3.56991945245421 13.6274887545653 -0.0205416964155294 -5.90534145213712 -0.707732410515609 -19.1077098197101 -0.502140408866556 0.228301327098549 6.10837426166745 18.9906013646803 -0.0707562368864671 -0.154207996801958
"166" 1.74271166866086 -11.3249543596041 0.0875615381053407 6.24834346728504 -3.21151730836269 12.771244188593 -0.0249974407879261 -5.58483267935491 -0.51914960655281 -18.0899623015503 -0.479246112146445 0.209350041543729 5.84853499558857 17.9353035677553 -0.0921849838091617 -0.149853794212234
"167" 1.63864821551232 -10.1001772131251 0.0563012093202317 5.5758959857171 -2.73341521653569 11.3450566834052 -0.0261615910096156 -4.99981727568149 -0.335971589419067 -16.219008469464 -0.427877470555842 0.190701484754335 5.29738809443569 16.0324044407109 -0.124409399360161 -0.133800452602557
"168" 1.46425597731115 -8.56380165601364 0.0230013510490821 4.73288106552992 -2.20374035055567 9.59049851547322 -0.0246240133308762 -4.25650546495683 -0.173999023641718 -13.834549179489 -0.359981115081059 0.17113658262258 4.56378781613302 13.6272365653601 -0.156002083292378 -0.111212213579403
"169" 1.24920822760426 -6.92086018195366 -0.00709102378255189 3.83077757141307 -1.68176930952801 7.73174578088968 -0.0212776982476059 -3.45486477404754 -0.0439813110016711 -11.2566650492339 -0.286395176070981 0.150277472443648 3.75167225834747 11.0423398609939 -0.178847213342266 -0.0864994891913469
"170" 1.08702514709893 -5.78443921039617 -0.0244155216843147 3.20612684439424 -1.34125595558863 6.45238161682385 -0.0183232516907905 -2.89709389923881 0.025951658133331 -9.45915998290975 -0.235585873361243 0.134859528767095 3.17692267058373 9.24810094274848 -0.187254504245757 -0.0695554452903764
