"V1" "V2" "V3" "V4" "V5" "V6" "V7" "V8" "V9" "V10" "V11" "V12" "V13" "V14" "V15" "V16"
"1" -0.911237321790442 1.60370468215595 -0.249390456635635 -0.68575134440718 2.63869969627824 -2.28624908352281 -0.00900979108984235 0.532143824525827 1.75610422634472 1.90735393885497 0.0496445456541332 0.16302350943073 -1.44682278964408 -1.62432069788631 -0.399057839537278 -0.11098404976866
"2" -0.894202936838002 1.89710889998977 -0.320341532704902 -0.852761999234573 3.15610843274712 -2.82140557986313 -0.0079465038548463 0.658157174590951 2.1371514795362 2.37051236767683 0.0647385646512495 0.21237324370594 -1.55856287682111 -2.1000001372451 -0.508664268836569 -0.15235194421291
"3" -0.631506590002794 1.87660720837621 -0.357792229358921 -0.915745458266471 3.24941934774659 -3.00038712887793 -0.00410844366847396 0.698566528075348 2.277469041667 2.53536986016175 0.0729538766019786 0.244017884749837 -1.32505114623196 -2.37675152387749 -0.563521935825278 -0.190280986001994
"4" -0.320238475285062 1.62239039790934 -0.353365273519351 -0.87390060159025 3.0203589400113 -2.83363939009913 -0.000225394564536074 0.65618492054913 2.20763422687708 2.39457201029791 0.0717600745722589 0.249864693275924 -0.949696746936878 -2.3797030752679 -0.552609024155146 -0.213055511478956
"5" 0.194786828277024 0.929962759842375 -0.297094432999533 -0.685689390493621 2.34828013442799 -2.15695633067226 0.00535143289055462 0.490254167798263 1.90467691967085 1.78727836884257 0.0576622257422148 0.232021871016741 -0.218531807143483 -2.05157952605235 -0.456591549254767 -0.240052459476942
"6" 0.643894897692116 -0.0638631997009398 -0.186730808857931 -0.368349022585733 1.44781789915133 -1.02997739083982 0.00902092197517312 0.218848870787035 1.45229930188336 0.736619498646185 0.0288958460112898 0.187503424208217 0.562592399819904 -1.33161034911146 -0.27171335263597 -0.264366116833116
"7" 0.879962938939592 -1.19170287680914 -0.0395979008738649 0.026089359591964 0.551295715719892 0.378342093201738 0.0094220821276334 -0.113220844729021 0.961839822776627 -0.613981057433016 -0.0107697872257777 0.127437517848989 1.17752400546158 -0.30819429050038 -0.0233232286706198 -0.289580663728771
"8" 0.831905508043689 -2.2500380271016 0.117909496541209 0.427712938547714 -0.154327562958064 1.82592353512537 0.00695462345597608 -0.444937598470439 0.519423716362825 -2.01919442752532 -0.0535526288285322 0.0672893452158405 1.47018268585216 0.832298416243506 0.24727269802446 -0.315481123967061
"9" 0.518713066061219 -3.03931506754583 0.256509887688068 0.762655483401446 -0.574598280560598 3.04010165691397 0.00381184479253793 -0.711229415843533 0.168800496740323 -3.16965397349404 -0.0891215979183322 0.0228958438078735 1.38310019021915 1.83466470516915 0.490916968908166 -0.336141695537549
"10" 0.0277304207511877 -3.39986770342625 0.350267850518485 0.966623327986127 -0.70946298172364 3.77115272423571 0.00316213842511726 -0.855267144795048 -0.0852218215905054 -3.75948132582185 -0.107075459260709 0.00683867482206324 0.9535270333112 2.43489031546218 0.660407637408611 -0.34134322987984
"11" -0.524791827953572 -3.23992700061769 0.38146498888147 0.996106529542104 -0.624455070300342 3.84760169070757 0.00788725158765802 -0.838905139751565 -0.26265363023059 -3.56719005893632 -0.0996968696754426 0.0259967968014507 0.281501346019962 2.43437581097527 0.719861992925786 -0.320698102870779
"12" -1.03170087253965 -2.5512420688221 0.343339443071709 0.83530837098661 -0.412168289554816 3.21677896700358 0.0194311895594868 -0.649317065227784 -0.392352501116301 -2.52085323376333 -0.0641005523827411 0.0806250913560689 -0.509360781380998 1.76033209099654 0.65153105207979 -0.268444408028245
"13" -1.41919148857843 -1.40917511047912 0.240614215490796 0.497729745575441 -0.160647580678654 1.95672501072938 0.0371844144008251 -0.300753417291784 -0.499676627984596 -0.722651286159468 -0.00314496623602167 0.164753382551055 -1.30261755066703 0.489189930124328 0.458791889632238 -0.186585107450128
"14" -1.65420927499697 0.0425479539799269 0.0881583332849303 0.0226197745832764 0.0641427784103967 0.255835638092032 0.0585552965983247 0.168512482737318 -0.599935178565618 1.57511653218142 0.0750666960975339 0.26739716967387 -2.00566690761142 -1.17364438869764 0.165059968617825 -0.0849293471586634
"15" -1.73880950908407 1.61858915156138 -0.0917306289347479 -0.532527466418117 0.222966613860939 -1.63240538234339 0.0796280464861803 0.703103057049711 -0.697300181253895 4.03231016018525 0.158826810549678 0.374139227495561 -2.5547779724399 -2.9474280547073 -0.190768214985567 0.021852691017898
"16" -1.69794312379153 3.12371751119828 -0.27288828454626 -1.10168042918589 0.30009717146273 -3.44563931039854 0.0961640461884938 1.23979465230969 -0.787414122092606 6.30035424853049 0.235047514298442 0.468854117436422 -2.9137048498775 -4.54337088297298 -0.561084038916178 0.118720650753062
"17" -1.56647524920604 4.38205714528997 -0.429116622663562 -1.62019357192106 0.297047405653111 -4.96467112241015 0.104672413606271 1.71728081491315 -0.861537381311734 8.09581586740917 0.291441529503827 0.53544951679703 -3.06988413446051 -5.72509479562438 -0.896998749412901 0.194435355377777
"18" -1.37911462939643 5.25776481639829 -0.537737684941952 -2.0331105901009 0.22616795481608 -6.04935494638484 0.103310844486193 2.08464789800569 -0.910447187308641 9.25026329503393 0.318168451675736 0.559504549336737 -3.02998467521056 -6.34732697426649 -1.15502382949715 0.243974609253087
"19" -1.16470820529431 5.66435675830203 -0.582450751379579 -2.30057260807077 0.105290593106492 -6.65194591671393 0.0924342601630475 2.30718434775477 -0.92705903253218 9.72714928907376 0.308721431323997 0.529746406274739 -2.8151667423292 -6.36656089881621 -1.30200813783436 0.268538878765412
"20" -0.944645047066263 5.5639667571647 -0.555274173236802 -2.39987499761 -0.0463453819827218 -6.8078078844388 0.074668376234706 2.36880735374106 -0.907543750847206 9.60580840503375 0.260119722264759 0.439431619488744 -2.45609399098844 -5.82633037508664 -1.31787717097082 0.273263959660994
"21" -0.734076814855944 4.96085313751929 -0.457509323636998 -2.32455263474657 -0.210938597958781 -6.60888577214142 0.0544612461711829 2.27113710380762 -0.851300787116372 9.04071019044843 0.172685972941992 0.287738463857579 -1.9880367296465 -4.82644562727649 -1.19627568381773 0.26343933822659
"22" -0.544258665586863 3.8941144188842 -0.29970933995515 -2.08151576934102 -0.373826997835582 -6.16912227861352 0.0371775797112415 2.02994851001008 -0.760402916191746 8.20957529438521 0.0497496975660763 0.0811129348069244 -1.44673946635888 -3.48841182674772 -0.943703820452569 0.240577147459817
"23" -0.384464268163543 2.43268768649276 -0.100588870326673 -1.68756342827612 -0.524174288836986 -5.59228057923962 0.027934044056396 1.67025117245667 -0.639065144309642 7.26583673267872 -0.102486195577765 -0.165804162380994 -0.865713789279507 -1.92789497431852 -0.578016179729829 0.199915602312785
"24" -0.263475725886439 0.689771790081863 0.113243397170784 -1.17178056475078 -0.653794110273763 -4.957045990523 0.030387154627415 1.22587338731462 -0.494846578960962 6.31722934853035 -0.273244605401072 -0.427865838353739 -0.280547705746402 -0.256356972632616 -0.131527375005092 0.131481132535441
"25" -0.184205400057926 -1.26268397888489 0.320211444142881 -0.548698607744555 -0.761988874507156 -4.2827151522579 0.0463149372788259 0.714569334833717 -0.331848574618569 5.37783919481198 -0.454984116931918 -0.682862524283564 0.296962603255372 1.49563649173809 0.370938851670132 0.0197839849619186
"26" -0.150969810723172 -3.2554798189249 0.4905172689887 0.138478613336517 -0.845194252403894 -3.58940889542813 0.0748736818181719 0.173178533668565 -0.162697228059774 4.45839795337335 -0.629510934124577 -0.893628153441341 0.831925866557283 3.23529558359432 0.874860712290058 -0.144274318458315
"27" -0.16067862758806 -5.13700026061314 0.603670169958022 0.847867498941056 -0.904514540062213 -2.87737838523303 0.112838735778846 -0.36915070700948 0.000320407141822132 3.53758892330884 -0.778798014429434 -1.02883290179852 1.30171414005505 4.89711171225228 1.32302710392298 -0.360015658086013
"28" -0.205125092112104 -6.75852488830899 0.64816156679472 1.53062782895874 -0.943015128405294 -2.15531841747821 0.155268628139611 -0.883124751395785 0.143684440573474 2.60715748895045 -0.883201491049807 -1.06323687727831 1.68635361727462 6.4077506180443 1.64971816915329 -0.610844690461022
"29" -0.272116114359507 -7.98751261153487 0.622959596621753 2.13192444306735 -0.965337552617205 -1.45046109294545 0.196254414435216 -1.33856703131348 0.253818087637011 1.68871538044264 -0.922990126863542 -0.981228398137659 1.96931071288671 7.68623731089072 1.78430650567643 -0.863010183911001
"30" -0.347428713894736 -8.71968019619437 0.537062825003391 2.5944020661203 -0.977001658952113 -0.807802970474084 0.229655110078394 -1.70499809199934 0.318648422355539 0.833924858755569 -0.880504922178169 -0.778801202346017 2.13852293188247 8.65146393185373 1.65864138832143 -1.06946453443197
"31" -0.416990614514692 -8.88887245067724 0.407389019846853 2.86451900007029 -0.983206062483809 -0.280423674552203 0.2497729076096 -1.95401944502617 0.329412286319273 0.111215968795406 -0.742967486162582 -0.464143217005471 2.18739975475321 9.23326464388881 1.21880264427529 -1.1784863210288
"32" -0.468772073402388 -8.47457608451496 0.255565601078043 2.90125948204172 -0.987147087193993 0.0842706986186705 0.252006592560809 -2.06328323992552 0.282572997227402 -0.413521277087813 -0.505814003530562 -0.0573668122470963 2.11561219504045 9.38251315273971 0.440603148949577 -1.14558387414036
"33" -0.494104973785987 -7.5070861431841 0.104270071198602 2.68586463704888 -0.988133779223221 0.257428672038863 0.233515903417774 -2.02122108139985 0.181639987939049 -0.694865536348548 -0.176149467986884 0.410175767570877 1.92958425875455 9.07716703863062 -0.653446804157568 -0.94640556585216
"34" -0.488359293461762 -6.06968083383219 -0.0262751203666696 2.23037006836826 -0.980011339614966 0.237402584002272 0.193846354808009 -1.83125827984192 0.038500868028821 -0.719729756710993 0.22447294558757 0.896931504894269 1.64262195742726 8.32358864985261 -1.97991090279979 -0.587775441577037
"35" -0.451032490224353 -4.29613950772605 -0.121139639421553 1.5821223377875 -0.950558660436799 0.052619499944182 0.135364065627138 -1.51399286742365 -0.126318938130807 -0.51149236939635 0.659088445972227 1.35289203769105 1.27457465724 7.15437150207598 -3.38865199487415 -0.113568902843781
"36" -0.385351449911239 -2.36139604114594 -0.172452914636867 0.821493873969516 -0.882508907832812 -0.241613788045743 0.0633007994076848 -1.10592536412637 -0.285090902019917 -0.126693438550632 1.07736576513613 1.72260173620703 0.850894543551847 5.62460568632279 -4.67129576868305 0.397642336641638
"37" -0.297494160715196 -0.463855775524507 -0.179858613361798 0.0511759802969891 -0.756554021916206 -0.571824071829564 -0.0147465882099826 -0.653992026334702 -0.406373907322846 0.35442501978654 1.42138195264562 1.9498604222141 0.401008720523079 3.80817306676038 -5.58734162229879 0.844861936226835
"38" -0.195549323073756 1.19987542329154 -0.149641685089914 -0.622220800298379 -0.55611425023314 -0.859217543021177 -0.0898798571047434 -0.206419975554571 -0.460346728291266 0.841631115673636 1.63481967138801 1.98411983425706 -0.0439458557728454 1.79478921531565 -5.9063882977749 1.12583599752145
"39" -0.0883597743274933 2.46406818257417 -0.0927929449210261 -1.11058769062362 -0.272929708843117 -1.03430600099244 -0.153356208132674 0.198024504704687 -0.425038419594133 1.25012082757684 1.67397266573264 1.78798669199091 -0.453794845887163 -0.312410715207307 -5.45874306057502 1.16271789741927
"40" 0.0155761046698473 3.22047912550185 -0.022523380470485 -1.36474720273989 0.0880361970588612 -1.05020173761613 -0.198108281750262 0.539118250222437 -0.291934692061832 1.51459397548224 1.51789958528229 1.34474899816917 -0.802025202465687 -2.39957053997715 -4.18176580717315 0.925169101069287
"41" 0.108971619431344 3.4356647477133 0.048145352944033 -1.38639622009558 0.505984445215422 -0.89144639090415 -0.219941477220905 0.819138603073448 -0.0693318982551131 1.59903163755129 1.17484458149984 0.664666873605825 -1.06807772361149 -4.34606084042053 -2.14830913632329 0.443357172066499
"42" 0.186263874889757 3.15419323493658 0.108165359486819 -1.22703827630855 0.945039325225299 -0.576248407009551 -0.218106587337186 1.05941116745263 0.217680814689266 1.50019102679766 0.682900326184656 -0.21099779685153 -1.23888640197673 -6.03026958635479 0.432251598868532 -0.194289393804411
"43" 0.243738985040832 2.48694262735723 0.14932032850378 -0.973273697985633 1.35847619951063 -0.151818266463447 -0.195140804297665 1.28940906904449 0.530757299118657 1.24451426295755 0.104566164504831 -1.20874384523177 -1.30951201219032 -7.33714055928624 3.24189294629204 -0.859087960141551
"44" 0.279342497415035 1.58799876758584 0.16617821294183 -0.722166842808917 1.69547775755996 0.315588530381316 -0.156093970281671 1.53092257438717 0.824457257745735 0.879921642309462 -0.483342957341517 -2.2245157601435 -1.2829365642019 -8.16670879234614 5.9036386390685 -1.41132362627036
"45" 0.292327636712297 0.626480202596738 0.155442236638688 -0.553588524169641 1.90883129447433 0.753088629546379 -0.107414940813904 1.78185093119223 1.05349351312981 0.465103913082501 -1.00183012119265 -3.12853280400498 -1.16922816519406 -8.44261700463747 8.04055182230988 -1.73263712204289
"46" 0.282929086002694 -0.240138774402595 0.115161653459737 -0.507473974734637 1.96196985033312 1.09315903369584 -0.0558073315698646 2.00516605114418 1.17951151239514 0.0590140082133459 -1.38123164753294 -3.77423682337917 -0.984291510630236 -8.11988916488992 9.33131402864342 -1.75279648380319
"47" 0.252229435205997 -0.886714079366868 0.0442729930010053 -0.572826512907909 1.83431478490385 1.28329032981724 -0.00728109071203598 2.12840577211343 1.17640717753315 -0.287613888994443 -1.57037358326996 -4.01340744600202 -0.748311932469438 -7.19191368270032 9.55414400767575 -1.4640211363444
"48" 0.20229612439045 -1.23368860968274 -0.0571805458119243 -0.692544383599 1.52466410943367 1.29277316213145 0.0335113670265628 2.05750134478779 1.03394346251476 -0.538151607806121 -1.54290915792907 -3.7198742771817 -0.483894811535144 -5.69713176156869 8.6169400441884 -0.919604239796399
"49" 0.136511673742467 -1.25382377480504 -0.187042336130773 -0.784153803010867 1.05294872977621 1.1170167721452 0.0636769655065326 1.70533215058583 0.759902222420704 -0.673716506443959 -1.30123252387174 -2.82243469398134 -0.213927017174832 -3.72567050625097 6.5755345536889 -0.217603386204928
"50" 0.0598753580476927 -0.973799568011401 -0.339492097509595 -0.771524828984155 0.460645537626784 0.779732065857353 0.0822746007931734 1.0297417521329 0.380906276539136 -0.694993692614396 -0.878265353743284 -1.34244877575952 0.0406468048063289 -1.42465657978965 3.64127320885211 0.525845147719338
"51" -0.0209530337418684 -0.470763712581885 -0.503625472899117 -0.617466317001259 -0.190627650188653 0.332368205994023 0.0903040888830038 0.0688491244633909 -0.0585491631868003 -0.62205148311665 -0.336431735683885 0.575972078773248 0.262780179595559 1.00156621055634 0.174153998248016 1.20592624922801
"52" -0.0979616580970557 0.137880096176531 -0.663159451032627 -0.344011300012568 -0.823766504104982 -0.150789604122025 0.0904292966635172 -1.04319945758112 -0.499921258773499 -0.491308506872628 0.237934795174798 2.66111787903696 0.440630655151192 3.30220207837761 -3.34756308874586 1.75202955281611
"53" -0.162451686688172 0.713464430954673 -0.798148073329003 -0.0293604696389878 -1.35550833641829 -0.583358561299775 0.0863629443993048 -2.09444318146396 -0.878286756164029 -0.348858656759198 0.746455116821341 4.55009722371165 0.567881584650145 5.20686175439784 -6.38989777704637 2.13610612385128
"54" -0.20611877291352 1.12336129537286 -0.888835683440888 0.220655917071497 -1.71012577324622 -0.883125242134156 0.0819349812517931 -2.84942586626564 -1.13360033891555 -0.240411933775697 1.09655225179191 5.86867384360062 0.642840855794702 6.46811111021762 -8.45608650408894 2.36328365360282
"55" -0.222572216844934 1.27146271772719 -0.920618858834992 0.316094465277018 -1.83447944877923 -0.990537221228912 0.0800368977687924 -3.12349095422789 -1.22323526101804 -0.199850570744246 1.22164040541992 6.33453744292206 0.666428300905199 6.91054276264842 -9.19094763230504 2.44938528660123
"56" -0.208951137506343 1.12268812300978 -0.888218655268403 0.22171944420981 -1.70968647421412 -0.883683949993731 0.0817693658739742 -2.84702740068277 -1.13191814596061 -0.239879610246724 1.09736539262375 5.84534035115962 0.639849609928913 6.47048893677592 -8.46446502071558 2.39811981954495
"57" -0.166909356547226 0.712400561792421 -0.797236531871462 -0.0276074390696976 -1.35528296583557 -0.584158077454944 0.0861029387261816 -2.09056503800294 -0.875421664673812 -0.348261476064529 0.747861794147191 4.51208220611556 0.563241462278647 5.21125727233218 -6.40409591479533 2.19322741596261
"58" -0.102368269825568 0.136862708082603 -0.662388502259546 -0.342339560941298 -0.824485904534632 -0.151407707590685 0.0901800826788222 -1.03901615359646 -0.496619177427295 -0.491214916011415 0.239559216782727 2.62142206538215 0.436179470379674 3.30781699914366 -3.36342624174773 1.81230154262767
"59" -0.0240829578863142 -0.471378771914786 -0.503273168606079 -0.616700069048704 -0.192479338712265 0.332185589217254 0.090147250349375 0.0725444159185855 -0.0554880737367273 -0.622697347406067 -0.334979655956147 0.545421498924043 0.2598098579364 1.00727214755888 0.160603074510107 1.2530113629266
"60" 0.0583322227455394 -0.973931624478908 -0.339551554101782 -0.77195894030973 0.45814521058322 0.779948526005178 0.0822284077014626 1.03265699429237 0.38331055904031 -0.696145486012547 -0.87722880054395 -1.35983755433563 0.0394056875480082 -1.41991127228361 3.63216588827362 0.553252373427313
"61" 0.13613772793984 -1.25364818767004 -0.187312338887363 -0.785378879319182 1.05055342542132 1.11740941950112 0.063704211820415 1.70745232841286 0.761529196022203 -0.674913580179201 -1.30064142787926 -2.82914159835525 -0.213979996717121 -3.72242682776016 6.5707513948235 -0.206577725909938
"62" 0.202462566926963 -1.23344397343881 -0.0574542895042072 -0.693872852392047 1.5228986002789 1.2931302561752 0.0335606167595532 2.05890635950299 1.03489359313817 -0.539051589968729 -1.54264553678521 -3.72090770483567 -0.48348339532431 -5.69531565858555 8.61505457857646 -0.917565759277068
"63" 0.252489420488402 -0.886539225849262 0.0440934866416036 -0.573805316012425 1.83328151032946 1.28352182518577 -0.00724182275124186 2.12922937651293 1.17688458369394 -0.288137032926848 -1.57028830946045 -4.01266955196343 -0.747909433870788 -7.19108934164899 9.55366675873157 -1.46498485054076
"64" 0.283106044449404 -0.240053096522786 0.115074790274033 -0.508024306580523 1.96148409283978 1.09327731362997 -0.0557854161719824 2.00558205403336 1.17971796772908 0.0587702533907049 -1.38121861213171 -3.77347422955177 -0.984050964992377 -8.11959381790348 9.33131903807001 -1.7539538714268
"65" 0.292412080258602 0.626510912696432 0.155409595887388 -0.553838080680237 1.90864821841064 0.753139874996151 -0.107405312717926 1.78202861775204 1.05357119947768 0.465009401988823 -1.00183689174069 -3.12809784315971 -1.16912287464715 -8.44254039100893 8.04064770008182 -1.73333679962752
"66" 0.279373749095903 1.58800706328789 0.166168125158499 -0.722262011504938 1.69542355522316 0.315609034921138 -0.156090335223125 1.53098562577977 0.824483424374354 0.879889202692397 -0.48335094614281 -2.22430922965884 -1.28290117798413 -8.16670010721151 5.90371515112011 -1.41166858966153
"67" 0.243748440963886 2.48694442197368 0.149317416304122 -0.973305463787369 1.3584644193654 -0.151810061312641 -0.195139504013676 1.28942718583616 0.530765558802324 1.2445034107602 0.104561059722194 -1.20864995715169 -1.30950275542583 -7.337145127124 3.24193727833759 -0.859247126354603
"68" 0.186266354647994 3.15419359594121 0.108164417766581 -1.22704790465323 0.945037945925695 -0.576245028316663 -0.218106118820105 1.05941519316085 0.217683365469834 1.50018712693174 0.682897779602937 -0.210956812037239 -1.23888449669275 -6.03027347554922 0.432273008502705 -0.19435875494014
"69" 0.108972261127924 3.43566482876557 0.0481450137015855 -1.38639889330008 0.505984670996865 -0.891444746242772 -0.219941325029774 0.819139174136065 -0.0693311302723649 1.59902971695343 1.1748435220702 0.664682945012601 -1.06807738302118 -4.34606247015965 -2.14830033793029 0.443330059938944
"70" 0.0155764329577721 3.22047914839469 -0.0225234500070819 -1.36474761369863 0.0880364178096578 -1.05019941200165 -0.198108314183108 0.539117888947732 -0.291934504832189 1.51459065777323 1.51789919449712 1.34475444043653 -0.802025039668624 -2.39957000721755 -4.18176251651985 0.925159805599378
"71" -0.0883590162956445 2.46406795506643 -0.0927926625539968 -1.11058630967307 -0.272929546374099 -1.03429683999567 -0.153356612900001 0.198022402896186 -0.425038455434137 1.25010701549241 1.67397243297073 1.78798860131974 -0.453794145482821 -0.312404908537191 -5.45874085077676 1.16271413884078
"72" -0.195546753765585 1.19987340144013 -0.149640070373611 -0.622213868072521 -0.556114114544904 -0.859177641132248 -0.0898817012384328 -0.206429337426442 -0.460346760862397 0.841570767682462 1.63481902859078 1.98412168307016 -0.0439419879043292 1.79481638341854 -5.90638216723181 1.12583036460046
"73" -0.29748561531874 -0.463866178449784 -0.179851527850428 0.0512045842358191 -0.756554659413131 -0.571662859408711 -0.0147540507088335 -0.654030172680283 -0.406372937711336 0.354181291818193 1.42137926991942 1.94986522995225 0.401027286077118 3.80828412749212 -5.58731745306599 0.844842858014658
"74" -0.385323469631285 -2.36143711406861 -0.172425722922146 0.821602079746512 -0.882514676385199 -0.241017976648639 0.063273126183077 -1.10606846163666 -0.285084477725056 -0.127594086733303 1.07735543045762 1.72261591498341 0.850971732978547 5.62501477420715 -4.67120524713704 0.397575863333827
"75" -0.45094232995649 -4.29627582764262 -0.121045915088292 1.58249870612678 -0.950586953168643 0.0546332357867385 0.135269882254083 -1.51448676742829 -0.126290898553256 -0.51453696679048 0.659052604303701 1.35293284663339 1.27485712701662 7.15573934141416 -3.38834038105298 -0.1137851402774
"76" -0.488082530275999 -6.07007996111977 -0.0259797487153257 2.23157006556966 -0.980118740984857 0.243635430330212 0.193551941325561 -1.83282382275985 0.0386028609338905 -0.729157171949154 0.224360384473311 0.897042623882612 1.64354543504414 8.32776622938679 -1.9789295337838 -0.588422880094754
"77" -0.493321372146003 -7.5081514661542 0.105131748902345 2.68936407801075 -0.988477987399729 0.275125333789457 0.232669667981195 -2.02577260999388 0.181972124247298 -0.721647173435858 -0.176471296096981 0.41045102037674 1.93231284628718 9.08887931398125 -0.650623644538541 -0.948174230589075
"78" -0.466748052221337 -8.47723291768268 0.257907529095 2.91059199009037 -0.988113056368817 0.130436991002444 0.249767454585572 -2.07542086032277 0.283558193297026 -0.483431615010293 -0.506656152843641 -0.0567741136350151 2.12295797968499 9.41275682219894 0.448029200652797 -1.14996972516713
"79" -0.412168110289942 -8.89516762286166 0.413327264423254 2.88731944010075 -0.985630438363189 -0.169591921831422 0.244312528382841 -1.98374944722239 0.332059583836246 -0.0567261607477292 -0.744996139162003 -0.463098397045542 2.20551954675384 9.30533522888827 1.23671900193744 -1.18834926528984
"80" -0.336577144899968 -8.73394417343069 0.551087445202063 2.64558368095399 -0.982533566533298 -0.562562834524178 0.217367975450814 -1.7720403000271 0.325033082585659 0.462079201067937 -0.885028609464166 -0.777488281569731 2.17964460006296 8.81013414917191 1.69845245810006 -1.08962685489541
"81" -0.248571314823725 -8.01829205757455 0.653732519250459 2.23783315226697 -0.976979478430831 -0.949469372596981 0.170704256679186 -1.47812700293878 0.267580074045931 0.928600961728723 -0.932364852262765 -0.980817244937839 2.05546195330109 8.00922760732838 1.86609987614139 -0.900634176935114
"82" -0.155654424358882 -6.82106964890404 0.710765104222169 1.73324692266846 -0.965855510304641 -1.208711556684 0.106086854264893 -1.15200571788997 0.170259592069344 1.16994167386567 -0.901285093468204 -1.06695644589388 1.85347215924431 7.01619874253582 1.80553947216941 -0.675191212899108
"83" -0.0612814716737891 -5.25515630917371 0.721634200634387 1.20712228732728 -0.946502590926441 -1.21978477351385 0.0250270379461615 -0.849704741284528 0.0466553539322009 1.01871683666213 -0.811251113143481 -1.04329181113576 1.60271075919488 5.9591288046921 1.59871592922929 -0.461056817064446
"84" 0.0366588324648385 -3.46077961616655 0.696405959532711 0.729964848128034 -0.917543700707198 -0.893453688239301 -0.0708729078493935 -0.625158879804459 -0.0889474600410872 0.356820203642084 -0.68361406236227 -0.930073893873782 1.33666267508453 4.95569572981089 1.32816924720203 -0.289577747074418
"85" 0.144641023399751 -1.58813259666874 0.65327339610559 0.357178071239318 -0.878745549353221 -0.200379140722948 -0.179081339745975 -0.520580446361834 -0.2234437103156 -0.843313220080987 -0.538650065517825 -0.75804441900749 1.08730121798576 4.08728652861959 1.06388250324221 -0.169824795348632
"86" 0.270151971749045 0.222510950464383 0.61293306932116 0.121072012290966 -0.830529589411876 0.812546107422232 -0.295127479365459 -0.557190772195755 -0.346309349463313 -2.49616161363181 -0.393148866374998 -0.564107475421622 0.878800965929685 3.38178648725102 0.853624602045215 -0.0886158112350586
"87" 0.314404484370175 0.763104006358752 0.6035520744663 0.0764916091230532 -0.813462201443457 1.18193414234365 -0.332383962212421 -0.597999883913024 -0.381517158014412 -3.08478435131084 -0.349071042984376 -0.504292119203001 0.823660495603127 3.18962442573612 0.802490151158452 -0.0665429427099298
"88" 0.469741148574542 2.32688868683949 0.588902492486431 0.0249865973671604 -0.754551596571503 2.4263122734958 -0.447333242032128 -0.807081514232964 -0.479166083099221 -5.0318990332635 -0.219997092575134 -0.337098735617076 0.684917952809554 2.65197891918563 0.691136422534612 0.00907347353142995
"89" 0.646044714278831 3.62814414462248 0.593519508681732 0.0879429453938485 -0.690197886306357 3.65103955910688 -0.54912896619028 -1.10298485061396 -0.555359238609292 -6.9029073359304 -0.109840808582582 -0.222735295508414 0.594679884678557 2.16563345280915 0.645052552310517 0.117071035248614
"90" 0.834393146467606 4.64532523207977 0.597810434202351 0.228209897046895 -0.624122485692701 4.68959868094729 -0.624687844401464 -1.42640930942201 -0.612098612372645 -8.44910120339594 -0.0198378312502854 -0.174657462293624 0.538464552845911 1.66549283241709 0.638356597509073 0.275473152373024
"91" 1.01906994729247 5.38605915958358 0.565498435654249 0.40715200636555 -0.560925388292839 5.41552496199555 -0.659970951502618 -1.71087368908223 -0.653629034410463 -9.48725987743466 0.0506793235127567 -0.191129743509464 0.497940910763683 1.11676697860561 0.640727552230203 0.480445731966938
"92" 1.17953132932212 5.87393638672626 0.449381401877416 0.593901868126395 -0.505523059480919 5.76131561482274 -0.641543564300115 -1.89427063439005 -0.684825737070702 -9.92636660535347 0.102496109841345 -0.257373308367505 0.456218393732172 0.52805623854924 0.626748002172349 0.705106578537311
"93" 1.29406935803451 6.13652817485981 0.201003331823832 0.769882337948616 -0.46254342198388 5.71899345697952 -0.558448330245872 -1.92819633423972 -0.70972860585607 -9.766167763465 0.135454616604497 -0.350330174221426 0.401439239671765 -0.0529367664400917 0.581709311328154 0.905549644251096
"94" 1.34387334059798 6.19750913289028 -0.216923726000584 0.927804612176473 -0.435404428319471 5.32736833911469 -0.40443454497868 -1.78419999289389 -0.730404202176901 -9.07559621961014 0.148389798479108 -0.444309873753923 0.32809327931038 -0.557186140079733 0.503154328439393 1.03185876984446
"95" 1.31629621328542 6.07318228583437 -0.816827245675228 1.06631260616113 -0.424917400360315 4.65428405564505 -0.180507992642826 -1.45742865706942 -0.746100547373584 -7.96386980496219 0.139945334790646 -0.516192378946926 0.236430721181923 -0.917824389072692 0.39887354791415 1.04126876202736
"96" 1.20692410711427 5.77207410444959 -1.57351002423746 1.18265962341817 -0.427709708541098 3.78075346024336 0.102539905179916 -0.968393480226968 -0.752662166095085 -6.5549193464137 0.109864651938956 -0.549521994650831 0.130846999518127 -1.0916240818952 0.28285714072112 0.910726879118215
"97" 1.02050302660304 5.29620000110047 -2.41563487609578 1.26617220967579 -0.435090204242995 2.79013521276876 0.422389889829872 -0.362884360409037 -0.742340810631446 -4.9701895907143 0.0602390367661094 -0.537122712867358 0.0180884951036866 -1.0731539223116 0.170772247362493 0.646155305126285
"98" 0.770754820116064 4.64350557231671 -3.22561420184083 1.29498425178264 -0.433043995037529 1.76202989524564 0.745305487374408 0.290846936363966 -0.704315344703014 -3.31970166943752 -0.00376142516496003 -0.481818775413331 -0.0942103277753645 -0.898979165397309 0.0761318542845117 0.285754625487129
"99" 0.479026488864832 3.81179645111043 -3.85152660035015 1.23771951113669 -0.403870348063639 0.768821472503625 1.02906049235201 0.908830077767146 -0.62625753875043 -1.69858915569197 -0.0739925956452421 -0.394853361811784 -0.198526673650985 -0.641439298159733 0.00778659113146318 -0.104700014978448
"100" 0.171803973635136 2.8044591573024 -4.13202784849568 1.06043771077937 -0.329558349089099 -0.127177649117996 1.22898996222615 1.40254744913351 -0.497043773471144 -0.186079195236765 -0.140361792444567 -0.291984924910253 -0.288091867152641 -0.393368055716614 -0.0310856149292533 -0.444947126122543
"101" -0.122643412943271 1.63743033471051 -3.93077701286064 0.737372712401225 -0.196372715619004 -0.876934837547285 1.30636988344567 1.69349120334478 -0.310246287516465 1.15499609372677 -0.192582332098935 -0.188008185427066 -0.357337455904494 -0.246991618148566 -0.0426503785969601 -0.659475412233974
"102" -0.3779618771161 0.345750909587707 -3.1723086766092 0.262311885205037 0.000494436699636225 -1.44795004309545 1.23719927298226 1.72834674949425 -0.0675359308815551 2.27871531697787 -0.222212838328494 -0.0912772664746626 -0.402244189881936 -0.271944610076032 -0.0331343036202441 -0.698007360767974
"103" -0.573077499587281 -1.01260359605123 -1.86888895483717 -0.343309700855386 0.253651531863537 -1.82644407065432 1.01886340063537 1.49105015998919 0.219129499208481 3.15624269577363 -0.22440694750129 -0.000230835679758457 -0.420608235102796 -0.49807508641421 -0.0110938901134148 -0.550936988947001
"104" -0.694603696769663 -2.35757900843338 -0.129417353104845 -1.02880181332615 0.542820116195735 -2.01732916600405 0.672509753160746 1.0083441304155 0.527468398748394 3.77502058700251 -0.198867541154241 0.0964200608045758 -0.412191926704299 -0.907699404842487 0.0142708720828182 -0.254318623713289
"105" -0.737939218665746 -3.59322820296764 1.85323358492663 -1.72015168361062 0.837177074532111 -2.04144400643147 0.240240934792737 0.347190034172389 0.827306206892272 4.13661353673188 -0.149760184747505 0.21527943069259 -0.37872998648721 -1.43921548922955 0.034403649701602 0.117856224141974
"106" -0.70707914512273 -4.61814937923224 3.83307773116386 -2.33183242119038 1.10019490393807 -1.93048138812525 -0.22209775558134 -0.395252734536033 1.08498950795396 4.25338215450272 -0.0846884652114603 0.370529468460745 -0.323795743000307 -2.00047967997695 0.0421398333955665 0.472175331734093
"107" -0.613467386527027 -5.3377993392418 5.55123839298222 -2.78077593584848 1.29568837426647 -1.72082019064588 -0.654434600543603 -1.10645993553301 1.26867820069078 4.14466233072939 -0.0131161223754823 0.565022186387637 -0.252561963015474 -2.48759080180023 0.0319845475726765 0.719738003552152
"108" -0.474312794099349 -5.67604436703259 6.77510739657064 -2.99839641840882 1.39355478084788 -1.44774964579134 -1.00178455076853 -1.67488525200093 1.35323619848879 3.83335695304864 0.0552810045506078 0.782969959590559 -0.171487431763666 -2.80384125557342 0.000120109872796093 0.798712574226556
"109" -0.310642263143048 -5.58416995112648 7.32865709997304 -2.93799195450725 1.37405326758414 -1.14128868263911 -1.22145007897234 -2.00511921596587 1.3237463954804 3.34377043118784 0.111957259674803 0.98691495739854 -0.0879116163573848 -2.87474959171438 -0.0556324742444474 0.689564514982408
"110" -0.145089971542303 -5.04703185587116 7.11127236552795 -2.57746127089987 1.23017210233561 -0.824180235540052 -1.28739691065843 -2.0304503111369 1.17726947943636 2.7012405714466 0.150390936284342 1.12105560521059 -0.00947254144661791 -2.65747546252514 -0.135728830488546 0.419259952606922
"111" 0.000752293896738365 -4.08722711929756 6.10731184836591 -1.91976407459238 0.968325367192502 -0.512009274205166 -1.19223762809172 -1.72247669424524 0.923058558416464 1.93377554125128 0.166615760397551 1.12202666744804 0.0567468096549426 -2.14526895208367 -0.238615896300416 0.0533626869262207
"112" 0.109473016659225 -2.7682987181065 4.39059544687803 -0.994497925399813 0.607985470853032 -0.214956835407982 -0.947782737789874 -1.09761708251375 0.581770037767284 1.07545608647168 0.159582156137018 0.936618519147146 0.105320267393603 -1.36877256146992 -0.360281610595393 -0.322541532420473
"113" 0.17109201783931 -1.19677312075995 2.1260002750679 0.137605956632427 0.180712998044971 0.0595632167600293 -0.584784840941896 -0.219643299656788 0.184117592865435 0.170630789703601 0.131464465291428 0.543244522110626 0.13360370314461 -0.395403630602268 -0.493822886011969 -0.627971078234737
"114" 0.185552738156238 0.479248648834862 -0.434645495776444 1.37931281703622 -0.27154646474252 0.304318460916917 -0.15152963533512 0.803670198594109 -0.231053053437772 -0.723056652331259 0.0878093424080699 -0.0294767981691848 0.142528352144227 0.67386864319242 -0.629360955831316 -0.812212968844278
"115" 0.163289267408345 2.07889029855481 -2.96982368899431 2.59679534967955 -0.699640754808448 0.510666556803876 0.290006196620826 1.83192502271146 -0.619783511251004 -1.53539454893234 0.0371991715857423 -0.696001469039516 0.136718591675159 1.71275162749528 -0.754655114351266 -0.869692488094756
"116" 0.12286028584648 3.40816196452083 -5.12611771827152 3.63203179937562 -1.0526134687052 0.668559384719511 0.671749400951089 2.71222171945002 -0.937645000428776 -2.19003355599516 -0.0099181063447773 -1.32645116073763 0.123666837059092 2.58503853756824 -0.85657166379832 -0.838657639273265
"117" 0.0855364096272648 4.29022410942782 -6.57665734768426 4.3304194282962 -1.28520397571137 0.768088001551185 0.930871727261636 3.30573487855398 -1.14586870958287 -2.61640666438091 -0.0432885434362991 -1.7791714848014 0.111853330873354 3.16668023948217 -0.923221296297783 -0.781686014505794
"118" 0.0683099526550244 4.59999504557904 -7.08833787279351 4.57749601143166 -1.36599940659982 0.801855997330801 1.02264810203306 3.51512477206941 -1.21784797814682 -2.7641123565538 -0.0553507351933415 -1.94398807374318 0.10810139761165 3.37011425361035 -0.946258990924349 -0.755152124531719
"119" 0.078097372255149 4.29210202508356 -6.57642372026885 4.33086695383341 -1.28386369196853 0.767118585570667 0.930834924357681 3.30535138208542 -1.14421802145959 -2.6148179723392 -0.0433144635442044 -1.77933802185453 0.115047099107507 3.16368029105696 -0.922685576698655 -0.781511770205839
"120" 0.109590501257021 3.41158251331319 -5.12565201627227 3.63286924869672 -1.05037076481795 0.666702789592211 0.671671800588789 2.71148260738124 -0.934787358845046 -2.18698933423589 -0.00996970717473467 -1.32688225100435 0.12991110711785 2.57925490606513 -0.855561107205972 -0.838180697180746
"121" 0.147309899606622 2.08310362054281 -2.96914281189224 2.59786340295724 -0.697240531935993 0.508209673278987 0.289885115462962 1.83092607979256 -0.616521278326475 -1.53135770205196 0.0371266823803804 -0.696798302194793 0.145357673461422 1.70498791322087 -0.753342934751259 -0.86876531468954
"122" 0.17062962852634 0.483223870114742 -0.433795490968123 1.38035902026355 -0.269723554567024 0.301780110777717 -0.151689256410294 0.802579713514685 -0.228262969894671 -0.718864232505389 0.0877284489117578 -0.0306117232631777 0.152185506757052 0.665632944158833 -0.628030502649949 -0.810829715107275
"123" 0.160053586215417 -1.19390299171608 2.1269415328747 0.138393456193825 0.181598740514777 0.0574889351435566 -0.584967992638595 -0.220652385364772 0.185886103123651 0.174095277844934 0.131392091082303 0.54198747644034 0.142557513335854 -0.4024521897077 -0.492752615737629 -0.626358011791126
"124" 0.103097236243189 -2.76681814713866 4.39152824286335 -0.994067851322271 0.608066133303973 -0.21627886737625 -0.947967432929202 -1.098444558333 0.582502910186691 1.07771714549761 0.159531338322136 0.935550173706588 0.112254021434289 -1.37364784086364 -0.359603865413419 -0.321071433005727
"125" -0.00197587425165757 -4.08682799347696 6.10813596708114 -1.9196317088047 0.968005067565457 -0.512642171797253 -1.19240163591719 -1.72310553323782 0.923122933847138 1.93491826679927 0.166589403317383 1.12136487234307 0.0612466037789883 -2.14799184603556 -0.238283083979127 0.0543878902545885
"126" -0.145804689749129 -5.04717007041549 7.11191537827588 -2.57749260660303 1.22980929375082 -0.824386172379285 -1.28752475744246 -2.03090207007159 1.17708295749564 2.70167204379239 0.150382816183049 1.12080923919746 -0.00701661132251097 -2.65871018349334 -0.135602512412078 0.419771517068625
"127" -0.310608980785283 -5.58442332759351 7.32909574994336 -2.93807258791074 1.37380905195773 -1.14131676667399 -1.22153705510466 -2.00541950437373 1.32356113758506 3.34388481304897 0.111958166164454 0.986932709622238 -0.0867785007301336 -2.87521786168614 -0.0555914854855644 0.689702800486316
"128" -0.474154005686405 -5.67622889384767 6.77536701592052 -2.9984675728607 1.39343425066061 -1.4477369201837 -1.0018358801016 -1.67506210019035 1.35312725058692 3.83337742267517 0.0552841206028631 0.783077814067724 -0.171041982411998 -2.80400383197063 0.000137171724418295 0.798678145521649
"129" -0.613363843922659 -5.3378938086828 5.55137113368664 -2.7808219029202 1.29564209144246 -1.72081058229995 -0.654460764142629 -1.10654880913178 1.26863117938221 4.14466764096903 -0.0131137573738993 0.565116972722763 -0.252410991138968 -2.48765113173661 0.0319955818936819 0.719670241043559
"130" -0.707034281886415 -4.61818746960945 3.83313631556374 -2.33185694061348 1.10018079695133 -1.93047852210241 -0.222109256941195 -0.395289996603662 1.08497377900517 4.25338661113589 -0.0846872711980513 0.370583840739528 -0.323750914226958 -2.00050514915567 0.0421469959240426 0.472128274416605
"131" -0.737924143111455 -3.59324092246417 1.85325595969073 -1.72016287140106 0.837173678592114 -2.04144382400952 0.240236565233069 0.34717714487833 0.827302106498437 4.13661667169741 -0.149759721928135 0.215303199635628 -0.378718104984143 -1.43922633783495 0.0344073917006256 0.117833601120651
"132" -0.694599573940444 -2.35758248894477 -0.129409945835171 -1.02880625334652 0.542819501550261 -2.01732931791128 0.672508306755251 1.00834049722293 0.52746760231407 3.77502195952362 -0.198867379748034 0.096428494828956 -0.41218909917883 -0.90770353463665 0.0142723835537879 -0.254327148963966
"133" -0.573076669774251 -1.01260343812451 -1.86888699319344 -0.343311415198215 0.253651494170993 -1.8264436802599 1.01886296163189 1.49104948702583 0.219129362433337 3.15624236916168 -0.224406809104606 -0.000228099670039228 -0.420607833971095 -0.49807656638666 -0.0110936060946472 -0.550939781968509
"134" -0.377962273060126 0.345756183047513 -3.17230917408298 0.26231036411825 0.000494663491609648 -1.44794766709098 1.23719906589055 1.72834750198509 -0.0675362432175802 2.27871142140788 -0.22221233037728 -0.0912753570733003 -0.402245297286607 -0.271945988392395 -0.0331353350529184 -0.698008857231912
"135" -0.122645921128498 1.63745512788649 -3.93078164340363 0.737367617163954 -0.196371576574367 -0.876924905486717 1.30636943631266 1.69349543241145 -0.310247851199374 1.15497934152965 -0.192580072046985 -0.188002293785985 -0.357343185954988 -0.246997155006036 -0.0426557022615839 -0.659479101929605
"136" 0.171793701606655 2.80456166999072 -4.13204730973175 1.06041651837391 -0.329553467743774 -0.127140637414243 1.22898833173242 1.40256560454825 -0.497050448063358 -0.18614232511495 -0.140352442607723 -0.291961219849213 -0.288116050063737 -0.393393784823749 -0.0311080088726783 -0.444961370139936
"137" 0.478988558647334 3.81218342890913 -3.85159950332091 1.23763710315616 -0.403851431899257 0.768946039410196 1.02905479547469 0.908901020580124 -0.626283314960489 -1.69880427083186 -0.0739571691770831 -0.394764104516526 -0.198619614012648 -0.641548377530861 0.0077008487701562 -0.104752389585883
"138" 0.770628246804913 4.64484273401492 -3.22586360482593 1.29469093315751 -0.432976801947775 1.76240689270981 0.745287288088302 0.29110024724821 -0.704406894203405 -3.32036290823833 -0.00363853504778078 -0.481511496020971 -0.0945381582274614 -0.899399312662835 0.0758315332132042 0.285579202070949
"139" 1.02012229581953 5.30043449406322 -2.41641548840896 1.26521790900132 -0.434870912742072 2.79115295270677 0.422336842470276 -0.362057804586854 -0.742640500174412 -4.97201216335832 0.0606296473960946 -0.53615770870465 0.0170255188784978 -1.07463135032812 0.169809015496099 0.645624200218208
"140" 1.20588980220286 5.78438183854451 -1.57574791772415 1.17981850690704 -0.427052868264828 3.78317289491746 0.102398815500907 -0.965925835709314 -0.753564854682763 -6.55938405128843 0.111003912963158 -0.546755550563148 0.12767778154517 -1.09638140096436 0.28002383731129 0.909277399473467
"141" 1.31374063743662 6.1060706758028 -0.822712105585 1.05855415025177 -0.423113532035555 4.65923598189843 -0.180850431542611 -1.45067339430291 -0.748596143496922 -7.9734552594761 0.142999774235598 -0.508936048856867 0.227744169204795 -0.931868587061478 0.391214604659467 1.03770222012724
"142" 1.33806453971906 6.27844863188101 -0.231141252476077 0.908313525377537 -0.430860127243375 5.33568166520089 -0.405193299981945 -1.76719629412952 -0.73672605216885 -9.09317117183394 0.155932278450734 -0.426841642158593 0.306206746562566 -0.595211991882373 0.48408517760933 1.02393447492182
"143" 1.28176865260894 6.3203131511169 0.169394146328154 0.724699761796074 -0.45202193684263 5.7288623514673 -0.559985061246786 -1.88873276849346 -0.724401822769184 -9.79205662154069 0.152641976978947 -0.311621617086075 0.350716351969183 -0.147418961179674 0.53788872974755 0.889634116681009
"144" 1.15504423314453 6.25967049283717 0.384607786868944 0.497002570078664 -0.483079571402912 5.76297102206711 -0.644396119233964 -1.80960985893857 -0.716084325623409 -9.95096437875892 0.138706026373809 -0.178231569053196 0.34792035625874 0.312348404554585 0.533641819244252 0.676256532823913
"145" 0.973146333864261 6.13584123075174 0.442962258046299 0.21447471946864 -0.516717578288161 5.38191144616016 -0.664846655615107 -1.54263948489113 -0.714939449209266 -9.47737350349123 0.121341184698597 -0.0415911184226729 0.284367866988964 0.66332637176655 0.457525838910129 0.43357104742222
"146" 0.753518021093414 5.99790664450796 0.383467535451588 -0.127683825793909 -0.543513816994791 4.56366380108549 -0.632417981584011 -1.11617420641907 -0.723250636550866 -8.32839508189538 0.10814430847384 0.0867896286966356 0.148136980181269 0.785571868900008 0.303971875627241 0.208332577238821
"147" 0.512780881299078 5.89788346135798 0.246263412612835 -0.523838892941384 -0.553630243080518 3.33321410230101 -0.560619222132587 -0.571130150195179 -0.742387879840342 -6.53122785141355 0.105765895518656 0.200761420938704 -0.0689207657162463 0.58480722046153 0.077891958895691 0.0353977994042225
"148" 0.26422735807573 5.87881495318366 0.0669759081675192 -0.955737101133252 -0.538385755297879 1.76906811476428 -0.463580082030614 0.0422382488766448 -0.772415626364921 -4.19346378543488 0.118629348509701 0.299509991626167 -0.368684576803185 0.0148599204824222 -0.204461435433032 -0.0671801974697246
"149" 0.0163661677631559 5.96039820613066 -0.125354700843367 -1.39302297569537 -0.491663465063496 -0.000223269232673573 -0.354624517362481 0.668157471724129 -0.811583020297836 -1.49801509578961 0.147885698950477 0.38563774212713 -0.744519870393853 -0.90738713027195 -0.516393821752942 -0.0985607400901927
"150" -0.223196243753771 6.12358211519155 -0.304967971578936 -1.79017907685176 -0.412736291014212 -1.78016799017879 -0.24698117037968 1.24083363099017 -0.855233274830897 1.27073000452074 0.190064517033395 0.460956371553834 -1.17219900245893 -2.07685030751914 -0.818669855523851 -0.0725045065715904
"151" -0.4609265872235 6.31723763505391 -0.458815480751513 -2.11598346043812 -0.302215158825628 -3.44017174906156 -0.146569595051086 1.72420411059524 -0.898633655261436 3.92730053845862 0.239991842853862 0.528173769285104 -1.63610036284586 -3.3827756391995 -1.08257052952706 -0.00949300661807229
"152" -0.696409612526253 6.45134822772005 -0.570457560927542 -2.32649187851227 -0.168177062825616 -4.79018165157622 -0.0605481302692117 2.0691507564539 -0.934094926037628 6.19258960182872 0.288567161413749 0.583495856151899 -2.09721969099417 -4.63648421954474 -1.27017974871217 0.0674496753722451
"153" -0.930587829650237 6.41801032996261 -0.628304013278663 -2.3897514362761 -0.0234638054603562 -5.67898256761426 0.00740557287269095 2.24440652615064 -0.953966537861288 7.84267320497788 0.3259825791862 0.620660238054086 -2.51356855997769 -5.64329929690869 -1.35349137307642 0.137182806397846
"154" -1.16065960077139 6.11225968474835 -0.624854268630449 -2.28701779423263 0.114134658974512 -5.99292622066615 0.0557166485933021 2.23405413395005 -0.951793671760685 8.7042553244189 0.343284010582501 0.632254711839607 -2.83975618755243 -6.22117385068708 -1.31598683216022 0.182972652294438
"155" -1.37719692173842 5.45589658188683 -0.558256350048005 -2.01640073979932 0.222876549157726 -5.66984353094926 0.0845356087145159 2.03952012058058 -0.924013676931434 8.67386975838096 0.334184356655763 0.612410510033044 -3.03091936260611 -6.23111931526468 -1.15561131783019 0.193659479452435
"156" -1.56175172486713 4.41791458762383 -0.433633819101628 -1.59460562155442 0.27879624648085 -4.71247566944185 0.0954718585642063 1.68024583596705 -0.871324670974821 7.73722217761638 0.296428065692876 0.559067982622935 -3.04700458552526 -5.60662659319457 -0.88581679529895 0.164238669228894
"157" -1.685885029937 3.02748841776488 -0.263496984781517 -1.05654150128748 0.258443577456298 -3.19964856782586 0.0914287774333924 1.19279790814824 -0.799145950663689 5.98614839795439 0.232463686756214 0.474975366804188 -2.85731574259458 -4.37706744837206 -0.534583580697316 0.0965148606320554
"158" -1.71294694977726 1.37718929270312 -0.0669237070806687 -0.452723304800145 0.143098359920462 -1.29057092833518 0.0764212169871756 0.628251143354051 -0.716654925519772 3.62595678302376 0.149320853806266 0.366850025612621 -2.44553459949279 -2.67815436825666 -0.141702154702074 0.000283257736668929
"159" -1.60404203020375 -0.384369024332429 0.132433622665506 0.155559588359978 -0.0750535499511827 0.783455119331842 0.0552274912116832 0.0477715190240406 -0.63414251232757 0.964168311580256 0.0577012685246849 0.242385156541616 -1.81576612549753 -0.742437763600251 0.245201850485586 -0.104684585607629
"160" -1.32890344418609 -2.07029190487145 0.309249655325011 0.703281554472483 -0.384972530464188 2.74433742515765 0.0327943621752418 -0.483631628798159 -0.559022511606657 -1.62588671482576 -0.0296386507654018 0.105737130539353 -0.999840541616498 1.13445977467982 0.575652811884183 -0.186718515172288
"161" -0.880121767177822 -3.48280474475908 0.440003211965182 1.13045462229961 -0.749184907685649 4.31054907401605 0.0134521228203681 -0.905135337271624 -0.491914430244503 -3.7670635495783 -0.100098636786912 -0.0451888465492516 -0.064137915109411 2.6505500762097 0.802869571947951 -0.204840991461651
"162" -0.285707058650996 -4.44826221797042 0.506652817918273 1.39124308088159 -1.10143010139707 5.25402720314861 0.000149825365471479 -1.16946971513332 -0.425289000933229 -5.15742374339278 -0.143837645853381 -0.213578295539321 0.888915946696255 3.56772378818325 0.893002224346247 -0.123850425530691
"163" 0.387034372945896 -4.85487822448464 0.500110668555381 1.46163551605817 -1.35565502444379 5.45831863748452 -0.00601360917291593 -1.25234043862583 -0.346841780721923 -5.64673282251856 -0.156301504899062 -0.388499949944276 1.73102026665558 3.77708638569802 0.83656755148715 0.0565157292624008
"164" 1.04096636627436 -4.68440776085467 0.423148502805647 1.34506790217065 -1.42965899060967 4.95803540073721 -0.00579099753010226 -1.1596427811363 -0.247188190174948 -5.28201982323707 -0.139789983932378 -0.531727989551314 2.33320875713573 3.33505225004774 0.656962491786828 0.278159170778054
"165" 1.5706079632233 -4.02623076928809 0.29213912016013 1.07623946639902 -1.27906864377091 3.93841207163723 -0.00135064662320517 -0.929498398207986 -0.127974182644447 -4.29564692131105 -0.103044151771067 -0.588488209604861 2.60213478989257 2.4495186489747 0.407739242007096 0.440970989216794
"166" 1.88906658870371 -3.06309898717976 0.136139462090282 0.720446803919017 -0.927225297397875 2.68492302229224 0.0044642815769631 -0.626120666081206 -0.00490576650037838 -3.02905257678579 -0.058521692755404 -0.525847260636965 2.51484459783236 1.41251557529249 0.155414939702126 0.465068169673941
"167" 1.95243347566663 -2.02480413930978 -0.00889282405051972 0.361755631110668 -0.470203854039745 1.49512479979987 0.00905143836424305 -0.324141052923759 0.0976137593599068 -1.81774404714178 -0.0183173467942801 -0.366341078320545 2.13423823485072 0.501352833483226 -0.0440215325206736 0.349916932605765
"168" 1.77451963903381 -1.12050340485244 -0.111212889640941 0.0774640851151247 -0.0431449506022223 0.586779500318112 0.0109070449274982 -0.0865021539854602 0.158299697063011 -0.888093593906341 0.0094869719394568 -0.17909596762172 1.59134391146797 -0.109846633514752 -0.161529042859812 0.171390648090778
"169" 1.42524114495567 -0.476847785688413 -0.155446244608436 -0.0902143025910931 0.241294606285118 0.0429622555727924 0.0100112691011858 0.0550416249905368 0.170238969809872 -0.31281041837482 0.0225601012174508 -0.0334865986866362 1.03679589539678 -0.387735009697303 -0.197835413895532 0.019875512851911
"170" 1.13028814001472 -0.192729142857495 -0.154342461326254 -0.139518578268564 0.332066578465744 -0.14310420388359 0.00829164116487968 0.0989177797473495 0.154391695915958 -0.0930518412850212 0.0242796411674142 0.026367846216715 0.701813756859315 -0.42419577882436 -0.186203544444126 -0.0436524535458034
