"V1" "V2" "V3" "V4" "V5" "V6" "V7" "V8" "V9" "V10" "V11" "V12" "V13" "V14" "V15" "V16"
"1" -0.552450793887687 17.5789028715631 -6.91505892377381 -3.71984428932888 2.11981648132002 -15.3883889021444 1.00848041550296 3.48987459587283 0.576388429372798 15.218782461435 3.56421459162766 7.89745392295481 -3.10736086585386 -3.81963676317093 -19.3842111795507 3.20659500811246
"2" -0.604639113215086 18.58605082278 -8.46263464789445 -3.28627938771706 2.05682909709094 -16.037167924175 1.34200005969308 4.27086199885753 0.459130406827455 15.8637903714102 3.51767867471017 7.64486833850924 -3.26622780665436 -3.85228982523983 -19.4584623616424 3.05642900885766
"3" -0.661916167665254 19.498347781489 -10.1763639779783 -2.72024051536937 1.94545115467582 -16.5758424426535 1.71935177474973 5.1365972657286 0.308505019929669 16.4059345085839 3.40781559636173 7.22940785675337 -3.40776176853787 -3.82498944087016 -19.2525232157977 2.83111772581651
"4" -0.705934949828702 20.0783361662493 -11.4768086873701 -2.24367602375014 1.83723380249705 -16.888305361495 2.01025907373059 5.79421329303705 0.182152705671399 16.726324221657 3.29232107509245 6.84011775666249 -3.49666552855602 -3.76792770964647 -18.9388319276441 2.6277856789236
"5" -0.773977914288366 20.8007810530612 -13.4239747001675 -1.4698727604823 1.64331444355076 -17.2363794209948 2.45196786374413 6.78000573308555 -0.023596774991347 17.094972225339 3.07792006160798 6.1629163589173 -3.60662929463355 -3.63319012956636 -18.2680880885746 2.28179731769774
"6" -0.850036185536453 21.4068366965084 -15.4787479266088 -0.590107622828782 1.40308611092479 -17.4830753950321 2.92494731892123 7.82188395098137 -0.259654154205805 17.3752911183442 2.80773147213881 5.35005525637689 -3.69913222354691 -3.43540443334078 -17.3502105061289 1.87296554900399
"7" -0.935253321593962 21.8948528864735 -17.6078515836161 0.376292775823458 1.12044203156478 -17.640842081187 3.42157715088365 8.90340373125491 -0.522751119446696 17.582036589497 2.48912120520527 4.4235641430937 -3.77557403852254 -3.17706054884112 -16.2181767349066 1.41121781573088
"8" -1.03070108165934 22.2667536628901 -19.7723296762861 1.40520630447872 0.800980748512302 -17.7265833105062 3.93275229983601 10.0052461936607 -0.808466093591733 17.7343758531156 2.13184677829349 3.41151097685452 -3.83809327936541 -2.86280773277485 -14.9155811243272 0.909211191660688
"9" -1.13731164906267 22.5278326257467 -21.9287193908876 2.46854057399833 0.451818106142127 -17.760763300704 4.44815808165322 11.1057959367845 -1.11137006946291 17.8549013126826 1.74773135929695 2.34698651942836 -3.88946738640979 -2.49938508592429 -13.4949977880133 0.381885643158284
"10" -1.25581034826439 22.6864546407623 -24.0305781995412 3.53531605824855 0.081311943206174 -17.7662881860233 4.95663145705998 12.1818981927518 -1.42523905108703 17.9684114868801 1.35022210928946 1.26677440250614 -3.9329878638687 -2.09547475120997 -12.0158185894425 -0.154123064091436
"11" -1.38665271711233 22.7537028129232 -26.0303095284835 4.57295542778365 -0.30128635474091 -17.7672363267689 5.44659399977172 13.2097672487689 -1.74332362864868 18.100534556158 0.953855507077151 0.209774591050063 -3.97232009477685 -1.66148662763495 -10.5416842140612 -0.681180986148775
"12" -1.52996944104132 22.7430068435629 -27.881206415992 5.54871306300447 -0.686234205931555 -17.7875193610066 5.90653657608914 14.1660059842452 -2.05866163654025 18.2762798313729 0.573657706652511 -0.784735547640594 -4.01135717934045 -1.20928538639249 -9.13765104883714 -1.18142703480476
"13" -1.68552203038126 22.6697808789645 -29.5396116010697 6.43116862826309 -1.06373111334472 -17.8495583405511 6.3255311941607 15.0286856647463 -2.36441605638049 18.5186053999269 0.224511238347304 -1.67890796777101 -4.05407589818333 -0.75187125026973 -7.867250241683 -1.63757563743661
"14" -1.85267131300878 22.551086878781 -30.9670766190675 7.19170339887933 -1.42435778233016 -17.9730548594584 6.69374228652327 15.7784269910399 -2.65421765147585 18.8470863316111 -0.079479588374852 -2.43809990503996 -4.10440079622714 -0.303025562214742 -6.78959760418275 -2.03370740603123
"15" -2.03035992505687 22.405325167033 -32.1323931941779 7.8058779545795 -1.75949559815467 -18.173926679287 7.00290812380649 16.399418577173 -2.9224905012137 19.2767579473793 -0.32559327295553 -3.03252294845061 -4.16607978582695 0.12306905658528 -5.95670464004525 -2.35600519748277
"16" -2.21710912140787 22.251939318312 -33.0133685643923 8.25463470531849 -2.06170232154557 -18.4634623901452 7.24676328196597 16.8803080770058 -3.16473878822831 19.8171941367805 -0.503037248913415 -3.43867734287323 -4.24257198837608 0.512225754541774 -5.41112355853693 -2.59339652889503
"17" -2.41102949386095 22.111110097359 -33.5982229278397 8.52525798258102 -2.32502276052526 -18.847731878142 7.42137514271667 17.2149044003295 -3.37777491014322 20.4718632593085 -0.603411328779885 -3.64049672299643 -4.33694618697797 0.850661015233683 -5.18403492950711 -2.73806905178799
"18" -2.60984464888122 22.0034048393691 -33.8865020651356 8.61203737715277 -2.54521738593951 -19.3272706656535 7.52537123279126 17.402636921121 -3.55987216471749 21.2377855644072 -0.621069402079456 -3.63014520325578 -4.45178661274116 1.12540707787311 -5.29385819184154 -2.78583316437789
"19" -2.81092659646447 21.949345951512 -33.8894208787679 8.51659572436802 -2.71989703935822 -19.8970383094825 7.56003961972306 17.4487290379757 -3.71082970365774 22.1054979902115 -0.553365915003042 -3.40842780598177 -4.58910209415717 1.32472378133093 -5.74543507282942 -2.73631427201462
"20" -3.01134153251508 21.9688659873827 -33.6295831208899 8.24786067551577 -2.84855765787097 -20.5466354314426 7.52929130470193 17.3640584042341 -3.83194288874608 23.0593160045919 -0.400779298600128 -2.98479535364095 -4.75023498569891 1.43850368518463 -6.52980630885941 -2.59296613930428
"21" -3.20790481717165 22.0806270283733 -33.1400574600339 7.82167719451172 -2.93251492048716 -21.2607516214484 7.43948122650795 17.1646938368658 -3.9258782608332 24.0778687632614 -0.166909884425422 -2.37694506476055 -4.93576772530383 1.45866268661227 -7.62457458767403 -2.36290571297104
"22" -3.39724418452226 22.3011981097734 -32.4628283799648 7.26007669915271 -2.97474453384405 -22.0198078850149 7.29909269411496 16.8711183711739 -3.99645864899071 25.1348737092026 0.141645235550413 -1.61003729022104 -5.14542716447195 1.379506003999 -8.99482242546765 -2.05657833118266
"23" -3.57587047270681 22.6441046061623 -31.6466799613045 6.59023610810709 -2.97963918539813 -22.8007525106073 7.11829833178626 16.5071679979728 -4.04837007949402 26.2001098260189 0.515533573578068 -0.715566403308912 -5.37798965768755 1.1980566931867 -10.5945332742476 -1.68727005238588
"24" -3.73882121715064 23.1138100566454 -30.7531189775327 5.85028769983819 -2.95307148553673 -23.5709291843818 6.91044237433834 16.1026077315746 -4.0864998811785 27.2312073756466 0.93886538831589 0.260713337976085 -5.62878321045218 0.917394703631942 -12.3515494892645 -1.27448325512842
"25" -3.88669319812493 23.7284146603101 -29.812412964453 5.05356430398024 -2.90026825637176 -24.3230728663571 6.6816816405144 15.6729966115017 -4.11703692544245 28.2200407993073 1.40951200972495 1.30546597914599 -5.90121163820501 0.532244655390997 -14.2511506545798 -0.823999369520152
"26" -4.01317785745539 24.4791848361842 -28.8927553020658 4.24686655749429 -2.82818076160743 -25.0156443890596 6.44730926766033 15.2509771363566 -4.14437356483995 29.1131983385171 1.90521076934897 2.36078697886023 -6.18657529982633 0.053151495947219 -16.1965992999303 -0.360579701168263
"27" -4.11508549283349 25.3568791651774 -28.0427456783618 3.46408608375441 -2.74353190236297 -25.6206520465262 6.21850945900815 14.8600721646026 -4.1729379835308 29.8760447314135 2.40951749208102 3.38500315548208 -6.47904250487554 -0.50979597915169 -18.1175423467375 0.0977217797035337
"28" -4.18956321196413 26.3442466702563 -27.3028812711309 2.73646204443867 -2.6526251685957 -26.1115405864748 6.005005842022 14.5197101482045 -4.20608138531622 30.4763234582852 2.90569568550313 4.33875029185492 -6.77162039720227 -1.14319745906258 -19.9444276557961 0.533772175527247
"29" -4.23419550128142 27.4156680020874 -26.7029228625051 2.09103540278011 -2.56099783789978 -26.4641311347741 5.81448866205665 14.2439208099031 -4.24577549213996 30.8854016764367 3.37735154600705 5.18676317031077 -7.05625764684424 -1.83059584200521 -21.6112453963451 0.932140407967381
"30" -4.24710083783782 28.5372211577292 -26.2598397072961 1.54932579652632 -2.47313466349783 -26.6574699386888 5.65215676429511 14.0403257645085 -4.29239973804113 31.0793902114528 3.80905362468661 5.89945764056392 -7.32401499105197 -2.5528763607573 -23.0581038963064 1.27978698700144
"31" -4.22701968249396 29.6672365357949 -25.9764891186642 1.12630746746891 -2.39225790819683 -26.6745624146788 5.52040624912706 13.9095020865661 -4.34463549881218 31.0400956873382 4.18691113119803 6.45422243432768 -7.56530589208694 -3.28880785723096 -24.2335306411942 1.56662687031348
"32" -4.1733885886988 30.7573764750259 -25.8411474318709 0.829746556174541 -2.32020496184441 -26.5029710525864 5.41868977976856 13.8447766993195 -4.39947813383003 30.7557651935576 4.49908564321527 6.83635072590005 -7.77020430358687 -4.01571526859712 -25.0963971300253 1.78593498172313
"33" -4.08639494062891 31.7542387680151 -25.8279597116361 0.659943625662891 -2.25739951737728 -26.1352579380582 5.34356068681291 13.8324843286346 -4.45237013974099 30.2215889022509 4.73621303756659 7.03955810631214 -7.92881090131303 -4.71026339124852 -25.6173793275739 1.93457135830067
"34" -3.96700710420225 32.6014446621052 -25.8983189980063 0.609903231661519 -2.20291665304899 -25.5692555321793 5.28890478276753 13.8526930298167 -4.49745079158595 29.4399332474459 4.89171587993201 7.06605428446528 -8.03166365183108 -5.3493234004959 -25.7798838322533 2.01301200900252
"35" -3.81697559450311 33.2421325568935 -26.0031253815669 0.665927715047474 -2.15463647551519 -24.8081533511709 5.24635081486008 13.8803706644067 -4.52790977648488 28.4202869469655 4.96199131216031 6.92615972103522 -8.07017377022365 -5.91088613792843 -25.5803935366421 2.0251820607632
"36" -3.63880222913917 33.6217421434758 -26.0858146738628 0.808606495810636 -2.10947554034919 -23.8603936149334 5.20583850267462 13.8869351697213 -4.53642502583978 27.178914245249 4.94646552540667 6.63748440052677 -8.0370644102417 -6.37498048602561 -25.0282148259512 1.97809913988158
"37" -3.43567607899092 33.6909430964561 -26.0859900353134 1.01414657859823 -2.06368040051962 -22.7393758312896 5.15631192733599 13.8421031200405 -4.51565871586195 25.7382238774717 4.84751292256806 6.22371257925533 -7.92678719136828 -6.7245517548115 -24.1446399538609 1.88134653869429
"38" -3.21137721179673 33.4085402565552 -25.9434417883858 1.2559664875962 -2.01316364165905 -21.4629784342578 5.0864964649918 13.7159270156026 -4.45878067116689 24.1258776236264 4.67024563487666 5.71306285771061 -7.73589112455642 -6.94625426149761 -22.9615712884561 1.74640678811784
"39" -2.97015156216389 32.7441755444497 -25.6023045904694 1.5064562160951 -1.95385991069077 -20.0529144981328 4.98571022993269 13.4808938601955 -4.35998552346075 22.3736778202829 4.42218663216886 5.13651540769115 -7.46331972683225 -7.03111434155556 -21.5196862890789 1.58589596781849
"40" -2.71656253166088 31.6806469204503 -25.0150803765446 1.7387916848229 -1.88207794344009 -18.5339474892107 4.84465674071384 13.1139474972979 -4.21496918908315 20.5162874968664 4.11284665483822 4.52591573279096 -7.11061504424401 -6.97502483100318 -19.8662507528161 1.41274661754005
"41" -2.4553268911701 30.2156769846461 -24.1462522916845 1.92868505950992 -1.79482458506732 -16.9330011361913 4.65614469693378 12.5982959895291 -4.02133164635575 18.5898484909121 3.75323099400839 3.912075252867 -6.68201172162139 -6.77903934478984 -18.0527104594039 1.23939173213694
"42" -2.19114400593287 28.3629878666275 -22.9752303605037 2.05595307102794 -1.69007832443674 -15.2782039174881 4.41568358874224 11.9248735920009 -3.77887658555289 16.6305706505764 3.35530620735517 3.32299194824191 -6.18440984466341 -6.44944400951464 -16.1322055286382 1.07700346303909
"43" -1.92852815360766 26.152573635914 -21.4984037653448 2.10579466488707 -1.56699288502841 -13.5979125877225 4.12191034270381 11.0933444925849 -3.48978410173345 14.6733679917334 2.93145875461869 2.78230848810927 -5.62722163719013 -5.99759512429446 -14.1571558362521 0.934837477167093
"44" -1.67165364261029 23.6301045575105 -19.7301257980762 2.06968668783065 -1.42601578116933 -11.9197600114603 3.77681205018257 10.1125616705867 -3.15863989391244 12.7506147896074 2.49397702094143 2.30811059754433 -5.02209378454606 -5.43952286273593 -12.177058785468 0.819727406342281
"45" -1.42422152814493 20.8554465422317 -17.7025229913907 1.94583103781133 -1.26891221520168 -10.2697700607559 3.38572248759692 9.00042751402816 -2.79231300067863 10.8910859359148 2.05458523449101 1.91214552786641 -4.38251374098976 -4.79531290756809 -10.2366226574941 0.735763744198721
"46" -1.18935501834085 17.9003311020092 -15.4640956364365 1.73911726723236 -1.09869092976226 -8.67157652946025 2.95708485075784 7.78314120790128 -2.39968342683892 9.11913192976499 1.62405257146065 1.59951076094421 -3.72331446674056 -4.08828915604016 -8.37433075098124 0.684178516331031
"47" -0.969528304312689 14.8452628001432 -13.0771578867025 1.46059895220515 -0.919435240676194 -7.14577437613025 2.50198892223216 6.49385885075571 -1.99123051968661 7.45412064310767 1.21189370463253 1.36882858160698 -3.06009730100445 -3.34403074208328 -6.6214957033153 0.663441973687895
"48" -0.766530747683305 11.7757994041558 -10.6142464505992 1.12651776036091 -0.736049026012211 -5.70942090208155 2.03350669981228 5.17083301214461 -1.57850204091847 5.91015702525419 0.826168797877472 1.21288546198684 -2.40859686733506 -2.58926508234552 -5.00182269959987 0.669561555842847
"49" -0.581465388282822 8.77838170673522 -8.1537017323426 0.75694333679894 -0.553933484986487 -4.37569276209933 1.56586520799692 3.85513611978968 -1.17349196631585 4.49607009406554 0.47338223622819 1.11967925221597 -1.78401487943617 -1.85068508051648 -3.53145830425819 0.696557715138169
"50" -0.414777888348112 5.93592269032342 -5.77468872874306 0.374127177862647 -0.378615582729822 -3.15369318606554 1.11350771716616 2.58810392521809 -0.787961602625501 3.2156359625933 0.158471020910611 1.07378493713531 -1.20035141051721 -1.15374276395214 -2.21946219991332 0.737077173833313
"51" -0.266309600289219 3.32338732127073 -3.55197220474838 0.00069209063622111 -0.21535289130054 -2.04839367874683 0.690103954893857 1.40865892885449 -0.432743201975541 2.06798829634499 -0.115133448751521 1.05792398523226 -0.6697626292991 -0.521473356059559 -1.06860589151438 0.783093012136305
"52" -0.135366690283831 1.00360336552376 -1.55078786466402 -0.342206393428569 -0.0687417352190778 -1.06068685200535 0.307575358532176 0.350687163620023 -0.117067557557561 1.04815525557569 -0.345391839099875 1.05460541281536 -0.201973271378165 0.0265968944697903 -0.0763786408351734 0.826633662448785
"53" -0.0207963626960463 -0.976460460381531 0.177844009813271 -0.636605560270255 0.0576440303200343 -0.187522760526008 -0.0247974951871583 -0.559356060658502 0.152043098087802 0.147655958163341 -0.531516198107738 1.04770024784921 0.196229673576738 0.475408796653909 0.763931092578787 0.860480121121327
"54" 0.0789386849849052 -2.58872989631573 1.6010345234663 -0.869212849826908 0.161557697049943 0.577899387115394 -0.301121615925695 -1.30444537470885 0.370278226385153 -0.644909519648536 -0.673827032575673 1.02381586852334 0.521398286999556 0.815148996696237 1.46220936222562 0.878772813348405
"55" 0.165695383445495 -3.82618455972124 2.70688485705614 -1.0325161807823 0.242305110301913 1.24590895099345 -0.519436690705334 -1.87844430492351 0.536404504526104 -1.3433346136926 -0.773630653815871 0.973352545254784 0.773699781623833 1.04181122941195 2.03066211195073 0.877476485295574
"56" 0.241600853458749 -4.70399232923774 3.5060619753458 -1.1254341456779 0.300872836376243 1.83012912296317 -0.682014570876618 -2.28690970825664 0.652467210867826 -1.96338902035586 -0.833134441682432 0.891150286908669 0.957051184185957 1.15751039846835 2.48322280287357 0.854662754647961
"57" 0.309021645128041 -5.259519047097 4.03194308417005 -1.15344613520574 0.339947148524061 2.34723859298265 -0.795384200105673 -2.54716657694826 0.72380976258853 -2.52253451468096 -0.855410859951917 0.776667777645343 1.07910126361853 1.17052969345553 2.83527761293772 0.810584657141135
"58" 0.370551850078186 -5.55116979062723 4.33926930632151 -1.12818065973806 0.363818791059202 2.81672788151627 -0.870070262589252 -2.68762293703003 0.758903705478019 -3.03977676735485 -0.844412981671894 0.633674089801389 1.15105355707863 1.09509174095852 3.10372235275827 0.747534512848233
"59" 0.429017150160348 -5.65607752955111 4.50134325583167 -1.06648048713305 0.37817580132878 3.26063803337729 -0.920052142229906 -2.74634216134291 0.768992089520111 -3.53563368752475 -0.805035790701595 0.46947478153561 1.18732999348674 0.950856156221107 3.30732219650781 0.669494321075035
"60" 0.487488982835202 -5.6667152969676 4.6058987654942 -0.989002672567949 0.389793930002043 3.7032602867007 -0.961967974435083 -2.76893731353721 0.767559820860129 -4.032180299022 -0.743209501988531 0.293733588436226 1.2050806048596 0.762157450162476 3.46730468010537 0.581605226183456
"61" 0.549300690890732 -5.68656601307202 4.74985784314049 -0.91844713680257 0.406140926645207 4.17076906791044 -1.01410544355576 -2.80589606477315 0.769654653115253 -4.55311379949217 -0.666004438913433 0.116985934937475 1.22355104226295 0.557008661187197 3.60808225254186 0.489497964527345
"62" 0.61805605576842 -5.82503690589829 5.03326442650905 -0.87753649484057 0.434916717982901 4.69075830681277 -1.09523543950377 -2.90948247970664 0.791091404557164 -5.12377217736503 -0.581722351122153 -0.0510319445966161 1.26332593642951 0.365906921054034 3.75797649063679 0.398538359661416
"63" 0.697620180089302 -6.19185035151622 5.5527419591981 -0.886890227195181 0.48355593929557 5.29165328240424 -1.22335581662333 -3.13039118016877 0.84757926288205 -5.77103688791158 -0.499946976001183 -0.203096589751112 1.345472364225 0.220486999526216 3.94980443329405 0.313049913333089
"64" 0.792083379817655 -6.891177541057 6.39485867579788 -0.962946573101362 0.558722115784235 6.00197720325286 -1.41441960713382 -3.51434827222147 0.953817262519237 -6.52305523953055 -0.431527426610955 -0.336105113085978 1.49061355280529 0.152077270713761 4.2211897549405 0.235578720682042
"65" 0.905690551053453 -8.015803705081 7.62979855315643 -1.11608504275682 0.66582386712787 6.84946315166735 -1.68112470564733 -4.09886083863967 1.12260589633422 -7.40873112467671 -0.388471632104483 -0.452433502771783 1.71796816428693 0.190219063546024 4.61447773519103 0.166264095907081
"66" 1.0427312615692 -9.6416222780972 9.3057264523195 -1.34909135049475 0.808582779234484 7.86001702808744 -2.03184013127361 -4.91031238034157 1.36402319109129 -8.45695257197985 -0.38373329081378 -0.560917621861336 2.04439471190025 0.361214587161811 5.17616193380672 0.102371615007996
"67" 1.20738935604663 -11.8227495055521 11.4442037191566 -1.65608576501199 0.988680114024987 9.0565544250635 -2.469737632224 -5.96158565082442 1.68471139530538 -9.69554962697021 -0.430884105290716 -0.67735481478212 2.4834834989868 0.686770187664635 5.95576972455092 0.0380343204351448
"68" 1.40355485246164 -14.5875303690659 14.0369574421256 -2.02200692355382 1.20550547554956 10.4577523187409 -2.99218702701387 -7.25036785396605 2.0873157902181 -11.1500040760202 -0.543672740412376 -0.824457512263507 3.04473959481905 1.18280030487668 7.00420001224393 -0.0357665391202318
"69" 1.63460498968516 -17.935671799371 17.0442358665568 -2.42270816146083 1.45602517190684 12.0767732889594 -3.59045990580739 -8.75825774027544 2.57011025356348 -12.8419609479738 -0.735482136801011 -1.03122886267829 3.73289946243733 1.85845297599707 8.37155554632409 -0.130966526568955
"70" 1.90316509668071 -21.8366910656046 20.39489811766 -2.82568475360404 1.73478161952869 13.9200338858368 -4.24976992721054 -10.4507517218353 3.12683539608759 -14.7876179358191 -1.0187066461292 -1.33177134460038 4.54742071533673 2.71541003731097 10.1045600665775 -0.261931817839923
"71" 2.210863139666 -26.2298077827454 23.9882930612785 -3.1914107077464 2.03402809094496 15.9860981385664 -4.94965985170165 -12.2781390642504 3.74676476463708 -16.9960903801189 -1.40407908178986 -1.76357957029541 5.48217900239786 3.74750443563137 12.2436929862561 -0.444742339789173
"72" 2.55809406653952 -31.025339563641 27.6978847672035 -3.47522536949327 2.34399578633372 18.2647807907997 -5.66472661095213 -14.1772869808274 4.41500324231174 -19.4678641553319 -1.8999844689456 -2.36540531676565 6.52539825016376 4.94068359038759 14.820207900204 -0.696280932059835
"73" 2.9438111857213 -36.1075869352012 31.3764856522812 -3.62967536402357 2.65328299174291 20.7365418626209 -6.36565709109436 -16.0742475762663 5.11300990869643 -22.1934551838281 -2.51180147608625 -3.17481383493123 7.65983064058892 6.2733320495979 17.853223168102 -1.03317892972564
"74" 3.36536166283327 -41.3391161840091 34.8628678205714 -3.60718823416573 2.94934933355069 23.3722443597894 -7.02052983839826 -17.8875725197186 5.81932581702529 -25.152391563031 -3.24131387688612 -4.22557382783179 8.86319115232726 7.71694944445514 21.3470814501461 -1.47067903835887
"75" 3.81838177246414 -46.566273068609 37.9894428499001 -3.36293202386059 3.21909217617554 26.1333307481036 -7.59632243015108 -19.5321803389556 6.51047597291824 -28.3126223968984 -4.08623282563349 -5.54503792255127 10.1088387854857 9.23716180723399 25.2891697743298 -2.02148306739446
"76" 4.29676488596135 -51.6256898243696 40.5906342910384 -2.85770102660354 3.4494773252153 28.9724521281951 -8.06055154978571 -20.9235873623988 7.16200482730028 -31.6304370982775 -5.03986636068043 -7.15167538441619 11.366683401503 10.7950266360472 29.6483729941674 -2.69465472278125
"77" 4.79271148864586 -56.3514865742559 42.5115187766405 -2.06066250519052 3.6281926250266 31.8345583266509 -8.38296349331927 -21.9822883078882 7.74959635416894 -35.0509515930248 -6.09096571937494 -9.05291427016891 12.6042842178197 12.348575689454 34.3743028820963 -3.49464622734558
"78" 5.29686605290004 -60.5828199541656 43.6162835566483 -0.951802510090602 3.7442909619399 34.6584291686213 -8.53718741805551 -22.638057715807 8.25022375147114 -38.509185451559 -7.22376925215394 -11.243436738695 13.7880942241268 13.8545253972211 39.3974048895734 -4.42051224601028
"79" 5.7985406535002 -64.1713998514265 43.7960423635313 0.476079302172366 3.78878872641303 37.3785990416718 -8.50226247997625 -22.8339398384087 8.64327038183865 -41.9317188119157 -8.41825457402274 -13.704049827481 14.8847949463898 15.2700739339902 44.6299976543469 -5.4653658419827
"80" 6.28602012999067 -66.9885824025378 42.9755688295809 2.21595632527942 3.75518701559054 39.9276005777654 -8.26395329530078 -22.5297028013465 8.91156306254061 -45.2388825106682 -9.65059875020438 -16.4012259687343 15.8626588213725 16.5546972374171 49.9682497902413 -6.61611951222403
"81" 6.7469387065367 -68.9316556852473 41.1185473860269 4.24584699882689 3.63988577510861 42.2384308014555 -7.81577594020609 -21.7045529616071 9.04226140113076 -48.3474015105385 -10.8938354310937 -19.2873743537994 16.6928725650852 17.671854166353 55.2950474790159 -7.85354036034437
"82" 7.16871357778945 -69.9289647193041 38.2310048672998 6.52884350256136 3.44246562233843 44.2471260837892 -7.15966882497219 -20.3589370135255 9.02755259429694 -51.1733826969303 -12.1186875336439 -22.3018675641215 17.3507547529321 18.5905139386799 60.4836578298673 -9.15263282765613
"83" 7.53901731604589 -69.9435740658337 34.3626700641589 9.01393137881632 3.16581812816901 45.8953219317416 -6.30625890437545 -18.5153016220765 8.86510983983158 -53.6355151881003 -13.2945448197988 -25.3728092842239 17.816804570895 19.2864270013051 65.4020493689059 -10.4833457945276
"84" 7.84626825080159 -68.9752377884129 29.6061102442391 11.6375940198682 2.81611265023059 47.132670779655 -5.27469326052505 -16.2177316896555 8.55828396012794 -55.658335779372 -14.3905479553773 -28.4194900208568 18.0775262909106 19.7430732873432 69.9176943966058 -11.8115839701304
"85" 8.08011634543044 -67.0605347368173 24.0936090753912 14.326154122331 2.4025961186378 47.9189957094006 -4.09202834792973 -13.530446710231 8.11601152709648 -57.1754047581562 -15.3767346294351 -31.3554401388665 18.1259851421529 19.9522387940505 73.902649735559 -13.1004869823869
"86" 8.23190161258992 -64.2711277019075 17.9918742184927 16.9987626411821 1.93723111001748 48.2260700705497 -2.79219313438307 -10.5351973774605 7.55243806994952 -58.1322383059369 -16.225199263469 -34.0919547553476 17.9620643188594 19.9141916638102 77.2386935419154 -14.3119241428776
"87" 8.26170342145497 -63.2228039519869 15.970269770678 17.8270478784948 1.78150644936852 48.2206512223268 -2.36297248693836 -9.53899360037076 7.35187172880603 -58.3113600849092 -16.4607657002798 -34.9016998211673 17.8669159909023 19.8518634017506 78.1414700332725 -14.6727843571689
"88" 8.2958574898795 -59.4437950886522 9.39172245029295 20.3497553394418 1.26976756143051 47.8763604234277 -0.969590102229631 -6.28591138766342 6.65777375227344 -58.4724582540566 -17.0909169188531 -37.2437307049122 17.4346280387635 19.502664329105 80.4685461174167 -15.7249940911165
"89" 8.23650906999057 -55.0682464831625 2.69933296805357 22.6617079830608 0.741282442606575 47.0396206993814 0.444414295537854 -2.96019483118562 5.89113855517485 -58.0061480864806 -17.5326493587775 -39.19372804868 16.8150050803208 18.9374686325546 81.9368695349067 -16.6157509457323
"90" 8.08310681520078 -50.2502251637757 -3.88604653877155 24.6849855650194 0.21274782720775 45.7282199925899 1.83411680870154 0.328165619872379 5.07751545129202 -56.9127590923881 -17.7723440925147 -40.6834523049092 16.0284691153742 18.1809371168547 82.4933260359903 -17.3147305214518
"91" 7.8379580323255 -45.153528111101 -10.1494133095539 26.3510771458141 -0.299324477468986 43.9735774414341 3.15565427022466 3.47177443220198 4.2434296653538 -55.2113270236546 -17.8024013675179 -41.6588724829535 15.0999473680466 17.2626743415402 82.1118577075486 -17.7974816667975
"92" 7.50622716921606 -39.9434942336125 -15.89224010011 27.604452239354 -0.77939531051652 41.8196242713236 4.36833309991653 6.37117457498152 3.41509182688765 -52.9393098412461 -17.6216672824876 -42.0831513838648 14.0577150828013 16.2156970631466 80.7952283913883 -18.0467607407575
"93" 7.09581608198653 -34.7788829488213 -20.9423320004325 28.4055742504884 -1.2136390553901 39.3211817037306 5.43659543307604 8.93981341912104 2.61713731647603 -50.151544667171 -17.235604679104 -41.9389111280116 12.9321217672533 15.0748036143024 78.575627435961 -18.0535647539919
"94" 6.617127623432 -29.8043060617811 -25.1623122932933 28.7331604909036 -1.59059381395627 36.5419128097972 6.3317245159717 11.1083268745429 1.87147001653102 -46.9184762102282 -16.6561908670315 -41.2296210762779 11.7542717923838 13.8749392088371 75.5140389655844 -17.8177923750945
"95" 6.08271933587406 -25.1436707766488 -28.4561978230804 28.585526419321 -1.90168102106554 33.5519439449172 7.03318291189498 12.82786876408 1.19627995240978 -43.3237197094063 -15.9015361982292 -39.9799887636873 10.5547315307761 12.6496505067431 71.6983565696037 -17.3484780502067
"96" 5.50685914423104 -20.8950310986088 -30.7736252391687 27.980897610099 -2.14156152591704 30.425264680689 7.52949619258629 14.0722631397789 0.605294448239306 -39.4610515665604 -14.9952299514662 -38.2352829459751 9.36233184878145 11.4297150095171 67.240280247659 -16.6635652427703
"97" 4.90499972300296 -17.1271555250678 -32.1114248728463 26.9566294608603 -2.30830454032082 27.2370225652178 7.81862070914781 14.8388254232586 0.107308211443183 -35.430947384898 -13.9654330438152 -36.0595743985859 8.20312699135127 10.2420174691557 62.2710915314638 -15.7892092455349
"98" 4.29319244445452 -13.8780060577665 -32.5124016293976 25.5673389474987 -2.40335724323518 24.0608305078142 7.90776536755652 15.1477802200034 -0.293979997286101 -31.336809034311 -12.8437501982974 -33.5329419583577 7.09955925398745 9.10872738591541 56.9364613977596 -14.7586269621263
"99" 3.68746529957389 -11.1551945121591 -32.0613622221581 23.8820210876106 -2.43131554828085 20.9662003561896 7.81267217923687 15.0402944126245 -0.599816637676781 -27.2810387058967 -11.6639267118337 -30.7477549916839 6.06986415982681 8.04681010682611 51.390500954054 -13.610538985962
"100" 3.1031917175913 -8.93834578947599 -30.8786132895311 21.9802907149765 -2.39950974079181 18.016206829212 7.55639639226547 14.5752375911798 -0.815942377921033 -23.3611278719263 -10.4604261363809 -27.8042049325622 5.12773421256097 7.0678805583155 45.7893136195535 -12.3872764290008
"101" 2.55447861639226 -7.18316412672539 -29.1113320972154 19.9479528415368 -2.31743143129722 15.2654721532488 7.16766164995101 13.8248712982231 -0.951875335327372 -19.665932001672 -9.26695423038359 -24.805313392364 4.2822418962391 6.17838496288587 40.2843462558767 -11.1326493427248
"102" 2.05360214516759 -5.82687749905108 -26.923366992246 17.8721573634375 -2.19603958134883 12.7585444315209 6.67889621273844 12.8697470651823 -1.01998182763055 -16.2722973366867 -8.11500068723512 -21.8516882113536 3.53800571365596 5.38007374452466 35.0158621172905 -9.88969328272265
"103" 1.61051833082604 -4.79463688258011 -24.4841457412531 15.8364316019411 -2.04699231583186 10.5287229747701 6.124080309786 11.7931543280583 -1.03440307603137 -13.2421938137722 -7.03247272423141 -19.0363277078341 2.89556793261929 4.670709868876 30.106867725659 -8.69842381641161
"104" 1.23247317034532 -4.00637916041705 -21.9574455100119 13.9159033881601 -1.88185705722935 8.59736259397846 5.53655002229812 10.6754975634558 -1.00991667125436 -10.6204884563958 -6.04249310004911 -16.4397840474076 2.35194044090761 4.04494250942948 25.6578166862218 -7.59373410750436
"105" 0.923732655005949 -3.38363106762881 -19.4908007233626 12.1730255128919 -1.7113536255988 6.97366723333153 4.94690818921777 9.58899344052452 -0.960816230174601 -8.43346670578148 -5.16242923072195 -14.1259869869427 1.90126656162587 3.49526724357415 21.7423849229581 -6.60356716684714
"106" 0.685447888336626 -2.85573998837572 -17.2062904651402 10.6540882841473 -1.54468303995486 5.65496228781626 4.38118686483972 8.59306146311792 -0.899891018824405 -6.68817611732493 -4.40320979508556 -12.1389985516444 1.53554242008317 3.01299158985451 18.404563992669 -5.74748159675983
"107" 0.515664073202458 -2.36506574781333 -15.1933559836889 9.38676128889938 -1.38898884312619 4.62741537690226 3.85938891058936 7.73073575272929 -0.837579379751332 -5.37262889075373 -3.76897088604005 -10.5009183828088 1.24534169706041 2.58912872131356 15.6572536112717 -5.03570803572893
"108" 0.409474987366309 -1.87075262752933 -13.5041564628709 8.37884064674699 -1.24898819520297 3.86715798369482 3.39450934109186 7.02635391965578 -0.781356074917653 -4.45685851818234 -3.25705603706069 -9.21109111485475 1.02049220001012 2.21515223438762 13.4824543436252 -4.46876412817346
"109" 0.359317010140614 -1.35081640574936 -12.1517871583319 7.61829817140597 -1.12679739946054 3.34174583173444 2.99210190762938 6.4846862542031 -0.735395132116651 -3.89478345749785 -2.85837431829555 -8.24668534849116 0.850661127424047 1.88356003315116 11.8330710012742 -4.03766049086244
"110" 0.355389229313346 -0.802418333406422 -11.1114717307528 7.07463944549181 -1.02196187117841 3.01188460365506 2.6504156747942 6.09156152228798 -0.700527880464961 -3.62678942938464 -2.55809939469896 -7.56462403066689 0.725817370013175 1.58821439296323 10.6362421971853 -3.72469119513698
"111" 0.386179106323539 -0.24034567238823 -10.3246164214625 6.70148544419089 -0.931684970774654 2.83333991293216 2.36108317167327 5.81593267905828 -0.674492315287353 -3.58290409786969 -2.33667140238344 -7.10475474767918 0.63655262586974 1.32444647247677 9.79801806684372 -3.5047625321647
"112" 0.439067066065945 0.306135265900139 -9.70539535070202 6.44020409992618 -0.851234844012538 2.75894646220127 2.11029951351247 5.61321576484306 -0.652446652802723 -3.68640587574328 -2.17104423047954 -6.79406242500681 0.574257295596993 1.0889351446398 9.20912299874362 -3.34717627164355
"113" 0.50097863086603 0.797754826578512 -9.149341446383 6.22434110582481 -0.774494695444105 2.74063105398909 1.88039413960382 5.42963707512763 -0.627698843397525 -3.85768454220852 -2.03610475254914 -6.55165294083781 0.531160816459504 0.879390186499371 8.7514697248871 -3.21775121626342
"114" 0.559049693795771 1.19063745921812 -8.54326249717724 5.98453964642476 -0.694610910529491 2.73136742570591 1.65166664455569 5.20724555144398 -0.592586670296896 -4.01815704077535 -1.90617902062286 -6.29418022354366 0.500258114983694 0.694086913272805 8.30504092327192 -3.08114224171777
"115" 0.601269481815336 1.44213935727475 -7.77569974518792 5.653601699315 -0.604686072632148 2.6869874848951 1.40433815908068 4.889195863042 -0.53943131854794 -4.09403845706129 -1.75653440969245 -5.94135629461562 0.475153197026174 0.531311848038051 7.75472889441153 -2.90320130103009
"116" 0.61706682878048 1.516610188296 -6.74710618592871 5.17133241477313 -0.498460829410419 2.56778304877821 1.12046160518935 4.42488732783204 -0.461481953656744 -4.01977632644912 -1.56478678903136 -5.42117650844375 0.449856815330065 0.388785980674577 6.99672549980551 -2.65322142197033
"117" 0.597808551818673 1.3905711859943 -5.37894710295404 4.48882510641897 -0.370930025061398 2.33984415240639 0.785638656121819 3.77455655987205 -0.353770354741869 -3.74097588527684 -1.31212814231708 -4.67451196081311 0.418577239719127 0.263133069619613 5.9440839486233 -2.30591300485753
"118" 0.537183847966844 1.05685241336278 -3.62101459456335 3.5718866169268 -0.218844418303888 1.97609382600081 0.390408051244776 2.9129666589497 -0.213802868821858 -3.21667370181785 -0.984302325346562 -3.65876657206718 0.375541352009691 0.149455299357022 4.53112963855983 -1.84298126183648
"119" 0.431455401098049 0.527320327300458 -1.45639372037749 2.40336807972062 -0.0410591511007397 1.45699431367643 -0.0688023384966527 1.83190923817619 -0.0420311715365642 -2.42085558121698 -0.572274016112715 -2.35036442104229 0.314877899110598 0.0410679722043028 2.71647541056518 -1.25420300756218
"120" 0.279565890637002 -0.16605473371601 1.09629163860063 0.984249278875268 0.161296918860558 0.770915337785482 -0.589230954685263 0.5413315521605 0.157937700255161 -1.34315938236523 -0.0725571423338351 -0.745918379532668 0.230586390024342 -0.0705701929941114 0.484491764494123 -0.537937980281868
"121" 0.0830973043525773 -0.971903055281928 3.98350596530327 -0.666580735857679 0.384841969785725 -0.0858294968595601 -1.16187489812228 -0.930988571061789 0.37940948633252 0.0112484364062766 0.51280739975482 1.13797265955327 0.116604702687795 -0.195712758450298 -2.1548121442238 0.298948449696354
"122" -0.153910700293466 -1.82189734228905 7.1202255690032 -2.51380599164759 0.624147347641269 -1.10925742219638 -1.77210472237175 -2.5411815929956 0.612943155592347 1.62258525850257 1.17661086076851 3.26625119281925 -0.0330229750020408 -0.34596846802291 -5.16743337625212 1.2417312302814
"123" -0.425268760998392 -2.63475474171992 10.3958607608283 -4.5082941993378 0.872109344171008 -2.28826848414701 -2.40074508401062 -4.23228919196981 0.846935309527453 3.45807089937944 1.90713593903274 5.58811150307429 -0.223887587745054 -0.533751848353127 -8.49838085961528 2.26897917945143
"124" -0.72305012385317 -3.32149582354123 13.6821853623169 -6.5906187815699 1.1204537490695 -3.60542991764646 -3.02552776589278 -5.93828375563953 1.06840036202834 5.47412991390956 2.68905986049299 8.0406685438229 -0.460885924645908 -0.771579312713833 -12.0757884467203 3.3541192220207
"125" -1.03807949450737 -3.79155747333061 16.8426309953811 -8.69521154570339 1.36033014330371 -5.03793971595087 -3.62279495666962 -7.58878062333815 1.26388284339612 7.6190241743534 3.50452956626668 10.5532963909063 -0.747848549481176 -1.07126243330232 -15.8158137075225 4.46728656164601
"126" -1.3604666894841 -3.95929115913304 19.7422069631875 -10.7548244115928 1.58294653306598 -6.55871090620894 -4.16931258218483 -9.11407039173855 1.42042827160344 9.83574186938768 4.33432768602052 13.0523061985787 -1.08715815399486 -1.443059350632 -19.6279574632163 5.57731834482934
"127" -1.68015157259345 -3.75035152070268 22.25727136977 -12.7049637802174 1.78019281356876 -8.13751607192353 -4.64404726024941 -10.450080674631 1.52653542164808 12.0649605410622 5.15904459323451 15.4656185827989 -1.47939357535648 -1.89484935140335 -23.42042361942 6.65374205183002
"128" -1.98742722327177 -3.10749394546065 24.2844070340307 -14.487972957359 1.94520378435095 -9.74213308954859 -5.02976636721041 -11.542890544175 1.57301566209992 14.2479055140625 5.96017487212498 17.7270971413491 -1.92303344309539 -2.43139426679316 -27.1051519747407 7.66861518000155
"129" -2.27341091160901 -1.99535149466737 25.7477428726352 -16.0564749397818 2.0728187138775 -11.3394377724217 -5.31433798024409 -12.3524645417219 1.55369390550879 16.3289405958453 6.72106560424777 19.7802468557657 -2.41424905801858 -3.05374380648892 -30.6021967447496 8.59808907442221
"130" -2.53043702114087 -0.403845800317868 26.6041989441683 -17.3759461817572 2.15990412438293 -12.8963968445119 -5.4916343495413 -12.8553422071632 1.46589970841137 18.2577539020895 7.42765815336588 21.5810398070453 -2.94680916364527 -3.75883097358697 -33.8431868114831 9.42359542305962
"131" -2.75235220191644 1.65000464784725 26.8463084044088 -18.4262663476675 2.20551861127149 -14.3809249196911 -5.56197653324034 -13.0461070692627 1.3107148130407 19.9910360156505 8.06898333876325 23.0997056883971 -3.51211048094004 -4.53928938375587 -36.7736846664475 10.1325866455468
"132" -2.93470028560989 4.12199187262786 26.5024665709343 -19.2021729971757 2.21091200835235 -15.7625812894967 -5.53209583666512 -12.9375580995647 1.09296331810219 21.4935877741495 8.63739050094955 24.3214095275343 -4.09933811247177 -5.38350796302524 -39.3543528583914 10.7187983249737
"133" -3.0747923140662 6.94232685819998 25.6346591604024 -19.7126365248032 2.17936486075928 -17.0130955303416 -5.4146264262281 -12.5596082205298 0.820950946031985 22.7388377796019 9.12851228460772 25.2458267337761 -4.69575010593519 -6.27592155766138 -41.5609319728965 11.1820398522791
"134" -3.17166486138154 10.018813283601 24.3339118094727 -19.9792524254235 2.11588680057514 -18.1067243472226 -5.22717969092832 -11.9570301586091 0.505978820740893 23.7087920874719 9.54098729257475 25.8857089741805 -5.28707148008471 -7.19751986750042 -43.3831252059144 11.527555483096
"135" -3.22593711995603 13.2413453741765 22.7138661615636 -20.0338186654626 2.02680299626149 -19.0204547421499 -4.99108169060446 -11.1862521690887 0.161673255779533 24.3934774085233 9.87598053027318 26.2646069720213 -5.85797561114393 -8.12654306710537 -44.8225644364265 11.765029224724
"136" -3.23958348339806 16.4874067512596 20.9030119970967 -19.9153203784444 1.91926554914517 -19.7340796238764 -4.72987804175045 -10.3114688429027 -0.196814930618643 24.7899718329859 10.1365554527708 26.4139727696529 -6.39262561399622 -9.03932150665598 -45.8900954825422 11.9073310642739
"137" -3.21564319316678 19.6281937823619 19.0361818564834 -19.6665786177509 1.80073100631284 -20.2301805327716 -4.46772429228076 -9.40037118596774 -0.553680904393332 24.9011413640437 10.3269604907525 26.3699004945802 -6.87524554778739 -9.91120964986179 -46.6026616153076 11.9691173818446
"138" -3.15789173777182 22.5349645483006 17.2459405162426 -19.3308326539318 1.67844583976671 -20.4940575638666 -4.2277835392988 -8.51981350225424 -0.893343480858221 24.7342149157225 10.4518966352416 26.1697792039058 -7.29069099330505 -10.7175612028712 -46.9800819509928 11.9654041206804
"139" -3.07049995227021 25.0852227739947 15.654477210468 -18.9485163596164 1.55897892390976 -20.5136483608976 -4.03074694874863 -7.73172264992172 -1.20127043348134 24.2993341429806 10.5158309211552 25.8491238304669 -7.6249906032298 -11.4346931338272 -47.0420145772732 11.910227392515
"140" -2.95770614793105 27.1683819937343 14.36653849703 -18.5544604156139 1.44783414373387 -20.2794760061456 -3.8935779605913 -7.08952040873555 -1.46469949078289 23.6082075909453 10.5224138191618 25.4388222766293 -7.86583421913272 -12.0407905606854 -46.8053646642138 11.8154934459535
"141" -2.82352422840427 28.6906137975261 13.4638325553969 -18.1757067762019 1.34916795026311 -19.7846598169158 -3.82855901419862 -6.63527621251342 -1.67321420017345 22.6729820251844 10.4740473696149 24.9629915444248 -8.00298852823556 -12.51671160991 -46.2823486025909 11.690099773396
"142" -2.67150685782372 29.5786586751824 13.0012024438565 -17.8300645858772 1.26562678913513 -19.0250138420342 -3.84269280922626 -6.39774086929083 -1.81914735277508 21.5054189730881 10.3716364267468 24.4375779056018 -8.02862735444768 -12.8466604498335 -45.4793610335873 11.5393835535151
"143" -2.50457767477724 29.7824614064675 13.0047188702629 -17.5254727885858 1.19830879528308 -17.9992458850516 -3.9374809033086 -6.39133835204393 -1.89779925839593 20.1164335816161 10.2145388971715 23.8697707425627 -7.9375698877835 -13.0187068313328 -44.3967181202406 11.3649249352898
"144" -2.32494069817039 29.2765777400368 13.4716950326692 -17.2601694803961 1.14684390567891 -16.7092560694218 -4.1090733528406 -6.61611865911073 -1.90747253427219 18.5160183837625 10.0007137260302 23.2582323689949 -7.72742585580323 -13.0251406937141 -43.0292736765141 11.164703296904
"145" -2.13406888988231 28.0603784767818 14.3724889281893 -17.0236068529202 1.10957744742268 -15.1605194092435 -4.34875646179671 -7.05860606626811 -1.84933804096374 16.713539181756 9.72704897001654 22.5940822509992 -7.39865135142554 -12.8626598911469 -41.3678309385723 10.9335769119425
"146" -1.93276777237929 26.1571454284817 15.6538422472477 -16.7979979102975 1.08383501137257 -13.3625227790353 -4.6437234756263 -7.69341884938058 -1.72715719884116 14.7183567190018 9.38983784556149 21.8625183785671 -6.95452243683178 -12.5323972206415 -39.4012074681223 10.6640325043941
"147" -1.72130447053542 23.6122070545971 17.2434170563538 -16.560340576576 1.06624151671087 -11.3292143494127 -4.97805668664682 -8.48549249878124 -1.54689347474448 12.5406986590215 8.98535919185952 21.0449149361521 -6.40103561716393 -12.0397992690711 -37.1187586718033 10.3471326318045
"148" -1.49958792582481 20.4902976721833 19.0551364456678 -16.2847386820104 1.05306506811792 -9.07941416064796 -5.33383974872299 -9.39271082942832 -1.31624999324481 10.1926837865467 8.51051110749063 20.1212065537375 -5.74674487918784 -11.3943739678519 -34.5131302457639 9.97357683382143
"149" -1.267382613525 16.8723425937364 20.9949145574374 -15.9448286484112 1.04055651754595 -6.63712907096169 -5.69231624857025 -10.3687388967792 -1.04417099121122 7.68938595066766 7.96344305107345 19.0723566395327 -5.00254445005666 -10.6093262089857 -31.5829936401042 9.53478757034509
"150" -1.0286574417172 12.9214141166835 22.9338729365882 -15.5240908132264 1.02555194383217 -4.07615360109685 -6.02954492844492 -11.3493736197897 -0.745595907909888 5.09466588625401 7.3550031199286 17.9036897225778 -4.19559860451534 -9.71709699169418 -28.3919882269738 9.03303706592396
"151" -0.777428713810423 8.63816025965252 24.8315393337307 -14.9925053420138 1.0048530638594 -1.36496981872097 -6.33780659766398 -12.3148255117203 -0.422754395330458 2.36521175626513 6.67226966623298 16.5761990437304 -3.31998003833186 -8.71433064886718 -24.8772445599179 8.45188554620927
"152" -0.516485949777916 4.16251786928933 26.5860447354407 -14.3389104947328 0.976441271599469 1.43468805253906 -6.59915778876984 -13.2140455188346 -0.0878867254265288 -0.447277377983937 5.9252983914771 15.0968103587047 -2.39863048463138 -7.62954375743149 -21.0955179383072 7.79470636199585
"153" -0.247085398595459 -0.399032682618326 28.1245596509061 -13.5553561346696 0.938998368294506 4.27980578707184 -6.80160239669181 -14.0103375257659 0.249873921885069 -3.30934499107889 5.12153032213268 13.4701239845881 -1.44837929973014 -6.48499728104639 -17.0874141918448 7.06417833294608
"154" 0.0287898277190379 -4.94179464244462 29.3879942406766 -12.6412289203226 0.892062929015538 7.12386768133592 -6.93629169237761 -14.6736435590788 0.582124497300128 -6.1825741503576 4.27107699601061 11.7090267743979 -0.486709301325106 -5.30381948139907 -12.9052624103651 6.26675639550604
"155" 0.308395041095366 -9.36581129695787 30.3326322672647 -11.603375093966 0.835994747717677 9.91794646901553 -6.99772911626269 -15.181384360053 0.901378057961324 -9.02426159858669 3.3865095389865 9.83452346859121 0.468652406216819 -4.10938415086086 -8.61200366294906 5.4125586054538
"156" 0.588253997020729 -13.5784585119741 30.9307557724096 -10.4557087635576 0.771878847262656 12.6120309281514 -6.98376714333494 -15.5188038783745 1.20117941260798 -11.7884905113833 2.4824767335856 7.87499119899712 1.40016223767589 -2.92469579434226 -4.27930668628233 4.5150003112451
"157" 0.864252248247965 -17.4966415476702 31.1703479201515 -9.21836399606309 0.70138279209641 15.1565410183482 -6.89541942925575 -15.6788602025445 1.47615958629626 -14.4275537645158 1.57517560458382 5.86492628220458 2.29089892498885 -1.77179530776566 0.0149785928342681 3.59020778814806
"158" 1.13178763185886 -21.0485794597989 31.0540099411664 -7.91647668157657 0.626583453316471 17.5039623557439 -6.73652097945478 -15.6617292744036 1.72204089508602 -16.8936506676091 0.681708200228968 3.84328526189802 3.12500288711885 -0.671200169614508 4.18987181030388 2.65625768946393
"159" 1.3859674093498 -24.1751705023262 30.5972602730799 -6.57870148838583 0.549780190363435 19.610517675047 -6.5132750903108 -15.4740034463034 1.93560538159636 -19.1407566390262 -0.180634216386352 1.85154593416428 3.88810290569236 0.358606261894195 8.16462433985635 1.73229868632211
"160" 1.62183813544959 -26.8309380304727 29.8263996239821 -5.23557958759875 0.47331071141457 21.4377840477928 -6.23372827603862 -15.1276744727493 2.11463882114083 -21.1265491072877 -0.995113906267989 -0.0683723620504679 4.5677143797634 1.30162139959614 11.862179444046 0.837617148944446
"161" 1.83463197633279 -28.9845599725741 28.7761260068446 -3.91787418007016 0.399383866990775 22.9541620748623 -5.90721359355507 -14.6389905225615 2.25786078445833 -22.8142653954565 -1.74626955318399 -1.87618697143535 5.15359180776588 2.14469129527296 15.2125119631173 -0.00929045812904405
"162" 2.02001210036894 -30.6189876530175 27.4870710962532 -2.65498387109119 0.329940626320081 24.1361075995464 -5.54379921360032 -14.0272704258327 2.36484874095913 -24.1743701629071 -2.42057476637001 -3.53519371862285 5.6380177353887 2.87778607907035 18.155639769745 -0.791579423505709
"163" 2.1742999987087 -31.7311631817008 26.0034065877953 -1.47352981304857 0.266550853798947 24.9690476941971 -5.1537734241906 -13.3137471683858 2.43596134743603 -25.185921110387 -3.0069929263866 -5.01395369687134 6.01601148316171 3.4941714914529 20.6441244563675 -1.49480139350226
"164" 2.29466912524072 -32.3313499635692 24.3706399913763 -0.396192908171543 0.210349634161332 25.4479201385925 -4.74719023320904 -12.5204983151666 2.47226330977111 -25.8375412818173 -3.49739701501483 -6.28763022629437 6.28544363192781 3.99046835204962 22.6449163548423 -2.10749095847996
"165" 2.37929193967676 -32.4420987631781 22.6336868459894 0.559145884178633 0.162013161464927 25.577298146912 -4.33349210358347 -11.6695052614232 2.4754518814471 -26.1279329078602 -3.88683292547944 -7.33891015244762 6.44704642322576 4.36659621130624 24.1404459474834 -2.6215663508749
"166" 2.42743106010141 -32.0968821769568 20.8352737930782 1.37993395895137 0.121770929632419 25.3710880209237 -3.92121879055753 -10.7818674940177 2.4477834219332 -26.0658991974351 -4.17361576734697 -8.15847546075884 6.50431566431659 4.62560267529776 25.1289162616094 -3.03253041518838
"167" 2.43946947517196 -31.3384426777166 19.0146968238296 2.05914057119298 0.0894483829767978 24.8518146798858 -3.51780432325609 -9.87718362300166 2.39199760844474 -25.6698742594569 -4.35926000578741 -8.74502331332451 6.46330599608943 4.77338561251938 25.6238048554669 -3.33947208009886
"168" 2.41687927189651 -30.2169124211546 17.2069331808857 2.59513429742628 0.0645324526384456 24.0495364254273 -3.12945830471836 -8.97309869428955 2.31123687800783 -24.9669946662966 -4.44825504652863 -9.10486268616705 6.33232794512193 4.81832117425243 25.6526353564532 -3.54488164082841
"169" 2.36213272809954 -28.7877752353822 15.4420849826879 2.9912822933552 0.0462515704384145 23.0004536858713 -2.76112315999455 -8.08500773559081 2.20895936614892 -23.9917763629956 -4.44770730914729 -9.2511417167284 6.12156144444226 4.77081578124388 25.2551233991339 -3.65430435437713
"170" 2.30562858850493 -27.620179906432 14.230638400054 3.19151415854617 0.0367978855970819 22.1292564394387 -2.51416038202774 -7.47222709786547 2.1254136124669 -23.1571807047544 -4.39806431103455 -9.23562576575659 5.93008664990229 4.68761120967456 24.7417775764311 -3.67809112673285
