"V1" "V2" "V3" "V4" "V5" "V6" "V7" "V8" "V9" "V10" "V11" "V12" "V13" "V14" "V15" "V16"
"1" -61.9495146060349 9.68767183181808 1.11215440029571 5.83399289294357 26.3362297998891 -1.46555182465207 -0.0342627250216978 -3.83912807223646 34.2501098946776 1.61660615347108 -0.0412315365401668 -1.59654373730245 -37.2709696032454 3.39124622676917 1.17172594764065 4.45176506973075
"2" -79.1489626576878 11.548717015811 1.60097672786466 4.10067787615662 46.0404308081509 -0.568600945963453 -0.0311567014022671 -2.10045231760887 39.055404141947 -0.208160615319684 -0.0588579157080318 -0.308658128575189 -61.5325303415167 9.90702728349095 1.81162012994537 2.56545929558706
"3" -57.7639659386224 7.4734971574826 1.42190508311649 -2.18001135794293 53.334177140031 1.0201082110504 -0.00551594937570599 2.80539218334275 21.1782059979599 -2.91820478844431 -0.0418363357190685 2.26960972446432 -66.4027543952711 14.9186744931724 1.81070002776551 -2.68024588277331
"4" -27.5354500221452 3.27595992537067 0.845695685124753 -5.38406412601944 42.6526958823688 0.796278797132913 0.00972786850667262 4.9678222552518 4.11236734612206 -2.56812599480475 -0.00511748339492613 3.09431334956571 -49.5723197111291 12.0836802740254 1.31831016327396 -4.95741445100793
"5" 13.6101659615539 -1.11641404123839 -0.248502749468827 -4.54253882787816 8.56847927291471 -1.72797867821572 0.0117526223168767 3.50823101993046 -11.1634418250371 1.62467390361053 0.0537827752537225 1.72107594428235 -4.35901189600884 -0.969030178568346 0.190411734501595 -3.49026330685228
"6" 38.4555460789829 -3.98783050381451 -1.0756326269497 -0.461983602598139 -26.5283666554518 -3.32912011960786 0.00182465086046335 -0.393817750433072 -14.3755359910688 4.68672007132011 0.0714719142245031 -0.804350217022147 38.9728149707837 -13.060673812634 -0.96154631312902 0.415951817634777
"7" 45.42081518954 -7.29257164905925 -1.21599854885835 1.36667395860195 -43.0872623383597 -0.710886657575429 -0.00176737831729668 -2.00824983985297 -12.8703248720341 1.41889765435451 0.0265103664914363 -2.2578637722163 58.1573902268584 -13.2213194225193 -1.84763606442243 2.43571323928336
"8" 38.0876101368332 -11.1499778692435 -0.696863234067905 -0.369691989675175 -39.6977626338393 5.65181740176342 0.00425902602493267 -0.259514468747739 -10.116850416757 -7.56215966616139 -0.0605664967297059 -2.39761627790995 52.7966685036487 -1.77959266260089 -2.45377647480791 1.91989799751173
"9" 21.2560899188967 -14.2663100971013 0.154830383094833 -3.38305211756824 -24.9691277905389 13.028185926949 0.0142279639610408 2.77537006649129 -5.60577868421496 -18.13675985179 -0.157949395208945 -1.91676408185231 33.263629933276 14.3165659861401 -2.75347708180584 0.406664089268816
"10" 1.10136446579114 -15.4661341349585 0.954792972158515 -5.09515073140074 -6.9648565646296 18.5779402273415 0.023431465739435 4.71469077359484 0.0900151433757088 -26.0111521611605 -0.237282329153757 -1.29578474520167 9.39252766617597 27.9829144274755 -2.63109698412518 -0.769294918347441
"11" -16.448621548189 -14.1418294605331 1.40648382651966 -3.94807259432673 9.18826205558838 20.2941027251779 0.0297592611698079 4.06310582551271 5.17974351949037 -28.1679434069729 -0.277639981963532 -0.708095623005647 -12.1597057426453 34.3484477890965 -1.98189464067082 -0.961392131161119
"12" -27.5930219813294 -10.2884618148162 1.37892000109997 0.258749030876515 20.6931008591599 17.4322765336582 0.0329585306866562 0.561752276205311 8.23171334481625 -23.515279760122 -0.267660602349878 -0.189102511467354 -27.616501610342 31.4542755312144 -0.825364187941432 -0.0933315066686191
"13" -31.309800102242 -4.4951940938347 0.930044647104694 6.30055859860022 26.630904200866 10.6307593063141 0.0342019008577168 -4.73191553173388 8.82574821999513 -13.066497897107 -0.206029650342501 0.280858548027027 -35.717655315243 20.3867894595725 0.650082317778015 1.42557901743385
"14" -28.885775474178 2.21477234465237 0.259881256024329 12.0099585681814 27.5406093372585 1.58159665183808 0.0353331754502406 -9.87797772089516 7.44321979896319 0.570127667951851 -0.100613338102349 0.741332842915654 -37.1915374421846 4.53402798311146 2.13601578029852 2.88501264699516
"15" -22.8239388659844 8.68987776036556 -0.385021070988046 15.1934217017938 24.8176159039844 -7.63432088963827 0.0376982261561309 -12.8849884493941 5.03117238500021 14.2187634929498 0.0335835242131708 1.22111546354427 -33.92515289046 -11.8566743158697 3.31298276588495 3.57927480443686
"16" -15.6945468724917 13.9638411582166 -0.806820426141797 14.4940260019989 20.0814161374606 -15.2274275858069 0.0411947289647685 -12.49548507396 2.53664990963113 25.1824764072727 0.177404624060074 1.71537761190484 -28.0848179154925 -25.144199044089 3.95698753413444 3.08858519287969
"17" -9.36508175399149 17.4498368293779 -0.911002332336608 9.79683197672011 14.7121307274687 -20.1194727599253 0.0440745147735058 -8.56091176496147 0.601987590958913 31.8817612591493 0.310961452060326 2.18103397900995 -21.4788873375551 -33.1900194966691 3.99446097949362 1.4053619844708
"18" -4.7463244176777 18.9754133566406 -0.710180517767839 2.10322191022215 9.63804630027025 -22.0228877493691 0.043515442055039 -1.93742192564582 -0.523212049847459 33.9630498495864 0.416784731014545 2.54830574263542 -15.2782661840592 -35.5150291872562 3.4945704787342 -1.11379471911096
"19" -1.92139363018228 18.6980069960165 -0.292918204628961 -6.91999285188422 5.32990376629039 -21.2772175397714 0.0365787127534105 5.91501369874845 -0.913016424167097 32.0326081095599 0.48211227663522 2.73056195613572 -10.029550593268 -32.929429141641 2.61887488935099 -3.88797339891789
"20" -0.415870855822533 16.9696930401174 0.218228207222012 -15.4246689739234 1.89013653078854 -18.6132765134853 0.0211046764043346 13.3718937689348 -0.842102723569148 27.2836049083592 0.500097587910034 2.59549308625901 -5.79823542890665 -26.9985439813308 1.55504029388067 -6.21024500630301
"21" 0.556431597459067 14.2076998994739 0.702621703115483 -21.7057192578486 -0.867454878921706 -14.9771300989236 -0.00360721044231127 18.9510865552659 -0.675838183138403 21.2218493210561 0.4700126441615 1.87224004770724 -2.28270677208712 -19.623014069361 0.452976617551485 -7.21498233837701
"22" 1.89812497973872 10.786803169342 1.06768950515936 -24.4198296563309 -3.30546712401605 -11.3928048066083 -0.0358293196982942 21.5178457477866 -0.788488190897773 15.4546326315533 0.395915967151396 0.112859919081529 1.01596554796868 -12.6980816335657 -0.611305344204084 -5.89066351685142
"23" 4.35504909740879 6.94499811079424 1.26822873380857 -22.9391367142753 -5.70106168473814 -8.67872216516275 -0.0699681330859931 20.567698800578 -1.47310823125738 11.2496854964936 0.283346538472941 -3.04941894154581 4.39702164285455 -7.54721383592641 -1.61712259556316 -1.5378544675732
"24" 7.85592493577789 2.82952181641031 1.31472801245175 -17.847989377542 -7.9742332137094 -7.030542178963 -0.0961292044558348 16.5911854584663 -2.69600841357726 8.87886897904741 0.137636343004729 -7.32067691945304 7.67714518826358 -4.2814444282867 -2.5238366449471 5.29496474181724
"25" 11.3569953698638 -1.5556696757202 1.25052283440652 -10.5569738638169 -9.74702522020152 -5.85157134183504 -0.103539919954812 10.7128009335918 -4.02426509831542 7.36835595457842 -0.0440049365478075 -11.6479407058741 10.3856062438431 -1.68568612675864 -3.23279432598974 12.7637210806897
"26" 13.353514540512 -5.91925968825012 1.10315470438653 -2.86830741961967 -10.4414358643689 -4.35048407276543 -0.0834628691160049 4.31126942975106 -4.84614834101545 5.42757416105769 -0.257210798142523 -14.3363376248126 11.8140831722332 1.58159236732916 -3.52739113168946 18.0582013964486
"27" 13.128497450649 -9.9379681899062 0.862641606194586 4.25879162991714 -9.83964427698623 -2.10340184853294 -0.0346606421139484 -1.92316281673152 -4.85772647908813 2.35316356714577 -0.493516466609563 -14.2498380793022 11.7049433436282 6.05778750915289 -3.24325714791212 19.3777211116849
"28" 10.8972466740117 -13.2757521824424 0.502929890233247 10.6891577859692 -8.15294565834478 0.73033383906261 0.0375112820031234 -7.91309293767358 -4.11825115454992 -1.63574395431533 -0.734962040306613 -11.2069911195013 10.3173875203448 11.2392013158567 -2.35208110541498 16.4785721199842
"29" 7.39336719904804 -15.6787910840783 0.0212809366437625 16.532495086064 -5.82590418721338 3.68253220231384 0.12342555766412 -13.6938838323704 -2.8924239902278 -5.83417872793336 -0.954292827076699 -5.82228067407777 8.17116597813344 16.1872561699 -0.98766287449007 10.291625026246
"30" 3.42197740506435 -17.0185621996065 -0.538872352897044 21.6399850312173 -3.32303888515605 6.28890440795561 0.211035366865801 -19.007446291826 -1.48197565789811 -9.5466346587549 -1.11676180969189 0.828860183171855 5.78181662504278 20.116778465693 0.576205951440443 2.3177158200233
"31" -0.3549513753116 -17.2874333812001 -1.08729831784822 25.4497962489845 -1.03186077659166 8.22942732257133 0.286898387538287 -23.1943664668097 -0.144224323326881 -12.3078208976285 -1.18267173497856 7.43860928169852 3.55245491190192 22.6233038806142 1.96274778955876 -5.73396608152325
"32" -3.46107101382171 -16.5745753837489 -1.50120194171481 27.0847451942291 0.754226829555421 9.3406010964942 0.33713642499572 -25.2998471261749 0.925673491583545 -13.8988522012035 -1.11143738764196 12.6124319042883 1.76804921255223 23.6610653372225 2.74019207574565 -12.1259853930569
"33" -5.59183910249877 -15.0367371174266 -1.64977632591064 25.5843962104655 1.83436434550646 9.58472550311615 0.349032863328304 -24.3023077145106 1.59414896712011 -14.2927709404711 -0.868606246695407 15.0401545235127 0.611330269053269 23.4307093819158 2.49396017367781 -15.275694719101
"34" -6.59926878455852 -12.8665848960832 -1.4289240857799 20.2372311057047 2.10938482757729 9.01449798774956 0.313589479501275 -19.4427549705467 1.7920127778172 -13.5890556665638 -0.437026154742824 13.7588712587167 0.163473599870485 22.2408655570176 0.935685645643844 -14.0441931482346
"35" -6.48704974269583 -10.2589775070064 -0.804695233490804 10.9945134672944 1.60686972797805 7.74141322997451 0.228906258593398 -10.6391580599677 1.52487437955568 -11.9507201271146 0.16813825394874 8.51030582088242 0.38315183631596 20.3592259962476 -1.95272244743637 -8.13925783163722
"36" -5.41055585765105 -7.37910860916782 0.144043475904937 -1.12333404599758 0.511263949394447 5.90916024925059 0.103522488767609 1.10466501861424 0.886053715958923 -9.54919479895625 0.884351760497651 0.105015752327745 1.07631246444896 17.8744125645522 -5.77439903598133 1.47046849037724
"37" -3.66657913631246 -4.34258267010091 1.20539569990828 -13.8382732953833 -0.827716844845895 3.67396709042094 -0.0420891808131358 13.509469422213 0.0588237598873178 -6.52798726319895 1.59549584065198 -9.41198099818575 1.88723863476343 14.6189323998448 -9.65312722233602 12.3701931120449
"38" -1.65330836249217 -1.22091634828098 2.06503888443092 -23.9241596521115 -1.94360953741835 1.19516492499315 -0.178150751549751 23.334505217457 -0.709308565383267 -3.00083826031073 2.14618496933983 -17.0631502047872 2.35109571943019 10.2215856404887 -12.355804069442 21.0558679682981
"39" 0.209508915861079 1.92108381397725 2.40175324349903 -28.1559052682233 -2.37670096500119 -1.36263263151142 -0.273426624611105 27.3385593944454 -1.16914003038939 0.908033686360113 2.38250660638522 -19.8422709357146 2.02865764423996 4.32344810172151 -12.6552865814474 23.9892810582242
"40" 1.58428802680652 4.96942080344161 2.02198059843423 -24.6426242915677 -1.84182937346429 -3.82053317274517 -0.306235303727874 23.6289299232535 -1.15415937876989 4.99865872147188 2.20866794630481 -15.9769723406225 0.688642984429976 -3.10830097005174 -9.83711374789391 19.0690061669229
"41" 2.30057863725187 7.72003851532054 0.966452648812549 -13.8790862033793 -0.359723296959601 -5.98077571186911 -0.273364834897492 12.7237251865458 -0.647311439740662 8.94758915179932 1.6321286914681 -5.91932132103284 -1.55357603194 -11.537580870271 -4.09926747362306 6.78539676570654
"42" 2.3781034393582 9.88616484359659 -0.477980005612494 1.14896175627928 1.72889805218733 -7.63725247507955 -0.191622303392876 -2.34602181716355 0.209468923917697 12.3194829211176 0.769754845682513 7.56639630257268 -4.23179432317318 -19.8554584506921 3.40596215039159 -9.67298196622141
"43" 1.97886019512185 11.1595990481574 -1.87468353543392 15.9375791861585 3.88181551252552 -8.60292497261247 -0.0909298908564864 -17.0273086787556 1.17061331783587 14.6457249131386 -0.190436913325357 20.339391214573 -6.67554375862721 -26.6473102883164 10.9366183220741 -25.5008045062605
"44" 1.32124360826123 11.2985000897841 -2.78984875067653 25.9973765667646 5.54191795714826 -8.74514920582726 -0.00297664086023985 -26.8023614363578 1.97581115610718 15.5364560855128 -1.05050757471656 28.3417602276932 -8.2326489701012 -30.5983048088189 16.7344698912443 -35.9635706615009
"45" 0.603417119373262 10.2030880199056 -2.92706762170241 28.2044507435512 6.30030473572572 -8.01608203190244 0.0488189691836851 -28.5589889962375 2.42785685497898 14.7779858186072 -1.65623286453868 28.8723994399879 -8.46214482717551 -30.8478385966013 19.5259763840304 -37.8674086580249
"46" -0.0360066968775072 7.95588563054594 -2.19938120735674 21.5275113391071 5.98125169673699 -6.47047466226013 0.0545612879376449 -21.3250057776054 2.43290275601456 12.3869334846186 -1.92492068762925 21.250167942555 -7.23444744619621 -27.1799802900869 18.7827380387689 -30.3164596230199
"47" -0.520830335236155 4.82624458346845 -0.739461141826951 7.14150785626043 4.65019624576871 -4.27088927233558 0.0183543463226385 -6.37647411948319 2.00374548566842 8.62162320880248 -1.84782111060818 6.87092369627135 -4.73976201785933 -20.0522491578641 14.7443474886632 -14.7622539450567
"48" -0.820471913651772 1.25191556145569 1.12637273781621 -11.8121534518314 2.57695749752122 -1.68468187262852 -0.0440404815329885 13.0168525143972 1.24187318270147 3.96744108847929 -1.47788428456036 -11.0976468962144 -1.44166964979922 -10.5289208921525 8.30162140192169 5.37219005071165
"49" -0.929868176603634 -2.19016414439784 2.91568745436604 -30.570647945935 0.185831173558427 0.923252350187568 -0.10845658592828 31.9574064947487 0.313667537207209 -0.887958135495637 -0.913397431198376 -28.1482002223711 1.98748372676209 -0.182443805128173 0.835613713094972 25.2193907563887
"50" -0.855111436548668 -4.82355489791848 4.03223280487373 -43.1315051986512 -1.99392466092536 3.10387669659951 -0.145735042736305 44.3277514858105 -0.572284015253331 -5.08841169292123 -0.282535425934583 -38.919859245696 4.73538880704632 9.01918567146777 -5.94883174546794 39.0504232287421
"51" -0.60886997300031 -5.95693377902626 3.84710391754186 -43.0215132624289 -3.39641214291157 4.36818247348572 -0.126589151949361 43.5940933188194 -1.19321424739044 -7.69568869956288 0.273694617990742 -38.006961268602 5.95761628410446 14.9295571295822 -10.255691908279 41.1667292967322
"52" -0.220578269178475 -5.12119871951882 1.93258890300825 -25.6335532491694 -3.58079857677717 4.33968793076326 -0.0325134452335192 25.1918865564071 -1.37254875011465 -7.97071438903163 0.632680105119164 -21.984379148631 5.05063811101263 15.851282268948 -10.7207211256928 27.9543755659834
"53" 0.235292407378154 -2.55824438494119 -1.44229561242798 6.71546767958534 -2.56071394373919 3.09095107815597 0.123104955850039 -8.35610490761883 -1.09949891342778 -5.98920552386949 0.748040911123667 6.52885527149556 2.2142928607941 11.8723221429364 -7.43645601879325 1.86768165267858
"54" 0.621012810796515 0.3614795907597 -4.87763862704139 40.2538768593504 -1.10243445733272 1.45076807023941 0.27774792958715 -42.8959597661601 -0.63740046709917 -3.20600980607446 0.701151317139534 35.4790903186731 -1.04721582619413 6.07601367239533 -2.83222147584547 -25.32974160304
"55" 0.78019194370836 1.66848275049415 -6.36445488107461 54.8747034836397 -0.411481286976709 0.683767886649207 0.343975412754133 -57.9107255021372 -0.411955802410162 -1.88225249494485 0.655042742368948 47.9704637550385 -2.50515280596301 3.29426362371385 -0.647746134194676 -37.1624732654309
"56" 0.631254495319013 0.37785923319143 -4.89371693713412 40.4097019568044 -1.10052469507502 1.43904803772978 0.278521669176172 -43.0559106987916 -0.638509155137271 -3.18421581824441 0.69809939532314 35.6224181202124 -1.0461848485113 6.02265657295902 -2.78959788770499 -25.4831033941955
"57" 0.240634276710011 -2.54428561012719 -1.45361987721839 6.81212511400645 -2.5585880681308 3.08432217308587 0.123843021439228 -8.46155362038508 -1.09921584806487 -5.97671476592245 0.745498751251148 6.65863150200312 2.21413640886658 11.8374608968239 -7.39961159807626 1.71582421439234
"58" -0.220850807995646 -5.11764261352982 1.93170330276081 -25.6405103643319 -3.58078797302335 4.340859904529 -0.032248906639893 25.1917078882807 -1.3720506900089 -7.97273071846689 0.63203700887442 -21.942965910006 5.05140775282325 15.8510302800112 -10.710347778434 27.8947313459139
"59" -0.609595203872118 -5.95771618310891 3.84890237056038 -43.0459709983825 -3.3973507920922 4.37028203545583 -0.126579522479034 43.6159103439927 -1.19326816825244 -7.69952293330834 0.27380671554377 -38.0080901485308 5.95909085194512 14.9364075116557 -10.2568047358463 41.1609730471318
"60" -0.855313160102241 -4.82417020840239 4.0330194889786 -43.1406639797196 -1.99438516979285 3.10461848906323 -0.145752908683988 44.3364387978763 -0.572388943351754 -5.08977112229036 -0.282445610428766 -38.9236539693011 4.73610899240293 9.02186809274531 -5.95007420592901 39.0529172173665
"61" -0.929895799591577 -2.19030110370977 2.91583665179866 -30.5722689456052 0.185734988314721 0.923378482398903 -0.108461615635832 31.9589911245648 0.313639573277214 -0.88818885869 -0.913378753323514 -28.1491713620308 1.98764200984169 -0.181971359764589 0.835330113543932 25.2202372070969
"62" -0.820474846073751 1.25190159933913 1.1263841524792 -11.8122584600769 2.5769494531778 -1.68467357725171 -0.0440411137910246 13.0169631218496 1.24187076484064 3.96742653317256 -1.47788291309041 -11.0977588684946 -1.44165357265683 -10.5288904405079 8.30159425868897 5.37230975179773
"63" -0.52083474189908 4.82624978140143 -0.739479154291416 7.14175777470336 4.65020721141161 -4.27090483374627 0.0183542696533152 -6.37669727596858 2.00375012459051 8.62165429551715 -1.84782351217271 6.87094244353648 -4.73977058851926 -20.0523151315334 14.7443664892135 -14.7622108328578
"64" -0.0360166176179177 7.95589711341086 -2.19941949003436 21.5280350422372 5.98127480735411 -6.47050602406659 0.05456122352237 -21.3254754901159 2.43291287945038 12.3869964973292 -1.92492575593386 21.2502204242046 -7.23446587648016 -27.1801161671036 18.7827797757018 -30.316386672097
"65" 0.603406446578504 10.2030978841844 -2.9271038584597 28.2049460032877 6.30032621398652 -8.01611019367158 0.048818917423489 -28.5594329892533 2.42786675030555 14.778043067686 -1.65623765729995 28.8724481884237 -8.46216093610747 -30.8479644303745 19.5260152662804 -37.867338493219
"66" 1.32123824155786 11.298503965533 -2.78986482660599 25.9975960798511 5.54192726072847 -8.74516094722787 -0.0029766600597867 -26.8025581095817 1.97581569237209 15.5364803005764 -1.05050969620353 28.3417813057858 -8.23265539166857 -30.5983592722796 16.7344868062355 -35.9635388532297
"67" 1.97885913606757 11.1595998671839 -1.87468655939028 15.9376188581091 3.8818168413589 -8.60292682917321 -0.0909298764117494 -17.0273445926096 1.1706140936077 14.645728849554 -0.190437316275933 20.3393974688843 -6.67554405621797 -26.6473199244953 10.936621823836 -25.5008020989917
"68" 2.37810507476132 9.88616653538202 -0.477977639480343 1.14891051181803 1.7288932216012 -7.63724844492771 -0.191622066315631 -2.34598085720063 0.209467272269933 12.3194750755997 0.769754905418665 7.56642404894956 -4.23178618566783 -19.8554467068365 3.40596569963736 -9.67303458529932
"69" 2.3005873491727 7.72004678538678 0.966464033362968 -13.8793362791494 -0.359746349558634 -5.98075602527956 -0.273363614493746 12.723924253198 -0.647319603797527 8.94755098679502 1.63212864062785 -5.9191798319498 -1.55353712631234 -11.5375242381441 -4.09924738351992 6.785130678516
"70" 1.58431346331855 4.96943897054348 2.02200440925719 -24.64316464884 -1.84188459945324 -3.82049064606986 -0.30623253925161 23.6293575794914 -1.15418066385665 4.9985762387937 2.2086674064154 -15.9766507476834 0.688737741139789 -3.10818181109892 -9.8370657024434 19.068408369294
"71" 0.209554073676088 1.92110112988917 2.40177664803713 -28.1564559760645 -2.37677321833473 -1.36259088095221 -0.273423764858521 27.3389937147183 -1.16917260439608 0.907951799205989 2.38250589598761 -19.8419364361325 2.02878383731991 4.32356121016284 -12.6552360877954 23.988661757845
"72" -1.65326167171145 -1.22090998808812 2.06504919072526 -23.9244227192703 -1.94366494491044 1.19518249865081 -0.178149388316811 23.3347116934387 -0.709338381769768 -3.0008741140839 2.14618461279287 -17.0629885399394 2.3511944220013 10.2216289203465 -12.3557800475628 21.0555689258945
"73" -3.66655346768715 -4.34258241097746 1.20539749225358 -13.8383320785188 -0.827741916708021 3.67396953580328 -0.042088882986036 13.5095150346713 0.0588084483147213 -6.52799323044803 1.59549576760944 -9.4119442803767 1.88728400338346 14.6189355076329 -9.65312207863917 12.3701251271268
"74" -5.41054886321103 -7.37910889590057 0.144043517482828 -1.12334017942339 0.511257723770598 5.90916007190447 0.103522517736266 1.10466962685928 0.886049668480055 -9.54919482275636 0.884351755382255 0.105019761929725 1.07632383167174 17.8744109944412 -5.77439855862713 1.47046105348636
"75" -6.48704883040068 -10.2589775582744 -0.8046952515501 10.9945131750374 1.60686894146687 7.74141316034263 0.228906259720944 -10.6391578623725 1.52487385803879 -11.950720043051 0.16813825385907 8.5103060467045 0.383153279831731 20.3592256568919 -1.95272242874171 -8.13925824763282
"76" -6.59926873672634 -12.8665849027698 -1.42892408538142 20.2372310684527 2.10938477720606 9.01449799205983 0.313589479502895 -19.4427549409206 1.79201274985439 -13.5890556755014 -0.437026154644911 13.7588712700363 0.163473692049934 22.2408655536216 0.935685643748002 -14.0441931757596
"77" -5.59183956045723 -15.0367372325077 -1.64977626767987 25.5843953525887 1.83436434644574 9.58472588533175 0.349032863439405 -24.3023069891176 1.59414920194244 -14.2927715611116 -0.868606248366831 15.0401547760157 0.611330279877166 23.4307101431989 2.4939601438 -15.2756953177632
"78" -3.46108151298472 -16.5745774591503 -1.50120088453502 27.0847292959006 0.754227104381812 9.34060912069805 0.337136424990248 -25.2998338283396 0.925678769333565 -13.8988651355629 -1.11143743803413 12.6124377144624 1.76804952452153 23.661080542255 2.74019173796933 -12.1259980891773
"79" -0.35507663014144 -17.287453582318 -1.08728926657412 25.4496441513697 -1.03185061813946 8.22952568160446 0.286898277534945 -23.1942428534321 -0.144165081513862 -12.3079778743303 -1.18267258595381 7.43869030850692 3.55245544268871 22.6234752407735 1.96274917074834 -5.73412336195543
"80" 3.42098793868712 -17.0187342855231 -0.538834440454423 21.6390671513072 -3.3227746964663 6.28985637656189 0.211032790957276 -19.0067526938888 -1.48156787106062 -9.5481326272569 -1.11677263781655 0.829715213087184 5.78159869659225 20.1182952075849 0.576277631117136 2.31625223754963
"81" 7.38595186172716 -15.6806166428489 0.0214262907477121 16.5266196838529 -5.82228839032672 3.6913623072146 0.123395838682328 -13.6897679538295 -2.88977743565835 -5.84795742800668 -0.954403666088169 -5.81452457648265 8.16719238557846 16.2010350284446 -0.986855338245732 10.279045772746
"82" 10.8445382960537 -13.2911137481266 0.503762401947228 10.6520379691819 -8.12479039123309 0.796420268140878 0.0372729737214001 -7.88798418200986 -4.09935462292271 -1.73857313870337 -0.735846910995221 -11.1516278121144 10.2846160946474 11.3424995302516 -2.34630950666815 16.3899890752618
"83" 12.8481857884308 -10.0266717368283 0.865970928447723 4.09665102476993 -9.69956880622669 -1.74874874915832 -0.0361261303387863 -1.81984581036022 -4.75060484822151 1.80247632127873 -0.498729846808317 -13.964865937658 11.5406220759985 6.60683130700983 -3.21296694010562 18.9283273216079
"84" 12.3068874433908 -6.29093486193472 1.11061612824858 -3.34044170644756 -9.94930320174552 -2.97502836658759 -0.0901950010981665 4.57759375656133 -4.4378120976309 3.29623426659896 -0.279491343628607 -13.2808988301822 11.2596289406314 3.6784928178127 -3.41152417578405 16.4220055851365
"85" 8.51066410831973 -2.72784240256522 1.25839386926091 -11.4758022196493 -8.43515004062209 -1.87757681857397 -0.126765558883207 11.1058253557817 -2.98613809648756 1.22217174866546 -0.11361174998369 -8.79654163587475 9.10393401497561 4.27457936012587 -2.91712948425993 8.41645786063418
"86" 2.00975222045503 -0.0198081781045403 1.30669125046541 -18.8503841456763 -5.310600901057 1.78448015968911 -0.158533340361259 16.6144139501782 -0.810968162285029 -4.72982020656843 -0.0251346777894526 -1.65955784140533 5.65614357623349 8.70795245196416 -1.92237817080422 -3.18081332730617
"87" -0.26747627313955 0.588933534673856 1.29454809870865 -20.608680370503 -4.16506867288371 3.32540176342451 -0.17055413813641 17.826666977006 -0.0926520885611168 -7.17314920417061 -0.0136895710452194 0.744443599220176 4.51484896129557 10.6258208907228 -1.56215998686275 -6.92878490793009
"88" -6.5170336104571 1.75055555583288 1.13815391941301 -23.0670775939475 -1.06927283807494 8.43584078813922 -0.222166645618898 19.0268927554737 1.98793015344459 -15.1402292393473 -0.0184805054997383 7.34230398148975 1.51300043641174 16.6092399773023 -0.472904303081577 -16.6427678974596
"89" -9.46806594502877 2.10888825771201 0.78402971149842 -20.0169706949159 0.201156211399109 12.4308343562121 -0.296653963308302 15.7154932643366 3.37437275856008 -21.184416072961 -0.056011088234257 10.8927896651858 0.142590874433722 20.0347769613407 0.341997741813884 -20.7323062357373
"90" -8.80381023586241 2.21940356687094 0.27632986498935 -12.2446495097465 -0.0680832899134316 14.2546924228435 -0.385962760052038 8.69286709853804 3.49323823068119 -23.7108106178632 -0.0881600524514567 10.7488649208608 0.454458893569949 19.4523497114029 0.756957652687561 -18.4349465989853
"91" -5.63864711528495 2.38487062226704 -0.292124635174218 -1.9051079513556 -1.07575155823162 13.9888443822961 -0.4738662329476 -0.170464136918554 2.38587467775255 -22.9143498099879 -0.0921615234476292 7.46700713418795 1.86003222910335 15.4634749561113 0.74701470930313 -11.0620730588234
"92" -1.16791208291406 2.61881862890357 -0.839411842666209 8.7183685371815 -2.43080537324829 12.2763497929584 -0.540773719567454 -8.96140396708256 0.623539068683392 -19.8603060700129 -0.0640479296230581 2.13232311437969 3.68529185847422 9.57545372017512 0.356112733679765 -0.736425398608844
"93" 3.60301578157134 2.84813532425358 -1.32814775525208 17.9044526134421 -3.8289515490946 9.79100343787036 -0.56600961086248 -16.2876207182885 -1.29903084540961 -15.6454511005733 -0.0129419351573858 -4.02305003717993 5.40917885732779 3.23883992843315 -0.29623081033742 10.3462066940683
"94" 7.89031164602369 3.03730113201095 -1.76857934502871 24.5469140900968 -5.00042805982508 7.05611768545145 -0.528758520477766 -21.3120814340109 -3.05695005328793 -11.11824699492 0.0449000906066033 -9.71857643536532 6.69830192476229 -2.47739540689639 -1.01924778465445 20.0837131569788
"95" 11.1364642484779 3.20564943110685 -2.20497623467909 28.0264772599271 -5.75980938668766 4.44252848221402 -0.409786669097215 -23.6333922772415 -4.42859521539081 -6.87935410075181 0.0901013305861227 -13.6874873284269 7.36294241279722 -6.87632508435729 -1.576497546258 26.5260398981482
"96" 12.9908688699093 3.40387603919794 -2.69305373380266 28.1240164821515 -6.00153018959412 2.19564614536148 -0.195359490986036 -23.1941578622925 -5.27102191877201 -3.32360218853432 0.103851547493207 -14.8236217100784 7.31788386010089 -9.57051160035763 -1.73055284666862 28.0601757338081
"97" 13.2934725184662 3.67755634826744 -3.26763512213634 24.980318199589 -5.68820333341279 0.454008623667335 0.115963599716039 -20.2201612489791 -5.51194868028998 -0.66576536563889 0.0726954490479557 -12.4375461366035 6.56272634587253 -10.4421037165196 -1.3086904028055 23.7604842006731
"98" 12.0621618760445 4.02513817992281 -3.90198185389022 19.0810674728145 -4.84305848233925 -0.740840840313581 0.504204882289642 -15.17435345997 -5.14328445445384 1.04911255584727 -0.00559888527041608 -6.59541753726808 5.17319045348188 -9.62492774469871 -0.284549368303942 13.8620042145267
"99" 9.47847073566203 4.36177643899782 -4.47155756823625 11.2428061717001 -3.54390449322807 -1.43724681788871 0.919899910648951 -8.71514171660715 -4.21389147304473 1.93915070526145 -0.116900984788089 1.57922230525764 3.29574684614443 -7.49167168059671 1.14982494638571 0.181402352980513
"100" 5.86627578482836 4.51150051926379 -4.74926681775537 2.55987966104249 -1.91506251307749 -1.75982045396898 1.28408436278205 -1.64529243830384 -2.82207420504518 2.26332807778977 -0.230009044619919 9.88177268870459 1.13680897069651 -4.61708063581096 2.57321393109623 -13.8648776512637
"101" 1.65896807236328 4.25154265529932 -4.46079130051479 -5.73020783554875 -0.114196956557464 -1.87994508163979 1.50374291295473 5.16352043782808 -1.10889609737939 2.3634824405118 -0.304216740664742 15.5344047231956 -1.0618229141387 -1.68702234189499 3.43980107553125 -24.0137254144756
"102" -2.64625095753624 3.40838102914472 -3.39961635211532 -12.4679065841615 1.68648986763873 -1.96951253932212 1.50272120003285 10.875036153458 0.748169384185218 2.56910007023816 -0.305079244381091 16.224180061834 -3.0621461168455 0.64928098739091 3.29829208316551 -26.6793026331652
"103" -6.54311471361376 1.96186168212262 -1.54986686108651 -16.8150436912897 3.32117023961592 -2.15186394644144 1.25493864343198 14.8054854943641 2.54484524798659 3.0960131813697 -0.221419422216655 11.2193713814049 -4.67199491667975 1.93762254392664 2.02799415178697 -20.5935947710823
"104" -9.57230023987807 0.0907212097608863 0.862184959896723 -18.4158713307747 4.64750130314502 -2.4722197244775 0.799689160057852 16.5230537378086 4.06768642975955 3.98821589009628 -0.0729654512333013 1.87093166801424 -5.77118414931772 2.01405696891891 -0.057215315664962 -7.55894975915726
"105" -11.3713350383776 -1.87605400703501 3.42957185684264 -17.4123095516197 5.55613255307236 -2.90026225887198 0.228216942178221 15.9069154958679 5.12089603019691 5.13040575783918 0.0970339126277224 -8.87159432977569 -6.31119879710377 0.995011090864011 -2.31649904428969 8.226898471803
"106" -11.7147047570791 -3.57321543468129 5.70348118772324 -14.3426453526117 5.97380631823046 -3.35676434143164 -0.349734850173292 13.1650510096331 5.55715638237592 6.31263655200803 0.239633335374378 -17.6319076127547 -6.29550770973015 -0.811203963385083 -4.03676631284134 21.8462036453348
"107" -10.5431716670607 -4.71203951987604 7.32874999970471 -10.0068291760035 5.86438837918951 -3.74396798654345 -0.839283363073747 8.82251246519331 5.30388966283117 7.30139428354721 0.317850731649969 -21.7767905795681 -5.75810608347444 -3.00485450214757 -4.6854798005993 29.3432464604921
"108" -7.98111131629565 -5.14281522862757 8.11622501489552 -5.35387721415373 5.2311879423919 -3.96519413415899 -1.17888734761648 3.68352943090554 4.37852608418224 7.88429301262261 0.316285930370725 -20.0754569447708 -4.75341670275134 -5.15997010587131 -4.05126127406675 28.6820491370963
"109" -4.33976236457852 -4.86141882891707 8.04451824345998 -1.38232926029104 4.12112022524286 -3.93327946347733 -1.34239875139174 -1.24583001942165 2.89143029168599 7.88707453981203 0.241694173514674 -12.7918329966633 -3.3592298828695 -6.85387341602217 -2.25898815945675 19.9026741894886
"110" -0.105351319389172 -3.98233742129241 7.21759433258882 0.994739645144364 2.62984943368258 -3.57629506784235 -1.3316528185689 -4.89657795987137 1.03913153714664 7.18147879632204 0.117952891874751 -1.44423325909884 -1.6873413427021 -7.68998584435457 0.291321812741899 4.8195964579827
"111" 4.08600640090907 -2.70177197149042 5.80659792058159 1.16847207548108 0.907748463238818 -2.8491573902084 -1.16698831502264 -6.35808621041883 -0.907992547478585 5.70308790410127 -0.0209158674963135 11.5191996979793 0.103110849907694 -7.34328706443216 3.00944857206559 -13.3747769855254
"112" 7.48277310165741 -1.26270160560352 3.99093141098987 -0.83473144119489 -0.832285447014215 -1.7558076277993 -0.879620744172726 -5.19653708779151 -2.61993967226277 3.48960439640439 -0.137847249691731 23.0043550598184 1.79127410572949 -5.64484783237771 5.19777707157618 -30.4172624922176
"113" 9.26522945737429 0.0773951225467044 1.90396208239159 -3.92905713161417 -2.30650858398417 -0.381674172180283 -0.506767936128242 -1.85941648643916 -3.72408658669907 0.739319692142317 -0.199843027671506 29.5287165528625 3.08183738451328 -2.70594016422547 6.13463726228565 -41.214753579392
"114" 8.65236104850192 1.08372473129702 -0.40189772391949 -5.67503085470707 -3.17120511887714 1.07615579332492 -0.0893051625795067 1.98795971357345 -3.84637830002882 -2.13545832501461 -0.185844603948254 27.6788484337339 3.6169976993491 0.956900559580731 5.19766348243184 -40.3861563413593
"115" 5.22240646965918 1.60156151119236 -2.91561026801728 -2.89415912541699 -3.12169066460058 2.32605517590775 0.327926676868017 3.75852869308915 -2.74839763575841 -4.54981806574006 -0.0959566536943441 15.3990742786755 3.0926998747542 4.44016097871247 2.12795476049587 -24.1721778833889
"116" -0.401388652230594 1.64043334949974 -5.47983795952862 5.75309062023643 -2.16184747868266 3.11352960091403 0.693359930745146 1.68834225272781 -0.635020418849962 -6.01485978725248 0.0402109704374993 -5.30110764070923 1.57257066840805 6.84201311291997 -2.49129603821029 5.20280662666119
"117" -5.95382632371712 1.42710376236437 -7.56085700158368 16.4570378742792 -0.892277861329319 3.42177092489169 0.948501750082301 -2.69773857600171 1.56321324714835 -6.53630425017275 0.165155864234436 -25.9957172337217 -0.182085281200443 7.91136480012511 -6.88502091044711 35.4425713719029
"118" -8.32332758826408 1.29761956066932 -8.38337393796564 21.4292583778733 -0.297067697849513 3.47572728256944 1.04076473794149 -4.9908343609186 2.51959848110074 -6.60604746041258 0.216607023812088 -34.8793678593684 -0.975010899269705 8.14776170138947 -8.73291591490897 48.5749654187384
"119" -5.97147152378835 1.42189620048839 -7.55705647089442 16.4292220503548 -0.887345684630532 3.42457435665352 0.948263551924271 -2.66003629291731 1.57076314167243 -6.54118549095301 0.166251061394433 -26.0717199976007 -0.190378676264231 7.92636761525461 -6.90397033966519 35.5383135122611
"120" -0.419409776766656 1.63565059921575 -5.47577811417707 5.72019825063308 -2.15666239109783 3.11688926599891 0.6931467083066 1.72931107936415 -0.627217324251703 -6.02074000897528 0.0412681234169838 -5.36997444973167 1.56370083412617 6.85848766148911 -2.50893518213888 5.28747814287635
"121" 5.21390447958413 1.59971353872993 -2.91381156811121 -2.90952785725949 -3.11907541787525 2.32770824763713 0.327846486023518 3.77684992156424 -2.74463927342437 -4.55270029378835 -0.0955179542774829 15.3718367475412 3.08824234620693 4.4477960338275 2.12082709895958 -24.139321706145
"122" 8.65030437897616 1.0834217062245 -0.401579774946839 -5.67774244527664 -3.17050383827728 1.07649935451286 -0.0893164559180093 1.99128272422399 -3.84544283185292 -2.13604632014676 -0.185762658763849 27.6736728241976 3.61583910601462 0.958437978345671 5.19631559805975 -40.3798567506747
"123" 9.26498183684686 0.0773884768218522 1.90396464105331 -3.92906658342326 -2.30641009712031 -0.381652384760628 -0.506766987294952 -1.85932707484835 -3.72396929475599 0.739285754673801 -0.19983839424242 29.5283211480291 3.08168387999842 -2.7058448395494 6.13454398959993 -41.2142205988457
"124" 7.48275834655044 -1.26269800346972 3.99092496772263 -0.834674014429766 -0.832277613103599 -1.75580990252257 -0.879620249822253 -5.19658495878934 -2.61993217741646 3.48960904343653 -0.137847724752589 23.0043534881825 1.79126318111571 -5.64485742905157 5.19777963545357 -30.417245491255
"125" 4.08600569171176 -2.7017713445191 5.80659667158861 1.16848086331265 0.907748973326136 -2.84915781136414 -1.16698818915778 -6.35809380965134 -0.90799219236834 5.70308868473717 -0.0209159763136313 11.5192016354831 0.103110208758835 -7.34328885202279 3.00944946472464 -13.3747774517105
"126" -0.105351376484577 -3.98233713817035 7.21759387499955 0.994741506836363 2.62984951471282 -3.57629512289583 -1.33165274935081 -4.89657970561802 1.03913155411072 7.18147887994394 0.117952844514548 -1.4442313655145 -1.68734146778945 -7.68998614626361 0.291322335856421 4.81959426970934
"127" -4.33976241366565 -4.86141865919581 8.04451793075032 -1.38232662112659 4.12112036006761 -3.93327963329227 -1.34239872542399 -1.24583241767118 2.89143033736437 7.88707485667828 0.241694136831313 -12.7918320812296 -3.35923004229085 -6.85387408546154 -2.25898779718182 19.9026736253327
"128" -7.98111138433239 -5.14281514784852 8.11622482934575 -5.353874841795 5.2311880765086 -3.96519430976764 -1.17888734472641 3.68352732090852 4.37852614546138 7.88429334841931 0.316285907719646 -20.0754567496151 -4.75341685189903 -5.15997075936963 -4.05126108703962 28.6820495210995
"129" -10.5431718060693 -4.7120395306622 7.32874994535848 -10.0068280707055 5.86438848262873 -3.74396806869112 -0.839283367280643 8.82251156314578 5.30388973997695 7.3013944452772 0.317850728749733 -21.7767910446455 -5.75810621282528 -3.00485476541121 -4.68547984551242 29.3432474096844
"130" -11.7147050962564 -3.5732155706728 5.70348125632961 -14.3426452175045 5.97380644006847 -3.35676434854304 -0.349734862579197 13.1650511393063 5.5571565298215 6.31263657814418 0.23963335631899 -17.6319092404883 -6.29550787302014 -0.811203861403214 -4.03676669537072 21.8462059319718
"131" -11.3713365312814 -1.87605431512338 3.42957231553731 -17.4123130754547 5.55613282089689 -2.90026195349094 0.228216914402466 15.9069190782 5.12089664399291 5.13040522148583 0.0970339887460341 -8.87159754997447 -6.3111990617374 0.995012454632047 -2.31650004518315 8.22690197767588
"132" -9.57230557426357 0.0907206615815994 0.862186537654452 -18.4158862716745 4.6475021069387 -2.47221840900909 0.799689103567175 16.523067674395 4.06768864209127 3.98821353395124 -0.0729652389872513 1.87092624781144 -5.77118479531339 2.01406217808193 -0.0572175904057985 -7.55894625405926
"133" -6.54312390097977 1.96186094836753 -1.54986420501569 -16.8150698058007 3.32117161227285 -2.15186163210899 1.25493856259277 14.8055095065863 2.54484906866173 3.09600902652483 -0.221419082066944 11.2193642158236 -4.67199598839102 1.93763152332224 2.02799072604057 -20.5935918271389
"134" -2.6462582623345 3.40838047525995 -3.39961425090289 -12.4679274514638 1.68649099331469 -1.96951068562925 1.50272113940849 10.8750552913739 0.748172402997859 2.5690967407445 -0.305078977406708 16.2241746901618 -3.06214700144619 0.649288158137551 3.29828942998211 -26.6793007702581
"135" 1.65896540331508 4.25154244619785 -4.46079052625825 -5.73021558429673 -0.114196484694162 -1.87994439212048 1.50374289165593 5.16352754139803 -1.10889503018135 2.36348120198215 -0.304216642123436 15.5344027649044 -1.06182329856745 -1.68701966423384 3.43980009962343 -24.0137247734019
"136" 5.86627535405722 4.51150047750821 -4.74926668540817 2.55987831933362 -1.91506238860296 -1.7598203342863 1.28408435945302 -1.64529120850989 -2.82207406080111 2.26332786312719 -0.230009027693256 9.88177235539297 1.13680885998963 -4.61708016107997 2.57321376426671 -13.864877547956
"137" 9.478470711706 4.36177643336009 -4.47155755775947 11.2428060629695 -3.54390446755269 -1.43724680813716 0.919899910432463 -8.71514161698929 -4.21389147578846 1.93915068794195 -0.116900983446214 1.57922227885319 3.29574682117152 -7.49167163827485 1.14982493335583 0.181402360693028
"138" 12.0621618774784 4.0251381792234 -3.90198185346094 19.0810674679037 -4.84305847914936 -0.740840839928069 0.504204882283815 -15.1743534554919 -5.14328445728794 1.04911255516731 -0.00559888520862728 -6.59541753848498 5.17319045056229 -9.62492774240059 -0.284549368871467 13.862004214945
"139" 13.2934725203889 3.67755634830155 -3.26763512221572 24.98031819687 -5.68820333441579 0.454008624520554 0.115963599729795 -20.2201612469348 -5.51194868182849 -0.665765367093513 0.072695449069883 -12.4375461343552 6.56272634817549 -10.4421037156038 -1.30869040264042 23.7604841968387
"140" 12.9908687791643 3.40387605826368 -2.6930537313311 28.124016366914 -6.00153014571663 2.19564619500454 -0.19535949064128 -23.1941577724317 -5.27102188564191 -3.32360226876813 0.103851548048169 -14.8236216150872 7.3178838054672 -9.57051151739086 -1.73055283528493 28.0601755731259
"141" 11.1364612539516 3.20565006589209 -2.20497614755121 28.0264736523673 -5.75980789686105 4.44252998316568 -0.409786658356083 -23.6333894483787 -4.4285940809916 -6.87935652748365 0.0901013496743559 -13.6874844338581 7.36294047206161 -6.87632251983757 -1.57649719851361 26.5260349845448
"142" 7.89024888238183 3.03731499163655 -1.76857736337408 24.5468347167011 -5.00039620346354 7.05614911931008 -0.528758278609658 -21.3120189252747 -3.05692581556507 -11.1182979245553 0.0449005462937464 -9.71851476704251 6.69825881395263 -2.47734090027734 -1.01924051142214 20.0836079062356
"143" 3.60212711883565 2.84834122815232 -1.32811513085286 17.9032098106309 -3.82850646396957 9.79146539421959 -0.56600574294535 -16.2866354311006 -1.29864981619934 -15.6462018739662 -0.012934152438774 -4.0221358867675 5.40849932139383 3.23965928963185 -0.296127876826631 10.3446304863955
"144" -1.17617199730279 2.62099463088657 -0.839044046938255 8.70467627693552 -2.42739050710202 12.2810071905774 -0.540730508729467 -8.9504718416265 0.628289813691993 -19.867918957452 -0.0639519125124224 2.14174519352491 3.67795603709885 9.58385686154531 0.357104869709474 -0.752886833213779
"145" -5.68932035411834 2.40241073328855 -0.289460588076849 -2.00886953842428 -1.06694437102868 14.0200028169937 -0.473536467070105 -0.0872508974757693 2.43068405102691 -22.9658052897844 -0.0913195308669685 7.53483408990542 1.80795465274559 15.5193604185692 0.753826039074283 -11.1817675822967
"146" -9.03670045010452 2.33013730187145 0.288586929945126 -12.7806227153173 -0.0868219457804571 14.3901401704139 -0.384241525696837 9.12290703335589 3.7631398635272 -23.9380912138412 -0.0829975449635327 11.0951091609968 0.206539219898218 19.6873990707709 0.792796611896847 -19.0459505941672
"147" -10.3999286093582 2.63753234333103 0.821569680199843 -21.9475286444754 0.201446153957534 12.806695196595 -0.290295136039902 17.2607941113502 4.31310381809301 -21.8318913791733 -0.0334893989702465 12.1747368466586 -0.719693288367921 20.6556519269586 0.490997911108934 -22.9692733902666
"148" -9.4909491720268 3.60340046285035 1.21808554507342 -28.1597407855506 -0.271393244402475 9.04110618934499 -0.204759896045758 23.0889471285741 3.96436354465116 -16.2534468321779 0.0544532118545504 10.8744863056054 -0.823620021082661 17.5250721353009 0.00294148761486213 -22.7040955632401
"149" -6.92616251110042 5.42388436732028 1.40792784678848 -30.9354713974117 -1.14805800347625 3.52239513104445 -0.134255754728457 26.0327709465885 2.93463822076281 -7.84437812506565 0.168872827806794 8.17965297440605 -0.458000189766381 10.5780114760832 -0.412281795203853 -19.478618868925
"150" -4.02384149151678 8.01637950460974 1.37118437415307 -30.6656419916299 -1.76535737652642 -2.67395639875929 -0.0797706044681519 26.243966611165 1.70320410657398 1.73856863378478 0.288335505061369 5.53210127317652 -0.337638373055881 1.3893497287965 -0.502357274484439 -15.4195335363074
"151" -1.79980126895899 11.1408331208405 1.13009485104484 -27.9165054602449 -1.57328105419981 -8.75517850000972 -0.0366796448685136 24.1210365353481 0.616847747175527 11.2775083170816 0.39468632562027 3.79805612171549 -1.07703417706517 -8.62944279053409 -0.152022599707834 -11.9113051218628
"152" -0.707299771951767 14.3039497550316 0.728046149362598 -22.8982707559253 -0.309931974662049 -14.0994713462788 -0.0031406633308535 19.8484215229569 -0.187797514226553 19.8316065047999 0.468993344144835 3.07301797834407 -2.94533237893216 -18.2429784142856 0.596441385260732 -9.19419213147012
"153" -0.740966928129609 16.9902701143182 0.225530072507809 -15.7260138878014 2.0181965619347 -18.3957216727688 0.0213344323650517 13.6009330236805 -0.713743702490312 26.9388242928919 0.499792168701774 2.88490822250606 -5.9438196326887 -26.6537394872822 1.58772820528748 -6.69178810602352
"154" -1.98162625424771 18.7009770787571 -0.291422101427003 -6.97565838750006 5.35168988546974 -21.2375699184888 0.0366342250901965 5.95773282113237 -0.888963286686455 31.9697594052159 0.482054139349302 2.78140639807498 -10.0533038550461 -32.8660535407465 2.62422668975705 -3.9734233682575
"155" -4.75444535236213 18.9756999071433 -0.709959579361538 2.09581549420682 9.64100464455126 -22.0176503435839 0.0435244821508007 -1.93169316785543 -0.520036001719212 33.9547511209456 0.416775964072997 2.55480324463861 -15.2813820547341 -35.5065264013313 3.49521543790229 -1.12480209607202
"156" -9.37222669504075 17.450611998997 -0.910878604483088 9.79624601007572 14.7138532715726 -20.1187801236854 0.0440756733157528 -8.56038309094197 0.603792243601319 31.8806862988586 0.310958457422416 2.18160607768732 -21.4775930044348 -33.1891372901025 3.99450688569868 1.40439710330611
"157" -15.7559842533037 13.971121870781 -0.805841134557653 14.4950530429483 20.0951020887494 -15.2254604993724 0.0411959354690765 -12.495567821366 2.55122594129467 25.1795709251703 0.177386008793476 1.71510166637017 -28.069256028332 -25.1434794078664 3.95686062793857 3.0891146426311
"158" -23.0998452257694 8.72259692351395 -0.38062623674395 15.1982432078216 24.8790259087356 -7.6256252029807 0.0377032646105775 -12.8855191249759 5.09659990925736 14.2059347877347 0.0335003195172305 1.21969172799254 -33.8550912498932 -11.8536857089666 3.31239321001203 3.58196402549402
"159" -29.4704398629256 2.28411869403226 0.269190355115597 12.020215936479 27.6706141303763 1.59999788445987 0.0353437124680838 -9.87913587505182 7.58186811824478 0.542982011729464 -0.100789270278483 0.738289390099453 -37.0428230913506 4.54026668834626 2.13475998638887 2.89075602961566
"160" -31.8919273134028 -4.42595172480389 0.939254990653268 6.31128362459458 26.7583173254351 10.6487195819746 0.0342106631307857 -4.73350722936789 8.96387273020905 -13.0929759061314 -0.206199005648429 0.2775237540136 -35.5656797423734 20.3915833660722 0.648745580458808 1.43181370895581
"161" -27.8414537580433 -10.2565922118307 1.38224687486166 0.267983063905831 20.7245206286366 17.4359497567378 0.032948595434199 0.556986031685597 8.29203240787944 -23.520552016687 -0.267670197300845 -0.193097320334346 -27.5083409339721 31.4407206187455 -0.826754100889048 -0.0863362174768554
"162" -16.3028439382041 -14.1398043120432 1.39968603616333 -3.91992663047176 8.96762326543387 20.2579732706621 0.0296755577382157 4.03586429226198 5.1636057458578 -28.1139132470059 -0.277099123341543 -0.723696385488438 -11.855228423612 34.2241421351442 -1.9874668509915 -0.935699088371621
"163" 2.1975723178669 -15.4878949376966 0.914425648162535 -4.96689549439407 -8.25746834706399 18.3730446665193 0.02301789798328 4.58342617556536 -0.0201807346495997 -25.7064916939277 -0.234212335284212 -1.37098869801957 10.9294374778263 27.3140022445097 -2.65957911160308 -0.648491185060266
"164" 25.2988422918617 -14.317895335338 0.00428255405455502 -2.89236202281018 -29.8962090345458 12.2381798647688 0.0125650041077705 2.27671130339377 -5.88040009564648 -16.9647405594127 -0.146127565914284 -2.20726880695292 39.0131699587363 11.7696260321052 -2.8597299271039 0.875127745121063
"165" 48.3056062486088 -11.1551377709003 -1.10185182919039 1.15493126040201 -52.6491063361979 3.4593679189158 -0.000800731844066149 -1.76493561413736 -10.6924252753329 -4.30575705752437 -0.029177362200798 -3.22350210820514 68.1359064623628 -8.73898131201747 -2.72380407261494 3.30387996359968
"166" 64.0998253891543 -7.0603334645582 -2.02075058386811 4.95130982103001 -67.7279853241445 -5.10616245932272 -0.0128630447215272 -5.45111638611706 -13.8441354237095 7.97297841247052 0.0849551572960365 -3.95758487948297 87.9658970683967 -27.0431259497328 -2.33385589155432 5.43547812204815
"167" 66.3501862739536 -3.80100334981785 -2.28812780816634 5.13783790329853 -62.5030954530264 -9.61341015056104 -0.0135617903626581 -5.75771431652583 -16.601732434756 14.1212116323752 0.151666578350628 -3.20922475989573 82.7630352604293 -33.1125931363225 -1.64842104326908 4.78510908377939
"168" 54.6196410442295 -2.80387729404902 -1.72392899721953 0.199446756698308 -34.0465711201712 -7.89213967672816 0.00339131817023031 -1.37711539107113 -20.061466112709 11.0297676493835 0.142746619840068 -0.366203318040789 48.1251209552286 -22.3053373624063 -0.721439169104997 0.0644596528181864
"169" 34.9478305394439 -3.0164578230108 -0.802997697916879 -5.01378681281039 -2.71367876982382 -2.95195046636661 0.0212756719191134 3.45632033741299 -20.2579504335284 3.50945383278173 0.0831501042714535 2.31474555181921 8.6162516884711 -5.36036406074442 0.0185062321038458 -4.58088950768251
"170" 20.935938568576 -2.60976484349726 -0.322252279419089 -5.5115147650954 7.50403175556968 -0.479811986887483 0.0221354166025378 4.19420597484543 -15.7920038791857 0.013934239451487 0.0419571114533355 2.58848062039579 -5.45650307867101 1.52224340424956 0.208633438867764 -4.95829997766941
