"V1" "V2" "V3" "V4" "V5" "V6" "V7" "V8" "V9" "V10" "V11" "V12" "V13" "V14" "V15" "V16"
"1" -0.798853189628177 0.000657029130643583 0.0232360577078233 3.51966305303856 4.79149297600001 -1.40696845013318 -0.0501435644252436 -3.51528166037802 1.63178874709416 1.4013416250168 -0.0535038545747536 0.711499080687371 -4.6201729740839 -1.30567697585796 0.404304258423502 0.0606243395678412
"2" -1.84997447524466 -0.255884364892228 0.0913479682877197 5.77321385422442 6.4242884022341 -2.89151065786629 -0.0618631567790689 -5.75761660040681 4.37203318941436 3.05182179004091 -0.113622821203665 1.24646240437019 -7.00997529397568 -2.17267057809842 0.600697509658558 -0.055656731169023
"3" -0.816417627233927 0.0867831690597001 -0.0136320018950464 4.72622029339256 7.08818926062638 -1.62194945369201 -0.0734908677009039 -4.72057518474886 1.54850854879539 1.54884308995777 -0.0590046897585113 0.975333643682351 -6.46702205152807 -1.76681683781081 0.561953754150289 0.0738535010764281
"4" -0.263160741470126 0.139936773636794 -0.0739699733634175 3.39243976385732 6.01710138211541 -0.835746872884598 -0.0587863921941516 -3.38717886716755 0.27645295402295 0.713974652674357 -0.0255236700502797 0.751121136411658 -4.98964759462062 -1.2953031401704 0.420227565483454 0.0103443356281154
"5" -0.25997741365583 -0.150430855434192 -0.10726796519223 1.92062606079524 3.20190343538466 -0.501023452558117 -0.0155351514129556 -1.8907727102305 0.811729702493558 0.530038656329709 -0.0121519671125594 0.633252201632597 -2.68520048586094 -0.776709114036947 0.172848537125954 -0.280489395532438
"6" -0.179502505902583 -0.355499127043137 -0.171977157374765 0.982751796354448 1.52307698318483 0.0956061544884531 0.0126893267421591 -0.909566814645522 0.845656230825675 -0.00131248809559295 0.0111322626247242 0.558925759914185 -1.21798020828058 -0.339208080439214 0.000527973951501164 -0.445190434251845
"7" -0.0897094722806777 -0.502705788581582 -0.247874920503527 0.395014383373594 0.443769077729923 0.878739547848408 0.0305617092478864 -0.263903408236658 0.609874939759283 -0.778602816135851 0.040126151299987 0.487723504554022 -0.2410150030958 0.0757181526247899 -0.122626758513308 -0.494624817044468
"8" -0.0606880253112578 -0.626690352238737 -0.318303070488002 0.0492378827411795 -0.394552481147219 1.67749508167676 0.0425006904896311 0.145706056544852 0.399612925154813 -1.59365802291556 0.0677836813626725 0.423378951751182 0.462458480993643 0.461121263343698 -0.214735427961508 -0.479539070647252
"9" -0.0656392676394173 -0.719030872142926 -0.375162429232163 -0.147541744111747 -1.04693154386204 2.38260937158627 0.0494134622672149 0.400294444470018 0.216758850870937 -2.3225428850188 0.0902649077788856 0.363597830320568 0.975604756661692 0.79625687320828 -0.281357227002546 -0.429998285977767
"10" -0.0713216436058763 -0.771397022615762 -0.409973494115424 -0.284357729491367 -1.53983647002704 2.87999248729225 0.0521035741947284 0.576831845125055 0.0382448514897575 -2.83431299309922 0.10365266783755 0.304983707005011 1.36742797926147 1.05755437789674 -0.327486417760678 -0.372231461221304
"11" -0.0511744430528083 -0.779000414745797 -0.416023341721787 -0.432296296068831 -1.89456200726206 3.08010736623995 0.0513174520022123 0.737103911641341 -0.155695251171878 -3.02509622958104 0.104919161139579 0.244727798401989 1.69356946659991 1.22670255606488 -0.35742136901143 -0.326773054015046
"12" 0.00802104525779601 -0.740242927310476 -0.391231505462136 -0.630286844957507 -2.13180744919425 2.95290372316211 0.0475207974221646 0.916122173988573 -0.372607757852132 -2.86002572584453 0.0931498529306183 0.181817217929954 1.98939671899399 1.29828170355672 -0.373760850714507 -0.305469292416628
"13" 0.103865008516353 -0.656499751479451 -0.33922722229206 -0.880283962705189 -2.27376355823452 2.54063317035769 0.0408236495251773 1.11824337014852 -0.60447337623182 -2.38867136499914 0.0699995376497838 0.117474248521933 2.26780052843746 1.28259253585994 -0.377077010605882 -0.310504523304239
"14" 0.221016074420025 -0.566820054704553 -0.262113179928529 -1.12506529313849 -2.32300879909119 1.91894199709194 0.0320616212889131 1.2972848622033 -0.829010261891071 -1.67958328112825 0.0383836837088387 0.0531562831957793 2.48793162723098 1.1921694328465 -0.365523115971842 -0.32193758415082
"15" 0.292742849789409 -2.12439472409676 0.106169605840197 0.11699547266165 -1.33779628783644 0.203991504058361 0.0666457447895613 0.157230944348945 -0.903370621695792 1.22795434162872 -0.0298147781322886 -0.0738212770808104 0.937482901252423 0.596086045600376 -0.292182409472513 0.350634637841836
"16" 0.324487769650335 -4.57716972040931 0.630343773423208 2.21454202558045 0.219611035748157 -2.0440196791475 0.123598424044625 -1.74337722328259 -0.863857476818194 5.25443566074123 -0.115896376324483 -0.230495869763212 -1.61255421586878 -0.271429923795828 -0.177701004564523 1.40224854162052
"17" 0.519867547790923 -0.554745518517606 0.0706177238631329 -1.27677140092994 -1.97983132103495 -0.283846826724142 -0.000874063896536645 1.25606408308854 -1.23596015342521 0.945200591312667 -0.0721232591447588 -0.120148355177843 2.44282960143624 0.654820101422911 -0.227776274668917 -0.211800038148393
"18" 0.590702622482942 0.167057176785271 0.0575974482439118 -1.78914528263239 -2.23129422404472 -0.408458388252982 -0.035968586277399 1.63730059288623 -1.30743207378264 0.68752542698428 -0.0891459923367576 -0.133834256200622 3.02469037588451 0.67161070154437 -0.173220189771698 -0.447309807316181
"19" 0.617013239635903 0.338746383691038 0.128500232270367 -1.741957430181 -2.15183242612014 -0.739202893190919 -0.0571082802174638 1.52640497175968 -1.28169813732679 0.972811989121008 -0.112047920129057 -0.161846905375779 2.98028461411107 0.54830314502161 -0.0937153778169601 -0.442879718581295
"20" 0.553175323859376 0.443489684031201 0.179798749986257 -1.65352994514652 -1.89729717761293 -0.881504537844967 -0.0688087357934288 1.40171873599792 -1.05549608221765 1.04846940888087 -0.117296151268139 -0.192176588457734 2.57339243800041 0.427559970583076 -0.0226578245750347 -0.398534364522281
"21" -0.487492789176028 0.533714843809959 0.364666031072758 -7.12023305846585 -0.592871607664926 -0.664568649894147 0.0188986214678028 6.63277480288349 2.28913959369812 0.616300962601648 0.00683687923615403 -1.10796209109673 -2.28765988528009 0.970998561517029 -0.31167127572656 -0.579857218329064
"22" -1.23794060886383 1.04348213230567 0.752744950442185 -14.32735765934 -0.578563042598144 -1.18243531945275 0.0493145969615653 13.3558719759803 5.28869500037131 0.987424900998716 0.0435645702308037 -2.28972472232202 -5.79614093885712 1.84963259380713 -0.586333130816442 -1.05837135365176
"23" 0.287478102702122 0.71315763837748 0.397715987963965 -2.3044845214381 -1.69955077014881 -1.31979075585518 -0.105474748077167 1.88665227724637 -0.0718429818795538 1.33795820055319 -0.148614567007211 -0.441052444585054 1.50690355638935 0.366100427070513 0.164936515694332 -0.372812816963425
"24" 0.289717927858103 0.466084398640716 0.365845134799041 -0.699220288530306 -1.93537448776464 -1.56056378814361 -0.108090171077559 0.385082765938715 -0.352301517010762 1.65598285114136 -0.1881206119717 -0.216240638487033 2.33719433897746 0.259107875785898 0.299482968702846 -0.326282919059942
"25" 0.0758245477135588 -0.0784313183660963 0.309696963451855 -0.531967044133426 -2.06518827400982 -2.01744254690035 -0.0431937380897097 0.328777388675776 -0.0212779682146085 2.347429694238 -0.187214518433206 -0.185785491397997 2.36863455923066 0.449990286701227 0.209182134491781 -0.370000443808777
"26" 0.331379839739668 -2.92058207088087 -0.276141579645835 -0.909455419920111 -0.298192498462856 -3.67246632833168 0.429182665854415 1.19711137352078 -1.23546593748381 5.79436754479871 0.170928300890427 0.0473006330839372 0.807014593025905 1.0034263524684 -1.58014024262325 0.188802386346115
"27" 0.80497093958049 -1.91947126461438 0.00247067592607919 -1.01820851948387 2.44771598943948 -2.18565165489303 0.240259555304452 1.02820482579579 -3.14466887098113 3.55890068343953 0.0900279086657929 -0.317540487069785 -2.21576553047567 1.5714216817742 -0.793274780848177 0.34702930392487
"28" 0.653388345878085 -0.51503234929959 0.528697117458922 -0.846359547318144 2.04819614786371 -1.78862266834074 -0.0690643562832844 0.53011714452958 -3.22029302668835 2.10675889830949 -0.263074493325615 -0.816573269251721 -2.19691209273972 2.29198593470239 0.801706541357962 -0.133546507792648
"29" -0.662553775866364 -0.949114694170795 0.0942328062315717 0.226220984967373 -2.50222400018441 -2.21535733157728 0.0531422094069544 -0.0316781134850537 1.20592983528558 2.58897185982385 -0.243696108122387 -0.324495736801069 2.22804690696761 1.13966312213366 0.553752339926665 -0.600782886818983
"30" -0.85162769527741 -1.10780568813637 -0.030580037271587 0.455657443081785 -2.85941021347275 -2.11080018720705 0.0878941341355478 -0.121771631267844 1.75133546978375 2.47828659196326 -0.212574543672975 -0.300745951833065 2.4700048225716 1.11082671273797 0.521118231760279 -0.640365721698572
"31" -0.671252909838364 -1.3776464125936 0.122009560215536 0.653794070741483 -2.37415283945609 -2.14735124945434 0.0610560106989397 -0.326219190449857 1.74449430913989 2.68982274739548 -0.206842124321933 -0.419551655976488 1.88275986388761 0.66962731450475 0.782675302319916 -0.585401035322427
"32" 1.50565364973186 -2.94081958346957 2.26013971780259 1.39255096488232 1.88083111402701 -3.80788607536844 -0.365195449700267 -1.88954822219939 0.371239544749092 6.12883221363503 -0.513883739299606 -1.42266248157161 -2.44054485378155 -4.0507317515803 3.46942166338989 -0.00865746002014944
"33" 0.857674984178128 -1.22890376584993 1.09824194589263 0.5788777981444 1.3183198155285 -1.52144799509443 -0.191755932816644 -0.881632751502272 -0.103927450889908 2.57697728345865 -0.211696064956947 -0.624799155914583 -1.51412509283902 -2.10450355944528 1.56881681464619 0.0860785647852556
"34" -0.382282937066854 -0.687168197442916 -0.101621533758998 0.367563669591847 -1.1759214354481 -0.583942418345647 0.046509739623998 -0.144103916097064 0.961037822613079 0.697109038897907 0.0940948286638466 -0.02066588780961 0.852088814952118 0.658048681120404 -0.0515451548755163 -0.37165404763865
"35" -0.589373570126083 -1.05974940533595 -0.184793813063189 0.539034896279443 -1.860967935487 -0.727576357856721 0.0647377017981687 -0.216804619202746 1.49902944333498 0.834685389649186 0.259789190864421 0.1075680798889 1.35593223439619 1.18433342432625 -0.349753878223905 -0.647414804077656
"36" -0.425292842347577 -0.958617470133368 -0.118775790121789 0.409500258703027 -1.56972676023021 -0.401629608843991 0.0234750524830587 -0.218570022727093 1.26289386870837 0.435640299204683 0.419368684929774 0.318751733898978 1.13738314413427 1.164733017014 -0.703669532824128 -0.67987750594272
"37" -0.214639266295206 -0.805776138370939 -0.0280659532551076 0.21434065515454 -1.21654337843379 -0.0591663084421831 -0.0270366203260909 -0.183862689248127 0.948898744881671 0.0160525607949744 0.572667140701018 0.527631924020596 0.888942466445179 1.08572024773631 -1.04869065035745 -0.691055839149726
"38" -0.0211333532364719 -0.550255345030624 0.0345872040211919 0.0258312342790799 -0.767089350921147 0.163825177797883 -0.0555306464930217 -0.098427856257814 0.564451788168409 -0.24734782093979 0.557399848826186 0.540572425085681 0.566134801205308 0.812118892719066 -1.04534146259967 -0.564444289958267
"39" 0.536675864745317 0.0192899470067363 -0.366253474361913 0.513187439975368 0.454362394125542 0.308889166724671 0.040698375922776 -0.0958257880144946 -0.117034335214854 -0.381256493640663 0.0637927621244324 -0.217508973596778 -0.766472380942995 -0.225492013977511 0.453106702382125 -0.272776519371604
"40" 3.6532362054631 0.793807870623433 -2.51081817275236 3.3193256726775 3.92276953695346 1.86223802700629 0.340567196338897 -0.404731670271794 -1.44119676221709 -2.24450722062771 -0.262752888478039 -2.19779927594978 -5.79214203181585 -2.53213320490393 4.37955805775681 -1.11571792473664
"41" 1.73994715134676 0.104039469535588 -0.780252606394402 0.284939208017256 0.972723980666203 1.14599829018619 0.00579686073848538 0.60512894020599 -0.395522427516124 -1.42931324851432 0.410958795896856 -0.618966231312562 -1.71980956264128 -0.662784155579657 0.778391148760912 -0.609680680210545
"42" 0.936149768063585 -0.103080343248519 -0.103419063599555 -1.24508886408256 -0.329608843319781 0.694361378596858 -0.107130374385893 1.38022680454527 0.0493248196153857 -0.890608443681915 0.487227369356004 -0.322777886882051 0.0532611903383682 -0.114656938995335 -0.264108191886827 -0.168490872392134
"43" 1.1135508248978 -0.0246227249332165 -0.244430889022751 -1.50885572992148 -0.303923486740473 0.622509611666854 -0.0750172734195745 1.84735038006812 0.0532724054295421 -0.788338620095655 0.292458167145781 -0.844187226307497 -0.152068613257299 -0.412377179809544 0.351739122713321 0.114402139137695
"44" 0.919776796437578 -0.012821002275202 -0.629285700718678 4.23252036073084 3.76114819067232 0.878778483065841 -0.0461249529048783 -3.22608336954792 0.293121822035445 -0.914314052182763 0.108117330029659 -1.40742588570726 -8.4704121404226 0.260343739682806 0.887506359437648 2.84550112641542
"45" -0.373159540583415 -0.0531574548835092 -0.734365567068991 10.7030240202321 7.79808272777419 0.962466739724819 -0.0252871807966594 -9.38943760139101 0.548171686091639 -0.842597636785976 0.0143743884535606 -1.08633903206948 -15.7938047732907 1.34896899007951 0.615826572531424 5.15389309956433
"46" -16.2871641922633 0.385884304126576 -0.013544539558982 4.48501095942089 3.20111434532289 0.481774928930027 0.027915356062802 -3.68528456649446 1.45537467076057 -0.536733018437805 -0.101443734207131 -0.762784554842627 9.88435315530985 -0.421471020288313 0.131083430573617 1.978514060302
"47" -26.8544744014237 0.755910392323667 -0.191569879563318 4.29769012016764 3.92770713541974 0.759087557879597 0.0784584237064033 -2.93317035221384 2.20936655108754 -0.879973535090518 -0.339460366808624 -1.97656330874053 19.475942627344 -1.48949365436547 1.01259064308022 2.87525747435765
"48" -0.288660358162108 0.249021104451467 -0.567831966591072 -3.35244662260001 -0.395989529464483 0.181853767554113 0.0679361795804286 3.71940633055841 -0.333053512540911 -0.189731446244694 -0.393462721744388 -1.68189364516289 2.02614784630255 -1.25258546937458 1.82927821859381 0.798143506847097
"49" 2.12308402586957 0.194497594655367 -0.531769404354461 -4.14195764469465 -0.72990643278607 0.0782495083093415 0.0666848567427638 4.09669884495561 -0.748356277120401 -0.0492146339791482 -0.405652741369116 -1.15058969959679 0.494679451969191 -1.13263467834821 1.67202018270694 0.544807186825707
"50" 2.14103390507543 0.175402390130944 -0.345492678874478 -3.94837523128863 -0.546651951064529 0.0975549315059634 0.0356951196646358 3.39038325826821 -0.996283597588139 -0.0600909745924001 -0.299997817293111 -0.225302256975432 0.366250621487751 -0.877712498217612 1.04753048093347 0.349797694710844
"51" 1.19551063931051 0.268132101771032 0.48211717404264 -2.24965221207238 0.403377976821435 0.625125472461144 -0.170401155029863 0.852896241948815 -1.47530575023008 -0.760999574855235 0.530862913569588 1.72446305505436 0.206223506861448 0.174276132840004 -1.74183271143988 -0.344229838447816
"52" 0.242737858883091 0.0921810991301093 0.316320443162826 -0.346087645938235 0.3235883082103 0.298915625309194 -0.0955057226146582 -0.323387222317504 -0.565358131091688 -0.370469168353134 0.323602944668547 1.04404818727025 -0.035686385048038 0.259054758731571 -1.09637073074786 -0.258474500139251
"53" 1.18921162579036 -0.150710356929946 0.217953278942806 -0.0341311354895346 0.297942106805507 0.0307942808993069 -0.0575428687490349 -1.72837149259101 -0.614474592996544 0.0634792072463132 -0.00606250632736494 2.97153966661715 -1.13596872252854 0.146341128728023 -0.65837054448799 -0.407195891623772
"54" 1.90918042382024 -0.381942812294795 0.539450665211699 1.32928777032634 0.821660101429632 0.0644037987656059 -0.13765180544471 -4.85280202851195 -0.895483529208825 0.12008633986712 0.0667615773298708 6.3478906887114 -2.70438761264174 0.51081024183838 -1.58755346574341 -0.949813896466566
"55" 1.85024569893793 -0.489928149965101 0.696433885797374 2.51186616393757 1.10858042423405 0.0860843240139988 -0.176096942113358 -6.54298618922288 -0.793475511861153 0.118858553339373 0.141223772163889 7.55069432560923 -3.40203969765831 0.740958291309493 -2.02729990638782 -1.18433041237932
"56" 1.94789660934987 -0.384165714948145 0.541846117820283 1.30085546781626 0.823565833423856 0.0647956419532671 -0.138428902013085 -4.8662528171035 -0.915708597668839 0.12218885515385 0.064357745727633 6.41042767591543 -2.72407043004193 0.509019729236169 -1.59556066366538 -0.956252620933682
"57" 1.71771986064706 -0.182813277899633 0.245098319648934 -0.41990983286265 0.320336639265726 0.0286431214316394 -0.06638235880538 -1.90389831143345 -0.885030245278251 0.101648654765786 -0.0467675083010396 3.80723841794401 -1.40608996403087 0.115702978601085 -0.742713499442634 -0.491410369504891
"58" 0.525721232521406 -0.0205486452340486 0.0152614089243908 -0.460970741514681 0.00556488255646848 0.00533315334352358 -0.00760024884562494 -0.0446237684289965 -0.269459333154797 0.0257901875314705 -0.041054244487528 0.719056006538793 -0.222132969173547 -0.0531093049021822 -0.0487798998585831 -0.0630930083656303
"59" 1.46435806967064 0.077010171706128 -0.20590710168614 -2.47664668734852 -0.337529801422031 0.0126683545259831 0.0271457677512146 1.91147268718563 -0.686374376186276 0.0373899297728456 -0.224578166130318 0.221220727440077 0.119469854020345 -0.523643098060644 0.62705717032885 0.177332636852604
"60" 2.18889689555608 0.157289955405826 -0.414737332050262 -4.00292397014338 -0.622766771235334 0.0376478572061159 0.0552550645124738 3.51417042093654 -0.929883410415428 0.0189449817101595 -0.376795753340594 -0.361451598979819 0.357039945600235 -0.951938852222076 1.28501768634262 0.401920822177019
"61" 2.13209382452668 0.194234812704732 -0.53220071632891 -4.14459456852781 -0.731671692721196 0.0777924250920365 0.066766993450356 4.09933264071584 -0.748853696874463 -0.0486360849041308 -0.406005225918416 -1.15108452050624 0.488781305851518 -1.13286840693648 1.67334287180809 0.544335939319097
"62" 1.99958838372439 0.20112039840253 -0.593915055808787 -3.94552614786972 -0.76277466542615 0.133861167343711 0.0654583301616144 4.23563485187498 -0.535552242192864 -0.133695711787219 -0.389695541138131 -1.65033349728489 0.487175031451841 -1.2159503199522 1.87871204945601 0.608574369225778
"63" 1.49105117822709 0.151553550548257 -0.485310281994784 -2.90507940720823 -0.5967512116145 0.15271201513749 0.0449532182020405 3.28686395057912 -0.292597582460868 -0.172246553591217 -0.275941479010373 -1.48830072267901 0.33948333867648 -0.974820362719372 1.5310947055728 0.487523590792577
"64" 0.988389104152947 0.0863643163942545 -0.336498782579524 -1.80802007442654 -0.400599890115867 0.191054317898214 0.0150523601316694 2.17329007768515 -0.0857075630022592 -0.233125422090514 -0.122230590003625 -1.11569831177449 0.161994228842389 -0.664684355321662 1.02531036463398 0.310952406333762
"65" 1.44413269384926 0.100295709393579 -0.476840509647232 -2.4997159784738 -0.575049794007889 0.392514073926886 -0.000987303663322378 3.0806810873148 -0.0403656819911582 -0.489062828454459 -0.0784000342689762 -1.63003506812013 0.17029146189288 -0.934622090495496 1.38021013511323 0.400089452750436
"66" 1.3175837368032 0.0473316937108663 -0.380684896068834 -2.12146937737066 -0.502182422905246 0.511029840871998 -0.036194836045625 2.62065804105642 0.0204718913359017 -0.645361285311909 0.0911970077804298 -1.32849893561681 0.0987847219484266 -0.736932931508381 0.957311322140665 0.251322741086739
"67" 1.12284440789955 -0.0214484148251639 -0.233371069170649 -1.66834601569682 -0.405122717738562 0.616486131434248 -0.0759610554434077 1.98633408893382 0.0392190538333459 -0.785646811778643 0.296168893904917 -0.829431298450118 0.0627124323076842 -0.432997569625376 0.337831988344396 0.046221043874624
"68" 0.946680674137554 0.0401042856722658 0.289760510779713 -1.44569344302121 0.0830246170102154 0.974982438783316 -0.209110784055877 0.938869637609564 -0.559345508811322 -1.24706463227369 0.832250413807598 0.676494799003912 0.119619684496044 0.210719253823721 -1.52846064191441 -0.416950248407389
"69" 0.813488411464064 0.380226133787307 1.55426398184163 -1.63860501826297 1.37942775210601 1.85617776558555 -0.531049640146366 -0.93385698293688 -2.37142378552519 -2.37184431623948 2.02014781426883 4.11960303248679 0.309886914709246 1.48321085853099 -5.81564344753461 -1.37261207192651
"70" 0.507058066821584 -0.223772370422674 0.390652550950708 -0.72781816599408 -0.107519739676068 0.865156434077264 -0.210281355013804 0.075689010566693 -0.277618773568225 -1.12347023990065 1.01193001558648 1.26997919853989 0.313443144843625 0.775909631820979 -2.18978862210684 -0.7164296328096
"71" 0.254516704519169 -0.481087362741381 0.112502442565888 -0.29735613619566 -0.61456014248567 0.495964277869965 -0.116346950214077 0.0997055666019175 0.368380915685339 -0.664681238740082 0.770805031366351 0.698568599055484 0.455516770559989 0.788960813056309 -1.41344931739107 -0.634056985286819
"72" 0.0168210340339243 -0.643617589585862 0.0585193556834666 -0.0256046467839219 -0.88875313116276 0.251031068318639 -0.0771281579746026 -0.087527095891927 0.638200459000174 -0.364872883354113 0.701476108138181 0.677345187280004 0.660143234679147 0.96717002864954 -1.31699277781173 -0.683580954817273
"73" -0.213980280110105 -0.807355003765522 -0.0277107921844773 0.213586642651279 -1.21855250989325 -0.0577030322017833 -0.0273883349710484 -0.18373477974311 0.950147690530706 0.0140809553395629 0.575077032180245 0.529906922372199 0.890449732787651 1.08831657210286 -1.05318373677581 -0.693089204786517
"74" -0.425337557706111 -0.958686428259687 -0.118788943287879 0.409537456401463 -1.5698593750574 -0.401698228614253 0.0234810160752497 -0.218581327128524 1.2629973085807 0.43572064822529 0.419373250867504 0.318744563100154 1.13748242131492 1.16480393892777 -0.703666739047485 -0.679914465678934
"75" -0.606000772543355 -1.08470989718847 -0.189678140468627 0.55281009240344 -1.90934782953174 -0.753158162273168 0.0670034616216999 -0.220994375322496 1.53670890064092 0.864673145642244 0.260951002824868 0.104554436977715 1.39227678567406 1.20993729379586 -0.34787900709769 -0.660617745644572
"76" -0.747735858485896 -1.1760295469243 -0.225754636118147 0.639106481379878 -2.21298847302009 -1.0917695256223 0.0979796812714564 -0.210204899519599 1.74442043307822 1.27523674945281 0.117411381322707 -0.0740933237370598 1.64568432935184 1.23184640546204 -0.0372645684436377 -0.645350879321597
"77" -0.845345805854997 -1.22671373996237 -0.222730798977078 0.668677409004689 -2.46611012182418 -1.40442934004015 0.114473387443347 -0.195310468835482 1.87221557589016 1.65102959713035 -0.00251675621286351 -0.200660160394854 1.88874820146685 1.23368503156241 0.204313882588845 -0.63787199545763
"78" -0.896019057355543 -1.23335486115734 -0.183907118598444 0.644647271701306 -2.66092245574724 -1.68272325025938 0.116964032121227 -0.177755712755186 1.91540088238026 1.98175287878061 -0.0964087538676238 -0.274366043051678 2.11300755633123 1.21546792072721 0.372434746340499 -0.637299539117578
"79" -0.898598442661758 -1.19395923996938 -0.117039071141871 0.57170632269195 -2.79371415295482 -1.92013535342984 0.107353361272494 -0.154547170775015 1.87464325549702 2.2596000702396 -0.165429009315391 -0.30342553189293 2.31046938831164 1.17576597667713 0.473661008752981 -0.63996220162624
"80" -0.853051655731726 -1.10701897485865 -0.0318193201906479 0.455558236224324 -2.8627207032972 -2.10982544964218 0.088142757026133 -0.121125374757668 1.75324566722821 2.47637791499642 -0.212367847024026 -0.300022484612455 2.47336192802627 1.11275023510773 0.519554941235479 -0.640739482123024
"81" -0.760141609313527 -0.970808368058638 0.0618083010619062 0.302925970202933 -2.86667325603931 -2.24287084749347 0.0618530672659299 -0.073544517289271 1.55551875620449 2.62122370254907 -0.240434532114374 -0.277159494084209 2.59371334539014 1.02471513569304 0.523146703402272 -0.633863183171911
"82" -0.621293182931263 -0.782905526143188 0.15460264486974 0.12184413717201 -2.8039982567679 -2.30685471702803 0.0306684233134137 -0.00994789498574455 1.28597014886507 2.6787594148012 -0.252608187037481 -0.246921321785042 2.6629942165664 0.910403302125822 0.497153826866358 -0.613358277578286
"83" -0.43857348153065 -0.539785700724909 0.238407099355613 -0.077935917095397 -2.67234404217905 -2.28439009083439 -0.00375347773827225 0.0685142815545596 0.948938092366081 2.62715190489432 -0.251311722491031 -0.21963519991273 2.67173800331605 0.769294485378632 0.453233291141652 -0.573244279636313
"84" -0.214234453463623 -0.235445131886715 0.306192153893938 -0.283557556130795 -2.4665194916158 -2.1499602075824 -0.0404447608973879 0.156035747128719 0.547711934859468 2.43394889361047 -0.238137243484265 -0.20370086382859 2.60707901071866 0.601240839135428 0.401871870152026 -0.506790552725462
"85" 0.0598768871835276 0.160195564453994 0.355008775943061 -0.459751006232258 -2.1493123226986 -1.84461717165828 -0.0815768901312625 0.21854863533918 0.0774246101050977 2.01986843913008 -0.212268889975427 -0.208262066596603 2.41279385972899 0.391169020730083 0.357038964627418 -0.392854182284665
"86" 0.394898225551312 0.719174283922538 0.398517672604727 -0.481789116655792 -1.60791916937768 -1.26862994325109 -0.13601293406207 0.119055540947979 -0.44064852405123 1.24010138695697 -0.169620604575344 -0.248449000296667 1.91166427120175 0.0784508979856797 0.349408921986359 -0.167077668567259
"87" 0.494550680360947 0.919890963387262 0.414804115172117 -0.433867972971697 -1.38945357026607 -1.04298575698412 -0.155687278532079 0.0310512441923949 -0.591401178532088 0.931906055624721 -0.153561435603695 -0.267526302736101 1.68648473444308 -0.041828486411017 0.358195047246449 -0.0701621181982404
"88" 0.741339805885906 1.47770287616134 0.477382902854506 -0.144676792058133 -0.71204696349931 -0.397632764875446 -0.212718389659125 -0.378166394438479 -0.908068482220727 0.0406242697786552 -0.10550585823123 -0.315599486753797 0.901861364901237 -0.412079283701877 0.400757691034655 0.244013071947876
"89" 0.898380170817237 1.85035806174668 0.548493647622381 0.195606292152782 -0.148797350960878 0.0311239288313402 -0.253087497204476 -0.821476864343944 -1.04032343929222 -0.557488965527416 -0.0668749166329791 -0.343721041786225 0.174101443807203 -0.716639789085817 0.429419651812488 0.523302769876025
"90" 1.00328695538198 2.09564764422965 0.615505169370027 0.494605647397085 0.326148075825445 0.317927413776936 -0.278151957579521 -1.21139986271061 -1.10498171395471 -0.953256094440724 -0.03302998768638 -0.359646101683452 -0.454345101218586 -0.960213162074028 0.425184183239024 0.77155459956127
"91" 1.06955196303007 2.24152578679221 0.667331182921318 0.738666150015284 0.723952915337481 0.511723754835636 -0.287353774446257 -1.53142682012291 -1.1275877527466 -1.21171534182068 -0.0025105808776954 -0.368303359532863 -0.99039110143584 -1.14210515123439 0.38853934571341 0.992922061662632
"92" 1.09822883044919 2.29612285049959 0.692119594021369 0.919320176082376 1.04441103098905 0.632354227426654 -0.278010351691383 -1.76498495024807 -1.11430038166018 -1.36015152654347 0.0237072636785597 -0.378598229067887 -1.43064234663137 -1.25616012672639 0.323969472905685 1.1889457035829
"93" 1.09009854851619 2.26493624639063 0.676571076562115 1.02639945038539 1.2853212382795 0.693225931867981 -0.246673072153743 -1.89199734354864 -1.06975868575739 -1.41734518176752 0.0439710444818841 -0.401319780114502 -1.76966864001619 -1.29615583834862 0.236980489586657 1.36085412426906
"94" 1.04641456013134 2.15232250811411 0.60602859680428 1.04844901706014 1.44365416218309 0.704110481637819 -0.189334576724662 -1.88963985872066 -0.998327271220788 -1.39723995378293 0.0561799803154407 -0.448790916002235 -2.00129822158119 -1.25607384228301 0.133893613081432 1.50984787906836
"95" 0.968952934589179 1.96196679977883 0.465303382229307 0.973850510437375 1.51614301519032 0.672241483305933 -0.101780587603225 -1.73414856703634 -0.904227947519797 -1.31039534493395 0.0580071999503903 -0.533971811329344 -2.11939963239224 -1.13036952096697 0.021540525851101 1.63697846465531
"96" 0.86024223020677 1.69791089589781 0.24102243450926 0.7932006148566 1.50054546962149 0.603342347290283 0.0195200893728281 -1.40502989309482 -0.791690942980654 -1.16542679739257 0.0472947711821982 -0.668519478169078 -2.11952420390348 -0.915334095250124 -0.0931981498264458 1.74296286578645
"97" 0.724016842126421 1.36646493267151 -0.0733237116542542 0.504047256264407 1.39808787353194 0.502707717221546 0.175569447505115 -0.89362855886875 -0.665001705754296 -0.970612568652311 0.0227367910611486 -0.858989270642265 -2.00214480443222 -0.61235694949971 -0.204051409107056 1.82787737567213
"98" 0.566045297294986 0.979598905505375 -0.468171729394458 0.11935710870851 1.21772512660448 0.376502945283997 0.361505180567817 -0.218493077703842 -0.52839216682316 -0.735959260922677 -0.0150225172671327 -1.10024873416822 -1.77840199079357 -0.234169067320543 -0.30617376396483 1.89070639861667
"99" 0.395256782621933 0.559620419453482 -0.904746043843048 -0.320421366681479 0.982070397648251 0.23324362135845 0.561867916418129 0.552771598909967 -0.385725402443008 -0.475648666841443 -0.0619191983271083 -1.36615942713664 -1.47816068760988 0.186146577875592 -0.397061206484957 1.92862280275669
"100" 0.225201790961409 0.118426652808056 -1.30995305235632 -0.67563733296957 0.723196904644471 0.0906790876346737 0.7463555335254 1.2109822725114 -0.272752820107421 -0.218170335453454 -0.107345396547527 -1.47233436920028 -1.11035911581396 0.634583644159997 -0.480157650700578 1.79375730640205
"101" 0.0949187161868821 -1.33711396897776 -1.82606693906941 1.76020292079479 0.112468992111976 0.20491827098007 0.862802214166383 -1.56031235302343 -1.56640123387034 -0.333508875812785 -0.0575689102601265 4.1198377703988 1.20448046925823 3.01431933754424 -0.68365898203634 -4.53698736225187
"102" 0.00111294547500851 -2.85565031068657 -2.12301512540531 4.83661015217628 -0.460541926221322 0.381347650838007 0.879061633750842 -5.2308559602878 -3.07677544966712 -0.5474436824547 0.0293309650120563 10.7458991880079 3.69438615976453 5.51832021009855 -0.902584868449385 -11.8473049793073
"103" -0.122380183903628 -0.864868547512081 -1.28694216879976 -0.248887631200901 0.343165812098984 -0.192084659874269 0.811067916249254 0.768907913317932 -0.128753013921731 0.298370906108741 -0.117232321156801 -0.159749053858302 -0.33675168551941 1.33987827157711 -0.711889864058542 0.350408491288285
"104" -0.158825704368667 -0.657211944714783 -0.666718496103736 -0.378314489631171 0.55111978461764 -0.292983458677159 0.626903462810636 0.686696656777418 0.300396415274271 0.458253148263131 -0.0903891685351149 -0.955556243951523 -0.943344910992103 0.590616597796251 -0.742474058183519 1.5569181294046
"105" -0.149467741793883 -0.611911625163449 0.010819174949734 0.184527026247849 0.721996232488115 -0.312230736629164 0.388514714263474 -0.272102427157664 0.387559322912587 0.493908086507183 -0.0322757958964395 -0.434482490695832 -1.16135469429996 0.192681200132188 -0.787178532539855 1.36157291348777
"106" -0.207752201718813 -0.807590636894174 -0.203839962457406 -0.26225256025316 0.378985999784408 -0.379135246395109 0.436470149281569 0.422146471634939 0.370829042639862 0.613733436971677 -0.0630964905833831 -0.527173484453499 -0.596480102553038 0.409753979466904 -0.719093239996424 1.07440876353642
"107" -1.51537323336052 -2.60779785536977 -1.02327759699909 -6.87965633311391 -2.57287715087194 -1.39889645223679 1.04596544125616 7.15506811148452 0.572524697040226 2.2154661011382 -0.230243209050495 -2.11521739689979 4.94455070640948 2.09780303298347 -1.20090183405513 0.701011708237301
"108" -1.82470845838831 -2.25240949042527 3.87785319076807 -5.76157397719784 -1.6534106192065 -1.74425372382432 -0.346353272148156 2.33863009623628 1.04623979098127 2.69122197970828 0.204222170973939 0.490873252169802 4.51596789179059 -0.556287920864108 -2.12771983591098 0.64695957800912
"109" 0.0758117613912397 -0.433215776584403 2.12698762313264 1.02156055408645 0.901308153337679 -0.346261507705305 -0.413875086373412 -2.07300965376659 0.286163581884946 0.559823084317585 0.148821930955093 1.02590075696624 -0.92436540453491 -1.07416735091415 -0.836525478702413 0.271919450641043
"110" 0.369836506018 -0.269463646431205 1.9546228947996 1.30296549673722 0.973149987652791 -0.201405634338355 -0.460251491931283 -1.91578458943759 0.0421084785600279 0.345152214706551 0.140306636383291 1.00612872605251 -1.02089710696826 -1.14326991285076 -0.643156292908711 -0.0560574908434788
"111" 0.107871059969481 -0.236974657395563 1.78357769816868 2.01205100755069 1.13734792847707 -0.0754348866799757 -0.479419869772229 -2.14523310114845 0.283081079009982 0.215076599831837 0.12907781401982 0.789971206079848 -1.73419937384509 -0.969453228568466 -0.546968016031018 0.0926950902618273
"112" -3.57013433995748 -0.146454638813598 0.971207490251886 11.0740735246773 3.76450078196448 0.650114941742418 -0.393191506275793 -9.91802512630089 4.22009527053451 -0.425189620101573 0.104052192901628 0.169941313654519 -11.0506990697102 0.663593521596478 -0.565680112128745 3.88126559368935
"113" -1.6110286299133 -0.0367387547644416 0.159548797490845 4.65605199382473 1.52419692023711 0.310628598428281 -0.106855463260929 -4.03130968082686 1.84141354889729 -0.228339165873393 0.0252405468892205 -0.0984797210971529 -4.71008461729016 0.443824589336693 -0.166409613970609 1.72402239577505
"114" 0.754481120790596 -0.126277752322739 0.20576428901771 -1.34147727125205 -0.21107710633204 0.0326321452737606 -0.145596670107255 2.63958918034723 -0.807058431991877 -0.000903262492259055 -0.0123895077834906 -0.697731907908057 1.12470104246205 -0.376546850043983 0.0724737418641883 -0.799504798520939
"115" 1.43763942254797 -0.208306512341902 -0.0999675239456327 -3.202634919354 -0.702793783151193 0.0881469767117617 -0.14767380067558 5.96141595868905 -1.63212713194657 -0.0531270114551624 -0.066936877621753 -1.76540665238791 2.61698995299903 -0.48469934380239 0.295565055307594 -1.51239711161679
"116" 1.64787330760486 -0.21824689625754 -0.849848653130765 -4.55608079440857 -1.20829894371886 0.166867204308511 0.00620632432090851 8.4608114136546 -1.99101677276956 -0.152989487205903 -0.148290714436488 -2.87791760884931 3.5816496069755 -0.232498151963454 0.597971649274412 -1.6962204058361
"117" 1.15511042835228 -0.22441312316257 -1.68698284632688 -4.13159349543966 -1.21676845259668 0.354598371042388 0.17262925827845 9.31672613924282 -1.54306748953131 -0.340589298546209 -0.231956150335239 -4.05210106048417 2.79396061749283 0.262899565991173 0.884488955880454 -1.12936901562862
"118" -2.7609402134838 -0.148132136796773 -2.0673028694287 5.70033002280177 1.6478308456018 0.973861795285361 0.217448038143504 -0.116488812350219 2.79798190275183 -0.855055628402546 -0.216008803093954 -4.04339382777158 -7.02883011248213 1.705979749207 0.671800709209422 2.96501811911597
"119" -0.946645358734165 -0.0401753921681032 -0.525616089836776 2.11656203193984 0.632467802333549 0.297300179706763 0.0443552883415397 -0.587276600402789 0.982308060530912 -0.256578670947383 -0.0527952700930616 -1.05857080085625 -2.46954622696874 0.514118805454484 0.152719601314405 1.00583560454135
"120" 1.05012081650186 -0.143478567828356 -0.391977282428245 -2.72031202088859 -0.682028205929877 0.0965926423267413 -0.0337189187346234 5.07702555184331 -1.2490471193171 -0.0821258554215614 -0.0797568839659608 -1.66723732912279 2.15233620144274 -0.210521758024215 0.327237718012861 -1.09181267466462
"121" 1.43826497565069 -0.209659982310796 -0.0689358346387479 -3.16643146291077 -0.68595308647893 0.08544519642647 -0.155206285881144 5.89802121715044 -1.62715220822184 -0.0491353801428248 -0.0640629322237544 -1.7328100777137 2.5929188288811 -0.499219983036383 0.285098591519038 -1.51380112645279
"122" 1.23218889206222 -0.212211302521955 0.57907155581039 -1.93222209309253 -0.233778536317372 0.0176804779037086 -0.287452425942031 3.73869340710346 -1.26581291904701 0.0422442326369836 0.00269316665524677 -0.842569191996645 1.6927976707857 -0.733000305392404 0.0335521919364551 -1.29995885845381
"123" 0.993980142115225 -0.215222756392764 1.11594527721638 -0.79155353825514 0.17298580587442 -0.0450551507437678 -0.386303900909538 1.76802634456669 -0.878908429613929 0.127570692178434 0.0575364346842648 -0.104488629135346 0.823337817540398 -0.917306897198108 -0.184164183080631 -1.01662821957001
"124" 0.615885347465754 -0.165607066764178 1.08884389463996 -0.0395883263863208 0.33022527596658 -0.0666942113146358 -0.331343045772818 0.370370826114848 -0.454117544146602 0.141058638601389 0.0683232316213207 0.255337951725149 0.177464163209827 -0.773053360473715 -0.245434560166739 -0.591674067574367
"125" 0.0913457357043379 -0.0281836760996197 0.195320154744436 0.0304765262092159 0.068570665354222 -0.0136640905957667 -0.0564301458685465 -0.00354827267828206 -0.0593714441821405 0.0269864044941255 0.0128065111309425 0.0623904069526011 -0.00252959654605878 -0.132234082198255 -0.0484605770052788 -0.0820846880712347
"126" 0.0694124204507598 -0.0818754603167493 0.544686976781115 0.416027778179902 0.295828590136625 -0.064263843115304 -0.116900442377764 -0.638686430921876 0.0534170282267068 0.107356300979761 0.0392690718190052 0.291860024317941 -0.353959438671637 -0.30659405256788 -0.198151869017198 0.0491394629725406
"127" 0.172260905519998 -0.281927483654561 1.70326403536297 1.36187657469936 0.973297434896226 -0.219815563639878 -0.340864721422791 -2.1198316349387 0.227338959681905 0.363677607863487 0.121948318271797 0.908706156652499 -1.21904674726878 -0.939119144266146 -0.664201106361322 0.270922154527035
"128" 0.0777397048500372 -0.366426576127271 1.67929951282379 1.45722268098651 1.09261874508311 -0.27234978530799 -0.26511710683354 -2.32086334583111 0.359351851629768 0.4432531685659 0.116382474150204 0.855080149882319 -1.47782584778685 -0.877231957330642 -0.787606494234087 0.571697724861927
"129" -0.0269604769552494 -0.441066124747894 1.27181474974356 1.198010089618 1.03197434204695 -0.296434859282167 -0.0882807116336001 -1.93885433241857 0.425176999134532 0.476440416085463 0.0798482459539401 0.542041147459898 -1.48696405990065 -0.598701608392603 -0.815495435438366 0.860670576578791
"130" -0.0958531051726368 -0.497998500718558 0.707992779661086 0.752824612031661 0.870006707914415 -0.295824312639756 0.114039400904795 -1.22341966216898 0.415307513145809 0.471759339596139 0.0309982804675611 0.124966968504427 -1.31881988139605 -0.246123110908235 -0.778163343170075 1.05978509414967
"131" -0.0999560655514085 -0.26774557489007 0.218478541583896 0.177436831773577 0.327731344762594 0.0600120088581855 0.0993778961600424 -0.346481644016326 0.250633477855414 -0.0153977487064974 -0.000391327968056743 -0.0919120285394825 -0.533990392996753 -0.0378171316590286 -0.291400223906243 0.547995596141376
"132" -1.05734148342424 -0.593444147055694 0.906799797519639 -1.2087740541836 -0.70642065399928 4.73821876163915 -0.0914769813722716 0.497464459715052 1.65245392794082 -5.58691370340567 -0.0507737116752527 -1.01389115526687 0.54069008434619 -0.327545672094152 1.34695263869119 0.433310369128811
"133" -1.26626320487493 -0.984001798683127 0.273489908108131 -1.93022215701844 -0.619058321912103 5.32665203544773 0.354441988142637 1.52259029701522 1.95592078746286 -6.24617178080948 -0.138357512993029 -1.99216993655458 0.260018056999353 0.146214954320723 1.21574010830521 1.41512642386456
"134" -0.112649224633223 -0.507144349154673 -1.46229410417875 -1.13212368367246 0.361535439429858 0.134235624977026 0.878510557186531 1.88267964872858 0.147191832790579 -0.121481323610986 -0.155674165185544 -1.71032920976627 -0.702926516661663 0.957221348407991 -0.517562866698979 1.8285803180172
"135" 0.0695854037992998 -0.217574519095055 -1.55145422675044 -1.01810526254125 0.522356108499634 -0.0535249863237545 0.872692906314529 1.78171481819864 -0.0919284831014409 0.0358118081057298 -0.144533112660315 -1.72145617629337 -0.885885388064487 0.878023954756102 -0.547088694949229 1.89913685183113
"136" 0.0835065431782631 0.609209697006833 -1.21117291866554 -0.0321077538342358 0.279857369131964 -0.0476254140511155 0.667919299775348 0.332056369695499 -0.022662804968526 -0.0399851451488024 -0.113336188240976 -0.237840656647347 -0.315176816295946 -0.269218036975412 -0.147743721139394 0.377036153097187
"137" -0.669790376125264 3.60684783739476 -0.176850374052858 4.52334362680459 -2.33782618666296 -0.740811817463594 -0.0462365687708181 -5.98744991157158 1.19736414331318 0.815145790298711 -0.0863876809607886 8.22119575518571 4.61659134801719 -5.67616261500102 1.92538108883843 -9.13618173162486
"138" -0.1897277966788 1.25351202391699 0.0637031542481348 1.57779185549986 -0.735142059967461 -0.215061616089679 -0.0748495153459426 -2.13392791224991 0.36714103552653 0.219156489936224 -0.0161987203940173 2.7700218733451 1.47583595239156 -1.94564780088847 0.658266615288332 -3.03289376696441
"139" 0.511225104284142 1.00829163746449 0.0344420105104734 0.437577884144609 0.950993434980007 0.356586606943127 0.0761013351408365 -0.764308722068872 -0.465399056353883 -0.690184096764508 0.0222484971581695 -0.477418161026783 -1.34803597372144 -0.515161986918031 -0.101769394019289 1.15069259262975
"140" 0.852868346358441 1.68455632220618 0.244255958105793 0.789675226481425 1.48536381935096 0.598300303464752 0.0163445872279392 -1.39873741680384 -0.784888071753183 -1.15566179597816 0.0472425273159035 -0.657118851634955 -2.09756353056842 -0.910579643635443 -0.090125772743384 1.72133944132344
"141" 0.968931864112427 1.961926570915 0.465304865541206 0.97383769968665 1.51610747424353 0.672227785325643 -0.101784717999305 -1.73412493942625 -0.904207868708927 -1.31036797643569 0.0580069275404124 -0.533947987804801 -2.119348771671 -1.13035222494209 0.0215441946594195 1.63693000338116
"142" 1.03966037385617 2.13821485183635 0.601754794841734 1.04250755915609 1.43669572371345 0.700043781201559 -0.187655998035668 -1.87843480836931 -0.991553498692969 -1.38868501083167 0.0559867996718632 -0.446462826118246 -1.99176107117952 -1.24820064081341 0.13204224348318 1.50222694024342
"143" 0.810953535529817 1.68170845295688 0.499996070832903 0.783132589699557 1.00218986173148 0.526495110693794 -0.17695299643694 -1.43171946640439 -0.789141655275781 -1.06518619746814 0.0363750839450598 -0.305239306648044 -1.38170110232785 -0.97188110645358 0.159155744821794 1.04869451290924
"144" 0.243830807619312 0.50898725587808 0.152228148569054 0.20137278517097 0.229867014961046 0.13767352829419 -0.0605014767814372 -0.388959687116578 -0.24766469719799 -0.298696937548869 0.00498115342759078 -0.0862602136845867 -0.31557029409365 -0.276601755115473 0.0704017504227896 0.266462981705153
"145" 0.775270098782724 1.62527029345288 0.48157429786257 0.500777411801565 0.461758992490422 0.346858201718128 -0.210986621866142 -1.06904158121895 -0.826363600933547 -0.851909562351465 -0.0073649631351424 -0.268226999937941 -0.631863850036325 -0.809289522450726 0.295783623023836 0.686816599616741
"146" 0.995660876505314 2.07966921564306 0.610685124757778 0.48849612649791 0.319492475105037 0.313715044689941 -0.276161467124951 -1.19948201089157 -1.09716415417813 -0.943994848700427 -0.0331428857524422 -0.357054658205694 -0.44523807037266 -0.951617634020776 0.422738338776748 0.763699590556442
"147" 0.899438836669079 1.85212816473948 0.548491400392978 0.19551039945253 -0.147266842300219 0.0333962925598663 -0.253239560533525 -0.821679679543541 -1.04189674626245 -0.560491410540203 -0.0667177014544545 -0.343773108042331 0.172572990377212 -0.717457668971097 0.429367279621165 0.523895299450899
"148" 0.758147412931587 1.50436476751431 0.473619852245624 -0.143100132655487 -0.668229984181458 -0.342314942573156 -0.21430483515642 -0.382538934558588 -0.934671775613552 -0.0281252424625534 -0.100786905877011 -0.312875308010174 0.853790644323873 -0.426501301337305 0.395499256797757 0.255675015416053
"149" 0.50623003724043 0.924555341156775 0.344555450794399 -0.38812949410401 -0.37874343841622 -0.45306352781549 -0.14189225214713 0.0196105737653447 -1.01354853594832 0.281514157999807 -0.0964055726386199 -0.29360919274697 0.545117437041949 0.0537344127212922 0.273883184388409 0.131787649836028
"150" 0.636323805250561 0.883490330878637 0.555052607281326 -1.24491012828307 2.96440180247906 -0.25551373867022 -0.171361132542986 0.677743136697951 -4.18834724554682 0.200212937320739 -0.126899898631162 -0.95882213977547 -3.25735601892696 1.90491726739427 0.316248572277164 0.787025940210484
"151" 0.687512516635721 0.861631190748373 0.458918095022016 -1.45843520723958 0.152392711550484 -0.916332111744631 -0.154510051219569 0.96541774054952 -2.67895447446754 0.948964169915432 -0.163501421566322 -0.601660087012149 0.174681645461568 1.10048537173234 0.241391624433392 0.140567880206337
"152" 0.602123621410676 0.612923802962446 0.258344916437201 -1.4241217243185 -1.90494232183753 -1.09913998420832 -0.0992358607016135 1.10919227925879 -1.13296518215328 1.21608406334221 -0.144892051243057 -0.212221680212455 2.64571494362051 0.347590159520306 0.0830829688150776 -0.36535415355651
"153" 0.607367111516099 0.532723984921273 0.190603149114016 -1.6374706597792 -2.06358585283434 -0.972858894662811 -0.0781303030261706 1.36993221422753 -1.19729251334622 1.15310671721404 -0.12866815151118 -0.210187063182616 2.86887404153092 0.385026113046763 -0.00984840255284714 -0.387637768078527
"154" -0.0911947389553225 3.2344372278631 -0.121692501339611 -3.27826300720924 -2.46038104501784 -1.12046870322388 -0.049969208294317 3.1375545803989 -0.653451211872728 1.47422362213099 0.0101024451900977 -1.77534176272385 2.91885092480335 -2.50588687774906 -0.24339530113077 1.5114761939697
"155" -1.61641305069558 9.18862538452343 -0.722768533283694 -6.57502061447376 -3.19030884053757 -1.59172903723229 -0.0136138194447399 6.6565593548031 0.651641048274619 2.24257747379627 0.291697895992162 -5.15907988540508 2.8309708873116 -8.84122924312112 -0.639746282575963 5.6394688851909
"156" 0.195440703769709 1.3778145932722 -0.140327782272548 -2.48946350533284 -2.44472926624311 -0.137418631448073 -0.0124248216898616 2.4466863978347 -0.973409807385572 0.495613470914232 -0.00276368584750375 -0.872961004051639 2.97226702080306 -0.660819849139239 -0.31473375618567 0.50211609976019
"157" 0.449090359225524 -0.187630832594466 -0.10297811046624 -1.62850401217982 -2.34285280421944 0.610495251416366 0.00249021242134338 1.63111302828457 -1.17976497028084 -0.311301892134696 -0.0293282622788655 -0.0610698034486639 2.9050070731116 0.933327709996128 -0.299847776758615 -0.401701921134713
"158" 0.343533043516677 -0.375804660994256 -0.186293421206767 -1.41535539375632 -2.36058360914989 1.26454535302842 0.0182746587188194 1.50237013882128 -1.03043545389348 -0.995277435793605 0.00457503237412832 -0.00380966603158939 2.74151479735196 1.08162860119157 -0.340739104415234 -0.372568878378207
"159" 0.222019698945347 -0.532269360610811 -0.267891558985867 -1.15534485897679 -2.34321813802483 1.9398939985329 0.0311058331816164 1.32386494963159 -0.83152256543778 -1.72350809492012 0.0390630250660224 0.0545394113410289 2.52357997728519 1.20176279296384 -0.366482584991501 -0.33622776244821
"160" 0.103861346089895 -0.656466516083146 -0.339232862598959 -0.880316580005253 -2.27378265426551 2.5406537341318 0.0408228163164071 1.11827236801984 -0.604479031011564 -2.38871409617762 0.070000245108777 0.117475681655836 2.26784438003417 1.28260183072553 -0.377078439601881 -0.310519665126332
"161" 0.00801997264463328 -0.74024259858505 -0.391231127567226 -0.630289320437823 -2.13180744871821 2.95290050301448 0.0475207978009299 0.916124316454076 -0.372610184343987 -2.86002196950231 0.0931497122788595 0.181816877631729 1.98940111949945 1.29828124089562 -0.373761009410222 -0.305469739714972
"162" -0.051174658109046 -0.779000708780503 -0.416023520818499 -0.43229582572086 -1.89456167414237 3.0801084802634 0.0513174772417211 0.737103564039108 -0.155694531133927 -3.02509747328125 0.104919225501364 0.244728081117128 1.69356897935566 1.22670256744652 -0.35742139587563 -0.326773260440977
"163" -0.0713216841016671 -0.771396751755919 -0.409973268578534 -0.28435753910556 -1.53983705572921 2.87999259906349 0.0521034941826002 0.576831607322613 0.0382443922380578 -2.83431315782989 0.103652593646985 0.304983362736969 1.36742822810455 1.05755448144701 -0.327486139301602 -0.372231029489623
"164" -0.0656392147955849 -0.719030122131524 -0.375159913791458 -0.147536801674834 -1.04692928605179 2.38260682989454 0.049412490161799 0.400288760016401 0.216761960210697 -2.32254001466771 0.0902638335252473 0.363597518411943 0.975600963441092 0.796252072201344 -0.281352739659912 -0.429998055350037
"165" -0.0607206309491746 -0.626703064685806 -0.318306174426655 0.0494084867407913 -0.39429816020561 1.67742375515875 0.0424985130776402 0.145535982309474 0.399713691358022 -1.59358066791661 0.0677805568643924 0.423430982707647 0.462230200215355 0.461045957435045 -0.214715998179235 -0.479561191716208
"166" -0.0920056411725669 -0.503514263050621 -0.248239886707344 0.406708443424407 0.461562443527331 0.874036669592461 0.0304609857871423 -0.27552122744846 0.616573835996943 -0.773594119383381 0.0399787584549955 0.491330934704699 -0.2568574044091 0.0707564171986399 -0.121509040051434 -0.49610106482152
"167" -0.218158097609587 -0.365922863084601 -0.177908667064058 1.19578236015322 1.8529934261686 0.0144135764367213 0.0105197139641299 -1.12147176397234 0.95226219180878 0.0831293895453115 0.00856500972194141 0.620903845509609 -1.50972503226573 -0.427895825711963 0.0220075031779201 -0.466737963676774
"168" -0.399331186149867 -0.161039146519226 -0.13588685232645 2.98858005051641 4.97592414749227 -0.847637952761505 -0.0296791866888663 -2.95531631399966 1.15476796498152 0.869053610530856 -0.0228287512929568 0.916920255026934 -4.20465857059188 -1.2106868455467 0.291332666052545 -0.347431377313839
"169" -0.118873060455609 0.232862089976586 -0.129582906945205 4.20513918771795 8.04109614926682 -0.847758042037094 -0.0772537971227982 -4.2005064152703 -0.161612961499316 0.649402556630175 -0.0217079691214315 0.961058837679932 -6.42099825537446 -1.63228990473014 0.534814408470095 -0.0130139330292991
"170" 0.079584804276168 0.243430070452296 -0.0788269880135171 2.49782765995533 5.1439657999639 -0.337956884192571 -0.0540832323977018 -2.50039773089693 -0.628256690711551 0.15865438001751 -0.00647888715289882 0.509863263581348 -3.97194740592005 -0.946180455852097 0.344492593383607 0.0877033041380813
