"V1" "V2" "V3" "V4" "V5" "V6" "V7" "V8" "V9" "V10" "V11" "V12" "V13" "V14" "V15" "V16"
"1" -54.9446250223107 15.6176402518849 0.172110704108491 6.44783320688293 34.0126962437127 -9.59923391553298 0.0384440881412047 -4.69047280265011 25.469394350695 13.2772715134561 0.301070461113568 0.529771032830467 -41.7990937979505 -8.79707740099116 1.46864889862991 3.01051371953508
"2" -58.5485829267849 15.844899018527 0.292873134083493 6.10039908356157 33.7591767044664 -9.25938801719803 0.0339198550074116 -4.29033349205088 28.3761016455648 12.7012928972513 0.292401253902995 0.206191863224376 -41.9259174668287 -8.26627107329614 1.3944904188611 3.3052258783282
"3" -60.346893320761 15.1529691393498 0.452294264504189 5.29744852879958 31.7743794996899 -8.11354210928312 0.0263889657203435 -3.50753283506947 30.6623388163164 10.9839818260789 0.258609172038746 -0.247257935800008 -39.9884883174639 -6.76991161506248 1.22174509025353 3.51135342341149
"4" -60.5774683951613 14.1134037118536 0.586697477999223 4.48632966142941 29.4764117552139 -6.81574326455529 0.0197509008875159 -2.74930779564261 31.8302011764237 9.0858445412814 0.219397798250725 -0.63606883835746 -37.5029414593666 -5.10326531944497 1.0469498281891 3.60144772048807
"5" -59.6956960976486 11.9689757817569 0.800904140866805 3.08449811386163 25.3467808731156 -4.37548417005655 0.00966191356314994 -1.46108527682804 32.80026865768 5.56481708969386 0.144838835879455 -1.2589922897896 -32.7801780690122 -1.95764015436635 0.743666188620409 3.66162647629972
"6" -57.846000427872 9.24940242553748 1.03102307884637 1.52087301152278 20.7442234771852 -1.41627733136102 0.000486336279777788 -0.0319518203914413 32.9705743656777 1.34506372626674 0.0538765341188991 -1.93608064009459 -27.1906880378876 1.90030453815348 0.401599616932799 3.67308464925736
"7" -55.5766503779757 6.28520538845805 1.25708765238551 -0.0318415458932577 16.3270882663448 1.74731532863098 -0.00555952141701255 1.39571064137954 32.3811028699889 -3.11446679249821 -0.0434148018944143 -2.63057524008036 -21.3977694327777 6.07720534627015 0.0536641377293563 3.6858915030316
"8" -53.3633827445917 3.45609442001478 1.45484811327924 -1.41383675242469 12.6583969223666 4.72776009634981 -0.00627365937748436 2.68995006044565 31.1069807151878 -7.25455854011216 -0.134522726553087 -3.31433493591612 -15.9946369179033 10.0509976920525 -0.270830914956605 3.76476510375505
"9" -51.4873074612351 1.13290751488785 1.59882254783679 -2.51015853585341 10.0935583427344 7.11433739911899 0.000200886659854405 3.75593725629119 29.2407163612868 -10.4881229402117 -0.206215132193847 -3.97607578538009 -11.4059676272059 13.2357810419803 -0.551527777501178 3.98258588067256
"10" -49.9632792742905 -0.379293046144085 1.66610621171185 -3.27371166036755 8.71791909116871 8.5298853854747 0.0150915535064087 4.55554746544658 26.8785482392367 -12.2819030358387 -0.246583516332066 -4.62660382008471 -7.83742175849238 15.0659697526171 -0.779987529702339 4.41237177143921
"11" -48.537028480521 -0.886768692598707 1.64026082238115 -3.73432332331504 8.34586994804727 8.68519078818417 0.0388124083594903 5.11552336687168 24.1125898411303 -12.2340586236105 -0.247082711640815 -5.29963244113605 -5.27583345236508 15.0848578034174 -0.959700885865459 5.11857227858854
"12" -46.7509838537892 -0.333956418464368 1.51449343118429 -3.99189799942178 8.57706590753048 7.42219495303925 0.0709150208250549 5.52229036623453 21.0280835449394 -10.1350035955074 -0.204226411025957 -6.04760584598989 -3.52860071250825 13.0210669270386 -1.1033128578274 6.14850658798241
"13" -44.061137534298 1.19167449354791 1.29339668166858 -4.1947726767321 8.89239176170588 4.73924856738449 0.110182006512218 5.90400809897619 17.7038513940816 -6.00192309712293 -0.120647025363496 -6.93283804490056 -2.2842602577407 8.83858844577435 -1.22782209145589 7.52470453517162
"14" -39.975257409131 3.47586314278851 0.992763757050398 -4.50698003170328 8.76566975739024 0.794816577562415 0.154844753391444 6.40267201950269 14.2141693027412 -0.0820089007274873 -0.00532623472236082 -8.01507285237312 -1.17800727187205 2.75164992273676 -1.3488424850002 9.23884004462161
"15" -34.1791070048253 6.21053423028206 0.637372577994938 -5.07003577994328 7.76725072343652 -4.11034382160324 0.202884604878363 7.1408462532786 10.6312295982021 7.17530667694973 0.127073062221825 -9.33719605243823 0.147383458670447 -4.79714132307618 -1.47509586056913 11.2478679488704
"16" -26.6224079856404 9.03699783479897 0.25707476130583 -5.96604443332762 5.64095917507086 -9.56912067484836 0.252361954022376 8.18883904509767 7.02818771871262 15.1719414648833 0.257716411997762 -10.9112578449422 1.98827053057221 -13.1899831464266 -1.60422627180742 13.472868361132
"17" -17.5479653235116 11.5922025501204 -0.118079103388936 -7.18927524549508 2.34381890327484 -15.1161264116736 0.30171217100974 9.5386820450417 3.48284726903609 23.2317066075857 0.365783849452555 -12.707166830558 4.53497004955625 -21.7080137754392 -1.7208625204803 15.8009663372359
"18" -7.4619142983488 13.5515405756923 -0.462698219057984 -8.63266688345539 -1.9538235683226 -20.2805958124527 0.349951716975511 11.090874735911 0.0812973709574294 30.6770118212416 0.431087710953307 -14.6463462808169 7.83700484029941 -29.6138544531523 -1.79761477832653 18.0905489787692
"19" 2.94371860104775 14.6632690952338 -0.759886405812722 -10.0937259516722 -6.90331081037834 -24.6367586327806 0.396751736688543 12.658234531533 -3.08013676400873 36.9009906311976 0.436828725334408 -16.6022327228129 11.7846455022368 -36.2305744840469 -1.79932742618985 20.1798659754859
"20" 12.8962880382592 14.7715642874991 -1.00325329409497 -11.3009834063305 -12.0385394767251 -27.8454920406557 0.442358238233169 13.9883178231148 -5.89664809710661 41.4261044752975 0.37217490987814 -18.4087047603243 16.1141168508079 -41.0075824634268 -1.69038019093205 21.8989544912183
"21" 21.6531613146678 13.8271213439839 -1.19670114075825 -11.95801306465 -16.8507247761017 -29.6830166939299 0.487364814898342 14.8021407285751 -8.26175798394485 43.9433015931054 0.234349291568833 -19.8763897089084 20.4409560326553 -43.5673440436562 -1.4441596339675 23.0846048953536
"22" 28.5981282942985 11.885781246383 -1.35207911190173 -11.7979017911566 -20.8644518803295 -30.0547095928637 0.532371839875736 14.8431447695125 -10.0789576362359 44.329332253782 0.0299376650568774 -20.8154403373774 24.3191968327619 -43.7302792871556 -1.05313626382849 23.5976842702657
"23" 33.310431768155 9.09680557580759 -1.48526310508487 -10.6380939972405 -23.7035512423701 -28.9943214842488 0.577590633989416 13.9275255561995 -11.2761285564807 42.6431526443976 -0.224819803616356 -21.0620248849009 27.3161982840174 -41.5181950305487 -0.537469337588846 23.341502829222
"24" 35.5907423231531 5.7165508859016 -1.61038487813175 -8.44956085369631 -25.1315262914475 -26.6773494294102 0.62206116932316 12.0084064912987 -11.817390257636 39.1448792813217 -0.502310128614681 -20.5136473340972 29.0776058690176 -37.1880189051285 0.0446018867187377 22.2924724054465
"25" 35.5166211164535 1.92280547919108 -1.74116406073699 -5.26204396937464 -25.1078852445399 -23.2711303608821 0.665342789603756 9.09370717508682 -11.7235995222801 34.0719207060429 -0.77818459214518 -19.1091935731238 29.4366737451396 -30.9678581502908 0.624043437484943 20.4500799033267
"26" 33.2906444210917 -1.93213945689968 -1.87812325713958 -1.35824924980989 -23.7032271342277 -19.116447858451 0.703885147959227 5.42135675845202 -11.0464462458414 27.9137869804181 -1.01187563633152 -16.9017687753949 28.3318829385644 -23.4048056753463 1.07999146497605 17.9424606205139
"27" 29.3471647695208 -5.55410971910169 -2.01460153357721 2.88111922200915 -21.1706536729679 -14.5598292740265 0.733836735867385 1.32667098397701 -9.89991886505396 21.1627820794638 -1.16789298421349 -14.0334627985867 25.9242502789334 -15.0659886585499 1.29032463532712 14.9636433190026
"28" 24.2344589993909 -8.67956895596035 -2.13559290422654 7.00221950432024 -17.8660598618255 -9.9515329365031 0.750652831029583 -2.77946215924999 -8.43317603004232 14.3167402377867 -1.21590713581827 -10.7248868775205 22.5236695154176 -6.54901611552714 1.14239825659752 11.7671478730626
"29" 18.550164267949 -11.0958500329125 -2.22067204963651 10.5454974568493 -14.1946844323093 -5.61779652143559 0.749676104288596 -6.47037265578001 -6.81280150767833 7.84237780609965 -1.13529582973092 -7.24930740971467 18.5339248382279 1.55999641988001 0.55594289813962 8.6362699798774
"30" 12.8774308833115 -12.6553496904198 -2.24822973760729 13.1156630784935 -10.5556065666659 -1.83775211108241 0.726858890836297 -9.36710792435156 -5.20274995996351 2.14504312247118 -0.918976308108768 -3.89719197500381 14.3874987883619 8.72334229063108 -0.495113313598267 5.8452753018355
"31" 7.72754272872021 -13.2831991880648 -2.20010721424569 14.4417979108512 -7.29166705771797 1.174103137359 0.679516762266303 -11.194357017863 -3.74514611308189 -2.45455095808484 -0.575903450607484 -0.936970578637556 10.482181606239 14.4829965368804 -1.96619341753103 3.61765769548947
"32" 3.49394413232858 -12.978568073042 -2.06564404640176 14.4169283797601 -4.65092427786169 3.27944112818659 0.606983355861644 -11.8188437583262 -2.54473552047045 -5.73652689313622 -0.131709737115443 1.42092238782789 7.1293709081142 18.4863446877903 -3.73501781937011 2.08950544419349
"33" 0.421643678701457 -11.8102437460893 -1.84428820628409 13.110123262526 -2.76386908775748 4.42147987286398 0.511039643191111 -11.2634445235212 -1.65907061470887 -7.59103333196981 0.372844233237174 3.04986795665172 4.52069385214145 20.506512897231 -5.60688699808452 1.28618035500403
"34" -1.40534555754948 -9.90742709410188 -1.54623538543092 10.7492153421845 -1.63842128188742 4.62422723646387 0.396019076908942 -9.69483452475583 -1.09560309435562 -8.02042830404298 0.885661913699323 3.91772560181562 2.71599117578808 20.4569773220951 -7.33339959644582 1.11856717031333
"35" -2.05760715124097 -7.44681354188833 -1.19100161320239 7.67771841952344 -1.17238866053037 3.98580233528673 0.268540184445897 -7.38753959156679 -0.81585568150598 -7.1343834330446 1.34906638997495 4.08051664839149 1.65228499166051 18.3994308747438 -8.64335156171001 1.4013010438066
"36" -1.73612640203532 -4.63704571902053 -0.804294269351885 4.29439673296292 -1.18078652884788 2.66630529797067 0.136881777766121 -4.67189451025251 -0.74585745396729 -5.13790944066113 1.70690158564139 3.66115373530192 1.17041168790047 14.5433026134792 -9.28209559412426 1.89044302198454
"37" -0.733653971653439 -1.70160013446184 -0.413925051004753 0.987263855720812 -1.43343839410352 0.871063689543917 0.0100808361131612 -1.87660873581672 -0.791147619230344 -2.31261003842883 1.9120765909995 2.81876175993239 1.05374988698759 9.23517378973611 -9.05355784963831 2.33328859324683
"38" 0.613068305699926 1.13883251150583 -0.0457108564392001 -1.92520995024461 -1.69688697745653 -1.16948827431588 -0.103114049996748 0.722353075455885 -0.853995021820253 1.00798211910387 1.93347956055891 1.71633595353342 1.07209937861899 2.93681201399158 -7.85790041658402 2.51968940027291
"39" 1.97358546779833 3.68336579062634 0.279720885107508 -4.23455014783394 -1.7740893796298 -3.22161535217856 -0.195271394933798 2.93640912419005 -0.850153031099182 4.46742652663579 1.76117691976037 0.494667445454979 1.02342285440727 -3.80832023755784 -5.71784373500122 2.32345835256274
"40" 3.06947037725013 5.766143293391 0.548567151006409 -5.85732977266161 -1.53579958858984 -5.06976140073675 -0.261126118260563 4.67623231337302 -0.722546440687097 7.71746624757179 1.40898451115413 -0.741524265438784 0.766905928050619 -10.4185872118533 -2.78804859984666 1.72448968188837
"41" 3.70915483204681 7.26851783223174 0.753701559847286 -6.82345528269798 -0.938941229049192 -6.53556102766197 -0.29811889678308 5.94000255110404 -0.449781550233411 10.4483312296506 0.913837837382744 -1.92301013538963 0.242526208382969 -16.3244004275689 0.655461243964965 0.806745099689579
"42" 3.80717357557569 8.12697290461983 0.893014300697359 -7.24239029341334 -0.0294455150894919 -7.49237563475344 -0.306550139443743 6.78292336490222 -0.0482192382777384 12.4151427391789 0.331852671112301 -3.00318045873428 -0.525222233878139 -21.0201780745442 4.24551714856352 -0.266886739642359
"43" 3.38561903501386 8.3358036925074 0.966931588402986 -7.25703305143179 1.07038184760609 -7.87378040305066 -0.289340957062223 7.27750814336287 0.432580997951845 13.4574949232683 -0.268518442334198 -3.93887216082658 -1.43904171463464 -24.1120707555019 7.56988218796323 -1.29619599450962
"44" 2.55845614054306 7.94403524964218 0.976035173206583 -6.99765187077719 2.18734207594684 -7.67513400135431 -0.251460193794401 7.47640674319655 0.920132098571116 13.5099579890903 -0.815351574931356 -4.67296148333116 -2.35298931476746 -25.3554046555478 10.2265019582846 -2.09113809632254
"45" 1.50209182980916 7.04673263664517 0.919664421532616 -6.54788783952245 3.1309691260426 -6.94825573935213 -0.199129101049948 7.38874094409812 1.33314137168657 12.6023441320722 -1.24290255685492 -5.1263916073367 -3.10413104859026 -24.6767952158575 11.8794915815888 -2.51350634690607
"46" 0.417759957984345 5.77166379885603 0.796075852804279 -5.93134048063803 3.72935287643509 -5.79018363909563 -0.138944128899311 6.97710079785384 1.59699179202482 10.8499517340679 -1.50064245302201 -5.20441083793412 -3.5457361802537 -22.1778768867052 12.3071707293202 -2.50310702540446
"47" -0.507508207533647 4.26305979863537 0.604232095493899 -5.12144961830927 3.86101073566169 -4.32783156383175 -0.0770597127025212 6.1763920600547 1.65789628719187 8.43542793073539 -1.56033275067193 -4.81714799042675 -3.57613924196266 -18.1202559614285 11.4347520110241 -2.08330640610075
"48" -1.13451917318162 2.66479449520921 0.346730634287269 -4.07072660011909 3.47750817991664 -2.70094426006835 -0.0185490206872601 4.92913736484024 1.49330745847169 5.58509836407393 -1.42006864449422 -3.90958250375115 -3.15849638490181 -12.8941208910533 9.34684477672999 -1.34659398143413
"49" -1.39449194492454 1.10550568709004 0.0329276712454885 -2.74965463099215 2.61324926225211 -1.04593788994498 0.0329814116171292 3.22643833423035 1.11684537448605 2.54335329732567 -1.10466393906199 -2.49204368985374 -2.32851706261454 -6.97535510051921 6.27822431065579 -0.426117500639521
"50" -1.29702960252052 -0.312105510893161 -0.318887365332557 -1.18244007357862 1.38111843096385 0.517055557228559 0.0754974049928023 1.14124769607906 0.576971494893087 -0.451230472664975 -0.662294512346307 -0.660929084173404 -1.18947446069387 -0.877461938006945 2.58468110554531 0.537552379595581
"51" -0.922669211548055 -1.5163327238879 -0.681269029610121 0.53266878316208 -0.0449592884983758 1.89232910988267 0.108385613428482 -1.1581313847737 -0.0502884388005214 -3.18497112088335 -0.157869672479592 1.39896871874225 0.104039600601027 4.8952070059604 -1.30141481815372 1.42480125802103
"52" -0.402022542828036 -2.46555198294664 -1.01987213199482 2.22647295003117 -1.45737559831537 3.01134646297214 0.132105270723514 -3.42134767233574 -0.673276611764209 -5.48153442940566 0.33592580170307 3.43456171851722 1.37042437799209 9.8875643121346 -4.92436964132503 2.15343486220809
"53" 0.114058801756528 -3.14227635635325 -1.2980205702379 3.68626991332712 -2.64747431558885 3.83066281418996 0.147727257485485 -5.35549737289602 -1.1992514747302 -7.2075032638204 0.748652170553214 5.16477073382703 2.42921474650939 13.7240215982192 -7.860117935772 2.68074377463199
"54" 0.487289661306932 -3.54420928077161 -1.48270617252456 4.70086894116685 -3.43816641440685 4.32660634174863 0.156452481282258 -6.68213564802954 -1.54913380177595 -8.27235673269752 1.02179843493241 6.33269225765252 3.12855949018376 16.1281575685598 -9.76616522094992 2.99370506266132
"55" 0.62128481811078 -3.6749642970608 -1.55062195362916 5.1104132085311 -3.71141819351737 4.48893256456449 0.159195595831534 -7.19715555780931 -1.67005743302752 -8.62525711163653 1.11679760132256 6.75720804123557 3.36795064984381 16.9333036426542 -10.4210083952494 3.09363827848574
"56" 0.481733909554805 -3.53710555811267 -1.49270470196825 4.84613203268964 -3.42644360671125 4.31572481489638 0.156303297007071 -6.81709793761411 -1.54373175432204 -8.25138631787195 1.02028895802778 6.37096093338914 3.11304617946462 16.0867047889042 -9.74911468312348 2.98293632012792
"57" 0.10353523523645 -3.12947358273232 -1.31598397899961 3.94781735473953 -2.62591806795444 3.8112703357001 0.147452188518855 -5.59870306328912 -1.1893131548585 -7.17004408000685 0.745926616184533 5.23475273113581 2.40064753300157 13.6497796536078 -7.82921686360351 2.65993950737175
"58" -0.416486438209631 -2.44955365960413 -1.04222931368986 2.55357242722675 -1.42933186437654 2.9876220072947 0.131742540046844 -3.72598222780198 -0.660347685094962 -5.43547446263437 0.332499769791411 3.52452004299266 1.33323146028215 9.7957324882118 -4.8852803534246 2.12422887532739
"59" -0.939903103328106 -1.50023085053544 -0.703746125645011 0.865024187572999 -0.0144837903060306 1.86933291732294 0.107973828411332 -1.46846297232014 -0.036262001778482 -3.13982225438485 -0.161379330291766 1.49432567559415 0.0637765106566803 4.80396324346839 -1.26101193143404 1.38997717533493
"60" -1.31618057422429 -0.299031069771445 -0.337424571113843 -0.901203009132587 1.41013853283744 0.499764493404655 0.0750583904227824 0.877487687264875 0.590277311578575 -0.416247399018175 -0.665306020562639 -0.574921784253092 -1.22710499163759 -0.950800312360116 2.61971243144217 0.501206154061947
"61" -1.41569916669596 1.11279879752328 0.0214409938653262 -2.56096051470377 2.63794341546009 -1.05327842733095 0.0325038265727926 3.04789523226873 1.12815741586189 2.56050195060925 -1.10674819644919 -2.42791050227243 -2.35860208363965 -7.01724719234289 6.30258445723302 -0.458740599628072
"62" -1.15990067187204 2.66408137154212 0.344089282270943 -3.99508819887706 3.49677659843223 -2.69486655640867 -0.0191234845169674 4.85525796162801 1.50241105663156 5.57859609936895 -1.42102638051119 -3.87584621278802 -3.17774721225942 -12.895890232991 9.35738108364603 -1.36986393999541
"63" -0.542598611333233 4.25246418863026 0.6109814394149 -5.15836108082294 3.87626119051311 -4.30492298373701 -0.0778484686820775 6.2071281474291 1.66623022410658 8.40023962896521 -1.56022832412464 -4.81714742595796 -3.58373330846007 -18.076940157539 11.430747035527 -2.09283205051906
"64" 0.361959119421954 5.74912625299658 0.811959880780705 -6.06405178208661 3.74543507911267 -5.74553724181987 -0.140138304871471 7.09697204348277 1.60838843806175 10.7793631707755 -1.49980920884991 -5.23539350341889 -3.54443804197854 -22.0848967157881 12.2902920303968 -2.49838821520098
"65" 1.40628234614042 7.00911947810346 0.94433356900845 -6.75094549159257 3.15762516311793 -6.87309009072396 -0.201017909518896 7.57330354122087 1.35477760906042 12.4841777088204 -1.24194584037923 -5.17843625019304 -3.10208057430782 -24.5247739345655 11.8536341064173 -2.50163374107797
"66" 2.39126354534301 7.88585239732856 1.00988202298777 -7.24479183260701 2.24154248423974 -7.55356229114295 -0.254475017144614 7.69891728025777 0.963745495111766 13.3215178640621 -0.815177947248458 -4.72736029254156 -2.36659968575486 -25.1234861284247 10.1977551122254 -2.09137489466229
"67" 3.09867336046091 8.24742926126237 1.01196175634595 -7.52742266248606 1.1799051270043 -7.67864196473693 -0.294130968367426 7.51396684272004 0.516006537825547 13.1591820050053 -0.270414733535745 -3.96581676934147 -1.4974375862289 -23.7599043033297 7.54677994897793 -1.34510033679544
"68" 3.32882364715033 7.99228033540203 0.953721749462147 -7.52400239033886 0.1790760647865 -7.17996735628822 -0.314102025264447 7.01441574895762 0.100900679349593 11.942541034412 0.326075872145339 -2.95885111496318 -0.676555083797666 -20.4784913849417 4.23962257386302 -0.42350660439115
"69" 2.93656934902174 7.06175614839958 0.83797344516779 -7.1131737597243 -0.565183890963226 -6.03907355380397 -0.309932426350542 6.15201424926954 -0.19850604892406 9.7024893165235 0.901633840323711 -1.74637692875694 -0.0772426201338021 -15.4839205065032 0.682235344043875 0.456131172250025
"70" 1.8589531796074 5.44799092600078 0.66867246310494 -6.15801495369305 -0.90003007884809 -4.2912826882648 -0.279454298510473 4.85519058666978 -0.318717451241469 6.55315807919214 1.38679490773484 -0.351295997999841 0.165771825357297 -9.11711230874198 -2.70821917420835 1.06261434746557
"71" 0.129208568094327 3.19618165633983 0.453430877702431 -4.54968831827136 -0.740423918135548 -2.02274605152616 -0.223428030260948 3.06406908672943 -0.22502434411399 2.67942642240996 1.72410863059577 1.20244955288945 -0.020470503956858 -1.81605327056923 -5.55863705318188 1.19980101921828
"72" -2.12569171941823 0.401282009866918 0.206136784277533 -2.25200863412465 -0.0824156378214411 0.639064211382447 -0.145841973211418 0.768871009648592 0.0849907004466672 -1.68414804312397 1.87496273475517 2.86951733153546 -0.634840657392488 5.9329870262809 -7.58628588814099 0.750227797427215
"73" -4.70365725652118 -2.80018154383652 -0.0513092344226607 0.665298164327396 0.997329864248513 3.54008745147621 -0.0537987335293337 -1.95989434056355 0.584031380122894 -6.28005661205407 1.82354670876725 4.56849445111584 -1.60285278016363 13.6470071255981 -8.62952036297429 -0.297144031123025
"74" -7.35885857196376 -6.24198446599075 -0.288925985405058 4.01422055287912 2.35553169039304 6.51749378593922 0.0430220711731408 -4.95879386236811 1.22271027151453 -10.8564747310547 1.57756630384847 6.17881289601792 -2.79012431490673 20.893711360513 -8.65915914673678 -1.84160643600626
"75" -9.83993339989775 -9.74233861370158 -0.470633985075438 7.50164519741156 3.80726363205099 9.41797734920056 0.133270066834825 -7.98120635755663 1.94000473893232 -15.1937984806318 1.16583348789436 7.55134944411111 -4.02585228986709 27.3289579940856 -7.77021896998849 -3.6887129189854
"76" -11.927753834505 -13.1187979501537 -0.558186239143652 10.7669591652448 5.15745624105398 12.1138369025775 0.205090730992652 -10.7287403236805 2.67377694624861 -19.1254070556761 0.633313654651374 8.53053569635085 -5.13179461802292 32.7201263433581 -6.15697733339402 -5.58677364184405
"77" -13.4656678567274 -16.2025092631939 -0.516503399481735 13.4376043999655 6.23332578814336 14.5144990632257 0.247409934063285 -12.8985603166304 3.3688722291314 -22.5498402497524 0.0345393852030611 8.98233066426474 -5.95140207647955 36.9535194997411 -4.07682215991008 -7.27268996211933
"78" -14.3768260566644 -18.8505150022065 -0.319564522213568 15.1923840537638 6.91189146813804 16.5718547596816 0.251185444665907 -14.2373021001222 3.98137084274708 -25.4328627112363 -0.573547039062532 8.82070110642235 -6.37397521646608 40.026201534165 -1.8096266393477 -8.51623407853185
"79" -14.6660448798395 -20.9550103887195 0.0441149347843748 15.8207704153101 7.13754660671884 18.2787712217719 0.210489885092557 -14.5908528074974 4.47902003591764 -27.7994219358015 -1.13829082408165 8.0257130269456 -6.34988258107114 42.0247330993893 0.380670466292941 -9.15306545668864
"80" -14.4069708193467 -22.448737913166 0.56732380465337 15.2671496450275 6.92646545323601 19.6612634327353 0.123322438226978 -13.9400586063853 4.83913834615061 -29.7170843546546 -1.6167188266345 6.64871826620947 -5.89465225689992 43.0949001780177 2.27683514422097 -9.10044990730239
"81" -13.718307420979 -23.3060983596697 1.22201786181085 13.6514966439318 6.35722631764656 20.7658795045563 -0.00791322128952743 -12.4150084573255 5.04585240416128 -31.2739141186694 -1.97908388897758 4.80364658986218 -5.08176291215113 43.4075746728527 3.72804560477744 -8.35468657177989
"82" -12.734867295977 -23.5400662860939 1.95962475619262 11.2618245586564 5.54994210277141 21.6446839730511 -0.176290138650529 -10.2842993958748 5.08822000883214 -32.5547025079968 -2.21035184043444 2.64703003771137 -4.02589294095924 43.1261962002759 4.65745018756206 -6.97417896444676
"83" -11.5798269913851 -23.1955622085061 2.71390586744428 8.51826913457262 4.63873937888684 22.3406470703803 -0.370597311106053 -7.91993512357249 4.95986878419399 -33.6197646822702 -2.30974394006125 0.352073602785822 -2.86000502007892 42.3809555612843 5.05862437542964 -5.05550840325304
"84" -10.3437799785574 -22.3404461207756 3.40620260215246 5.91325036691342 3.74391362154222 22.8761641716314 -0.575922692678319 -5.74262158307124 4.65979049820072 -34.4900879504912 -2.28869931616487 -1.91684928096947 -1.71075717013127 41.2535829080603 4.98354610269962 -2.71085789747303
"85" -9.07431497099105 -21.0556328679613 3.95264740152243 3.93623116999152 2.9500235524323 23.2468273690083 -0.774562930670754 -4.15565892249174 4.1934092345636 -35.1414674445787 -2.16777584824081 -4.02364588344062 -0.677129262110384 39.7747840509378 4.52551742433934 -0.0535105305025354
"86" -7.77739470297934 -19.4258943539153 4.27271843468361 2.9945921676408 2.29451938080877 23.4215462222387 -0.947242623401735 -3.47791442625658 3.57319246020478 -35.5085778201428 -1.97305662543818 -5.87048693896213 0.183381068283779 37.9340499230684 3.8005012929425 2.80548279898358
"87" -7.35823718849201 -18.8520151202756 4.31537994011205 2.95851235374721 2.11572695582367 23.4281247030563 -0.993309046004811 -3.4860373792535 3.34799565745931 -35.5509399909297 -1.90063539338917 -6.38990494975587 0.416299087623429 37.2716154428704 3.53528442943571 3.73333033028757
"88" -5.98675103108553 -16.8912657156052 4.23694863794935 3.73714969812136 1.62308744345796 23.2646421257359 -1.10255093580179 -4.24792117556012 2.5561882765715 -35.3995023461803 -1.65141820395183 -7.80910566422972 1.03621070329291 34.9051414855021 2.64260964549976 6.67975552059943
"89" -4.52043112572528 -14.7623248185573 3.80821176572726 5.83171139138722 1.19929296506041 22.7740887552964 -1.14388314292341 -6.05791394764992 1.66640618599001 -34.737555911559 -1.39117287985641 -8.87561793210625 1.50890898105149 32.1103401478194 1.74873723528435 9.53547856141813
"90" -2.94413675966621 -12.5275495045498 3.0215958991821 9.00902099707673 0.785376786352913 21.9043504883457 -1.10472838696342 -8.67447573257095 0.71478415273657 -33.4841308030127 -1.14168824632452 -9.58433428134595 1.88431621489735 28.8968208194856 0.940196241859667 12.1371006914123
"91" -1.2778067925442 -10.2428385390103 1.90489680312157 12.845363464312 0.333538189495243 20.6247235098449 -0.978537531840516 -11.7048765649008 -0.254261917560825 -31.5959605829803 -0.9192417302786 -9.93738065483922 2.2086046412162 25.3214956186716 0.278182200803712 14.2995922759874
"92" 0.414736638226032 -7.96129135603951 0.52265491808339 16.7859205539462 -0.177662655915924 18.9350025325007 -0.766368149161849 -14.6627088902583 -1.18763175372231 -29.079036678695 -0.734059400773504 -9.9403173847677 2.50778809064582 21.4914002023756 -0.202426458385162 15.8333057004784
"93" 2.0279891771213 -5.73711151380121 -1.02616723937035 20.2269036223879 -0.736066287009294 16.8693686075098 -0.477925530163589 -17.0428015341292 -2.02482785328095 -25.991584620223 -0.590451138748676 -9.60418948045117 2.77888447031728 17.5541584932844 -0.491463597820257 16.5722730341367
"94" 3.42820238504987 -3.62852826173912 -2.61441845555646 22.6070848324744 -1.29758401919219 14.4945884410395 -0.131805111047811 -18.4013468520011 -2.70196565473674 -22.4383943116381 -0.487468191210837 -8.95183163420006 2.99061595104467 13.6781344635392 -0.600067182913335 16.4078541018534
"95" 4.475805107513 -1.6987258202862 -4.09673514460974 23.493660901473 -1.79563255649873 11.9031849438161 0.245274674495931 -18.427879301837 -3.15873671794662 -18.5581847524745 -0.419926166444156 -8.025178475742 3.09286529695646 10.0267242608925 -0.556071703751513 15.3192092339741
"96" 5.05242144255817 -0.0141579168375756 -5.3226676807285 22.6483831994956 -2.15564799335709 9.20315720946246 0.620355549637566 -16.9969903148706 -3.34746787930158 -14.5069498819348 -0.379651231783328 -6.88979049329646 3.03182135753332 6.73258140011194 -0.39862838856061 13.3917837064946
"97" 5.08682120818457 1.35986971413695 -6.15192872514353 20.0634096713038 -2.3112378136716 6.50633852012925 0.957194040749982 -14.1910806922269 -3.24247461985186 -10.4407693520943 -0.356827672948157 -5.63353300164454 2.76653416375166 3.87754694994237 -0.17239471218636 10.8171645729453
"98" 4.57405973135019 2.3659111480174 -6.47033666172229 15.961629626061 -2.21856715666615 3.91751461641888 1.22006584151825 -10.2903613512465 -2.84745639291606 -6.50131643203531 -0.341341282949998 -4.35813275081455 2.28263763740506 1.48273481686647 0.0783300177936326 7.87181275960756
"99" 3.58325910311623 2.96242471797814 -6.20472281834145 10.7622354836458 -1.86625706048198 1.52602504803235 1.37802399836141 -5.73178990853557 -2.19887828149268 -2.80637748593654 -0.324021328021672 -3.16467585635837 1.60006331124032 -0.489042102139138 0.315021999529563 4.87727415125119
"100" 2.25172455913071 3.13178647947825 -5.33492707391088 5.01796388928415 -1.27916497214665 -0.599130799091654 1.40907788450875 -1.04370680039301 -1.3640594248198 0.553629825953067 -0.29768643805437 -2.13631635131605 0.773212945252908 -2.11898864972363 0.509270363236283 2.14924623648403
"101" 0.7658949212057 2.88671772976886 -3.90108489792465 -0.665243394665595 -0.515670512877819 -2.41048584476403 1.30369152269316 3.23321788286717 -0.433815485513492 3.5135696834559 -0.257903700371799 -1.32284686811909 -0.116194678055308 -3.50917062268672 0.645364720676298 -0.0539381281123497
"102" -0.667621007996331 2.27365582254242 -2.00475099142886 -5.71304624607728 0.340725341642724 -3.88016338407351 1.06702290052783 6.62606720923782 0.489315989566251 6.02756071842668 -0.203383928586845 -0.731838983861962 -0.971906361205129 -4.75530605028825 0.720605400911154 -1.5721682079311
"103" -1.85556777519832 1.37197560755703 0.196987411670762 -9.65874823279955 1.19374357811728 -4.99592416551423 0.71944847411396 8.79813897582494 1.30527931118587 8.0613779159803 -0.135965576934041 -0.329641694290331 -1.6988545466279 -5.92117230507483 0.743160787125817 -2.36464937214623
"104" -2.64976306876611 0.288597210215812 2.50442988602845 -12.1993658319552 1.94830679572647 -5.75657915411739 0.295128953962148 9.59514334546361 1.93060908058084 9.58581346969549 -0.0601856961889098 -0.052923827432096 -2.21870420067535 -7.0200213780272 0.727808211089723 -2.50665718191885
"105" -2.97093360083909 -0.851710335486132 4.69429620065648 -13.2242535348596 2.52372181060639 -6.16807379800093 -0.161354274584255 9.06215645126872 2.30990154839037 10.5731060915114 0.017507248473521 0.171647043825942 -2.48227753385936 -8.00707260826675 0.690441803613794 -2.16319112890051
"106" -2.82008825173375 -1.91924786154777 6.54303657310129 -12.8135792666872 2.86393297766335 -6.24119868098887 -0.599969924430752 7.4290873295256 2.42259774861719 10.9976677820232 0.0897881722103193 0.404660532381968 -2.47658988402645 -8.78503647113212 0.64264343866671 -1.54635217311443
"107" -2.27525651643782 -2.793830584229 7.85183740777165 -11.2089157091323 2.94337003816622 -5.99134756602643 -0.971228597260165 5.06748929932087 2.28391976939571 10.8412031395064 0.149585515035142 0.674584120963118 -2.22531333544111 -9.22210545278085 0.587732687497919 -0.867100283299806
"108" -1.47425279154618 -3.37873067343571 8.47030691152349 -8.76256111654948 2.76779365899745 -5.44015387381114 -1.23242025600211 2.42615805569267 1.93991773793789 10.101177604758 0.191137839019348 0.967686628966476 -1.78278364515836 -9.17939109925737 0.519448630344414 -0.2930505296099
"109" -0.586835190269312 -3.61210954329545 8.31579224210736 -5.87523169853011 2.37047432201337 -4.61832017047436 -1.35324271302545 -0.043636444422873 1.45770597520891 8.80068702423705 0.210821853702782 1.23085259317304 -1.22293886956368 -8.5428472381891 0.423791378143505 0.0781543347111437
"110" 0.218308975700211 -3.47429276379444 7.38567711069891 -2.93302909837439 1.80484701935279 -3.56861872801983 -1.32001429302034 -1.96080839735782 0.912870386261943 6.99729497619865 0.207639019264434 1.38724737004668 -0.625562390879168 -7.2536695395238 0.283704550096445 0.224992174655199
"111" 0.805301109644915 -2.98986510367649 5.76079545669654 -0.253954200237786 1.13531308077995 -2.34794826799589 -1.13783527054431 -3.07297012107711 0.376532300879092 4.78843021617286 0.183309010738412 1.36091492955165 -0.0626776033486749 -5.3312162204943 0.0854402380537067 0.188624391448684
"112" 1.09532240299723 -2.22432546664277 3.59917045425391 1.94808176173683 0.428018560742089 -1.02749309441015 -0.830334012422213 -3.29123301295454 -0.0954495070502617 2.31146395994347 0.14198460233456 1.10344595873903 0.412207406538528 -2.88366716420251 -0.175132456755819 0.0460206594434567
"113" 1.07864514596122 -1.27580108632901 1.1205021804094 3.57731832529316 -0.256786495853817 0.309595791473384 -0.436965268452013 -2.69582568212809 -0.469170099594407 -0.262492632491558 0.0896596303432489 0.614812337647891 0.77004288016451 -0.103731487766254 -0.488138030901609 -0.121031648130156
"114" 0.812166293333576 -0.262954980491486 -1.41698478827266 4.64790213688684 -0.869741209339736 1.5730750124294 -0.00817077084957418 -1.51210532713458 -0.734211900789603 -2.74089717703373 0.0333787901538471 -0.0482434631121578 1.00654552670812 2.75064861304827 -0.828680074686417 -0.251496811688412
"115" 0.403130373300201 0.689350865082815 -3.74472223812018 5.25683079197188 -1.37436618818526 2.67258821803352 0.40098418948844 -0.0616648066952621 -0.900096301679582 -4.9268870320102 -0.0196294810300515 -0.779525608042604 1.13731358359746 5.38794992025805 -1.15980249300264 -0.318400256714085
"116" -0.0173938626610379 1.46488325882819 -5.61371743660357 5.54462441074793 -1.74642107111538 3.52585264966183 0.737864472596925 1.30245122390102 -0.988821918529538 -6.638969173242 -0.0627856251801404 -1.44519599698833 1.18928507852888 7.5221632542648 -1.43894931685281 -0.327678446250502
"117" -0.325541519120179 1.96963735191639 -6.82265358665472 5.65203617405496 -1.97155486744157 4.06687255813085 0.959070473724523 2.26467487964942 -1.02547791692302 -7.73052045539225 -0.0908702913507113 -1.91458886927285 1.19076806768408 8.91300454741577 -1.62644989517139 -0.305376239732141
"118" -0.433457546092541 2.1427066223041 -7.24079574235611 5.68139041714676 -2.04245984462477 4.25293232761169 1.0360819533613 2.60757534700679 -1.02928737359775 -8.10625074835207 -0.100557202933942 -2.09176110089174 1.16244191289297 9.40060948110431 -1.69393608627433 -0.27971727764816
"119" -0.309608709904751 1.96327124022355 -6.82293337382862 5.66995159596627 -1.95669265743754 4.06927988807911 0.958979309418282 2.25336003006169 -1.00726834317953 -7.73317787570159 -0.0907365839307204 -1.93910618245718 1.11137973995301 8.92893722931012 -1.63054558327349 -0.265812486206414
"120" 0.0138441836195398 1.45298494248527 -5.61454777387462 5.58032762900257 -1.71597560167197 3.53076199617544 0.737739206298784 1.27877089881758 -0.952037771464347 -6.64446468791357 -0.0626164013217476 -1.48648816579953 1.02938079732667 7.5539766720035 -1.4453086722242 -0.259198523795931
"121" 0.448246554104571 0.673517506878852 -3.7465786912785 5.3097076568738 -1.32723331256125 2.68015313364276 0.400929274575788 -0.0993070265956248 -0.844276162187271 -4.93553989656266 -0.0195993568672748 -0.823398887732765 0.895902894840219 5.43539538073537 -1.16510722253224 -0.240637013863306
"122" 0.868673159170157 -0.280496989078529 -1.42042974399101 4.71623790333615 -0.805000161979365 1.58344404460877 -0.00802121220317531 -1.5649660638187 -0.659248031455263 -2.75308894406498 0.033059017946016 -0.0764071149751544 0.684855699134005 2.81305028914176 -0.828754871075944 -0.190019451634726
"123" 1.14277858251171 -1.29237269272016 1.11496419801279 3.65759701349816 -0.174308825674984 0.322832411214222 -0.436470081933066 -2.76376658636855 -0.375790147822045 -0.278568791052749 0.0887958646305833 0.621763591334457 0.3736574006316 -0.0276964683353071 -0.478747820241551 -0.103445167245809
"124" 1.16199743799802 -2.23697010471005 3.5912324317942 2.03436445592888 0.527124425145871 -1.0114972297265 -0.829368186930651 -3.37172768338678 0.0144407304348988 2.29130452409299 0.140458024517784 1.16301375531475 -0.0475637780655234 -2.79608273753138 -0.15279747785462 -0.00592026198864914
"125" 0.868301085639132 -2.9954471205001 5.75045112763291 -0.170488352898246 1.24858696389344 -2.32956709467589 -1.13630856733585 -3.16034426702413 0.499787458296112 4.76425815702351 0.181134439568268 1.48630975713604 -0.568822939512756 -5.2348812876462 0.122768392957369 0.0467250832007267
"126" 0.270660930638314 -3.46940964226087 7.3732639840382 -2.86444252135698 1.92876605348567 -3.54861038431363 -1.31788031826943 -2.0457503913949 1.04539894469127 6.96960470598333 0.205020628621014 1.58626114627987 -1.15700805472125 -7.15190978971123 0.336236093076877 -0.0204821390216239
"127" -0.552458126452848 -3.59267806145726 8.30196376922504 -5.83732718022657 2.50110691099064 -4.59801250317196 -1.35049440471767 -0.112840072215249 1.59510370515409 8.77062919794753 0.208209670625365 1.50646926058107 -1.75753865413117 -8.43928901236586 0.489832981515065 -0.278417159628589
"128" -1.46533224063228 -3.33908496074218 8.45593796549383 -8.77590847336978 2.90167662887825 -5.42176975916254 -1.22906952330527 2.39052219550513 2.0783474041491 10.0709562314669 0.189295852731448 1.32067365267721 -2.30099648715668 -9.07788444468952 0.595674813237565 -0.765609924827004
"129" -2.29966154600129 -2.7251560427685 7.8378786381877 -11.3008658712388 3.07840124917288 -5.9785805456554 -0.96727003425292 5.08887606881922 2.42110009949499 10.8147767866749 0.149689860742228 1.10804864749662 -2.71371881838013 -9.12705477873669 0.669712101018376 -1.46418042306323
"130" -2.88688970162548 -1.80716596676393 6.53033669600427 -13.0216785989323 3.0000535135481 -6.24019346101704 -0.595330642946351 7.53864445029285 2.55877103379311 10.9819622477244 0.0935800920240126 0.930334805554594 -2.93046383374485 -8.70245861219382 0.725481004341418 -2.28895074522006
"131" -3.09181686229931 -0.672824077684709 4.68340525229723 -13.6012967402457 2.66318652042992 -6.18901397789023 -0.155833620449584 9.30201388191085 2.44869984445626 10.5800251917581 0.0275288687371358 0.817524764628615 -2.90673166208671 -7.94676118156121 0.769372622362425 -3.0956212602614
"132" -2.84090382812951 0.571381871763151 2.49538339004175 -12.8200436272346 2.0953952906541 -5.81612860114728 0.301924710391404 10.0229433836171 2.07980828867693 9.63541384658947 -0.0402454119905542 0.765939490040182 -2.62827277721271 -6.99925515672476 0.798585515422019 -3.70870558032766
"133" -2.13968796382392 1.81550026717377 0.189057497977956 -10.6274974140215 1.35383433162644 -5.12079437828379 0.728170040231248 9.49253071001476 1.47747860057245 8.18663120603833 -0.1007927621813 0.748647604646976 -2.11576756737759 -5.97044869665388 0.802104659713223 -3.9641122649773
"134" -1.07580183226628 2.96198094753709 -2.01335834979454 -7.17234357045891 0.518744460922562 -4.11206513011484 1.07863207608239 7.69259294496442 0.70256496096124 6.28112902258454 -0.145418495090098 0.734460209481767 -1.42354927629458 -4.92656984670612 0.764203321301466 -3.75651898860815
"135" 0.193209586373314 3.93986876726922 -3.91360075276452 -2.80324543750248 -0.317291813630163 -2.81264140943495 1.3194942507979 4.80977006477201 -0.155525242566284 3.9769258624392 -0.166580768863241 0.709238246548921 -0.632412702147121 -3.88688478113545 0.669328102623695 -3.07940327175311
"136" 1.46523875299727 4.71531934097402 -5.35645046562786 1.96180979188284 -1.06271593531665 -1.26434388715688 1.43072148062458 1.2171457000361 -0.990711969704876 1.34861735601771 -0.158571488369034 0.692643734058947 0.162215183106127 -2.83409626868479 0.506959821024793 -2.04649261277518
"137" 2.52762425428409 5.29694282358287 -6.24266968729626 6.49517153333363 -1.64062160968354 0.466044208361836 1.40744101133976 -2.57446729735011 -1.69525425976497 -1.50386671346314 -0.117904420625109 0.744850898830919 0.864417442518516 -1.73535623222369 0.275185696620611 -0.887324896990322
"138" 3.19362375690866 5.73520190653107 -6.53482758385098 10.1407950819994 -1.99997514882864 2.28229582397353 1.25934688856614 -5.98862142113921 -2.17549967741365 -4.44647630719737 -0.0433999497081459 0.960644768652855 1.39129099771026 -0.569101624355426 -0.0178064975152665 0.0844054127519485
"139" 3.33455834188749 6.11589873466073 -6.25600831421707 12.3058430292585 -2.12196506934811 4.05752000288385 1.00837652517225 -8.46802899605586 -2.36579586891241 -7.30552478002301 0.063980332085066 1.45190142298816 1.68284182555135 0.648539565978808 -0.354461341958086 0.524522270599846
"140" 2.90147162066887 6.54855296828282 -5.48223975263545 12.5491326681513 -2.01978741365917 5.63788226423685 0.685125552705358 -9.55928808138992 -2.23822212517825 -9.86865235819187 0.20145001730657 2.3226488311775 1.70597055727376 1.8443078717246 -0.710361027016916 0.123480797832599
"141" 1.93198248418685 7.15108766774392 -4.33011305726359 10.6528097360242 -1.73142962903387 6.85231472224086 0.324595075619413 -8.98462014287429 -1.80643653585116 -11.8946575710052 0.364749347934548 3.64288072548516 1.45154089662037 2.88086041017368 -1.05765526981486 -1.33057730161818
"142" 0.540798009645414 8.03262911679121 -2.94142652456003 6.66564745871437 -1.30655354843225 7.5282866265602 -0.0381082497829084 -6.68949907533124 -1.12290763178572 -13.13310595034 0.548432060629011 5.42755640480027 0.925208505434739 3.56564457879722 -1.36848102827207 -3.90406385756796
"143" -1.10437811032011 9.27637311042236 -1.46677778361709 0.910275563695905 -0.790077327850327 7.51251832855041 -0.371567472030961 -2.858535952686 -0.269966001353509 -13.3527065882881 0.746031858094511 7.62579038541298 0.134384509004576 3.67592792294408 -1.6176465317767 -7.49542848145938
"144" -2.81671014234689 10.9244079230375 -0.0498866349234959 -6.04812496214799 -0.206145228628543 6.6943258127194 -0.650935150925307 2.10334434069773 0.653746274653429 -12.3754169507456 0.950111535646556 10.1226102975925 -0.925034658168443 2.99701414419224 -1.78425565192811 -11.8424053070194
"145" -4.42682304342406 12.9661795943684 1.18587542854402 -13.4683422476301 0.45347093935959 5.02830769224056 -0.859668254394251 7.62220491242306 1.54898715673664 -10.1114789064259 1.15225450457388 12.7526264399203 -2.27810865689639 1.3676861609747 -1.8523832615756 -16.5573421418667
"146" -5.81431060627142 15.3320023784054 2.14766850252681 -20.5260927846357 1.23304044503107 2.55254573138473 -0.990075623425696 13.031686038672 2.330970696907 -6.58947278362484 1.34309693954674 15.3223404467572 -3.97297785180535 -1.27519123015645 -1.81122453976059 -21.1834275028668
"147" -6.92723128676471 17.8926829485627 2.77941994031244 -26.4203815479195 2.20649578956306 -0.601459946590239 -1.04279784868618 17.6637190204374 2.94113221118852 -1.97528366022834 1.51250817880532 17.6362491181208 -6.07363524720108 -4.86177636939283 -1.65523374853001 -25.260991220508
"148" -7.78495476601233 20.4659150113948 3.06385400272302 -30.4778967151105 3.46082086931438 -4.21019057864623 -1.02545648246303 20.9398836695868 3.35358589033319 3.42525256679619 1.650004517752 19.5216384161176 -8.64323210836119 -9.17220437068272 -1.38463163152119 -28.3918976440618
"149" -8.4628157616653 22.8295504693288 3.02042294082867 -32.2401546661094 5.07107892355862 -7.97257831982597 -0.950772187910729 22.4497187861652 3.57506684186387 9.18334045770735 1.74543252407625 20.8478911960701 -11.7196776053127 -13.8432913258293 -1.00636929992834 -30.2913624359644
"150" -9.0504822113744 24.7143681004254 2.7068032548309 -31.552748405913 7.03444007785504 -11.481819203952 -0.836643643550133 22.0277373942522 3.63794102218549 14.6955867504257 1.78961095462728 21.5317605505988 -15.2238744481915 -18.3293923487358 -0.543780066898762 -30.8223002216837
"151" -9.64230849030901 25.9424638613564 2.18854873967757 -28.5245432407246 9.36242094588374 -14.4785940403794 -0.69676301183722 19.7347714097114 3.58872827923778 19.5769790692448 1.77784113128337 21.5774114730739 -19.1462103227454 -22.2363200087752 -0.00876210458591231 -30.0261514069571
"152" -10.2455717713633 26.2896290484296 1.54999952410708 -23.5128578611002 11.9120613556992 -16.6049306458922 -0.547539715260882 15.8384673386195 3.46283123947171 23.2739930255821 1.70628811119968 21.0049050741218 -23.256023177807 -25.0247115633056 0.563043525933608 -28.0400783438818
"153" -10.7645920309299 25.605487122315 0.874558638353847 -17.0896854212479 14.4547848770542 -17.6115314375415 -0.402384913048763 10.7916228939932 3.2687742758543 25.3845051364469 1.57590660472397 19.884862354229 -27.2351349769774 -26.2946129581869 1.13231756917594 -25.1193258849671
"154" -10.9663096432894 23.8144237481847 0.23626969012048 -9.95802550333974 16.6657660727245 -17.3613234478948 -0.271734967188763 5.16156715114107 2.96637513029981 25.6637759774994 1.39229539957341 18.3175634526269 -30.6504170075414 -25.8134942651291 1.65474511220236 -21.5860223687778
"155" -10.4764576324476 20.9293723432002 -0.308406621233189 -2.86025526644153 18.1503365926652 -15.8542660334792 -0.162635694695723 -0.447384664463925 2.45252319145919 24.0653624202041 1.16569956358489 16.4210884322529 -32.9795140651895 -23.5663569535313 2.0850036286356 -17.7858719625219
"156" -8.80951439158184 17.0563650583154 -0.72577092440406 3.51297648098989 18.4919171393111 -13.2341510524616 -0.0787336523247859 -5.47153438196983 1.55959221587 20.7559916302944 0.910416260102238 14.3207418910606 -33.6636453935071 -19.7733230663443 2.38179361118091 -14.0479063517123
"157" -5.43616896962635 12.3888264982288 -1.00632400658287 8.60099122975225 17.3178792777679 -9.77461524525461 -0.0205959816547647 -9.45439688049328 0.071696680384548 16.0997135679936 0.64359996976782 12.1404479024932 -32.1866849390158 -14.8680069234256 2.51325851554429 -10.6520517141325
"158" 0.116370491303087 7.19196132401703 -1.16235679043712 12.0289509718932 14.3742181396502 -5.84506112305371 0.0137344736250498 -12.0937656344113 -2.23937393127818 10.6117965789854 0.383568893992106 9.99604197170993 -28.1720092727478 -9.43739040844412 2.46193169059552 -7.80717923888005
"159" 8.14605185174332 1.77890299548562 -1.22225144061713 13.6358131013876 9.59485908257057 -1.86098568996704 0.028043927970657 -13.2643849226138 -5.56199215516835 4.88851468940629 0.147819030046321 7.98990910041903 -21.4801680754617 -4.13221467550557 2.2282703546407 -5.64025300729554
"160" 18.6634389387377 -3.51864382067106 -1.2226643419458 13.473192569727 3.14885807307735 1.77348950148644 0.0272006728140468 -13.0154309068735 -9.9855649668155 -0.476043410665625 -0.0489679560196237 6.20632727193879 -12.2844937691139 0.436002866687886 1.83194170912975 -4.19556201648084
"161" 31.3131329818248 -8.38184483010991 -1.2001612693557 11.7780323239167 -4.54953498709074 4.7211496741993 0.0164334592235491 -11.5457683676407 -15.4481178792973 -4.97198237287739 -0.196605042886858 4.70716330005962 -1.10153789209789 3.79137289574828 1.31033861858305 -3.44204776053084
"162" 45.3545647334029 -12.5345878695516 -1.18394895057963 8.92521475465037 -12.8764053332814 6.75554308782785 0.00069927673894199 -9.16283460998966 -21.7054934435222 -8.2400686617375 -0.290480527333784 3.52810343056626 11.2396654716472 5.66424652725573 0.714293490680575 -3.2864381816471
"163" 59.7171321805295 -15.7682746770242 -1.19105948382912 5.3682682774197 -21.0774697896596 7.7855147489895 -0.0158095803028573 -6.23264391120915 -28.3341545464202 -10.1111721882153 -0.331843897097542 2.67616078583524 23.6920707732856 6.02223120684948 0.101535734025674 -3.59010664670495
"164" 73.1284794538044 -17.9587179955597 -1.22475397557628 1.57700457844112 -28.3780895713796 7.85656320257294 -0.0299853405580279 -3.12870770351651 -34.7727906421789 -10.6125856655653 -0.327241565507393 2.12952756405866 35.135227992128 5.05661056947065 -0.471042020017194 -4.18799555138685
"165" 84.2967200327064 -19.0733088924771 -1.27616066303017 -2.0196385754316 -34.1022425406665 7.12982939164522 -0.0399368754307261 -0.186786011854792 -40.3987139887249 -9.94184093926015 -0.287205759356539 1.84072725803708 44.542513035306 3.12910151801134 -0.954930521907954 -4.90826242577168
"166" 92.1124583004405 -19.1678667906699 -1.32843655416809 -5.07881437764809 -37.7754165988421 5.8439814091862 -0.0449418804087145 2.32933720189999 -44.6257281971077 -8.41511971448654 -0.224442229629631 1.74341242545052 51.1363025839003 0.692365211019933 -1.31598277326339 -5.59131975838682
"167" 95.8289783576231 -18.3739235822932 -1.36222065576112 -7.37250282816603 -39.1897709438083 4.26845494397048 -0.0452501800838263 4.24802698942563 -47.0033793177242 -6.40207620981437 -0.151855152138069 1.76218995251111 54.4983944469452 -1.79740552169596 -1.53777210421322 -6.1066658700729
"168" 95.1816398729686 -16.8784440973641 -1.3609572607786 -8.79776662666336 -38.4190653901041 2.65769708323432 -0.0417890609007827 5.49514091832475 -47.2954858144959 -4.26076191209859 -0.0807673662894786 1.82386211158882 54.6135986922247 -3.95726252233817 -1.62185460164255 -6.36559428312466
"169" 90.4203700230404 -14.8989680603809 -1.31484582084363 -9.36915955659606 -35.7830589518339 1.21499937761473 -0.0358328235317344 6.08583802333305 -45.5196766305953 -2.28500601675978 -0.0196348599930616 1.86784119693039 51.8405460840961 -5.52930383485227 -1.58513602262792 -6.32789441617206
"170" 84.9228550072645 -13.3243531651933 -1.25396523246468 -9.31409816365522 -33.0485260554823 0.368782031081082 -0.0308239695995098 6.15177244110657 -43.1430871243262 -1.09685661429876 0.0148166573287654 1.86517854077829 48.4678802376316 -6.22030185408539 -1.50071295426824 -6.12396073054697
