"V1" "V2" "V3" "V4" "V5" "V6" "V7" "V8" "V9" "V10" "V11" "V12" "V13" "V14" "V15" "V16"
"1" 0.582279127442995 3.13816223025637 -1.46142043276217 -0.822738934767244 2.65141184131856 -5.23810625375421 0.089709453113727 0.72441149715047 2.31823164928716 3.75557484648633 0.209486582131376 1.17344440669558 0.20490394167938 -0.459494513323804 -3.20399511985715 0.475917259806465
"2" 0.510599724629522 3.02085088179513 -1.74050102514087 -0.738967364362452 2.69525956381903 -5.56639689393629 0.17729346836137 0.878085616133149 2.3836938819588 4.18062207155776 0.153422100809593 1.11315180289193 0.188662696400989 -0.358939549566088 -3.1534049371478 0.428294973262382
"3" 0.416557222732209 2.83292812218514 -2.04697903458657 -0.628045609720914 2.70244942429556 -5.88208607224138 0.279275819323303 1.04919605100406 2.42146349853099 4.63508091886854 0.082920423691121 1.0248842569531 0.166356636437058 -0.22633685421998 -3.04502190536323 0.364228590214225
"4" 0.336875690592713 2.65751953485119 -2.27845695935997 -0.533740853646066 2.68435117152327 -6.09710969148784 0.3595742366048 1.17990454416287 2.43033616264335 4.9734051586006 0.0244939610437598 0.946070227348173 0.147095655682577 -0.112373005918045 -2.93385157660737 0.30914819917416
"5" 0.206386481981191 2.35091328864496 -2.62425644186226 -0.379163203882456 2.62549618622435 -6.39038714636234 0.483864132712199 1.377330792865 2.41693968087337 5.47557895119684 -0.0698367167470053 0.812768250990302 0.115331001956065 0.0783303495807388 -2.729884710845 0.217928768864112
"6" 0.0561659779044703 1.97828935068964 -2.98926700003938 -0.201370846330235 2.52777505113899 -6.67355995861982 0.619787913853401 1.58834567737711 2.37290866834361 6.00647461339776 -0.177310027508241 0.655832997722428 0.0788448976479543 0.304925241718223 -2.47464230224205 0.11180575405433
"7" -0.111459732612417 1.5454582918361 -3.36892204354331 -0.00346682473622195 2.39247877405001 -6.94907794414831 0.765487983692793 1.81051173891711 2.29878108341116 6.56486457119723 -0.29651755881784 0.478790734238373 0.0386114215788851 0.567576172661177 -2.17463305732144 -0.00765440122722794
"8" -0.293458848760437 1.06045094996068 -3.75789287397185 0.210612206933206 2.22208185784181 -7.21989837350037 0.918678274264295 2.04084521896391 2.19602485376375 7.14869697372177 -0.425506095287801 0.286160443474273 -0.00416951263591159 0.865573235038113 -1.83855333206338 -0.138342649064725
"9" -0.486195244719525 0.533281511086045 -4.15023563114835 0.436234025305907 2.02013922638699 -7.4891818363169 1.07671157309753 2.27588314305763 2.06696700204607 7.75496043007877 -0.561800970759236 0.0833102669862456 -0.0481280431442173 1.1972712835495 -1.47703264868187 -0.277664040494528
"10" -0.685562828765825 -0.024371868711512 -4.53957713681416 0.668245639226257 1.79113104184732 -7.75995563491375 1.23666653669571 2.51177891792167 1.91467905917866 8.37957777938215 -0.702452003820895 -0.123732993258272 -0.091797005136435 1.56004716008889 -1.10227807855244 -0.422617955211535
"11" -0.887145479478164 -0.599549604588674 -4.91933182849039 0.901174820351002 1.54026590191629 -8.0347701611982 1.39545010375457 2.74442361739068 1.74282653335099 9.01734159463109 -0.844101262809488 -0.3285122618895 -0.133697687265311 1.95027592664138 -0.727633546639026 -0.569898074816592
"12" -1.08639344480235 -1.17843475191876 -5.28293956218351 1.1294467043914 1.27325547000331 -8.31537487107539 1.54991000904656 2.96958834428449 1.55549260827208 9.66190213579858 -0.983071034391628 -0.52439531208347 -0.172433715835275 2.36332722780597 -0.36707437537234 -0.716007304808045
"13" -1.27880605404251 -1.74679660195932 -5.62411221150251 1.34760309046862 0.996075040344444 -8.60243934681819 1.69695145182882 3.18308142700118 1.35698780991797 10.3058153876821 -1.11546958507995 -0.704844126647004 -0.206787030605682 2.7935833304042 -0.0346602256581718 -0.857382179798151
"14" -1.46011030766402 -2.29043326101953 -5.93707585758045 1.55051228510104 0.714724793182725 -8.89534165548605 1.83365173222396 3.38091285756934 1.15165799814588 10.9406548858599 -1.23731161584885 -0.863685445345254 -0.235809254711697 3.23448097777842 0.256029013740772 -0.99052096860396
"15" -1.62642537981152 -2.79559559844165 -6.21679506154544 1.73355842553588 0.435005589259575 -9.19204110354207 1.95736684331891 3.55945741182381 0.943702688647612 11.5571865812645 -1.34464971520362 -0.995369634177223 -0.258901568804845 3.67857981047837 0.492449782826498 -1.11210971123182
"16" -1.7744042286686 -3.24937885458161 -6.4591662867241 1.89280103235217 0.162321229749764 -9.48904605699465 2.06582456938193 3.71560739770723 0.73701446028433 12.145601413587 -1.43371260850591 -1.0952058508492 -0.275876521883063 4.11766057330533 0.663620323549821 -1.21914072289474
"17" -1.90134524252186 -3.64007251517944 -6.66116898144901 2.02509788835232 -0.0984836047529853 -9.78148034840882 2.15719953743837 3.84690601838156 0.535048195410161 12.6957959608055 -1.5010455762349 -1.15956284247568 -0.286996052829892 4.54285647322519 0.760593490975225 -1.30901863307736
"18" -2.00526899757904 -3.9574632217076 -6.82096506781352 2.12818699183401 -0.343243739077792 -10.0632445706676 2.23016682335057 3.95165294229287 0.340726335947885 13.1976878854387 -1.54364807332371 -1.18602645970441 -0.292981319081804 4.94482071033252 0.77685788951203 -1.37964972500595
"19" -2.08495758122297 -4.19308900956366 -6.93794047793278 2.20072605501127 -0.568549627662541 -10.3272618740448 2.28393203453595 4.02897484222603 0.15638345044731 13.641550217186 -1.5591033391612 -1.17350697666461 -0.294991657815558 5.31393225323421 0.708651279625883 -1.42951114645621
"20" -2.13995635582822 -4.34044569416324 -7.01268575272263 2.24229059591391 -0.771779938788313 -10.5657922613001 2.31823718247983 4.07885535901823 -0.0162495569836398 14.0183470145664 -1.54569466908299 -1.12229146191476 -0.294572025937612 5.64054030083111 0.555173398444822 -1.45769742915581
"21" -2.1705403217744 -4.3951475723926 -7.04691635754398 2.25333392721757 -0.951094250616727 -10.7707952010472 2.33334302620227 4.10212109152337 -0.176024070920979 14.3200527316707 -1.50250306007138 -1.03403867636735 -0.293570444049436 5.9152455767418 0.318688697511334 -1.46394265164963
"22" -2.17764923218361 -4.35504477131258 -7.04333703333327 2.23511414562677 -1.10539185559821 -10.9343178820477 2.32998982709435 4.10038270417783 -0.322320139229165 14.5399386650254 -1.42948118817503 -0.911716230336424 -0.294029149574314 6.12921372540166 0.00451301733664877 -1.44861749264237
"23" -2.16279719445885 -4.22029872357757 -7.00545795444589 2.18959449904969 -1.23424428839732 -11.0488856714113 2.30933953587942 4.07593294128503 -0.454967432028585 14.6728120363321 -1.3274991646831 -0.75948198846163 -0.298055188534946 6.27451279289687 -0.379118066045976 -1.41270134465231
"24" -2.12836754311233 -3.99590537918061 -6.93812284257865 2.12007331359393 -1.33697240750528 -11.1076009008714 2.2733044735142 4.032094073341 -0.573114589808545 14.7152252029274 -1.19966018422429 -0.584233953522016 -0.307558384456897 6.34418046662944 -0.817009108243838 -1.35831628453889
"25" -2.07557100392485 -3.67981443118697 -6.84368766165858 2.02747269613735 -1.41663096087205 -11.1058842674024 2.22255094175406 3.97071690154075 -0.680133551610576 14.6656012447779 -1.04503776247105 -0.387124956272601 -0.324667441750719 6.33407055111678 -1.30798431818494 -1.28585471869883
"26" -2.00742868411282 -3.28231704012001 -6.72766661520234 1.91616230936575 -1.47234098315374 -11.0381602499762 2.15955860838787 3.89583881235239 -0.774502774142594 14.522676383963 -0.869210159947272 -0.177605038180445 -0.35074755747732 6.23912080026196 -1.82969874140736 -1.19854366053733
"27" -1.92664547624072 -2.81291225458278 -6.59450891977804 1.7897269530846 -1.50548573193436 -10.9020329930963 2.08641893485574 3.81088656548911 -0.856857569340736 14.2885788648038 -0.676602019686413 0.0373592399782865 -0.386763420234431 6.05838186762554 -2.36539472509457 -1.09913979721387
"28" -1.83591325000351 -2.28315581214952 -6.4482564200473 1.65180668379332 -1.51767895761122 -10.6969377190346 2.00522691978958 3.71904744767244 -0.927795940456758 13.9672475416462 -0.472289295819678 0.250820149586616 -0.433063782763725 5.7934253002681 -2.89759706270388 -0.990570525977091
"29" -1.73780997991331 -1.70641927148063 -6.29234281399044 1.50597531728783 -1.51069462348797 -10.4241845172942 1.91800081385398 3.62307474310307 -0.987813703398553 13.5642763098183 -0.261835596161745 0.456152037376341 -0.489307157265543 5.44849589745161 -3.40878846545684 -0.875806954114523
"30" -1.6347177875214 -1.09758060874879 -6.12944141343462 1.35563438429881 -1.48641169723633 -10.08691822668 1.82661356901869 3.52512218666891 -1.03726343132803 13.0867078064275 -0.0511027172590843 0.647339827120959 -0.554427131807884 5.03056035071546 -3.88209867902833 -0.757738125272226
"31" -1.52876220277727 -0.472646458492932 -5.96137058873671 1.20392497129399 -1.44677345213392 -9.6899996972154 1.73273869528524 3.42661935022375 -1.07633837277574 12.5427882687446 0.153957120407654 0.819237631276337 -0.626641520490097 4.54923660081892 -4.30197549694412 -0.639052933400308
"32" -1.42177341191814 0.151689729748 -5.7890623516721 1.0536588044456 -1.39375919146354 -9.23981718212957 1.63781223177776 3.32819768103298 -1.10508044103104 11.9416962531245 0.347518483858835 0.967783095323284 -0.703506900234032 4.01659373631537 -4.65480494316262 -0.522136063631478
"33" -1.31526883315549 0.758544641705726 -5.6125954586812 0.907268979590981 -1.32936521696007 -8.74403929686525 1.54301153143712 3.22967388031714 -1.12340953667098 11.2932579022475 0.524099647423611 1.09015481809183 -0.782017242321672 3.44681906611703 -4.9294488490732 -0.408983769844781
"34" -1.21045512967349 1.33138327917106 -5.43129022354617 0.766779924223101 -1.25559127017508 -8.21132286745092 1.44925056488208 3.13009364137179 -1.13116996646529 10.607660716396 0.678769152822213 1.18486287731685 -0.858742501569182 2.85575687098503 -5.11767112206917 -0.301144347409718
"35" -1.10824679599619 1.85457987010545 -5.24385818297378 0.633795502070825 -1.17442859965544 -7.65099010351037 1.3571905218117 3.02783468420967 -1.12818865273169 9.8951764910488 0.807332222437822 1.25176606785317 -0.930000362673468 2.26033180176995 -5.21442921282005 -0.199686802659926
"36" -1.00929777365864 2.31397911092483 -5.04859611759014 0.509503630188078 -1.08784621318586 -7.07268993393029 1.26726367373223 2.920763793437 -1.11433923662097 9.16590240050277 0.906488135933955 1.29201376516357 -0.99205203902298 1.67787837400022 -5.21801444113635 -0.105199521711256
"37" -0.91404217949993 2.69743258406959 -4.84361092902282 0.394695356544048 -0.997772683570524 -6.48605812035089 1.17970779886053 2.80643848870022 -1.08960607879383 8.42952731113303 0.973951148552203 1.30791509989649 -1.04131122661357 1.12540588082504 -5.13003353890372 -0.0178188003483228
"38" -0.822740155667418 2.99528388757665 -4.62705970744855 0.28979603202481 -0.906071974808917 -5.90039000284213 1.09460798891018 2.68234033773979 -1.05414252226425 7.69512845495808 1.00852947288399 1.30274303625993 -1.07455415713332 0.6188346712417 -4.95523342458637 0.062714949632209
"39" -0.735525042090515 3.20077636022086 -4.39738813659233 0.19490599027813 -0.814513005522599 -5.32433851886282 1.01194237812516 2.54612405527223 -1.00831854269266 6.97100171655507 1.01015912672079 1.28048560000389 -1.08911825258403 0.172244516781916 -4.70118110608246 0.136977493828454
"40" -0.652448486113073 3.31035935456202 -4.15355025946292 0.109848018452794 -0.724733921377201 -4.7656485455243 0.931628266954704 2.39586466934929 -0.952753980133107 6.26452707770272 0.979891899825986 1.24556049822331 -1.08307719769441 -0.202821786303389 -4.37781990914527 0.20576351048112
"41" -0.573520682113212 3.32387273309621 -3.89519358589428 0.0342188600909594 -0.638203166089511 -4.23093671140339 0.853565254461586 2.23028437301718 -0.888334815359507 5.58206928518109 0.919839128873093 1.20251232999817 -1.0553813060351 -0.49795672967872 -3.99693113704825 0.269979087197498
"42" -0.498743615357938 3.24459444652518 -3.62279551507891 -0.032557956108576 -0.556180297280847 -3.72552366606658 0.777672332955177 2.04894132467132 -0.816211306767077 4.92891258248437 0.833075211684104 1.15571318640286 -1.00595380751359 -0.708348673056776 -3.57153605821395 0.330532145810139
"43" -0.428135907516506 3.07914239582328 -3.33773995912657 -0.0911805157865047 -0.47967999618664 -3.25332343873743 0.703916412593742 1.85236463142292 -0.737778128111238 4.30922737422088 0.723506678310173 1.10908746227324 -0.935736028672522 -0.833071128438405 -3.11527623056691 0.388229179696282
"44" -0.361748570525833 2.83722890032345 -3.0423267197898 -0.142420441858349 -0.409442814354023 -2.81679202433213 0.632330401778376 1.64212296216306 -0.654637841000838 3.7260659527077 0.595714040998985 1.06588006185939 -0.846677240766653 -0.875175906207801 -2.64181027002178 0.443686225895362
"45" -0.299671623775993 2.53127356107848 -2.73971037217029 -0.187080271021728 -0.345915874498118 -2.41693477725846 0.563019731729298 1.4208185052612 -0.568550022873033 3.18138388007924 0.454774488697069 1.02848393848126 -0.741668048812116 -0.841576177296133 -2.16426219976711 0.497260864443888
"46" -0.242032083972191 2.17588767667212 -2.43376989796866 -0.225957748931251 -0.289246031801632 -2.05336965835966 0.496157036573436 1.19200303744833 -0.48136909566966 2.6760832565169 0.306073748798667 0.99833827468683 -0.624419408386501 -0.742717924005433 -1.6947507110126 0.549010314500265
"47" -0.188984274928288 1.78725020724642 -2.12891481857105 -0.259817960647069 -0.239286979513075 -1.72444097066864 0.431965536069583 0.960018358143088 -0.394974343564066 2.21007389239446 0.155115138868268 0.97590293850044 -0.499292496967627 -0.5920513876477 -1.2440205391672 0.598678511505568
"48" -0.140693720989162 1.38240120490354 -1.82983783347095 -0.289373609634254 -0.195620557228636 -1.42737605085927 0.370692468461982 0.729768876849221 -0.311195774259261 1.7823483268113 0.00733305423614183 0.960708605930449 -0.371087549905539 -0.405327073215858 -0.821187465148341 0.64571258549222
"49" -0.097316085956578 0.97848331563614 -1.54122771824677 -0.315273135533403 -0.157591221508831 -1.15847557600284 0.312574640445575 0.506439310887458 -0.231739402049381 1.39106669412536 -0.132082996045654 0.951475659880998 -0.244802228837699 -0.199752711194208 -0.433598107038506 0.689306626882171
"50" -0.0589727152964485 0.59196516803388 -1.26745924909051 -0.338095763575666 -0.124351405070691 -0.913326816957579 0.25779875804659 0.295174863702755 -0.158115263662101 1.03364764165372 -0.258349035081949 0.946289218721176 -0.125371979050357 0.00694258153077953 -0.086795672023527 0.728468254392283
"51" -0.0257243535711211 0.237882046680625 -1.01227901511606 -0.358352052793634 -0.0949144564476256 -0.687028421572904 0.206459642505877 0.100744564809247 -0.0915710835579198 0.706861855887382 -0.367228571992314 0.942812947430866 -0.017406042234299 0.197483625167195 0.215425835601309 0.762101502863516
"52" 0.00245543462673936 -0.070870860443506 -0.77850702210344 -0.376488101253472 -0.0682111305610675 -0.474415215608815 0.158519693242056 -0.0727896095074811 -0.033034051206986 0.406925269971566 -0.4551537905229 0.938521105265863 0.075066749073784 0.356006951683923 0.470902955245492 0.789098119403207
"53" 0.0257056901689907 -0.324159128864608 -0.567773910134065 -0.392891312912525 -0.043145275668806 -0.27027210076983 0.113773020486462 -0.222374821493759 0.0169372816349167 0.129589701356849 -0.519324980877002 0.930926906665263 0.148828586233265 0.468943995282132 0.678947354667343 0.808428631269635
"54" 0.0443009742151048 -0.515113517208079 -0.380312392494943 -0.407895558276778 -0.0186444760568278 -0.0695273923818149 0.0718175286226028 -0.346218859853252 0.058189382939414 -0.129770511053835 -0.557788000117455 0.917785872573404 0.201666977367239 0.525776465863032 0.84018187915126 0.819224604165356
"55" 0.05867051068347 -0.640492739475349 -0.214819225322799 -0.421783683200715 0.00629803918924665 0.132582192572045 0.0320378938125714 -0.443971979066873 0.0909971338469653 -0.376076370757801 -0.569489979255252 0.897255399754613 0.232521765897928 0.519618088435323 0.956393616204878 0.82084435183242
"56" 0.069412385278639 -0.70088514993131 -0.0684007457061853 -0.43478562977441 0.0325929713719972 0.340380332270797 -0.00639813745942774 -0.516824161695581 0.116073217965177 -0.614466105567089 -0.554313594483347 0.867996069559013 0.241576303728053 0.447587456388248 1.03042396465298 0.812915914035329
"57" 0.0773017186332936 -0.700736806165423 0.0633890725143829 -0.44707091174962 0.0610375226389692 0.557656441045083 -0.0445283737889213 -0.567508091067793 0.13456267848893 -0.850219621618862 -0.513090043607065 0.829205878440916 0.230287059727573 0.310949756150706 1.06610784864233 0.795353255660302
"58" 0.0832918259086171 -0.648200945613667 0.186413804020503 -0.458734795970713 0.0923110581937081 0.787607515159834 -0.0835687668656533 -0.600204077964122 0.148021971687978 -1.08868322946398 -0.447590513329942 0.78058509274706 0.201349110724948 0.115019678970611 1.06826493822564 0.76834416195743
"59" 0.0885074897053926 -0.554811841264382 0.307723858224335 -0.469778235840977 0.126982510834381 1.03281373947095 -0.12486987933471 -0.620349473089504 0.158382017209135 -1.33519169027147 -0.360495511289628 0.722236218076432 0.158598269690955 -0.13116707376696 1.04273604165792 0.732310982659328
"60" 0.0942296244419936 -0.434993980746526 0.43523598007323 -0.480082328844333 0.165526852772423 1.29524271872867 -0.169858072899842 -0.634361290874381 0.167894984393552 -1.59498427007452 -0.255341101710826 0.65451000295252 0.106853877101031 -0.415391725874997 0.996448796565346 0.687847968449205
"61" 0.101870814091711 -0.305425216239428 0.577334235888884 -0.489378774265219 0.208346898419975 1.57627531460116 -0.219963182478409 -0.649286452430601 0.179064906477706 -1.87311149618847 -0.136440950580663 0.577813876030632 0.0517093407253384 -0.722964831215279 0.937489425780768 0.635641205879438
"62" 0.112941475938385 -0.184279643107743 0.742408573107696 -0.49721843826444 0.25579602601335 1.8767448575083 -0.27653532865574 -0.672398851979665 0.194562716388845 -2.17432973285179 -0.0087832580442182 0.492403232746256 -0.000719804017961678 -1.03756763467317 0.875152505695951 0.576378886804378
"63" 0.129006747549482 -0.0903821679802377 0.938351291467598 -0.502940649641005 0.308197200593725 2.19698106670972 -0.340754327928892 -0.710766054177839 0.217126964971953 -2.50298154996722 0.122097803556244 0.398178166309663 -0.0440783655098045 -1.34216951563167 0.819939033316587 0.510660684778486
"64" 0.151634613724781 -0.0423117258430921 1.17203523169883 -0.50564621671208 0.365853985856184 2.53685039445156 -0.413535850499613 -0.770810620287989 0.249452305435018 -2.8628611280426 0.250275600177474 0.294508368665447 -0.0720709968007185 -1.6199649417527 0.78347487541123 0.438915260900103
"65" 0.18233627515913 -0.0574936295801081 1.44879999063824 -0.504177352390229 0.429050037227043 2.89578568114001 -0.495439014216231 -0.857891718822316 0.294068770908503 -3.25706556317539 0.369607669428262 0.180106987127147 -0.0787643638507944 -1.85527352481574 0.778326891768302 0.361334361694389
"66" 0.222500292679982 -0.151323351163001 1.77197385153181 -0.497107707740952 0.498034810868745 3.27279986952266 -0.58658045912739 -0.975931784749719 0.353215872718543 -3.6878348086509 0.47393210292762 0.052970375498262 -0.058877491330648 -2.03435070907 0.817702249244576 0.277830653432829
"67" 0.273322591922764 -0.33636396088184 2.14245925152147 -0.482745539336065 0.572994795054669 3.66648091555834 -0.686560092662205 -1.12711063453423 0.428716520410067 -4.15638498249905 0.557278614385837 -0.0896047409951279 -0.00804639627078529 -2.1460639699049 0.915026976588251 0.188024479761225
"68" 0.335734947966529 -0.621657378115856 2.55840840793132 -0.459152674245161 0.654011325585365 4.07496774256117 -0.79440360756297 -1.31164579315623 0.521856610983548 -4.66274172982401 0.614087556767913 -0.250921688895687 0.0769495918122232 -2.18239954478156 1.08341170022777 0.0912623051608534
"69" 0.410335045994486 -1.01218548333588 3.01501314684401 -0.424181391448087 0.741007816106581 4.49590987116466 -0.908526535899767 -1.52767308899456 0.633276747733905 -5.20558208819978 0.639428667103004 -0.434703920246648 0.198010526927391 -2.13877685595259 1.33502463966488 -0.0133330678781931
"70" 0.497321588958414 -1.50851107426354 3.50442902511213 -0.375530617383674 0.833690839291435 4.9264159704918 -1.02672400193998 -1.77123611658999 0.762882827764171 -5.7820947024145 0.629210189895957 -0.644843795667839 0.35559585737613 -2.01416098494468 1.68040317486157 -0.126783118588719
"71" 0.596438153755287 -2.10662079202507 4.01584857179125 -0.310821943257224 0.931490767357332 5.36299877481019 -1.14618947277475 -2.03638728101294 0.909782096923355 -6.38786912279033 0.580368407584899 -0.885095482633915 0.548667270509227 -1.81097684384468 2.12774453396787 -0.250150164627485
"72" 0.706929545650226 -2.79798277997008 4.53573201935467 -0.227694924298703 1.03350847677021 5.80152538880753 -1.26356468741216 -2.31539715108397 1.07225065321837 -7.01682518102632 0.491027598936455 -1.15873255251245 0.774696882231098 -1.53484110648509 2.68222246569576 -0.384417036080777
"73" 0.827514236501131 -3.56982136191095 5.04819644602969 -0.123919935569802 1.13847483869324 6.23718280591936 -1.37502159578619 -2.59906308095367 1.24773726374401 -7.6611929870777 0.360621114663331 -1.46819445911842 1.02974019778429 -1.19413866384727 3.34537948413663 -0.530358551559402
"74" 0.956376079257993 -4.40559992943497 5.53555607675207 0.00247443687885607 1.24472930177265 6.6644683963371 -1.47637559698231 -2.87710279999294 1.43290676443752 -8.31155289564731 0.189965606175804 -1.81474783608337 1.30857026340584 -0.799478667144456 4.11464305340087 -0.688414303745958
"75" 1.09117786445958 -5.28569208224474 5.97899794130751 0.153063850512581 1.35022283204576 7.07721416307805 -1.56322768718738 -3.13861416840928 1.62372430168119 -8.95694286376261 -0.01871758794681 -2.19818835175101 1.6048666450059 -0.363070645901445 4.98300890865858 -0.858572353428826
"76" 1.22909843804413 -6.18821049394546 6.35936857970921 0.328886249972356 1.45254886830579 7.46865176885143 -1.63113138513896 -3.37257875063119 1.8155793560663 -9.58503802554833 -0.261837414408831 -2.61660676131305 1.91145043934478 0.101936498899647 5.93892592555585 -1.04027280723858
"77" 1.36689406230784 -7.08995362286396 6.65803949922565 0.530302521949466 1.54900389849077 7.83152282414687 -1.6757785867313 -3.5683844202797 2.0034460057023 -10.1824041534192 -0.534525122360606 -3.0662389955487 2.22055455455505 0.582110609310007 6.96640520208439 -1.23233898802391
"78" 1.50098351948336 -7.96742286988473 6.85781213730093 0.756867876306728 1.63667692282679 8.15823587698191 -1.69319691316127 -3.71634097479296 2.18207340974157 -10.7348231038926 -0.830781018161019 -3.54141494578744 2.52411707362342 1.06434910854369 8.04536219873626 -1.43294211777084
"79" 1.6275551884579 -8.79785765841183 6.94381770135374 1.00722285527127 1.71256463580178 8.44106817861223 -1.67994977080502 -3.80816275290215 2.34619820923227 -11.2276845368541 -1.14367070145511 -4.03461445411449 2.81408469070784 1.53641620995643 9.15218595458555 -1.63960327448603
"80" 1.74269304095445 -9.56023361659402 6.90436393972982 1.27901322778223 1.77370683621073 8.67240686306201 -1.63332934832647 -3.83739351336214 2.49076863588805 -11.6464343445042 -1.46556282381164 -4.5366323525277 3.08271300958519 1.98737996888451 10.2605146821966 -1.84923402744153
"81" 1.84251727902986 -10.2361698737355 6.73168008524488 1.56884782857605 1.81733456548493 8.84502092272953 -1.55153224357761 -3.79975130459559 2.61116876129537 -11.9770665340724 -1.78839813965095 -5.03684768085805 3.32285090991866 2.40793355847134 11.3421835419927 -2.0582147718369
"82" 1.92333425071358 -10.8106955512291 6.4225132281274 1.87230254795622 1.84102195925057 8.95235252406923 -1.43380742877684 -3.69337464436535 2.70343064604162 -12.2066419774563 -2.10397792720181 -5.52358588594598 3.52819718351444 2.79059440401943 12.3682990764019 -2.26250753174099
"83" 1.98178940795252 -11.2728327408922 5.97853439315895 2.18397710188776 1.84283192001297 8.98881399166578 -1.28056689033303 -3.51895590767367 2.76442225461518 -12.3238146597561 -2.40425884920921 -5.98455724390169 3.69351915764722 3.12978368376926 13.3103864279406 -2.45779801305616
"84" 2.0150164769921 -11.6159633130154 5.40652060228206 2.49760889322602 1.82144557340599 8.95007535584136 -1.09345054733927 -3.27975321897975 2.79199992558905 -12.3193439951405 -2.68164104988921 -6.40735025016784 3.81482496973327 3.4217965599039 14.1415505950426 -2.63966006575811
"85" 2.02077574700424 -11.837959268269 4.71828996920897 2.80624525913834 1.77626609234135 8.83332681336418 -0.875338944699081 -2.98147814631272 2.78511590449103 -12.1865705737461 -2.92923674464436 -6.77995549941443 3.88948343410448 3.66467982526018 14.8375918459619 -2.80373452086042
"86" 1.99757448209236 -11.9410703427312 3.93037994541965 3.10247180054444 1.70748883711089 8.63750083782952 -0.630309671098985 -2.63206284659623 2.74387387305457 -11.9218324648729 -3.14110769930363 -7.09129374196436 3.91628793020944 3.8580380833871 15.3780179764635 -2.94591363162363
"87" 1.98408158255255 -11.9498429950105 3.66369931385213 3.19234277315581 1.68096951434772 8.55919881006901 -0.548026441698454 -2.51245719866733 2.72385235020348 -11.8105019182378 -3.19986791623927 -7.17539940829192 3.91480260334047 3.9089930631495 15.5138323730002 -2.98571229834306
"88" 1.9219160720715 -11.9066253917811 2.77667909418085 3.46066542432129 1.58281522419573 8.26089504599901 -0.275609993917982 -2.11092737200806 2.63947803643298 -11.3721342634761 -3.35761683466256 -7.39168896529463 3.87918765679256 4.03874461415762 15.8259811033681 -3.09356197562283
"89" 1.83067665487812 -11.7642513350809 1.84282106568617 3.69923817027825 1.46464751324041 7.8885384602479 0.0103403541806131 -1.68309211499638 2.52530200706159 -10.8064949731674 -3.47053009479924 -7.5273243332922 3.79833294660438 4.1226606590574 15.9536667813272 -3.17194412563003
"90" 1.71186073602341 -11.5359079226949 0.888992573622772 3.90129665747759 1.32926690650427 7.44765903453418 0.302795995360697 -1.2413092941996 2.38493407825123 -10.1216653731337 -3.53694644628911 -7.57761907154509 3.67550669643935 4.16368749179475 15.8936868004166 -3.2187968169992
"91" 1.56788976541146 -11.2363743604228 -0.0571331352688276 4.06101111714236 1.18008998180931 6.94573703258447 0.594328093802858 -0.798128726052823 2.2227482023152 -9.32935306554305 -3.55662987780346 -7.54052874142917 3.51506045991152 4.16522882531231 15.6486876829476 -3.23295788751057
"92" 1.40205177327219 -10.8810823610233 -0.968324044803126 4.1738138573852 1.02100489716523 6.39204114306608 0.877392277994289 -0.365720138631787 2.04367480488688 -8.44468739213755 -3.53073326921015 -7.41679912011068 3.3222360421158 4.13093844087913 15.2270176984871 -3.21423828572733
"93" 1.218405963861 -10.4851866564114 -1.81903035491678 4.23668463834213 0.856201239493767 5.79738826023475 1.14462512882258 0.0446743539139334 1.85297025868654 -7.48587150885447 -3.46170952657008 -7.20999287764243 3.1029470521918 4.06455587082175 14.6423381539958 -3.16345488758816
"94" 1.02165226867096 -10.0627066636982 -2.58654620918708 4.24837249749282 0.689984436474969 5.17383236580417 1.38913705443534 0.423232489430802 1.65597718176068 -6.47369637274818 -3.35317566660399 -6.92639098745758 2.86354525065944 3.96978781577738 13.9130159395627 -3.08242011018774
"95" 0.816970522424597 -9.62579544834813 -3.25202159841183 4.20953479070727 0.526586042830424 4.53429356867656 1.60478588912184 0.761960622269612 1.45788970914136 -5.4309284868865 -3.20973710056126 -6.57477096848243 2.61058203925549 3.85023323833263 13.0613298307976 -2.97388748029243
"96" 0.609835508039495 -9.18418320920665 -3.80126144138535 4.12277807294583 0.369981462040737 3.89214147177586 1.78641632530244 1.05499528824214 1.26353736608497 -4.38158975029165 -3.03678073373436 -6.16606988473495 2.35057512929717 3.70934613869363 12.1125308811656 -2.84145425389488
"97" 0.40581543527226 -8.74483009734388 -4.22526115461687 3.99259082595108 0.223726069311788 3.26074951335198 1.93005207776901 1.29877999597852 1.07719969915068 -3.3501538995493 -2.84024641973099 -5.71294562349203 2.08978965351268 3.55042719185312 11.0938027165685 -2.6894241706259
"98" 0.210362399945637 -8.31180808042967 -4.5204444022379 3.82516466920811 0.0908193045951222 2.65303865221455 2.03303039881035 1.49210719802818 0.90246150443148 -2.36068946975007 -2.6263867859256 -5.2292551027931 1.83404181548525 3.37663386885237 10.0331705582303 -2.52263539763317
"99" 0.028603959883867 -7.88641481399992 -4.68858812472808 3.62810815149896 -0.0263957871057272 2.08102964745933 2.09407204468252 1.63602385118691 0.742115502412327 -1.4359836088928 -2.40152549386488 -4.72947248619766 1.58853168012075 3.19099841023117 8.9584083656373 -2.34626059053608
"100" -0.134854876297013 -7.4675052800543 -4.73644103291008 3.41006498660909 -0.126292711626821 1.55542317595649 2.11328380210352 1.73360781288989 0.598115873738326 -0.596684130436643 -2.17182364617895 -4.22807397823453 1.35770999014557 2.99644396984218 7.89599174656223 -2.16558767832703
"101" -0.276110236911251 -7.05201057710872 -4.67506296712509 3.18025607083473 -0.207979462071297 1.08522612921388 2.09209493049684 1.78963092157733 0.471582452569269 0.13950139505755 -1.94306333926681 -3.73891812220245 1.14518205011623 2.79579119793573 6.8701404546814 -1.98579135887758
"102" -0.392110265411731 -6.63559895090282 -4.5189322144123 2.94797117631276 -0.271275344462829 0.677440668460633 2.03313304367248 1.81013233334727 0.362851854015753 0.758511144385295 -1.72045633463023 -3.27465153836511 0.953649854727779 2.59175019225236 5.90198868622974 -1.81170626042967
"103" -0.480771139132429 -6.21342307725132 -4.2848844515097 2.7220412576421 -0.316650664804989 0.336830064542767 1.94004872255272 1.8019319246738 0.271568660920238 1.2505031997847 -1.50848453113986 -2.84616958609331 0.784891851769572 2.38689576896539 5.00891434440018 -1.64761317811008
"104" -0.541052577895073 -5.7808906713592 -3.99095903123327 2.51032532855857 -0.345135722512254 0.0657721162720577 1.8173012219579 1.77211779344452 0.196807255476854 1.61026685477992 -1.31077741776249 -2.4621594321361 0.639778112443913 2.18362703354967 4.20405033826091 -1.49704964555713
"105" -0.572988987939596 -5.33439332741682 -3.65523476530996 2.31924648654058 -0.35820744044198 -0.135792833480991 1.66991976419627 1.72754370376833 0.137213145111458 1.83744592638521 -1.13003002625697 -2.1287494632179 0.518317307049998 1.98411492006551 3.49599221248218 -1.3626552936521
"106" -0.577674397403698 -4.87193135847531 -3.29473752357376 2.1534096927611 -0.357663115028771 -0.270316413218268 1.50325593033321 1.67437150566309 0.0911518247720569 1.93655701053069 -0.9679631429604 -1.84928399052478 0.41973080759719 1.79024342984698 2.88870735138516 -1.24606096413936
"107" -0.557201471537965 -4.39358018874589 -2.92449571815723 2.01532936784361 -0.345491111856155 -0.342500733959355 1.32274248884391 1.61769010646469 0.0568533875281716 1.91679507246243 -0.825325738842878 -1.62423595167456 0.342548494490487 1.60355152897051 2.38164204532177 -1.14782842137993
"108" -0.514557048157059 -3.90175603377173 -2.55680746386349 1.90528797718753 -0.323747854350714 -0.359066681974525 1.13367266452531 1.56123667861777 0.0325422078060758 1.79162914584936 -0.70193780105086 -1.45126311517015 0.28472044166196 1.42518294979783 1.9700142057045 -1.06744482656086
"109" -0.453478701920361 -3.40125431010745 -2.20076582134652 1.82133800160682 -0.294449222786625 -0.328441882113452 0.941011473826251 1.50723787351762 0.0165429626761693 1.57820167902128 -0.596770064487998 -1.32540551440161 0.243738582333314 1.25585048657342 1.6452718001392 -1.00337304949244
"110" -0.378278728839646 -2.8990522667952 -1.86206741389788 1.75944964970404 -0.259482629563955 -0.260381905543795 0.74924755297306 1.45637946792397 0.00735684365140798 1.2965556073687 -0.508055617275204 -1.23941393359837 0.216762684085516 1.09581988276284 1.39569044887776 -0.95315557993581
"111" -0.293643544627486 -2.40388633320646 -1.54310659397618 1.71379613545469 -0.220543752130105 -0.16554137717975 0.562290173441141 1.40790283186084 0.00370480692793329 0.968722912539931 -0.433427057288384 -1.18419172851645 0.200745438753017 0.944916276289689 1.20707833419829 -0.913566488482502
"112" -0.204417729308574 -1.92563313975995 -1.24333415415106 1.67715815538679 -0.179099410628133 -0.0550139544932904 0.383412212469835 1.359816685032 0.00453784455754302 0.617716631795759 -0.370071872208996 -1.14932559042245 0.192552141450037 0.802553663676662 1.06355283118137 -0.88080281562452
"113" -0.115382759101323 -1.47453961497422 -0.959838300116985 1.6414201940562 -0.136375611515426 0.0601384266889227 0.215236078105193 1.30920362145844 0.00901725438930256 0.266474443091283 -0.314898058186884 -1.12367552276919 0.189071227983007 0.667785268608156 0.948351219835331 -0.850704177726584
"114" -0.0310407976973863 -1.06036066306183 -0.688088058216636 1.59812422940468 -0.0933675715943707 0.16934619915844 0.0597563143601576 1.25259358219296 0.0164704808027256 -0.063194386827945 -0.264701724101712 -1.09599069710566 0.18731279611724 0.539370365261334 0.844637561459876 -0.81898748239928
"115" 0.0445862511229365 -0.691471605085496 -0.422766992662901 1.53904191978449 -0.0508667890524706 0.262962437705085 -0.0816098813426152 1.186371463711 0.0263300703093545 -0.351606064445718 -0.216328574185297 -1.05551628356716 0.184493093106596 0.415851290657116 0.736269322250791 -0.781482616089306
"116" 0.108132899355994 -0.374026093563941 -0.158619122966002 1.45672484742443 -0.00949908932993537 0.332644070799972 -0.207954500041637 1.1071837928439 0.0380644735719411 -0.582092848340267 -0.166821723739758 -0.992556974648323 0.178103758996656 0.295633303693535 0.608490525178695 -0.734354908282512
"117" 0.157033056471036 -0.111228269822163 0.108770234234498 1.34499403604809 0.0302328690826812 0.371667859296622 -0.318803596816252 1.01231007226124 0.0511097424555729 -0.741741724035023 -0.113549259397757 -0.898965746891918 0.165965334338324 0.177059747474487 0.448522948254322 -0.674301123040095
"118" 0.189623027863561 0.0972193532990673 0.382328422080832 1.1993346558985 0.0679088757598123 0.375168305466332 -0.414045172971953 0.899967942543071 0.0648106118917546 -0.821943534605907 -0.0543062600448252 -0.768531279923081 0.146265148888503 0.0584756804313429 0.246032923262646 -0.598707629284036
"119" 0.205199648450844 0.25544287803632 0.663040355101543 1.01716921265847 0.103157561499053 0.340288640843426 -0.493868337283601 0.769527408096678 0.0783780987192042 -0.818725002470842 0.0126124237510794 -0.597244068821055 0.117580195523402 -0.0617253063735177 -0.00654168848586778 -0.505762125747424
"120" 0.204030859311828 0.371465402321178 0.949722203101828 0.797991994653216 0.135633775179791 0.266240467409318 -0.558719522241233 0.621617495354258 0.0908687436347915 -0.73284787065586 0.0883705663279102 -0.383429178441475 0.0788859663068848 -0.185074142042026 -0.313812128058998 -0.394513643137543
"121" 0.187318380604481 0.457001857764567 1.23904022644422 0.543358342005831 0.165009005626651 0.154272254555053 -0.60927851872313 0.458118141355044 0.101188176588245 -0.569672198579838 0.173580227378466 -0.127742248992035 0.0295524997391965 -0.313019599796803 -0.677406919944133 -0.264879257496432
"122" 0.157114518797982 0.526985073273522 1.52576854656149 0.256733507897252 0.190974949876129 0.00755146601494516 -0.646453892998665 0.282040019867964 0.10811904710202 -0.338793882021378 0.268320953375678 0.166965842250647 -0.0306709176887807 -0.446939512197872 -1.09607992552765 -0.117599733652241
"123" 0.116197450474772 0.598847183811756 1.80325791726989 -0.0567834267891385 0.213258438806655 -0.169030652887898 -0.671394307614776 0.0973045388574292 0.110370788737379 -0.0534789173128729 0.37218513746501 0.495901953770954 -0.101680812386547 -0.588164913192855 -1.56594362172791 0.0458501247894674
"124" 0.0679114305742132 0.691598032339016 2.0640686587443 -0.39083583320496 0.231644318462614 -0.369118904790867 -0.685509707875184 -0.0915554373655141 0.106646429673759 0.27007198945978 0.484344753858863 0.852680359492297 -0.183052654905481 -0.738010066150025 -2.08080702399548 0.223387594028281
"125" 0.0159801701591107 0.824756620542814 2.30070648654919 -0.738254125701815 0.24600172516287 -0.585202951987981 -0.690494530854608 -0.27974717822292 0.0957199312753225 0.613585855044903 0.603633629734475 1.22974258469458 -0.274080275141088 -0.897800029225465 -2.63259310692092 0.412473493489415
"126" -0.0356969783885717 1.01720192602272 2.50639124564486 -1.09153237562089 0.256308609524872 -0.808957519141188 -0.688344237982335 -0.462591055889789 0.076516491010846 0.957657902473329 0.728638779704966 1.61881720939527 -0.373819687414141 -1.0688870564239 -3.21180762668064 0.610276497095583
"127" -0.0832554792584261 1.28601484894284 2.6757862376495 -1.44329930401693 0.262669419695634 -1.03159551072224 -0.681356659108133 -0.63588272586253 0.0481879708591304 1.282717749879 0.857794142550063 2.01138802954847 -0.481135371358349 -1.25264781706937 -3.80803006812084 0.813837444068668
"128" -0.123071788479777 1.64538340139228 2.80562001118722 -1.78674776083255 0.265321540484429 -1.2442158031082 -0.672110852782481 -0.796213907573701 0.0101761180332556 1.56996881480757 0.989470332207929 2.39913982512462 -0.594746995187776 -1.45045511224052 -4.41039806517665 1.02022148150445
"129" -0.151954507544104 2.10563863777315 2.8951426741628 -2.11599144162199 0.264627326670542 -1.43812880579168 -0.663418313914178 -0.941225298225845 -0.0377425365659256 1.80225147837507 1.12205471698451 2.77435400744798 -0.713274548183051 -1.66362033494229 -5.00805900123396 1.22664750412878
"130" -0.16731052536899 2.67247974775864 2.94637395676182 -2.42632467081523 0.261050232344097 -1.60514522312377 -0.658244183559503 -1.06977146217082 -0.0954344200746888 1.96478652243547 1.25401721370622 3.13023132729995 -0.835279895488824 -1.89330612381923 -5.59056639982646 1.4305867858584
"131" -0.167277441182947 3.3464340214486 2.96411894318203 -2.71436993129862 0.255115443660365 -1.73781662287405 -0.659599351134062 -1.18198540375772 -0.162411431994034 2.04576381700576 1.38395854152708 3.46112520074894 -0.959302906354793 -2.14041218528752 -6.14820387852296 1.62982570005715
"132" -0.150815318648014 4.12258210967957 2.95574785699966 -2.97810764760209 0.247357365584641 -1.82962020723585 -0.670407659951991 -1.27923922486195 -0.237858011569939 2.03675159407589 1.51063921790552 3.76267652887236 -1.08389056000257 -2.40544074872258 -6.67222549153712 1.8224907351314
"133" -0.117752972697176 4.99056234023635 2.93075667074424 -3.21679267456955 0.238258084307731 -1.87508431831372 -0.693355495673444 -1.36400600718969 -0.320680253692133 1.93291318102615 1.63298917969087 4.03184856685584 -1.20761781552442 -2.68835121002434 -7.15500780328694 2.00703734371382
"134" -0.0687864268502096 5.93485104248725 2.90014381735409 -3.43077115853123 0.228182333278667 -1.86985539989718 -0.73073354136281 -1.43963608765569 -0.409572571314429 1.73303000203407 1.75009945533554 4.26686784336835 -1.32909954533703 -2.98841587831078 -7.59011556063888 2.1822072372961
"135" -0.00542977779008424 6.93530004041452 2.87565333486259 -3.6212191701984 0.217315375958265 -1.81071108201132 -0.784282164033328 -1.51006754040441 -0.503095879179932 1.43934120201402 1.86119868659102 4.46708378334097 -1.44699346236347 -3.30409010118336 -7.9722889139548 2.34696130383782
"136" 0.0700786726986422 7.96789869757083 2.86894516591917 -3.78983015438416 0.205610478609493 -1.69552747275009 -0.855052577603601 -1.57949542465167 -0.599760359987025 1.05722066769829 1.96561840116397 4.6327650682033 -1.55999468797542 -3.632910236182 -8.29736535696793 2.5003971840415
"137" 0.15490965289699 9.0057169132956 2.89075830697493 -3.93848140083685 0.192752239028508 -1.52321138895508 -0.943295523252203 -1.65202687031115 -0.698105641555545 0.594720874554241 2.06275169563179 4.76485451391 -1.66682336475358 -3.9714318975461 -8.56215355937502 2.64166155962812
"138" 0.245807912098087 10.0199777811292 2.95013181901868 -4.0689102414442 0.178140986128035 -1.29360994627314 -1.04838774089549 -1.73134923624934 -0.796771665751555 0.0620193791154406 2.15201035193536 4.86470613668371 -1.76620745418255 -4.31521869902383 -8.76427878734876 2.76986732576006
"139" 0.339279502620883 10.9812044455838 3.05374264347688 -4.18242858425583 0.160901857900093 -1.0074105433896 -1.16880409482721 -1.82043648338242 -0.89455460334616 -0.529192424631105 2.23278536329832 4.93382804085013 -1.85686350628804 -4.65888850465282 -8.90202048947049 2.88402505912745
"140" 0.431790542940291 11.8603849746361 3.20540844899483 -4.27969998765241 0.139920141761685 -0.666043779572362 -1.30214006894923 -1.92131484475294 -0.990443742757092 -1.16633760006926 2.30441540050185 4.97365288730452 -1.93747867272243 -4.99622025514483 -8.9741618337398 2.98299664554179
"141" 0.519965906608078 12.6301015015868 3.40578947733854 -4.36059722447692 0.113902203694451 -0.271600286594946 -1.4451857344265 -2.03490329517797 -1.08363718864882 -1.83655995077834 2.36616695033348 4.98535420978715 -2.00669749161136 -5.3203200880383 -8.9798686021295 3.06547674975627
"142" 0.600776197777037 13.265574991201 3.65230692719081 -4.42415079030241 0.0814590443095256 0.173230033354514 -1.59404852624294 -2.16093777784397 -1.17353625732731 -2.52727331255267 2.41722877420062 4.96972208122406 -2.06311694449452 -5.62384108120472 -8.91861108936337 3.13000519658817
"143" 0.671701976400499 13.7455841349379 3.93927829596953 -4.46859075096154 0.0412074082016645 0.665191091351574 -1.74431856491108 -2.29798124295314 -1.25972045063075 -3.2266250463033 2.4567220554689 4.92710602026727 -2.10529293908408 -5.89924688189089 -8.79013782280663 3.17501051436375
"144" 0.730865471386792 14.0532254027893 4.25825375557213 -4.49147639527041 -0.00811837070605748 1.2004644315831 -1.89126712584329 -2.4435148943785 -1.34190664245264 -3.92385267872385 2.48372623050716 4.85742704150834 -2.13176069502381 -6.1391060682308 -8.59450440885166 3.19888210472891
"145" 0.777121911739371 14.1764905051862 4.59852337792427 -4.4899010080112 -0.0675518224022511 1.77464605597277 -2.03006644500417 -2.59410016590436 -1.41989746664799 -4.60952139373705 2.49731913758495 4.76025487324569 -2.14107052267879 -6.33640158752956 -8.33215506300076 3.20006597112297
"146" 0.810105019552807 14.1086468409851 4.94775390021493 -4.46075325369134 -0.137785706726348 2.38270222294665 -2.15601754078915 -2.74559629392945 -1.49352473911257 -5.27563920547766 2.49662887242317 4.63494104437723 -2.13183923759105 -6.48483820933413 -8.00404885523221 3.17717685638127
"147" 0.830224011378775 13.8484154216673 5.29270644274879 -4.40101257317986 -0.2190777920068 3.01891342237991 -2.2647722325116 -2.89341521846632 -1.56259402089168 -5.91565551482415 2.48089370195601 4.4807941646468 -2.10281602514806 -6.57913070453921 -7.61181784547489 3.12911815788357
"148" 0.838612481397845 13.399948894287 5.61998350000647 -4.30805388766464 -0.311178742869885 3.67681820637586 -2.35253606086454 -3.03279407225295 -1.62683612915537 -6.52435677410119 2.44952563372073 4.29728058680757 -2.05296006728905 -6.61525640483384 -7.15794049116812 3.05520020635231
"149" 0.837032605579779 12.7726193974985 5.91675457800886 -4.17993684637975 -0.413288383911741 4.34917004068359 -2.41624029565818 -3.15906569959827 -1.68587057841295 -7.09767964175251 2.40217282012293 4.08423193500221 -1.98152578932263 -6.5906578101789 -6.645911294494 2.95524745025796
"150" 0.827944710983203 11.9950406456516 6.16758362464952 -4.0186825176022 -0.522143482140677 5.01663825420871 -2.45327438821133 -3.26626458983185 -1.73834896927781 -7.62391098144406 2.33995925295596 3.84629768594459 -1.88988104233579 -6.50631940239796 -6.09018928959222 2.83197612035474
"151" 0.813711969922636 11.0666614631896 6.36992400734334 -3.82058433158954 -0.638652064527555 5.68803474942519 -2.46365577030798 -3.35372700889525 -1.78507909991212 -8.11478857031057 2.26170402949839 3.57865927465355 -1.77596817176897 -6.36141366891442 -5.48257986335784 2.68349773151022
"152" 0.79706165108324 10.0155301352494 6.51374067072572 -3.58829068686157 -0.7595233278116 6.34788098157236 -2.44661317761143 -3.41739972778191 -1.82479914726233 -8.56313590490527 2.16853767547622 3.28529859339869 -1.64115267172058 -6.15876126050705 -4.83504338010243 2.51256240194016
"153" 0.780633784761832 8.86599379962161 6.59392228123693 -3.32437273663027 -0.882056881309396 6.98630246660588 -2.40277198341897 -3.45512985535117 -1.85667436776756 -8.96694563885501 2.06145834121708 2.96901146680739 -1.48662412721266 -5.90223889270717 -4.15587002973643 2.32155243358284
"154" 0.766858173776541 7.64437155565054 6.60786650195303 -3.03261618221404 -1.00328136734942 7.59303907913784 -2.33362935648225 -3.46564738788061 -1.87982872353215 -9.3241326950241 1.94183108935198 2.63348800503718 -1.31417574319778 -5.59714631008796 -3.45449537611057 2.11346644790683
"155" 0.757795771367441 6.37809997568917 6.55545386211202 -2.71790688161536 -1.12008389864882 8.15768017546895 -2.24145430562621 -3.44857455388455 -1.8933997001264 -9.63240748535134 1.81136401115305 2.28325702563507 -1.12620595845877 -5.25001239529652 -2.74132254757114 1.89184180020857
"156" 0.755007827037502 5.09486631929059 6.43889336187578 -2.38604903427961 -1.22935032546572 8.66994874960739 -2.1291557092199 -3.40438836462113 -1.89659869167307 -9.88922492215079 1.67206604301555 1.92357140438162 -0.925688657272246 -4.8683531628395 -2.02747139920893 1.66064670689775
"157" 0.759461305303105 3.82175877061854 6.2624609225104 -2.04352885212381 -1.32810778972991 9.12002360209522 -2.00012753834469 -3.33434368914368 -1.88877201136312 -10.091813295126 1.5261883965764 1.56024110768521 -0.716110585855631 -4.46039411115598 -1.32446460817255 1.42414775202906
"158" 0.77147650355387 2.58446220626456 6.03215652660845 -1.69723985093913 -1.41366094223461 9.49888436378103 -1.85808125118595 -3.24036589834577 -1.86945761146523 -10.2372798745228 1.37615259032225 1.1994243414465 -0.501376841091357 -4.03477086556003 -0.64386581326562 1.18675998777144
"159" 0.790719763341784 1.40652640007545 5.75530828470289 -1.35418782284307 -1.48371372654439 9.79866096261043 -1.70687538918651 -3.12492295498475 -1.83843302675815 -10.3227832451137 1.22446893849792 0.84739009455734 -0.285687664618649 -3.60022269266713 0.00311094087692254 0.952887894098239
"160" 0.816240910974059 0.308731097405484 5.44015180408417 -1.02119411872673 -1.53646971708474 10.0129670733035 -1.55035179306276 -2.99088681583783 -1.79575083396014 -10.3457564217784 1.07364995533004 0.510267178905451 -0.0733920519798161 -3.16529330493225 0.60599839092356 0.72676595604571
"161" 0.846551831447911 -0.691431022545373 5.09541138235875 -0.704615120068638 -1.57070554417339 10.137196490541 -1.39218667511412 -2.84139327468233 -1.74175896500389 -10.3041602276999 0.926123429026461 0.193795568211499 0.131174326408832 -2.73805244406384 1.15545659312966 0.512307532409977
"162" 0.879739634236032 -1.58013684628457 4.72990609337216 -0.410093847541816 -1.58581381865104 10.1687623487495 -1.23576316500632 -2.67970807576933 -1.67710442395327 -10.1967436050437 0.784149893544736 -0.0969046012219223 0.323857885977894 -2.32585011803823 1.64361402253803 0.312970046565169
"163" 0.913605453206543 -2.34746940298061 4.35219924467447 -0.142356748692237 -1.58181403342443 10.1072616825559 -1.08407004225404 -2.50910545875513 -1.60272022845968 -10.023286710998 0.649748882993123 -0.357532518762582 0.500852686113802 -1.93511318216704 2.06434862109768 0.131643384378549
"164" 0.945818236409039 -2.9875031466226 3.97030446172289 0.0949349038813239 -1.5593320103282 9.95455184971797 -0.939629340658797 -2.33276345382831 -1.51979662039576 -9.78480389712212 0.524637723605565 -0.584763272654982 0.658852761073355 -1.57119134422203 2.41349189277616 -0.0294331747927572
"165" 0.974072066088809 -3.49823908694862 3.59145627636235 0.299273588611356 -1.51955042318491 9.71473055777847 -0.80445351313179 -2.15367841319863 -1.42973867149793 -9.48368686633233 0.410185752576581 -0.776353270129221 0.795181837231354 -1.23825679695796 2.68894410029225 -0.168722024124691
"166" 0.99623566586871 -3.8813975998732 3.2219479887649 0.46933278253772 -1.46413462216857 9.39401726533487 -0.680031016873897 -1.97459959406154 -1.33411327112217 -9.12377316748911 0.307385819615831 -0.931189896099113 0.907892436174507 -0.9392587110855 2.89069443214066 -0.285404841259151
"167" 1.01048377869243 -4.14208321350122 2.86703507348273 0.6049354895938 -1.39513929979187 9.00054010004069 -0.567337629837454 -1.79798321112037 -1.2345890703201 -8.71033128660042 0.216843805599638 -1.04928460931706 0.995828395957325 -0.675930931509413 3.02074621708857 -0.379367333308437
"168" 1.01540192818374 -4.28834148311336 2.53089874881488 0.706970108913652 -1.31490239647644 8.54403863385144 -0.466869617583782 -1.62596432005228 -1.13287324257477 -8.2499603784342 0.13878576789412 -1.13171236842118 1.05864735593429 -0.448848574691652 3.08295337224035 -0.451153618403623
"169" 1.01005852582303 -4.33063282577186 2.21666165502194 0.777262481140951 -1.22593300877399 8.03549837028453 -0.378694077381923 -1.4603441989006 -1.03064890500758 -7.7504095444184 0.0730812762894573 -1.18050358931396 1.09680253058564 -0.257526971437329 3.08277979898412 -0.501894412745514
"170" 0.999806297915455 -4.30429942649803 2.00832761082796 0.809267781635754 -1.15896741397524 7.64985006250677 -0.323472089474564 -1.34760902964376 -0.958742314164964 -7.37718513067017 0.0337453625196247 -1.19624453671986 1.10953761534869 -0.142802458062306 3.04852554300146 -0.525992276965553
