"V1" "V2" "V3" "V4" "V5" "V6" "V7" "V8" "V9" "V10" "V11" "V12" "V13" "V14" "V15" "V16"
"1" 0.326816320933587 -0.0749965975120702 -0.184075361223281 -0.102573993587635 0.795419642559157 -0.266294583881111 0.000866310543379422 0.0585088044258588 0.722438740901017 -0.0328387694129501 -0.0462548600721368 -0.0316898481586586 0.257984912836593 -0.0886908259712582 -0.0768788336696318 -0.0862533074818372
"2" 0.462486340570335 -0.171180063944715 -0.280876387037489 -0.151998152365348 1.17101583249374 -0.518208614868003 0.00648253568664826 0.0933638487150833 1.10268056098537 0.102054566278167 -0.0786531813705443 -0.0484825491138232 0.409893148501209 -0.0890382304783109 -0.115610112694145 -0.132422208993042
"3" 0.380714847448423 -0.119895715317239 -0.233106872540405 -0.120036320618444 0.936157941008051 -0.350668179907653 0.00422817304238624 0.0777519611302729 0.868199094006495 0.0294490114809047 -0.0579053524867447 -0.0350138962018081 0.320565210608185 -0.0930463734855368 -0.103529829651785 -0.103844367779665
"4" 0.323879487460406 -0.0721141349700307 -0.201572261026453 -0.0945502451389099 0.756071025449451 -0.184237700097723 0.00199981298015049 0.067712353333498 0.680897755904269 -0.056070441625062 -0.039030814257757 -0.0223690173086813 0.24778830920653 -0.109337496471462 -0.101008057651638 -0.0807100086645782
"5" 0.228277902786836 -0.0956638881882112 -0.187655116097567 -0.0591957969083475 0.516379592154356 -0.071338466230229 0.00657256375264943 0.0710507908728137 0.478632074269374 0.00534685088056962 -0.0235446333357595 -0.00229334007596282 0.188291558161291 -0.0980284061038287 -0.118628075297718 -0.0555252472795995
"6" 0.156557480383896 -0.110167091724986 -0.173029173790602 -0.0318509107869688 0.340157399509633 0.058408216511545 0.0087694487404949 0.0713288733770667 0.321034410630686 0.00704977175243131 -0.00865648430165803 0.0134417918989118 0.13396715446399 -0.104588258658904 -0.130125391517716 -0.0351572285901107
"7" 0.108406798303324 -0.13153809694252 -0.1723597994375 -0.0111568303937146 0.222287704447988 0.195264993160771 0.0106340144138677 0.0761059218844553 0.213097936376573 -0.0131369028840952 0.00450816800687954 0.0278878859371255 0.0946391190005182 -0.1256730733231 -0.148888034261164 -0.0202031313129305
"8" 0.053481320773515 -0.163871180752829 -0.173154711297432 0.0123172136801102 0.095682966550947 0.372132152097189 0.0124419617566234 0.0822313796576336 0.0963256660052054 -0.0497540880387397 0.0199424560919398 0.0447324703246504 0.0492328429860737 -0.15633489455102 -0.171461483852618 -0.00318653487931342
"9" -0.00438166798150741 -0.177945605753729 -0.155517624944152 0.0324450766473652 -0.0295646440295848 0.508395996090673 0.0120010382595594 0.0790588171418513 -0.0205242913261732 -0.0849604328456846 0.0312079445316833 0.0550869203886647 0.000757208971765982 -0.168917423654729 -0.17278509339236 0.0132635738880673
"10" -0.0426086118244323 -0.167945638703746 -0.132569581143938 0.0424453311386351 -0.110685839183683 0.555319190542652 0.0098962292396162 0.0709351826722643 -0.0968047047500914 -0.0949950989450916 0.0339998084723217 0.0566311581086538 -0.0314560948945992 -0.159785051737234 -0.158508777863958 0.0233195983549326
"11" -0.0725123948353857 -0.160008358179388 -0.121856556726937 0.0506766831119314 -0.176673625278441 0.603433027749759 0.0079261545306475 0.0679384576161534 -0.158443354952428 -0.0955031805120922 0.0349826595573061 0.0589465574566477 -0.0562501989236983 -0.153853626893578 -0.152627339368013 0.0318315710475794
"12" -0.102496517951036 -0.138861655644078 -0.112808186778149 0.0575563659737468 -0.246932987436581 0.635385473793049 0.00459217458665243 0.0652750847990418 -0.223772497530556 -0.0760530276698728 0.0317567498152886 0.0594439586578178 -0.0806609040729111 -0.137857421227531 -0.143997361790999 0.0406971721991489
"13" -0.113984794023921 -0.081381045484344 -0.0921475617310996 0.0535291277543048 -0.280804944415337 0.552808548628942 -0.00103059651851745 0.0545139864051548 -0.255468998522506 -0.0198362712200663 0.0182177379228096 0.0489084126389153 -0.0895661716388795 -0.0896217543380395 -0.112638095762781 0.0433389326775497
"14" -0.11102384688097 -0.0288986556370463 -0.0681823723448068 0.0446391523641133 -0.28060561778167 0.425925670401686 -0.00587397954251324 0.0413246660402713 -0.255765228557532 0.0454727439159203 0.00361295898285957 0.0353154590113254 -0.0869032890119783 -0.0439660064311078 -0.0764089167181876 0.0413128604622077
"15" -0.253657523833797 -0.603580319672538 -0.00571993839296324 0.126263406602034 -0.427450459717445 0.52468131533296 0.0322581000182494 0.0519626469456477 -0.408379873446106 0.585239246782606 0.0817973985789106 0.11068906412286 -0.230113061739142 -0.540228726087041 -0.159358568604373 0.0722223688658776
"16" -0.542017733827781 -1.79814103481888 0.106087126598566 0.296183808999524 -0.721216594191894 0.807731689858757 0.112135281385521 0.0811534212570117 -0.71361037070267 1.62727131072532 0.24887054833544 0.270905715402945 -0.519587210229205 -1.57129591481127 -0.348596775752273 0.13570357540544
"17" -0.155253802702137 -0.101817991779115 0.0151970930795432 0.0502179769965685 -0.350525437531984 0.18744594272806 -0.00924739745759144 0.0103303317242019 -0.325965200764527 0.405063101921344 -0.0130744452672449 0.0236539081717196 -0.129645460709142 -0.103595204624353 -0.00550119724804071 0.0512536201960874
"18" -0.0726812671436505 0.214109175338288 0.0205058475900023 -0.00223062096056558 -0.256371854913583 0.00860319138184952 -0.0335370093826422 -0.0146395123728021 -0.231068565357535 0.194773458538058 -0.0667680242202345 -0.0313603801751888 -0.0486753625141647 0.174537473064864 0.0837414354332331 0.0320698695100226
"19" -0.060555927907624 0.252856164503222 0.0441099974609254 -0.013007919315031 -0.241977812255211 -0.0581155367667436 -0.0394653743228152 -0.0293922112386399 -0.217132161678007 0.200229231151077 -0.079962873042369 -0.0467402756851248 -0.0370736934788075 0.212685544393701 0.121278552833424 0.0294753441942004
"20" -0.0464545302065042 0.265978538042055 0.063749714448216 -0.0213697139871612 -0.214454112714978 -0.105654622856908 -0.0421360682352475 -0.0413290371720249 -0.191566665692107 0.188568941510642 -0.0858541393908225 -0.0573851781156607 -0.0248634054829292 0.229072354701525 0.147419375433626 0.0255789815837124
"21" -0.0066357658022377 0.0459635893091614 0.0132372237650122 -0.00444449345876323 -0.0341791021788547 -0.0213044880248806 -0.00744730974431734 -0.00851111050399419 -0.0304280073634394 0.03036118513542 -0.0151462350179173 -0.0109835459192517 -0.00308686286809291 0.0402822107561149 0.02807677676497 0.00403972203064312
"22" -0.0110907656210505 0.209088394423168 0.0921278492293118 -0.030767455605272 -0.116596605022975 -0.138156283976739 -0.036356107012267 -0.0584450131712933 -0.102207367068617 0.107120035920521 -0.0735103988323608 -0.065374880713827 0.00272064020522877 0.193537152022005 0.165300168130692 0.0132356063317778
"23" -0.0132729311546557 0.299124879968395 0.143975906581816 -0.0471176142240639 -0.165151528209535 -0.221063630100415 -0.0534655577608049 -0.0920745030158981 -0.143133669911061 0.16227966479328 -0.110813443549094 -0.102975317767232 0.00937956012280006 0.295996549718277 0.258321829318759 0.0175729743616464
"24" -0.00785042309589198 0.290486683520274 0.169064399037403 -0.0529188346222174 -0.159949610279563 -0.27647304940942 -0.0556475646865197 -0.110255595373654 -0.134207197288914 0.186725263890271 -0.122867543746724 -0.124770861067888 0.0226869340329855 0.340906527934717 0.307573759802326 0.013558132733142
"25" -0.00538211446873282 0.221215094019672 0.166209308403196 -0.0480463123622254 -0.138721051608658 -0.318073156543768 -0.0483303808501916 -0.113271496601534 -0.108918516088573 0.216743496885392 -0.121614791213945 -0.137288481294636 0.0368118560654057 0.366237112969748 0.328477775323212 0.00455930200142296
"26" -0.00154957413376393 0.0641710807374621 0.0508600519779846 -0.0144206885807297 -0.0415963434483061 -0.10009248842489 -0.0144457093326013 -0.0350365060804314 -0.032175842138698 0.0683096250937627 -0.0372513034572081 -0.0430928228429739 0.0121324698371052 0.114283804171188 0.102342105454536 0.000833171092480822
"27" -0.00108594476913839 0.0243767910653497 0.0512291171599716 -0.00907778736798101 -0.036643010026396 -0.138610932163849 -0.0107300193351334 -0.0433584510236666 -0.0220660097020578 0.0948084243314737 -0.0369643687459479 -0.0653057801515505 0.0247096058407921 0.156253330568125 0.136925997737535 -0.00850717041969729
"28" -0.00268250638961785 0.0545945733437892 0.132359673109603 -0.0213581895374343 -0.0946126487401021 -0.369215147457024 -0.0270576523164423 -0.115106930168579 -0.0553701372534047 0.252120194846457 -0.0938587725511094 -0.176869362574419 0.0674836652703117 0.417482025277226 0.364079947131018 -0.0252567142829201
"29" -0.00171303959402388 0.00898708613125666 0.114351188689139 -0.00740525829583757 -0.0830146279021453 -0.374556045198592 -0.0206084550970366 -0.115586305797772 -0.0411247314787196 0.253322660608463 -0.0709883417305983 -0.195319048391537 0.0764681649832619 0.431333144485896 0.366009577213175 -0.0388123915043446
"30" -0.000479293145857027 -0.0277121367608747 0.0808044151791301 0.00915281962247401 -0.0636285203958765 -0.330877901309483 -0.0136199331936062 -0.101256676691928 -0.0247794889922354 0.221847925160712 -0.0305019467042669 -0.190471125801435 0.0744874630083321 0.389339743018984 0.310912829157187 -0.0487300270663216
"31" 0.000607198160491484 -0.0507779160854963 0.0534098232133388 0.0238363305802593 -0.0495064649565734 -0.295229333038462 -0.0100294176776481 -0.0893280002784386 -0.0134124894256902 0.19691028925471 0.0103353503482781 -0.187269089635628 0.0719809076286207 0.354459035567487 0.255401919367762 -0.0578434156046352
"32" 0.00132408302206172 -0.058698474910771 0.0285841973979575 0.0317894593127108 -0.0348510768963792 -0.238010891603627 -0.00723395363258848 -0.0711108855077521 -0.00474903806334468 0.15823941126181 0.0403727406044963 -0.164621324306986 0.0619786308531735 0.290956804675236 0.184785149873308 -0.0581379952610748
"33" 0.000469751223017569 -0.010299749225786 -5.87601626713292e-05 0.00808060833468216 -0.0033942698160199 -0.0304612792705154 -0.00187301569621603 -0.00860852761703549 0.000598447275840522 0.0204923784139026 0.0183543308024759 -0.0248862691035219 0.00867635065877563 0.0381867229652356 0.0115575110559529 -0.0111049502188322
"34" 0.00479491676873391 -0.067348733666378 -0.0359594054425865 0.0711109729585176 -0.00334865856677225 -0.121543834531225 -0.0170191704840426 -0.0295190958165152 0.0138907601569942 0.0842042689548305 0.201888989737067 -0.136120291630934 0.0416901222301898 0.161365629633099 -0.072609511228605 -0.0798028924395542
"35" 0.00713170114439345 -0.0768281173484364 -0.0590169879263578 0.099327359956597 0.00391083932413368 -0.115238756507924 -0.0293759927914728 -0.0232096715421626 0.0206916549777315 0.0831278451660547 0.310120770325811 -0.156914313620335 0.0436555711944187 0.157751981779195 -0.188614167945772 -0.104630634525094
"36" 0.00939200109551394 -0.0698353724994247 -0.083146586694585 0.122052705738217 0.0162736380425866 -0.0678392073907663 -0.0452160961875457 -0.00398560582389251 0.0269081048238958 0.0556272443850145 0.422234187593948 -0.147362898101401 0.0336569835503952 0.101681297268797 -0.353866878410657 -0.119070842033259
"37" 0.0120238667825053 -0.0555882357844129 -0.106620484351677 0.146457921382977 0.0307501608951613 -0.00669752727287447 -0.0682955165353501 0.0205066451225951 0.0330833741165572 0.0199163904057619 0.557571391826034 -0.129291538880977 0.019407360786711 0.0265780724821301 -0.559617869294643 -0.132344237595506
"38" 0.0128731934898992 -0.038597815466595 -0.110721516019047 0.150192341434599 0.0397272641568514 0.0460905590680858 -0.0845091631702845 0.0389923487505066 0.0347396094532619 -0.0136395696117455 0.6121386030928 -0.0984791051108935 0.00519372553610023 -0.0425844089264042 -0.666110067169216 -0.12619995654373
"39" 0.0058629543307737 -0.0157807408938872 -0.0500652576801372 0.0678197929639241 0.0187648792589364 0.0260209386518705 -0.0396897279785866 0.0193648817457302 0.0157955705597635 -0.0095586997009925 0.280365942657784 -0.0411247931271196 0.00092525475594446 -0.0261562159897333 -0.309392943748033 -0.0559635145182102
"40" 0.00303467836450189 -0.0153646116610794 -0.0248166652794621 0.0366446230117124 0.0135406904694301 0.0271301314010687 -0.0298002826715418 0.014178165965411 0.0107856629292202 -0.0167536145750993 0.156991313225756 -0.0149632871956 -0.00118830684503698 -0.0342204620385621 -0.156761007342427 -0.0227521203763719
"41" 0.0114289648563245 -0.0647078903518232 -0.0939567783120152 0.140031483430968 0.0529796121744747 0.106333575736269 -0.117199783642747 0.0546745656837548 0.0425063222444671 -0.0675532148289305 0.599560964695849 -0.0558010274568195 -0.00408994724971691 -0.135714530562082 -0.584816698642979 -0.0832160168480138
"42" 0.00851653243272844 -0.101392482339839 -0.0771847672118158 0.121323987364959 0.0515868502438641 0.093805747048976 -0.118314855330215 0.0453384999058852 0.0451577286202876 -0.0713143617140778 0.506291926499419 -0.048168234635285 0.00391191967283791 -0.128396276703192 -0.389152966010482 -0.0497456132583913
"43" 0.0045585280140733 -0.130563327925271 -0.057793796848998 0.0910821063391438 0.0450375763302333 0.0692529903061254 -0.10538560858268 0.0299420528391273 0.0436378096175863 -0.0655812684775247 0.362698353357258 -0.0367954497009573 0.0120763680240555 -0.105554257987774 -0.147531255566433 -0.0140247734626389
"44" 0.0195690379333107 -0.222759237997043 -0.220441683218869 0.189298599945287 0.106029860403134 0.17694782763802 -0.0144194719889347 0.0124526432589613 0.0815792566298225 -0.138681676944303 0.20971507354739 -0.299531496763777 -0.0221070558427058 -0.387226347016778 0.69335816044715 -0.379462155275466
"45" 0.0572757678928641 -0.372066184000805 -0.596878982853883 0.43112422356953 0.243252756570558 0.437479333390061 0.188973668890088 -0.0121246082151206 0.16128103378778 -0.299497878414254 -0.0144855641034209 -0.894449035146145 -0.110498775022498 -1.02883278273016 2.29977321934525 -1.23657170930612
"46" 0.00795274122247088 -0.0620140648791001 -0.0894913079820357 0.0622714249301688 0.0365172927154027 0.0643276960015693 0.0267369925602251 -0.00308833319108903 0.0248501271091747 -0.0453929705444663 -0.00698177043750378 -0.129128574242688 -0.0154210252462216 -0.153251690115852 0.361160845443614 -0.178463171996938
"47" -0.0139504723604569 -0.155036393659242 -0.00346482556964942 -0.044153089707275 0.00539359939854851 -0.022458370818893 -0.0496264832284273 -0.0249499296102283 0.0197124250494672 -0.0176649678030134 -0.0661652559459947 0.110375672004138 0.0280401025743705 0.0148193923996931 0.344125376722399 0.160034473288621
"48" -0.024976967899446 -0.239883502091869 -0.00389088554475922 -0.0878793857066806 0.00335970039267297 -0.0416275139085089 -0.0744736479776125 -0.0468992847586649 0.0270193754209624 -0.0219145822960568 -0.12812141022284 0.213536787480884 0.0434812984526006 0.0355877796078645 0.536234574868226 0.281316798500234
"49" -0.0351906214741208 -0.258971550187942 -0.00348473490600226 -0.141688888242424 -0.00774284202975312 -0.0593083916821549 -0.0740584689241913 -0.0720580560732226 0.0209940235083039 -0.0114441753963135 -0.198251720816952 0.336010778085839 0.0461771799427628 0.0648946774225641 0.587847888598613 0.382373795193092
"50" -0.0435332945630279 -0.244819834356667 -0.00518794045420506 -0.189457911335096 -0.0199093185635434 -0.0688052315567124 -0.0662445998286883 -0.0977511342959602 0.0105578085775681 0.00211372028692543 -0.23792149384015 0.458613481866075 0.0413785525182882 0.0884022981817916 0.532283095554329 0.459421742121493
"51" -0.0156622330780102 -0.0734204838759794 -0.0134903815662861 -0.0538108986748747 -0.00691656041377737 -0.0180927493777084 -0.0169759504019963 -0.0294388433304272 0.00174640418397366 0.00166680161390267 -0.0748355928743692 0.147688294318009 0.00886064699803416 0.0228295252663832 0.160992122333769 0.146206911104227
"52" -0.111812145061432 -0.0338111103762595 -0.577745252318716 0.234334094207336 -0.022993923072296 0.140136541479023 0.124128314141555 0.0416081054467374 -0.0486175527073145 0.0241198438653483 -0.100170264052104 0.266893879952117 -0.162311907333543 -0.222380894827868 0.19044644635191 0.272216594844375
"53" -0.269877349902322 -0.099480376938623 -1.33134164944426 0.478717690076072 -0.0636164823440158 0.310817568950193 0.279271631807703 0.0510178421099872 -0.117935927900234 0.0645069245767622 -0.271835549636851 0.789118079158927 -0.373564461196881 -0.487767961114343 0.432776398516147 0.748023140374532
"54" -0.112268668837773 -0.164622522341707 -0.156538301174479 -0.346036666948235 -0.0764134344525529 -0.0449886081462061 -0.014539370856744 -0.286136612436863 -0.0507535163293589 0.0645316327945674 -0.308134169402831 1.23060507779101 -0.0382782842136735 0.105496670466094 0.0459260756837403 0.885851599155638
"55" -0.0904165977454008 -0.154978336784864 -0.0125012867040538 -0.433707734511378 -0.0765569756772062 -0.0824072212917951 -0.0461708785637624 -0.326687666614595 -0.0435021189368663 0.0643294071710454 -0.292286224454607 1.26230861606296 -0.00120207759466293 0.170319437254788 -0.0478429448481885 0.872571043230028
"56" -0.0827867335260853 -0.160243596467011 -0.0117248276295177 -0.396940653433253 -0.0688349249442024 -0.0801141468493602 -0.0463791380370938 -0.288162961710774 -0.0366848139710819 0.0563684122711076 -0.283266183753878 1.13623920745047 0.00412386039693419 0.159037827503625 0.0225181187496597 0.80506502072172
"57" -0.0657824817462636 -0.154040739984512 -0.0108291345887806 -0.313908203937464 -0.0527414072880676 -0.0701710636788447 -0.0425374635873947 -0.21161242643318 -0.0245225498778021 0.0410136892560954 -0.247861107544407 0.871477277334584 0.0107189017485975 0.130267368944244 0.116225325797068 0.647373194110644
"58" -0.00873653440688377 -0.0274000716655274 -0.00137323071043265 -0.0408948198897875 -0.00632304043137071 -0.0105435691694005 -0.00740659808477528 -0.0256988805015793 -0.00197870121771983 0.0042868788331166 -0.0370859537802757 0.109577523927112 0.00313948114869689 0.0175922797747948 0.03839820238042 0.0875585876969938
"59" -0.0382546767425168 -0.183637773954937 -0.0053072904090555 -0.171636691583381 -0.0213734164507618 -0.0572152677846712 -0.0486596947856799 -0.0911047344123946 0.00308624740758376 0.00806194203531817 -0.199900527933649 0.423949413460297 0.0294081977288663 0.0794474367877828 0.377672361085922 0.397767472888797
"60" -0.0414283667794294 -0.231455076892451 -0.00503235088550583 -0.180330698529093 -0.0190092710360683 -0.0649338763424412 -0.0628690280609256 -0.0938704885307886 0.00981440983346116 0.0021481379280858 -0.224231420616151 0.438429975180912 0.0389227661215248 0.0837368387878436 0.499654496909865 0.436814475360816
"61" -0.0352327747322474 -0.249954755819705 -0.00388629002995883 -0.14402704770289 -0.00898222650842564 -0.0586936687481426 -0.0709057468193959 -0.0724430626762753 0.0191322050122972 -0.00949579871864503 -0.197642120053489 0.341104919853555 0.0442213382159094 0.0657181121567427 0.565042090579322 0.380923575593531
"62" -0.0348448707449815 -0.250656615997529 -0.0696110183487757 -0.232700742083505 0.00793547919816216 -0.0132022774139004 -0.0548686205760522 0.0720920804904935 0.0261442982960843 -0.0275371005874575 -0.145177680797356 0.237121427147198 0.022391655072917 -0.0183993038549443 0.608022450304393 0.31156899927313
"63" -0.101505048635929 -0.107436513825259 -0.76017463180274 -1.59069808529117 0.0690247721053155 0.356207461227601 0.213045715699809 1.38863202101753 -0.000142257003018648 -0.0823958466127095 -0.064111996818027 0.146880345364763 -0.246036924329697 -0.664376643354527 0.703374116504794 0.234117870794968
"64" -0.0562948556024351 -0.141533510635549 -0.421001321060039 -0.844157324566533 0.0518645029777308 0.201831897866951 0.0747292801484988 0.754160557887268 0.0184961984578439 -0.0679565352667647 0.025686281239891 0.0749753984452668 -0.119807532469946 -0.382754700268224 0.486256258713743 0.155501626433391
"65" -0.00719801247229973 -0.199686433339714 -0.0339651742994546 0.0040663635217356 0.0318517545282348 0.0219116582058722 -0.0919368322251371 0.0193707001210274 0.0416143292412737 -0.0528618816953416 0.125824002417621 0.024253368616354 0.0282536755528428 -0.0556366113426267 0.26057168001356 0.0969796947845945
"66" -0.000228260092079893 -0.179444228605859 -0.0415088074000761 0.0656603626523502 0.0415851927850112 0.0465619825118491 -0.109707587011757 0.0171244190272086 0.0467366537476052 -0.0644295871444941 0.265228589537552 -0.0140973914789666 0.0244203119363586 -0.0823065492850336 0.0611327776973561 0.0409783117599165
"67" 0.00507140930236656 -0.133970064853099 -0.0605839540709553 0.0983387606375063 0.0476114268280318 0.0747057225122238 -0.114373097875076 0.0336599247938958 0.0458859409857339 -0.0693464765427839 0.400904089564177 -0.0368559258432217 0.0123767865001545 -0.110749370395719 -0.192321240584093 -0.0136426257347813
"68" 0.00827628372772853 -0.0919384641245651 -0.0744290718416469 0.115980441549835 0.048687191340917 0.0894997562660162 -0.111334464925809 0.0435892421407728 0.0422543597440333 -0.0667271817448835 0.486044206051364 -0.0457623035492767 0.00291510817526555 -0.121491390807534 -0.385976114914765 -0.0498364488001797
"69" 0.0109992963635974 -0.0656148233113641 -0.0910671770736357 0.135886004291607 0.0515090924052042 0.10200008801445 -0.114146667815059 0.0525217513045047 0.0416663062174589 -0.0653823761369105 0.580094952808966 -0.0549223522434958 -0.00322021451931491 -0.130512228897933 -0.559257132449851 -0.0798129882779848
"70" 0.0136810875882601 -0.0448085939744988 -0.111612057428294 0.15874341797503 0.05417796934822 0.108014257423554 -0.117115787921366 0.0597699329918122 0.0420558303315938 -0.0596556802571815 0.683412998092412 -0.0686383407004925 -0.00681409513574195 -0.130093038823884 -0.734580538798705 -0.111433645960225
"71" 0.0139943429703483 -0.035678789413131 -0.11709162673316 0.160652316692792 0.0484323589075569 0.0828333584884513 -0.102951627636035 0.0527118774265775 0.0387577189902463 -0.0379730152309882 0.678758434674586 -0.0844006641201802 -0.0027499845176477 -0.0917348689581918 -0.753011224156866 -0.126042645754775
"72" 0.0123569610030069 -0.0394930598239823 -0.106668891995304 0.144911995536668 0.0376084338147103 0.0394201647959255 -0.0802422117158834 0.0358706695955105 0.0335313697116958 -0.0100408311646674 0.586383890672784 -0.0983572229287564 0.00650192387775785 -0.034501248264441 -0.63234520438977 -0.12249995496749
"73" 0.0111652884775029 -0.0504506756358256 -0.0985589249304378 0.135601152054893 0.0288955295537595 -0.00343442856769773 -0.0642757327368184 0.0199404218043248 0.0306605887916869 0.0166440564493405 0.518779022166764 -0.117864449025688 0.0171822436549105 0.0208329529381619 -0.523241074023787 -0.121949240760265
"74" 0.00998431845760236 -0.070030578587493 -0.0887636037700816 0.128574560848125 0.0185578833150728 -0.0620344958465097 -0.0490130980779052 -0.0010235146922824 0.0284541527675162 0.0527225768706686 0.450681196461592 -0.149310364723939 0.0328227584878549 0.0952437315416433 -0.389575532823231 -0.124236609285493
"75" 0.00767935572169834 -0.0851470111370406 -0.0637052022299584 0.10764080505761 0.00367325703917992 -0.128959708279971 -0.0309291265242368 -0.0265637752167118 0.0224527554873357 0.092574962378347 0.332829368293676 -0.172732416630388 0.0485211518851782 0.176222430785336 -0.196040372376839 -0.11393125567167
"76" 0.0052438837926915 -0.0849866843841469 -0.0328819365646725 0.0808877320668172 -0.0101348686948379 -0.175470114774273 -0.0179779401055984 -0.0455314948410798 0.0141910096620695 0.119826453781573 0.21630685782234 -0.176458213603221 0.0566912273067195 0.228598267277889 -0.0327942424504863 -0.095326909973624
"77" 0.00361123844659546 -0.0817047383781127 -0.00709638939793139 0.0622916479687048 -0.0219569597094867 -0.216339270556097 -0.0117612508016808 -0.0609819976094607 0.00693090950684099 0.145057088232381 0.139808330292741 -0.182636269383561 0.0635060256809243 0.273805148883577 0.0791158408384528 -0.0833628079055915
"78" 0.002210309357996 -0.0772610034080496 0.0231123674878959 0.0464664914508445 -0.0373733505430977 -0.275648525817522 -0.00932491259532286 -0.081394618563298 -0.00199415012679537 0.183450717464397 0.075185032585811 -0.200445185101805 0.0740580273611733 0.339970600672525 0.190782115110002 -0.0761498371527836
"79" 0.000642626727514944 -0.0564935098968333 0.0587662602871258 0.0258954893503367 -0.0542428296095292 -0.32428188523968 -0.0106811253107594 -0.0981940705440095 -0.0145602720917708 0.216161616088639 0.00979306403067197 -0.205525606602381 0.0791595415907355 0.38944576302362 0.282541524628145 -0.0632790855443832
"80" -0.000639334061273818 -0.0231724746896081 0.0847717858077769 0.00684059831655057 -0.0656431216097284 -0.334602037459822 -0.0143758768266265 -0.102502874646363 -0.0266244476434442 0.22461608910602 -0.0359795759122566 -0.189824319754118 0.0743322365672403 0.392443587345477 0.316588922174628 -0.0470598736191583
"81" -0.00156342163486924 0.00926385550301979 0.104324538439598 -0.00666184938071382 -0.076050102665058 -0.341676770771207 -0.0190074416927335 -0.105472856247653 -0.0378628364765147 0.23113705240018 -0.0641274612880329 -0.178319434765959 0.0696417525427323 0.393494738243866 0.333117525050879 -0.0354841888308686
"82" -0.00261886855884684 0.0507705430430342 0.131855962507837 -0.0202774725089867 -0.0943609761062083 -0.372842069769695 -0.0266513287635127 -0.116183159057538 -0.0545252592796172 0.254308200246354 -0.0927494394484767 -0.180135156991903 0.0689203254799602 0.422435720196284 0.367749998955819 -0.0267088440247605
"83" -0.00374546325633619 0.10913499778829 0.155987714099853 -0.0340047298450743 -0.114202120918596 -0.384941385822306 -0.0359289232578334 -0.122391962919694 -0.0751404262001604 0.264554372545167 -0.115032295067911 -0.17341329778914 0.06257120644409 0.430987495398067 0.380425699916741 -0.0155485587930912
"84" -0.00439393146121314 0.164127486122368 0.159826714480511 -0.0416378530851879 -0.12400672570028 -0.346228368134199 -0.041801166027567 -0.115331227736425 -0.0904709887632671 0.237697877142965 -0.118037822269843 -0.150238680913875 0.0481853192074598 0.389411738631651 0.346610189386196 -0.00419028544337507
"85" -0.00365430683747988 0.215134224215911 0.160197831973581 -0.0463166538678882 -0.130155946250229 -0.294591587582556 -0.0462745047000278 -0.109092719621778 -0.102726252185382 0.194909347349721 -0.114190853935126 -0.130536594808945 0.0344743755650668 0.342111480333303 0.311821049845138 0.00454567527884109
"86" 0.000369187029332106 0.292405747505136 0.179763774478584 -0.0560871863990506 -0.142521613043439 -0.252317384395716 -0.0548381804389403 -0.116831006250646 -0.120702558944927 0.143597745701709 -0.115809058609782 -0.123772765465209 0.0238973960339795 0.312380791287557 0.30430542192164 0.0134741903982283
"87" 0.00477103440532606 0.307004442002352 0.180606172687789 -0.0575409572337082 -0.133303759547194 -0.210261223623621 -0.0545247602242423 -0.115875311910203 -0.116411494249225 0.0975839893372896 -0.106402675768422 -0.113979453703935 0.018843010527793 0.272094844313078 0.282301507584826 0.016085901093132
"88" 0.0169036538680265 0.381400639733114 0.214194884161904 -0.0706750132259606 -0.129411145689313 -0.153471792839092 -0.0610573207594635 -0.134737805968835 -0.12091310478131 0.0106133218348039 -0.101345051497898 -0.111435574723336 0.012285256334246 0.223794264550376 0.279642116343875 0.0239234027790176
"89" 0.0331026719796366 0.436570602833372 0.256856620332804 -0.0863956335837857 -0.113854949431244 -0.109945352620126 -0.0632743867166156 -0.161268229295173 -0.113784779242922 -0.071650257496777 -0.0943078362080836 -0.11211267386841 0.0104671390747063 0.172183617069839 0.281478690172412 0.0305848289775095
"90" 0.0439257779534081 0.435667931877762 0.271427760889916 -0.0937484315008724 -0.0889044614070643 -0.0703800367271001 -0.0546869192147652 -0.172335513067583 -0.0957480926789866 -0.123980155477452 -0.0793409340334555 -0.100929302577663 0.00845987646461384 0.110791262482851 0.252834660027283 0.0345099111378597
"91" 0.049484813311361 0.414196945330491 0.269752885951004 -0.0964504788096349 -0.0681817423734341 -0.043466776005466 -0.0418782683560993 -0.175305660978051 -0.0793353288016235 -0.149366724155822 -0.0663844338473471 -0.0877714293285408 0.00683982774122564 0.0635482969062967 0.219595191415413 0.036958788520792
"92" 0.0575389006320529 0.42255594355503 0.284874866888058 -0.106467218971091 -0.0554642203056627 -0.0255329610878069 -0.0291517146465056 -0.191769001765999 -0.0708909548528109 -0.177733950387273 -0.060975609442673 -0.0815744213607819 0.00608757905115181 0.0280079265869702 0.204327851604259 0.0425613913398477
"93" 0.0663093705519185 0.428704613460245 0.295903924142836 -0.11889681657042 -0.0415813411585215 -0.00788050886227708 -0.00630728444312816 -0.212522657980491 -0.0614658475466799 -0.204767212674666 -0.0571953314635566 -0.0729585564607795 0.00560295413434594 -0.0104992966607228 0.184342972396894 0.0502417853803183
"94" 0.067324977638019 0.386650472907573 0.262839498501607 -0.119064785454489 -0.0248285457456635 0.00709121380672099 0.0295418288515575 -0.212294927177819 -0.0463155345755366 -0.204273968326721 -0.0522680213987754 -0.0553534706244825 0.00530077301666165 -0.0423039602556375 0.144352856681566 0.0539109882203181
"95" 0.0633477908623922 0.328583404675538 0.206087386524652 -0.111286670564707 -0.0116590454954149 0.0156737904790752 0.0676396508826513 -0.199492159620478 -0.0323689088052155 -0.187353399455203 -0.0505493933535514 -0.0375422333966684 0.00559594460278771 -0.058541015479809 0.105559188087996 0.0542546579361436
"96" 0.0631204016124623 0.296298758242802 0.155422967671136 -0.110065266554336 -0.00190603410707799 0.0222122188823392 0.114655297469017 -0.199829096341704 -0.0225964752062803 -0.180929485296584 -0.0565534280589445 -0.0238205364894295 0.00691338568474245 -0.0712443461120556 0.0794920968381733 0.058147444788927
"97" 0.0634716006715664 0.261629800504966 0.0767855197339742 -0.109018273671747 0.00859606213145701 0.0282147283176879 0.188620958773513 -0.203560095057555 -0.0117115778892973 -0.173344061657244 -0.071692417937216 -0.00703262572905294 0.00973121719122352 -0.0812856871318226 0.0518254341238057 0.064480694409295
"98" 0.0564804097629294 0.194482566650111 -0.0452879426510176 -0.0934955105759549 0.0177438090065303 0.0290388755348588 0.269848426464849 -0.184891367484834 0.000950434533214313 -0.143073894816513 -0.0902129719446166 0.0130171301686817 0.013261522630284 -0.0751596064180477 0.0197589678313959 0.064994956386641
"99" 0.0462227686392902 0.124514218556244 -0.154120808617661 -0.0720250070466777 0.0229500057956626 0.0258339935528326 0.326462897540256 -0.155034557025942 0.0107864324518868 -0.106117484263578 -0.105011568201309 0.0291867782051036 0.0159390300010856 -0.0598748080748671 -0.00420246274307373 0.0605710406394757
"100" 0.0399345691988551 0.0726030206943995 -0.241585775890279 -0.0591802344481242 0.028101816671729 0.0242255044307807 0.386401807706484 -0.13899307797651 0.0191264244412014 -0.0814613950056222 -0.12369064206679 0.0447258962380725 0.0187204983093197 -0.0508384381359565 -0.0220708213694536 0.0598701578407477
"101" 0.0109845379276744 -0.120615088529472 -0.107455054426432 -0.202970686336356 0.0595702089840034 0.0631872617740915 0.441996336768999 -0.203148406298559 0.0551762116875058 -0.0332030445679483 -0.0721082465441153 0.113413408066926 0.0099279798798689 -0.113206983658485 -0.207541316030099 0.0820663186966053
"102" -0.143762037012562 -1.02503234516466 1.25994904801802 -1.13298659637512 0.213069664921281 0.303538616155007 0.311211351556526 -0.63650414782232 0.221697011868885 0.151023964000489 0.403244611478168 0.423522768029172 -0.065679450846054 -0.52501987493775 -1.24261972679959 0.201163547795703
"103" -0.0316863332855018 -0.392500552595301 0.311060470543497 -0.401876190933193 0.0999274768738717 0.116882301417221 0.360149345287056 -0.278682743339488 0.0992029383655035 0.0262589714606611 0.028266789554241 0.20645964272729 -0.0118697195594714 -0.227008178808779 -0.438401795537934 0.100733932592507
"104" 0.0243054281863191 -0.0863636220317946 -0.0787836576587874 -0.0476274164310621 0.0464830341578881 0.0282047411829652 0.352873482253083 -0.106382532915672 0.0395356635493021 -0.0418157448866925 -0.153037787206014 0.105754575574658 0.0116860213911475 -0.0980633534450859 -0.0421510450035336 0.0504749914614662
"105" 0.0273261822045378 -0.100383387835506 0.0870024067150523 -0.0484601151251495 0.0519409917202386 0.0335156801848348 0.289922307431871 -0.108664738544806 0.0411954159311941 -0.0569910383620305 -0.156710030169759 0.122606916070703 0.00567179030970737 -0.138384705382691 -0.0324383185431011 0.0470799658161578
"106" 0.0275953743439684 -0.103717013402551 0.276089867366818 -0.0442791086066254 0.0526812079259972 0.0380244994849648 0.183684888379731 -0.0971599515659533 0.0383425820765148 -0.0700476980798079 -0.139575819030764 0.129434902026041 -0.00294085292214318 -0.172899039094012 -0.0273812553061473 0.0358933521850964
"107" 0.0073946030591541 -0.0277649660092402 0.0828446687090925 -0.0109071925756435 0.0140893615186718 0.0104087273655479 0.0439787552550765 -0.0247015455332212 0.0100587831090668 -0.0194248361200838 -0.0365662612704542 0.0349932315940603 -0.0012619457820395 -0.0479810890634082 -0.00738362885277821 0.00872409355528114
"108" 0.0110223396829701 -0.0380287606568166 0.253342148888506 0.0156248660274024 0.01976229501779 0.0193103727145951 -0.0133718766864771 0.000606219820083465 0.0104109464130468 -0.0401068077129708 -0.043599246435573 0.0579829404555262 -0.0104046247805567 -0.0980164765916501 -0.0189888520853898 -0.00840386865366916
"109" 0.0251303864113627 -0.0857093769207272 0.601128820647646 0.0518708193663031 0.0446836671688905 0.0452477143527034 -0.0442538145411823 0.0186697405326591 0.0224000485755296 -0.0943343931265706 -0.099072149483493 0.134338873514896 -0.0261770826966943 -0.230364505538161 -0.0493148297472187 -0.0277926501111274
"110" 0.0231226779720611 -0.0743748889271627 0.653766446663944 0.125828130288338 0.0394276584529315 0.0473276279789247 -0.0990306847417503 0.0997915204480119 0.0145072351468474 -0.0999157995673319 -0.0911329175793103 0.13354196136655 -0.0353393479952824 -0.243253071185761 -0.0748876935509231 -0.0663927605503782
"111" 0.0171247551971473 -0.0505245466243333 0.581205281073001 0.201964544903881 0.0274991345432535 0.0426343679560498 -0.125828408389724 0.187483597826062 0.00360376388452609 -0.089709556954738 -0.0733384387862543 0.110591046993364 -0.0399473434589132 -0.218029319924986 -0.0985393733665303 -0.103562104929718
"112" 0.00776982219937646 -0.0221036621770208 0.281327896636206 0.112216258030737 0.0121714960916846 0.0207780449109708 -0.0665030763753373 0.106527287998086 0.000312313962276135 -0.0436367938906161 -0.0344909439434747 0.0523279234030739 -0.0206986565473268 -0.106006643796787 -0.0528870801559208 -0.0572312109903033
"113" -0.000329212816297803 0.00380197705317212 0.0712327412421781 0.115738167196375 -0.00152923063042279 0.00779528072347849 -0.036340944264374 0.120272101427712 -0.00668469416175855 -0.0145381432860229 -0.00925938858422677 0.00726556022328789 -0.0132879842252719 -0.035477522039887 -0.0460245041710661 -0.05585954276727
"114" -0.00350320059838659 0.0235149358033063 0.277864942715008 0.537075856819009 -0.010268290213203 0.0330631852712742 -0.159602452887822 0.560273042031209 -0.0325078793020301 -0.0603083985224853 -0.0371499814411296 0.0219756532034818 -0.0596980385723727 -0.147367556641537 -0.211348333525537 -0.258152403622965
"115" -0.0134332652541648 0.0540856425016433 0.116218727915287 0.693847653251864 -0.026513152589209 0.0294593490055563 -0.156552989161874 0.731486304124037 -0.0475996954088009 -0.0460540433594222 -0.0244102463525048 -0.0289548167042843 -0.0679177365959097 -0.11404070419228 -0.261613952313679 -0.326693012768138
"116" -0.0227466596768189 0.0792506746876571 -0.0593722572658907 0.801416776386813 -0.0404961918573496 0.0239681887275582 -0.137710561406064 0.847167013259184 -0.0586962227624019 -0.0280964485635899 -0.0104220399729923 -0.0836096673367381 -0.0709148008992639 -0.0720562657888994 -0.290490129251638 -0.369519660151958
"117" -0.033247910410096 0.107670901397214 -0.224194093201858 0.967351488538727 -0.0562863642876099 0.0212627288882574 -0.130453412712638 1.0214538724673 -0.0733523751078465 -0.0142575481697923 0.000961365508887091 -0.143095339566624 -0.0795301250542881 -0.0405380570816867 -0.339687097728574 -0.438251939729995
"118" -0.0407374783946852 0.125469586305368 -0.356992128739219 1.05863772479205 -0.0666832406250923 0.0178665193328362 -0.115051766697703 1.11353116705045 -0.0817019729747395 -0.00126736211622124 0.0106492482559059 -0.190131640747751 -0.0824416517714246 -0.0107915028672857 -0.36178289734095 -0.472121273594849
"119" -0.00722839385983953 0.0224812335805237 -0.0595572183808991 0.193444270462344 -0.0119098591161544 0.00354970275208652 -0.0223567660172477 0.203516677704746 -0.0148366352085451 -0.000962703147750679 0.0014428926158579 -0.0331708357041063 -0.015290340215441 -0.00369894853561212 -0.0665166291078135 -0.0865605329049653
"120" -0.00976486992013165 0.0371612944997287 0.0306582302563474 0.42680747744974 -0.0185040718957918 0.0159178844072378 -0.087774373195298 0.451127792353339 -0.0301882453135902 -0.0229898396085337 -0.0111069898626463 -0.0276379377569667 -0.0402231675171705 -0.0573751964352972 -0.158913344384526 -0.199725222665114
"121" -0.0127205441844938 0.0513375981834445 0.114703658553605 0.663643439334116 -0.0251493520529706 0.0283833237372884 -0.150376685651223 0.699474460709542 -0.0454289934285942 -0.0445235239937661 -0.0237197247293604 -0.0269517189176725 -0.0650923776606603 -0.110223143591625 -0.250345791735814 -0.31252793694471
"122" -0.00347490353407275 0.0238155297063756 0.296125254375979 0.561666570171617 -0.0103670783671023 0.0349370315240443 -0.167637943430294 0.585704348226041 -0.0337984464332666 -0.063825120178595 -0.0395445495561568 0.023999944725051 -0.0626372069538882 -0.156006424129667 -0.221189762246624 -0.270041255168246
"123" -0.00453928352803387 -0.037278879211117 0.447215248502531 0.424074576103673 0.00607664940314193 0.0409913708025375 -0.161421138921872 0.459417245452363 -0.0159263929605149 -0.0666396709830965 -0.0538346986372718 0.0194451605261294 -0.0571252803185938 -0.186690433362128 -0.161922789248396 -0.212815878765323
"124" -0.211475895975659 -0.674190389639298 0.570226177941161 0.511629562778772 0.0226522621625936 0.0833803793427861 -0.0978385717165388 1.09533272040575 0.051649060523315 0.15295283859339 -0.0696190367153871 -0.941211257814035 -0.100596005960769 -0.159189780278998 0.0879764812589585 -0.350309620824815
"125" -0.217804481705958 -0.683524814275055 0.429173611231243 0.391275986167871 0.0205613198837428 0.0720299864322308 -0.0459484083785524 0.984131163015486 0.0581857203100367 0.181899389490886 -0.0529021830741436 -0.983101397979621 -0.0849031625542588 -0.0990317861025831 0.144233422331941 -0.292820850448313
"126" -0.00722030978984792 -0.0441534461949111 0.0979699016479871 0.0244579276337765 0.0068322628801793 0.00928732882264245 -0.00741379391050981 0.0486485031004384 0.00579931843539665 -0.00336120550493229 -0.0153975663529247 -0.0299981116398665 -0.00735548349612438 -0.0343884796850623 0.00098185158416865 -0.0171525465139669
"127" 0.0239031163572097 -0.0822234495706465 0.560199058507843 0.0396439226209971 0.0427504797473455 0.0423781460139498 -0.0351156927367772 0.00754484444722237 0.0220846473905158 -0.0881787347023055 -0.0942792303278049 0.126572894858678 -0.0235412147192423 -0.215477206183571 -0.0432177987266822 -0.0214022225842334
"128" 0.0263907124044805 -0.0940441567529968 0.521003202909007 0.00453397135706538 0.0484109238204496 0.0432160291795385 0.0199271741596672 -0.0350480244155545 0.0286207184970151 -0.087719288799568 -0.109910473425149 0.133626610056228 -0.0182641779701283 -0.21510838706933 -0.0350893848436482 -0.000598824503478479
"129" 0.0265986048555931 -0.0976556445033328 0.417327740559047 -0.0227938756662162 0.0498471798159102 0.040368958156635 0.0856164037448589 -0.0672890325187616 0.0327061434274626 -0.0790782887616885 -0.11971865624532 0.129759440708152 -0.0112546907922586 -0.194660775744515 -0.0283575587407797 0.0175783848969155
"130" 0.0241867186144901 -0.0908821209911648 0.285100702648271 -0.0359699199229979 0.0460797382729735 0.034312053796034 0.13547436185691 -0.0804895303906037 0.0326574463545434 -0.0644320408497312 -0.118019742651222 0.114745968504404 -0.00472418427339515 -0.159236438504032 -0.0234292505451253 0.0279413959042838
"131" -0.00148161265994817 -0.0215270754105359 -0.0994088983323752 0.0163866246772586 0.00264475574234202 -0.00172021256679755 0.0758202160352092 0.011233115384023 0.00451487111689971 0.0110050170275935 -0.0264902864126167 0.011819721146985 0.00359253414606966 0.0105773968521675 -0.0109785793466952 -0.000748017740381579
"132" -0.062442250189092 -0.187879016874631 -2.01614732019041 0.315568160160801 -0.0337302248429056 -0.0826323948396359 0.963518167732289 0.307451449475395 0.0172563645956637 0.27645098219528 -0.221771872849003 -0.00201918220664598 0.0636839304889195 0.424048735563286 -0.13378801056967 -0.0576702386353037
"133" -0.0344972930822595 -0.155772234564386 -1.61980327388948 0.217776821442894 -0.00830083140126485 -0.0519875447814794 0.90453264610636 0.18151774181069 0.027640849014739 0.188173929941612 -0.232451703678513 0.033503944200919 0.0558301056180612 0.291952398789741 -0.11689134837174 -0.0188677718419803
"134" 0.0273608599515905 -0.035350072303991 -0.369406169073176 -0.0298228152771914 0.0379227058833287 0.0196208805490451 0.486611289462598 -0.103762851002274 0.0348367186542102 -0.0345098482904896 -0.167818648386161 0.080258138683434 0.0229123036294793 -0.0384434379390809 -0.0457012338796078 0.055906128680542
"135" 0.0359659919075964 0.0184490361887541 -0.342706234532018 -0.0473581650648017 0.0357564274822331 0.0234347047095133 0.475992771366712 -0.130227212292601 0.0295454968278764 -0.0605844290473674 -0.156944409473561 0.0668461701665137 0.0228984504076653 -0.0460542097560973 -0.0381377496039471 0.062814339134619
"136" 0.0407299447493833 0.0744781255313957 -0.248911361556178 -0.0589589882122993 0.0284486646526436 0.024357141970591 0.393926796409225 -0.140666304066319 0.0193438738439886 -0.0827744663830022 -0.126385944653781 0.0451833713833254 0.0191705325945844 -0.0510289779190131 -0.021607571083198 0.0607511445860953
"137" 0.0210884500462114 0.0449902497090174 -0.110940292472365 -0.0312306008559575 0.0132756889337424 0.012355797755267 0.185871328012501 -0.072034225401255 0.00829611923879119 -0.0446360816649954 -0.0592003563612679 0.0197536194215208 0.00907084768181345 -0.0264528690846702 -0.00844910564931245 0.0301769567849961
"138" 0.0135832016684472 0.054262682934024 0.0116940224207848 -0.0231865848976224 0.00230075100652858 0.00623262027975237 0.0446921437014853 -0.0437205034081319 -0.00199537793466839 -0.0366215214423484 -0.0164513696758616 -0.00064279419113622 0.00227199133636754 -0.0175984149954186 0.0099082337288674 0.0141253308950807
"139" 0.0605351589069062 0.250569988430716 0.0771983967571888 -0.104137471087941 0.00795182970289707 0.0268677820078282 0.176397566783318 -0.194027255299163 -0.0114729562241231 -0.165683278484573 -0.067326209467186 -0.00727596935404429 0.00910671143023957 -0.077663238966301 0.05002918998489 0.0612607356286508
"140" 0.0652664691751457 0.306539582595264 0.161994495792668 -0.113848552906092 -0.00198552901916744 0.0230150524731746 0.117441426138233 -0.206557011661224 -0.0234056707341395 -0.187197074513182 -0.0580846247942512 -0.0247523776864431 0.00708330161179503 -0.0738544496125682 0.082241733415728 0.0600459590768527
"141" 0.0631159319029597 0.329259499921139 0.207680664857438 -0.110899197487202 -0.0122252828257409 0.0151682113360043 0.0650900340190017 -0.198729929237134 -0.0328391592635882 -0.186964880302257 -0.0502215707985012 -0.0381960705253344 0.00553201302592515 -0.0573825590283414 0.106785312045394 0.0538427872896805
"142" 0.0650913218763327 0.373710805418801 0.253500858355121 -0.115136284487063 -0.0240021462559011 0.00681119809292364 0.0291866888833048 -0.2053418527335 -0.044761481021019 -0.19739612997449 -0.0507385925124915 -0.053433951609015 0.00515868855200127 -0.0408078733681232 0.139490007459951 0.0521889498686474
"143" 0.0614597222375298 0.389844542366647 0.269911978125072 -0.109781970749122 -0.0357068510214496 -0.00464002504370432 -0.00200147608926898 -0.196021283503152 -0.0543958084296204 -0.189639364638075 -0.0514482957312563 -0.064875547655955 0.00502901379267985 -0.0151400280667259 0.164242481944091 0.04678474591688
"144" 0.0112010435196751 0.0745535400243124 0.051103878930557 -0.0202873230559258 -0.00788076165112639 -0.00222623055365621 -0.00184874362225028 -0.03632403057767 -0.0111532150781219 -0.0344535244336309 -0.0102169799170749 -0.0130705868229914 0.00100897490481339 -0.000136906678562252 0.0329799369217692 0.00849401128810778
"145" 0.0273117572949965 0.251365486774454 0.159513334772088 -0.0556044457221497 -0.046926267848229 -0.0339268201107565 -0.0297891757461741 -0.101755135359422 -0.0521018093080662 -0.0804897159393111 -0.0432018640351348 -0.056247207020809 0.00454046434366014 0.0530248910800715 0.140779458998731 0.0207228730809585
"146" 0.0419070372573888 0.417873082355129 0.260058076420823 -0.0898035767931851 -0.0858041921065096 -0.0683879602491364 -0.0525536880123163 -0.165125679747089 -0.0922222998352206 -0.117732870624106 -0.0764246286112723 -0.0970191840982295 0.00815607433399868 0.107537195396225 0.243053355257255 0.0330451477999096
"147" 0.0334361153088439 0.434329928536871 0.256075785300634 -0.086231144835491 -0.112040114284652 -0.107071319674787 -0.0626107299641347 -0.160799997186516 -0.112331792997778 -0.0741088499052512 -0.0930027697593737 -0.110895208451461 0.0102497041179744 0.168047249202531 0.278418254855806 0.0306070268070036
"148" 0.0179618460557761 0.389135190611172 0.216482238511755 -0.071698075668165 -0.129107522583115 -0.145953711071641 -0.0616948618937923 -0.13589749005052 -0.121534702480247 0.000708576603542206 -0.100516215177842 -0.110678259680666 0.0113115627244781 0.217862670252791 0.278217111715894 0.0247639800234332
"149" 0.00515746965071622 0.131537001872004 0.0721524300881407 -0.0238306617450975 -0.0457968942617875 -0.0527729498016047 -0.0211979416582141 -0.0453015583109075 -0.0426820464452706 0.0051961439727177 -0.0351547137336664 -0.0380997956596357 0.00389567637883698 0.0782596579706319 0.0958035797612926 0.00822420239913435
"150" -0.00641453592417089 0.105506287452946 0.0439527088704831 -0.0148188273641419 -0.0599806222524737 -0.0652557019046088 -0.0180352078064963 -0.0278296526375582 -0.0528700069914632 0.0533993416710477 -0.0361006482186884 -0.03126064436988 0.000179671280973352 0.0945455549049121 0.0792844273768251 0.00699753173647566
"151" -0.0225961826903364 0.325144841369398 0.130816780266583 -0.0442091190877762 -0.190660226061869 -0.199377352237208 -0.0553940353367603 -0.0829043969030093 -0.168080096101074 0.172262351545877 -0.111478110291613 -0.0947777173889356 -0.00136957008696878 0.293208579410205 0.240587324251755 0.0220854438046043
"152" -0.036712762284491 0.324170172216918 0.105509851047167 -0.0361381543407244 -0.218447489041232 -0.172453220895348 -0.0532982129273631 -0.0672449692518237 -0.193838267676914 0.197990680135872 -0.108113099724209 -0.0829344339136583 -0.0135145608656605 0.286794222713436 0.211647601347574 0.0255709877761392
"153" -0.056033225804841 0.288671510158203 0.07526699194833 -0.0272400371928072 -0.229521886903549 -0.11515407897586 -0.0456310753004757 -0.0464274580607478 -0.20596934772064 0.198271415557193 -0.0923013067411166 -0.0627038008971537 -0.0336537788192988 0.250152941168794 0.165446847164591 0.0229783390059679
"154" -0.528847378311708 0.563895018020846 0.249372533506671 -0.188994582670541 -0.560085320845645 0.0228121108531362 -0.067556379344262 -0.0444156706698206 -0.559320015877258 0.288901370431229 -0.107790445933389 -0.0470870367254153 -0.519685708893733 0.511257333687964 0.36157205259456 -0.16375484985739
"155" -1.30991428473916 1.03971408454453 0.552310704012205 -0.461096802892425 -1.11523952630152 0.237481298417336 -0.108235093361293 -0.0503623297208545 -1.15089912318701 0.442111760798954 -0.141685751066174 -0.0303135301569356 -1.3213941275849 0.963505012994458 0.709146074213512 -0.471576401593576
"156" -0.252991018875915 0.278960768667445 0.06080145738808 -0.0476883762126059 -0.401590466647809 0.143527394173227 -0.0375591796457437 -0.00164029576692798 -0.381964067627937 0.216136873783224 -0.0622056349647163 -0.0131654519444943 -0.231334240089937 0.234540682951706 0.121167243693593 -0.0277648482934327
"157" -0.09943946574682 0.103041759650702 -0.0306707637490198 0.0231700357000987 -0.284020343375704 0.215148725847967 -0.0193201886412341 0.0174823822300558 -0.25795690053327 0.136810002963228 -0.0316523714070961 0.00475388710034985 -0.0743992473151239 0.0710349914763684 -0.00333078185287666 0.0377998238464481
"158" -0.104822277192962 0.0452736465274715 -0.0497194137277038 0.0334615110366643 -0.283675089026437 0.31282833570965 -0.0130267822192985 0.0291818367962828 -0.258003326968153 0.0929395405596001 -0.0152726155104198 0.0191776751588181 -0.0800498846906596 0.020075426214957 -0.0386493462905175 0.039769265704688
"159" -0.116709940723592 -0.0188845148290661 -0.0736062771341448 0.0462396944847278 -0.298880520838693 0.451647634855626 -0.0071158579370147 0.04378329732826 -0.272117172195667 0.0409220799772484 0.00209117890420859 0.0361531581470168 -0.0907985105058078 -0.0367568218876457 -0.0795438771325579 0.0438542851024697
"160" -0.115021329514014 -0.088806338119229 -0.0952480151803548 0.054910792510237 -0.28235718629615 0.570506691210549 -0.000447660017735585 0.0562981155309479 -0.256841260727928 -0.0266473170164504 0.0200579188541893 0.0507927159529612 -0.0904481623529306 -0.096129073148323 -0.117411789998986 0.0438288936961806
"161" -0.0947059033046428 -0.129833461702 -0.106032411583319 0.0534899865156618 -0.228634310263132 0.592256841262584 0.00432944334574518 0.0612048165311372 -0.207102393831172 -0.0706269389565308 0.0295472610457461 0.0554719652432973 -0.0744565363976335 -0.12890324142617 -0.134886216079387 0.0377597084384702
"162" -0.0737753615832341 -0.15434725664641 -0.118036756427932 0.0501778404495091 -0.179338581493393 0.59251289653105 0.00743133432729574 0.0660567515603045 -0.161070997011629 -0.0916154841320857 0.0339031063417647 0.0576283382440741 -0.0573572932675153 -0.148797759602911 -0.148193850328069 0.0319468522746507
"163" -0.0474576947133369 -0.180777572835158 -0.14124135563185 0.0461204967011445 -0.122244100798936 0.599587443999728 0.0106214443164603 0.075796157831726 -0.107152295158467 -0.103799662264773 0.0369131491951083 0.0610062392136004 -0.0352393982450606 -0.171844919798706 -0.169772742671134 0.0254731210116419
"164" 0.000278113579777431 -0.180630230641662 -0.16020609940448 0.0315312450756453 -0.0201144350582199 0.507600392462325 0.0123479364157784 0.0809859074554046 -0.0115376718954971 -0.0837282487869451 0.031048342441137 0.0554574579218886 0.0047533847464734 -0.171540080343972 -0.176426823157513 0.0121888151572886
"165" 0.0527561476512014 -0.152513192835981 -0.162790466052579 0.0104898830962097 0.0957482326733956 0.342044100076326 0.0115801011319789 0.0770389620439792 0.0958955507972304 -0.0451472102972125 0.017982140735392 0.0412603014486032 0.0483364095814719 -0.145510192669561 -0.160122943565883 -0.00375808990353899
"166" 0.101142889225287 -0.131167270202383 -0.168005676368429 -0.00895420651811113 0.206574011512967 0.205303001188744 0.0105131861590486 0.0746573267435938 0.198367803284216 -0.0162957140595696 0.0056984559657413 0.0285657397377509 0.0884872395905288 -0.125233517894833 -0.146942881487132 -0.0183078860386974
"167" 0.18704166881957 -0.125383609577267 -0.20077265118957 -0.0392353972678203 0.407973418781142 0.0541204633916695 0.00992872294854405 0.0821893011639076 0.384380209092771 0.00896609829426461 -0.0114043322926306 0.014022149030276 0.159534507642295 -0.119528203400906 -0.148899056972136 -0.04241280309409
"168" 0.359647230343068 -0.138221560726136 -0.278305426969851 -0.0975391383172715 0.824501684386997 -0.164798609773689 0.00887150434853361 0.10310766604933 0.764542874053925 0.0150403380125509 -0.0411250978630518 -0.0102153819907986 0.297798198982251 -0.137167592269413 -0.166744048561937 -0.0895127401382241
"169" 0.400350289424038 -0.0758711328361516 -0.249766816563582 -0.114014633420191 0.918434620692025 -0.182684346648331 0.00172945527622254 0.0839789770191562 0.818713560250402 -0.103226872553578 -0.0441561585043489 -0.0248004014180674 0.296124892598925 -0.146806889839094 -0.129342350084048 -0.0969385236232965
"170" 0.3485755575052 -0.0474839462023997 -0.203620770833319 -0.100330659427862 0.799183476857424 -0.154688990170523 -0.000441059838518478 0.066010702564985 0.704060537539576 -0.120850538836188 -0.0377270662207299 -0.0244860756312777 0.248820776949712 -0.127736932360019 -0.0999277416160583 -0.0835781276766099
