"V1" "V2" "V3" "V4" "V5" "V6" "V7" "V8" "V9" "V10" "V11" "V12" "V13" "V14" "V15" "V16"
"1" -24.9197981847843 6.6369870983205 0.407751731697161 -0.275458121469001 20.8006044468505 -3.96298558106136 -0.0129129237702656 0.632493941838362 11.0649723938922 4.82212834028826 0.0633871115649498 0.484994334688054 -26.0301640748403 -1.10713583258604 0.974859770523608 -0.0593859990958663
"2" -27.5334014402477 7.97288215075355 0.408530023238654 -0.368448586653585 23.438017336771 -5.29655325009017 -0.0152697986805279 0.739802634001251 12.5125009695385 6.52916852381543 0.0884936395417526 0.534608657924764 -29.0133944867947 -2.6320741779767 1.12978662651085 -0.0226547692982422
"3" -24.8003765639678 8.11699829244844 0.301376344162634 -0.371568618363426 21.574821154558 -6.15797100533968 -0.0156470444350205 0.678310392396099 11.8556733038869 7.69160200561743 0.106864198027438 0.441442862009353 -26.192014558062 -4.58651943110735 1.08447030110369 0.103874897298738
"4" -19.7496014118006 7.32452534189849 0.172953081065856 -0.288953422028499 17.4425943777211 -6.23361235922243 -0.0146480028410281 0.511888593916012 10.1534425355427 7.85125984601029 0.110491869754668 0.27636527969662 -20.6211109101015 -5.85677388131668 0.91412124180124 0.25599891182901
"5" -9.99738028836293 5.009248086002 -0.0297695056351301 -0.0474189478018161 8.91329171616722 -5.3193562293161 -0.0118320996333949 0.134515434486161 6.66480952718713 6.75099078044457 0.0958837968827027 -0.0664483529526478 -9.42037455443477 -6.73339027233646 0.511370635022104 0.530465186289803
"6" -0.260127625042003 1.67781053004603 -0.179468436118356 0.29902045219751 -0.217034339950828 -3.08865207317126 -0.0079839759067255 -0.317217177065402 3.02211686570452 3.88298950430078 0.054299545795871 -0.450697369395129 2.35266878007974 -5.6817220750176 0.00964790438047203 0.793661823903676
"7" 6.31299819935171 -2.03424159988185 -0.20904223593007 0.688785108653065 -7.05435597599597 0.277669934283551 -0.00354425643256207 -0.736567044187211 0.327459799089397 -0.55399809079438 -0.0117431287894334 -0.754839098523007 10.9696050521727 -2.2460025274398 -0.464427540105135 0.939703733403803
"8" 8.03445944350236 -5.4215984289624 -0.102491783643643 1.10239440005171 -9.74793615585119 4.2231664602046 0.00150328011589806 -1.08397936570975 -0.848409133603788 -5.81043252592303 -0.0914391262489289 -0.878322318394567 14.0799308835491 3.14822613921274 -0.793387593769239 0.905386063661354
"9" 5.07823658187954 -7.83950662338873 0.0988486899637735 1.59455045522463 -8.04086127055531 7.89704582083306 0.00751602004228857 -1.41987969879307 -0.551740405376385 -10.6876868314554 -0.167430656621562 -0.780186081230568 11.3929525049253 9.18291227557981 -0.896295643921349 0.714083828885123
"10" -0.938242628526979 -8.80372623871403 0.316260517877396 2.26043083098079 -3.07618935448966 10.3620844674286 0.0148996103238659 -1.86442790322025 0.72716019631735 -13.8398984509012 -0.220029630936693 -0.489199171388464 4.41267952255254 14.0432484666996 -0.742169209147733 0.470653528447656
"11" -7.79984470570926 -8.06746156670988 0.467379925275452 3.14813918195364 3.27899752175144 10.8637174875091 0.0238294982428684 -2.50303285435007 2.32709149640844 -14.1762465658992 -0.232469731746392 -0.0855364939252468 -4.42832410307096 16.043492096117 -0.352245246982875 0.309245107151582
"12" -13.5236950495215 -5.66487187301209 0.497503209591628 4.16932955797779 9.18893776474221 9.05616667161837 0.0340848648037877 -3.29240525685003 3.65974276199677 -11.2034741901705 -0.195359684790802 0.333583853856908 -12.7304521416869 14.201591270816 0.20664610411086 0.3231068557252
"13" -16.8773511125419 -1.90529668388922 0.396409385021286 5.06592335601749 13.3702760622936 5.10111279328481 0.0449922229632946 -4.02336224182852 4.35765675148215 -5.17768358583277 -0.109003653113234 0.686777631166478 -18.7968444486615 8.53561687302255 0.836139887612944 0.51470077313752
"14" -17.5092673957789 2.6865572779883 0.197078421443365 5.4617475941327 15.271492379829 -0.386518602039445 0.0554359776079849 -4.36585937000984 4.31444585341585 2.97546511874629 0.0168154480424079 0.925230565355378 -21.8743884340506 0.00825041316682018 1.42555340890567 0.793395115219028
"15" -15.7841090010311 7.47225430057892 -0.0396027349817416 4.98337660990205 14.9790873173025 -6.51196041411163 0.0639250927808135 -3.97946572421898 3.63988969883037 11.9218989425054 0.16514511011421 1.02900550187587 -22.0422483825847 -9.80563378590145 1.87281867188995 1.02182276183703
"16" -12.4757559941679 11.8178316032634 -0.246186706467967 3.40067909779577 12.9872795722265 -12.3266776478569 0.0687566902321777 -2.64264465117469 2.56816203677133 20.2601725931849 0.315339876857067 0.990118429033828 -19.9162272568018 -19.1750850464193 2.10317951402249 1.08651268830363
"17" -8.45097736629404 15.1991938689952 -0.368208113670505 0.730983067351872 9.95009215328213 -17.0375927612808 0.0683232555134552 -0.349526938702638 1.35837806455963 26.8359219791087 0.44669882899592 0.794194599297043 -16.3251330961473 -26.6369591222941 2.08183804190367 0.959695800003828
"18" -4.4297912300681 17.2711578533998 -0.376607262872852 -2.73067819328503 6.48703521309446 -20.147640406344 0.0615571819953189 2.65981214924079 0.217604322835221 30.9505617018194 0.541459666143766 0.409884377035269 -12.0573077512477 -31.2767982414073 1.81778896435117 0.727837279879168
"19" -0.862306684516739 17.8895918119294 -0.271119893573683 -6.46316776704862 3.07048569458597 -21.5032712941037 0.0484300769204822 5.94263690535774 -0.737739735547628 32.4274828183634 0.586688183917275 -0.208983617951162 -7.71570636248686 -32.819700985826 1.35844981961191 0.576943688975007
"20" 2.07774029764872 17.0909021873082 -0.0758231837024255 -9.83355133475993 -0.00738016339866476 -21.2527236102511 0.0303623854661197 8.9527961386334 -1.48086995427874 31.5423697277998 0.574975434519231 -1.10635301179536 -3.67669734832864 -31.5453200058148 0.777652641812892 0.736977713879241
"21" 4.41301527269044 15.0443590185316 0.169951015023457 -12.2378069407075 -2.60844641961954 -19.7413819074394 0.0103763609284684 11.1628953369733 -2.04448959377267 28.8586295130598 0.504183214031812 -2.29334853527325 -0.123695488691112 -28.0860191854253 0.161440154748789 1.39821610971921
"22" 6.24412010880846 11.9969928471374 0.421604266159477 -13.2272172872438 -4.69162375118448 -17.3833049890316 -0.00713842576993784 12.1730838765569 -2.4786034291085 25.028254227767 0.376696438869544 -3.71182561868227 2.8815018424294 -23.1884017166656 -0.404275538001684 2.62287426887269
"23" 7.64299652181541 8.2275148576631 0.637332208293856 -12.5881345232024 -6.25304201987224 -14.5489933322337 -0.017079664862564 11.7788270767656 -2.81404480879566 20.6196836222575 0.198690118129008 -5.20689017800942 5.32411206092706 -17.5140109897768 -0.842506242152467 4.28278565635992
"24" 8.58941609879963 4.05725894854174 0.782201523374397 -10.3876847813026 -7.27827080858124 -11.5274939795052 -0.0147009965027962 10.0091520262366 -3.04301628536728 16.0603459229213 -0.0180574651431158 -6.51563392523531 7.16973614578188 -11.5846923686242 -1.09028631885622 6.03680117808472
"25" 9.00962004922707 -0.354359851909066 0.835336670657142 -6.80891547554984 -7.76639823401212 -8.37965988151177 0.00370459621574071 6.99180394344359 -3.13168658754492 11.4208374661485 -0.266392076231227 -7.35595442409067 8.41784642598887 -5.50705736357267 -1.11192128119092 7.46866662564389
"26" 8.76564077227917 -4.67443137916223 0.781164639275687 -2.29049257760516 -7.67675242872441 -5.21691610396272 0.0394067309975696 3.07022766011107 -3.02615163095177 6.83763317676107 -0.525286137289243 -7.39844286818879 8.98553518648814 0.486499701462492 -0.892312985225544 8.06475660387696
"27" 7.79318138848078 -8.65126940368032 0.62047663789366 2.67524811781732 -7.02674548527881 -2.07928646589369 0.0905745680940413 -1.35253052901209 -2.69676403747545 2.33426899250617 -0.77238730266906 -6.44817849739957 8.86168584218001 6.29514212993487 -0.465224373160709 7.4812707912879
"28" 6.14049120866497 -12.0521548451436 0.368907231869656 7.57451879697783 -5.89880427247884 0.959671535280904 0.15222870311888 -5.83444942023436 -2.15541587040791 -2.01454889554111 -0.980798045646679 -4.50417725501757 8.10797701189719 11.7666789859159 0.0834405634259383 5.64422671750435
"29" 3.98446963882765 -14.6750148562443 0.0579369528760481 11.9023219784253 -4.44856507972193 3.76792056367896 0.216669649396422 -9.91466642653188 -1.4617808192612 -6.04222370534444 -1.12036546673994 -1.79990299717792 6.87293000386046 16.6676773120683 0.614464215665976 2.80936773593203
"30" 1.60236376607611 -16.364574282881 -0.26634316052025 15.1787972176703 -2.88698124073761 6.16594764326129 0.274411955062604 -13.1283176955571 -0.713224451336266 -9.50508124754549 -1.16056849971368 1.21788329214723 5.37466242754368 20.7106742007629 0.948025647601753 -0.470343956363649
"31" -0.685275704654231 -17.0282698279173 -0.548285990836121 16.9746064880801 -1.44244978460034 7.9632212729436 0.315523598979524 -15.0368913827829 -0.0235854387961254 -12.1358682061925 -1.07513271108489 3.97173918257795 3.85877562287448 23.6142214246989 0.893376474529305 -3.46307121223617
"32" -2.57903546090671 -16.6469123493797 -0.732153965581915 16.96422399943 -0.315655437390262 9.00193648826513 0.331234354761619 -15.2891678368299 0.502168069828393 -13.7075539993971 -0.84805608988205 5.88128790354676 2.54681595717193 25.1620424744079 0.294001284281876 -5.4337238893313
"33" -3.85505095721805 -15.2771773540401 -0.774920337127696 15.0086287194372 0.360437094716687 9.19221486899636 0.315622817581655 -13.7109482758277 0.790970711739078 -14.0833081641607 -0.480158742931508 6.50912574694667 1.59117873010041 25.2369056923252 -0.918825472579556 -5.83722418082107
"34" -4.39955658653167 -13.0459586128065 -0.659486908893371 11.2460236344341 0.547088411830259 8.53075832665911 0.26710451984566 -10.4005983226635 0.817507114447807 -13.2414162016836 0.00537198853913878 5.69139272616667 1.04689347795426 23.8235933691849 -2.6769580112873 -4.48562608727661
"35" -4.22051022603819 -10.1385982122922 -0.404064107351019 6.15125864965239 0.308254252187197 7.10243591521476 0.189355480735486 -5.79112507626064 0.610024642145845 -11.2760814377143 0.560480964682199 3.61640864595574 0.864653629431643 20.9915978405126 -4.74784493029847 -1.64474511383014
"36" -3.43752648060817 -6.78338773916153 -0.0633591105355436 0.520856675324012 -0.201135632799776 5.06834212294797 0.0912919334919451 -0.636620844591903 0.245179389459068 -8.38142780831276 1.11484159367751 0.818389373924219 0.905670691529394 16.8749326783135 -6.74546173616318 1.97809943114044
"37" -2.25371245143413 -3.23414854117459 0.281142852854487 -4.64393235802299 -0.766814584896139 2.64480853273318 -0.0141362648824241 4.10342869317788 -0.167442681605763 -4.82674628675295 1.58475378374197 -1.93126436240891 0.976507745413585 11.6633867118477 -8.18959130854273 5.37462035543649
"38" -0.914792101876145 0.24800083582636 0.541210244630633 -8.3503081316876 -1.16253264828768 0.0774147286587663 -0.112276526314574 7.47545958693775 -0.50876794752628 -0.928791582241502 1.88778402743205 -3.82382150567901 0.878710767999507 5.61017714478578 -8.60920393666947 7.48914923415578
"39" 0.337119232582324 3.4129801288243 0.647547634478315 -9.8764015166239 -1.20392032747063 -2.38646717701698 -0.189773646896157 8.79151587347042 -0.677139888320553 2.97581434516553 1.96036934409278 -4.2575593926249 0.463376174807934 -0.950132614569839 -7.66817839136274 7.5274393898253
"40" 1.30615548878211 6.03957023612611 0.573258524799201 -9.00384815435882 -0.795705037195575 -4.52335032385679 -0.237462762068162 7.85817858232042 -0.612378431680696 6.55701078280811 1.77384504016962 -3.05232274771697 -0.323135727343299 -7.58791895385934 -5.27785517837674 5.22954345338439
"41" 1.87300547866801 7.95205499831286 0.346533547708248 -6.13473716825865 0.0412236736241596 -6.15470272883573 -0.252297444497586 5.08941490582549 -0.310488443194473 9.51643518108392 1.34400630687725 -0.555635602597249 -1.41636159464014 -13.7855726685476 -1.65837550154129 1.01045068661915
"42" 2.00694564564969 9.03494534942911 0.0466174927768179 -2.23415636208711 1.17186175426028 -7.16148309018257 -0.237693816551328 1.44517084534255 0.175369987423721 11.6112144542901 0.730813902382977 2.41222369562274 -2.6427727689844 -18.9766574888081 2.67715270899862 -4.0959409717143
"43" 1.75859316394047 9.24497883877007 -0.217693361363501 1.40742008978077 2.37885555978326 -7.49157648801202 -0.202162436226715 -1.80930563938159 0.74809894970177 12.6758815931736 0.0277738790187527 4.77686845760581 -3.76054177880206 -22.6176183894247 7.01827431020001 -8.69317758332181
"44" 1.23762752628761 8.6193813473069 -0.34189639538863 3.53809369835017 3.41553256552359 -7.16087777984745 -0.156651773522285 -3.46875057349416 1.29025599680965 12.6411056657101 -0.656299120922114 5.53934662157189 -4.52194934575243 -24.2803175650367 10.6096192016139 -11.4154681060245
"45" 0.583188436366697 7.27882541657095 -0.26239738270101 3.33629119848456 4.06551635793744 -6.24935506347583 -0.111424211285566 -2.77826236447834 1.69131673743505 11.5468906738707 -1.21828008536306 4.12290198550909 -4.74038096073201 -23.7444954904152 12.8193724041189 -11.346013148428
"46" -0.0649788395674591 5.42254007587121 0.015425737649764 0.71438586702152 4.19293591645558 -4.89285840903347 -0.0733960063932244 0.268145441023194 1.87138601612581 9.5466060955041 -1.579279495713 0.629364805889054 -4.34315001043296 -21.0655633960613 13.2788832366919 -8.33445903775282
"47" -0.589121209460018 3.31200126479416 0.407919421038628 -3.57039091350634 3.77071673779542 -3.26996972277828 -0.0446967146926909 4.82624972840995 1.79592658572338 6.8969663195104 -1.69683767323318 -4.08807249097299 -3.39496232598361 -16.5951617674988 11.9576873964825 -3.10816787789008
"48" -0.908172060136337 1.23966794301987 0.769155602533999 -8.06550467558191 2.88090915963897 -1.5819277281206 -0.0228355598313215 9.36558964805681 1.47915930972047 3.92900633564909 -1.56907553755718 -8.59060098471309 -2.08418043541667 -10.9392472521855 9.1559507746133 2.88026879965037
"49" -0.98567261353071 -0.518037659349829 0.932558869779314 -11.0381590640527 1.6883002260216 -0.0242982187729694 -0.00241191332443691 12.1026861408226 0.97679761047138 0.998176660610397 -1.23127583057371 -11.2533742572778 -0.673324636055895 -4.85176713370623 5.41740126815239 7.8596766517112
"50" -0.832174131760382 -1.7577578827229 0.769656242153474 -11.0711118186236 0.395198951073525 1.24719523960505 0.0221477772789171 11.615748464221 0.37084356981417 -1.58063921371854 -0.746865787760385 -10.8154848794402 0.57477151671543 0.918060817651849 1.38663925937635 10.3106408061903
"51" -0.501808466032458 -2.40129356527132 0.247592187085843 -7.65385131353923 -0.809429521189173 2.14830823125692 0.0537341112136005 7.45000333840528 -0.24943157348828 -3.59676584058479 -0.195413304698576 -6.91239377151942 1.47403485862583 5.78404967373194 -2.34787776774647 9.5277414527518
"52" -0.0821370758483795 -2.52077464526565 -0.53915031972474 -1.52068817481995 -1.79052656379048 2.68253967685462 0.0906865730494815 0.457889628256112 -0.804928661147869 -4.98219084746688 0.339852471411405 -0.36982157384773 1.96782693840555 9.43193181265815 -5.37550773537714 5.95286084310283
"53" 0.322371029911722 -2.31717985309251 -1.38352349960059 5.47256199410731 -2.48348267736483 2.9307987437212 0.12683610186096 -7.3409379926718 -1.23715469639791 -5.80429051697251 0.783091466717281 6.92932074995406 2.13258806828674 11.8323428336886 -7.50842383342115 1.09105345926946
"54" 0.611564593749506 -2.04850185037094 -2.03082707778714 10.9691392073382 -2.88205224974223 3.01273937159351 0.153687816827784 -13.4170304285371 -1.5094683228042 -6.20902529038699 1.07440649813674 12.6425039895003 2.12556404829547 13.1474777455451 -8.73747808898679 -3.03360240037728
"55" 0.712703966213098 -1.92910380703938 -2.2725226159377 13.0182947640997 -3.0063369185429 3.03196402697358 0.163936587324656 -15.6865109253578 -1.60240322136427 -6.33484792601053 1.17563677421907 14.8382454630519 2.09733477074417 13.5718349391258 -9.12782749963208 -4.70045551179646
"56" 0.599852193215611 -2.04184151941581 -2.02881278768177 10.8749252092366 -2.86968800540959 3.02798309124864 0.154677235988117 -13.3525875928335 -1.50915295301706 -6.23572603137018 1.07365996565488 12.7669334239363 2.11093962749953 13.1855334720199 -8.71551214735609 -3.22982780121674
"57" 0.301694088765601 -2.30380417713309 -1.38092590084051 5.31182152327256 -2.46372405657056 2.95750848729858 0.128677611726062 -7.23440180816942 -1.23493686889337 -5.85106808537989 0.781551530663705 7.16384606223073 2.10846117504946 11.8970751067999 -7.46597565011234 0.725812396365654
"58" -0.10672327461657 -2.50187782265084 -0.53754017200896 -1.70703168114869 -1.77036013982593 2.71444643945381 0.0930742138343703 0.575809184248783 -0.799797335965366 -5.03810918547629 0.337627571211982 -0.0615529418610095 1.94206079757373 9.50609667710461 -5.31810452224818 5.47955050100791
"59" -0.524557449322685 -2.3801038553886 0.247702660345794 -7.82891343243318 -0.794170066723012 2.1788317465016 0.0562239751116351 7.55539178963477 -0.242452169347388 -3.65038680293378 -0.197932695403608 -6.58770802903382 1.45352078151313 5.85189451767559 -2.28596162358372 9.0349077514511
"60" -0.84904224851249 -1.73845132439692 0.7688417753198 -11.2119576916484 0.403848698471137 1.27162920588296 0.0243019911316082 11.6973100175759 0.377394295634403 -1.62375531911971 -0.749152722880325 -10.533330367969 0.56253822650865 0.97031200235574 1.44131189804102 9.88529999957973
"61" -0.99571959616884 -0.503612301510202 0.931665387533542 -11.1372190257935 1.69166759063688 -0.00765926043698073 -0.000852030194238296 12.1591570074772 0.981305215922575 0.968621398459163 -1.23295614920463 -11.0492504447429 -0.678339929518586 -4.81706705966502 5.45725660540211 7.55261345693361
"62" -0.912933747517513 1.24858684255923 0.768642627771214 -8.1270223704696 2.88141172197547 -1.57218101768012 -0.0218843858407354 9.40108267245057 1.48147078605302 3.91154632327266 -1.57008261958896 -8.46674625254673 -2.08502843576372 -10.9190385782512 9.18011571853003 2.69348998648275
"63" -0.59086996675029 3.31662693016801 0.407806228497407 -3.60474931455792 3.77025845732527 -3.26496790448834 -0.0442025873416867 4.84686603168598 1.79678325490941 6.88791445493791 -1.69733399960015 -4.02419837655179 -3.39434213361079 -16.5845837851925 11.9700255941925 -3.20525535013803
"64" -0.0654309637068309 5.42459270904237 0.015551738017507 0.696305488866983 4.19242327560769 -4.89051818513099 -0.0731722543361428 0.279735023856119 1.87157049788411 9.54231970384853 -1.57948119882633 0.658046429620299 -4.34243428517703 -21.0603299769709 13.2842945677648 -8.37880879471049
"65" 0.583154776500919 7.27961879730537 -0.26217992455031 3.32661144951953 4.06516785601374 -6.24828101722818 -0.111332609123522 -2.77149270921188 1.69128266556831 11.5448962235623 -1.21834488139166 4.13450917014416 -4.73991504385191 -23.7418383431345 12.8214531218159 -11.3646333731522
"66" 1.23768461106994 8.6196443909314 -0.341678675846595 3.53254492517362 3.41531759670931 -7.16035421073207 -0.156616455600215 -3.46452355971883 1.29018201433772 12.6401202582322 -0.656310666456022 5.54371133570021 -4.52168126172336 -24.2788457516958 10.6103144102531 -11.4230141221706
"67" 1.75864780337554 9.2450446910359 -0.217522925376329 1.40414531194801 2.37872312532346 -7.49130303600595 -0.202149306983671 -1.80665205299908 0.748036880919997 12.6753617540705 0.0277787964754737 4.77839904887514 -3.76038359411473 -22.6167606673298 7.01845523118754 -8.69620210309222
"68" 2.0069782769408 9.03495073189174 0.0467262845109531 -2.23597788466986 1.17178464798687 -7.16134081158441 -0.237689098234782 1.44670158718714 0.17532954030365 11.6109425022588 0.730820840271804 2.41271603919267 -2.64267822541552 -18.9761799480665 2.67717269379955 -4.097131804323
"69" 1.87301653018875 7.95204978455399 0.34659021688924 -6.13563056371549 0.0411846895620442 -6.15463357489398 -0.252295756748325 5.09017904381119 -0.310510884017731 9.51630310283895 1.34401082372776 -0.555481682660684 -1.41630534926907 -13.785336199517 -1.65838644649466 1.00998682146383
"70" 1.30614877543906 6.03956666162708 0.573282354840217 -9.004223351777 -0.7957200104957 -4.52331548812572 -0.23746211024762 7.85849926200069 -0.61238954683995 6.55694629133484 1.77384692414228 -3.05225673022142 -0.323099578469169 -7.5878125979616 -5.27786065161581 5.22934667887603
"71" 0.337088657484287 3.41297259098815 0.647555769507051 -9.87653895596441 -1.20391639136241 -2.38642828094044 -0.189773509907923 8.79162821644525 -0.677141155229421 2.97575051006254 1.96036935459938 -4.25750172395783 0.46339751963751 -0.950057916017613 -7.66817511918453 7.52732019164978
"72" -0.914897358351908 0.247961018293154 0.541214297892282 -8.35036740619989 -1.16249022134119 0.0775411565699073 -0.112277394313494 7.47549690005667 -0.508739419425339 -0.928986804485817 1.88778172422431 -3.82372303438751 0.878691000638867 5.61037128975033 -8.60919322770133 7.48899145788528
"73" -2.25410330053413 -3.23432414024751 0.281153953289163 -4.64401736138598 -0.766647823632454 2.6453059414888 -0.0141407103459983 4.1034619266303 -0.167289034350333 -4.82750871316375 1.58474442963515 -1.93098808798641 0.976336519868823 11.6641455167626 -8.18956491925701 5.3741928105228
"74" -3.438926877971 -6.78405778916272 -0.063316664860281 0.520595086562935 -0.200571354148963 5.07018037313298 0.091274713894947 -0.636529720937915 0.245804415430811 -8.38424327161056 1.11480710100619 0.819310216989834 0.904988666893871 16.8777412869024 -6.74538251008062 1.97666966304678
"75" -4.22512664578201 -10.1408952279089 -0.403923916571273 6.15048589135313 0.310014355131585 7.10865495296446 0.189295931345953 -5.79090561869901 0.612204310747899 -11.2856046804466 0.560363021154927 3.61943146471276 0.862393011746576 21.0010701678759 -4.74758901240375 -1.64943027548725
"76" -4.41347901124951 -13.0531187133056 -0.659080171714834 11.2440895743061 0.552252759134973 8.54999361274901 0.266915906624106 -10.4003207745602 0.824198095427491 -13.2708653318072 0.00500166260709989 5.70063049967393 1.04019121036242 23.8527309647547 -2.67615725161204 -4.49985523094801
"77" -3.89357348023117 -15.2975906150336 -0.773853122253854 15.0046666033759 0.374742912211417 9.24668980677927 0.315071910911968 -13.7115034061825 0.809258578024092 -14.1666870534935 -0.481222393686693 6.53495308751553 1.5731897540922 25.3188939732991 -0.916523068946844 -5.87668620923068
"78" -2.67697149929847 -16.7003810288411 -0.72956316308796 16.9581149314008 -0.278512260255042 9.14347941324326 0.329746453183944 -15.2942501489816 0.547087715158767 -13.9241315541041 -0.850849385836369 5.94691318794503 2.50296030654687 25.3736653329285 0.299935434723466 -5.53315642255257
"79" -0.913828996609055 -17.1574291876879 -0.542375505225749 16.9700130248939 -1.35311353517274 8.30135104328872 0.311805072135783 -15.0575175028551 0.0764540747962741 -12.6530769190819 -1.08185224334724 4.12308828884306 3.76130504991244 24.1165630670621 0.906973444731648 -3.69057358285136
"80" 1.11374680257296 -16.6531578889714 -0.2535863347278 15.1898281198455 -2.68998029527347 6.91016581843905 0.26581572877906 -13.1912453786458 -0.509649527663164 -10.6430847078412 -1.17542446306786 1.535460540028 5.17641477966112 21.8098647643504 0.97576211475598 -0.944257398776244
"81" 3.02918144620892 -15.2726115952199 0.0839440933071671 11.9650317830451 -4.05279224759251 5.28024909986749 0.198296425283701 -10.0754482483558 -1.08113641098472 -8.35411821571086 -1.15066496558832 -1.19076310887613 6.50304883311446 18.8893857366485 0.665163631192172 1.9063952823617
"82" 4.43361088559476 -13.2004533777578 0.418655828344669 7.76333970673113 -5.17629514366439 3.80284640301062 0.11591100468361 -6.19441533843349 -1.49929231336828 -6.36000809238078 -1.03799654840751 -3.43051508204735 7.47503978079715 15.9223138411323 0.167109691295082 4.06277527589191
"83" 5.00432067084486 -10.7002435923226 0.709119212506579 3.12278869354805 -5.82859409196953 2.87561254986514 0.0240929210842324 -2.07680045100216 -1.65247829919326 -5.23793845307375 -0.872561995838922 -4.70236800279781 7.87185191113574 13.5003228057726 -0.340161934702337 4.92679650811988
"84" 4.59334254265809 -8.07211289294582 0.927591002283663 -1.37522422903385 -5.87205227969088 2.8037020693979 -0.0735666144129823 1.74041984787618 -1.49070483204508 -5.42015975034519 -0.688245161560872 -4.77722356050435 7.58279899723593 12.0853522609998 -0.724568072710554 4.25829651011736
"85" 3.28971472694479 -5.596095028793 1.05923008809128 -5.13526624053748 -5.30337118948545 3.70467713212958 -0.175043049526678 4.74480096858719 -1.047628948885 -7.05177057836488 -0.51270483642854 -3.7323299711752 6.64816316536746 11.858473769865 -0.917188037041797 2.25450954627013
"86" 1.41700101234815 -3.47756436207465 1.09904525552423 -7.60778136062027 -4.25900121142708 5.45527143977006 -0.27881511477031 6.50110256711105 -0.439422402143542 -9.91343299185542 -0.363933538690574 -1.93403689650586 5.25999176703735 12.6386771045711 -0.914761819406522 -0.48075886740844
"87" 0.781946984279955 -2.90080033567665 1.09261805366745 -8.05035317231886 -3.86705373926118 6.134831283788 -0.311754350009821 6.74573949317011 -0.239427008471168 -10.9927338622093 -0.323886543455458 -1.29583917248965 4.77303881353373 13.0203309229183 -0.880497744330569 -1.36316557977989
"88" -1.09178502833097 -1.3826840087396 1.01396285751071 -8.24462281202341 -2.57833030394285 8.4514243831162 -0.414238604748618 6.46452685974521 0.324321975867313 -14.5972617311614 -0.219565852695197 0.630974512727335 3.24990661902072 14.3229104962366 -0.705071669414338 -3.7495751231254
"89" -2.38582085424949 -0.284019238342239 0.849825982410096 -6.5957939864079 -1.43621216343981 10.6358689486378 -0.508844438060848 4.63709076235381 0.659868576726851 -17.9000474702871 -0.144564452067286 1.99143809863563 1.99012562531311 15.2403991933292 -0.495865541321564 -4.92734877730072
"90" -2.75802254381361 0.504729925153129 0.602565870865703 -3.35287562379153 -0.67108793439516 12.2383157137499 -0.585419853622938 1.55498045583147 0.662011551245605 -20.2245982762747 -0.0898032563922158 2.40362484221987 1.21864535156109 15.2077424931761 -0.33192175959357 -4.42757740798697
"91" -2.11364455130752 1.11348405271144 0.270400721440325 0.95641122989764 -0.395341174324713 12.9629997214556 -0.630253466456011 -2.27347824280139 0.311887868652846 -21.1431876997032 -0.0463606289286389 1.77400423921063 1.01577143322535 13.9458200151199 -0.261492119798731 -2.25441971344299
"92" -0.613331300442752 1.65201430360526 -0.153478470235427 5.63125661038339 -0.58485659636176 12.718947558891 -0.627560440503117 -6.22146851428766 -0.325994102019195 -20.5492897573772 -0.00892942361058147 0.310150649729621 1.30991254389579 11.5210830609895 -0.290053012933186 1.11890015442623
"93" 1.39652421005974 2.18734332470683 -0.678882623135593 9.9360670612632 -1.10619068743431 11.6042490877463 -0.56205137643289 -9.66302850233109 -1.12833831221812 -18.6271051478042 0.0227466938450931 -1.54782677395997 1.91571348782355 8.28992952924287 -0.381388183676336 4.88002535191481
"94" 3.48987486426074 2.74050828180089 -1.31235086772443 13.2305996927216 -1.76994602495979 9.84451645751784 -0.422353612072385 -12.0803306647376 -1.94608645807348 -15.7511859643516 0.044593327361298 -3.24884292581373 2.59732189157762 4.76771952019652 -0.470147504416673 8.08364404592976
"95" 5.26074820596619 3.29546533492601 -2.04638673225151 15.0634478542338 -2.38454428603289 7.71673287879992 -0.204930627978754 -13.1365357082847 -2.63509793075978 -12.3648551998034 0.0505727813032166 -4.27455635936712 3.13155971899295 1.4796614418949 -0.482953896991603 9.88232010512183
"96" 6.3943175477807 3.81060553324107 -2.84621863369867 15.2188566226223 -2.79454121113798 5.48411340077325 0.0821297956691609 -12.7074053391004 -3.0789566470562 -8.8771287025171 0.0358067786467871 -4.27698342100848 3.3532862070997 -1.1604039420117 -0.363608475106957 9.73776493314108
"97" 6.70591916616527 4.22736139494214 -3.63862913116839 13.7212743917125 -2.90038986985701 3.35449983090251 0.4164813809208 -10.8770124410235 -3.20254795735733 -5.59763759737712 -0.000563171466907875 -3.18213776378252 3.17750601010022 -2.92109823979592 -0.0959572718666095 7.57237106832144
"98" 6.15276062286321 4.47632092473668 -4.30889768327503 10.8082899651431 -2.6634034680639 1.4630973565678 0.761334266191724 -7.90796728264007 -2.97741815488468 -2.71115862473516 -0.0536978264609047 -1.23209307477191 2.60156243362434 -3.77272546533052 0.283133464783532 3.82312102184733
"99" 4.82450782108575 4.48473247645063 -4.71117735599603 6.88236826762432 -2.10091396379765 -0.125911286734265 1.06884593633559 -4.19591133620753 -2.42091140947359 -0.283714607965294 -0.113188588651383 1.05567419952968 1.69351449367963 -3.8637155396635 0.68702489592215 -0.63032493389619
"100" 2.91849695772859 4.18875877618984 -4.69409314919486 2.4491756601783 -1.27558491210229 -1.40578782484943 1.28740715417962 -0.215091628587231 -1.59103360000754 1.71039999460618 -0.16513355039217 3.01529716539517 0.572023543015007 -3.46687402417555 1.00091734690704 -4.66665465772894
"101" 0.704742537903343 3.55041093157683 -4.13765347522408 -1.95153755217279 -0.281625186992557 -2.4077205581857 1.37180896567023 3.54059865235951 -0.578363646482224 3.35070563147781 -0.195691757063798 4.02216388767556 -0.61806870608865 -2.90879253321373 1.11753046163631 -7.21717426751638
"102" -1.51441998523126 2.57503618067199 -2.99182409439362 -5.81654431003881 0.770101038100265 -3.18009969242411 1.29390844574336 6.61754678718012 0.50432861412451 4.73063385913497 -0.195075635496124 3.69355259738404 -1.73062155387839 -2.49630833278997 0.976131263049865 -7.57710553083598
"103" -3.44538141316627 1.32283262903024 -1.30419670589993 -8.74418301051355 1.76645517984218 -3.77025932866621 1.05069334973722 8.65916678242655 1.53441113935841 5.9233688363347 -0.160660214456811 2.03422076778952 -2.63974263394198 -2.45372504249596 0.590867372276534 -5.63659402512349
"104" -4.84071301551776 -0.0914797425707548 0.773838312101077 -10.4857997685331 2.60460977221217 -4.21133353098242 0.667084462420107 9.4540779469213 2.39320161280492 6.95932765354337 -0.0980871290187224 -0.529155756854379 -3.25490269298308 -2.88203576134532 0.0564204505653834 -1.94810662736927
"105" -5.52968348905006 -1.513103926246 3.00632606707046 -10.9755726530352 3.20203748520801 -4.51562352464015 0.192378710364551 8.96917298915002 2.98039805511826 7.8182539670529 -0.0199060038139294 -3.24684925650217 -3.52818892174764 -3.74611119042649 -0.473699641700023 2.40424731227176
"106" -5.43980779869861 -2.77306505538672 5.11262909351052 -10.3320690049513 3.50370225896019 -4.67448784023998 -0.308703921315811 7.36061425698949 3.22779960641827 8.43543452563188 0.0578318025536646 -5.25533336922672 -3.45442463389122 -4.88912743982999 -0.83117923062764 6.10272537506899
"107" -4.60844908734592 -3.71890142923917 6.81644441320367 -8.82783958973823 3.48670590891575 -4.66360485903618 -0.767764284806617 4.95680749723414 3.11062386972614 8.71866107004564 0.119907295105236 -5.83654521430617 -3.0665548665155 -6.06788399164935 -0.886162161638367 7.97597300971029
"108" -3.18355648097389 -4.24212344618832 7.89056363816769 -6.82818217802651 3.16266264117698 -4.45182966871926 -1.12411911697866 2.21042429846727 2.65447024465706 8.57115765240417 0.155824013979384 -4.65089560212618 -2.42903841327029 -7.00004068257124 -0.593369970510594 7.35190559665716
"109" -1.41142745009745 -4.29597803014076 8.18741961470101 -4.70692002219585 2.57755734558941 -4.01181181365536 -1.33338681620891 -0.378359217817888 1.93575359055933 7.91589442364602 0.162130568702167 -1.87564072024179 -1.63080422300379 -7.41496694795146 -0.0166506281284455 4.28436857598717
"110" 0.392176378551454 -3.90040495759376 7.6521441468808 -2.75534249975908 1.80804701614979 -3.33079720145668 -1.37221741374198 -2.35820925293524 1.07339291332417 6.71780756251724 0.142625616208932 1.79605915075626 -0.777284169408404 -7.102343824191 0.676989761918776 -0.413078286590462
"111" 1.89080989664231 -3.13449532491177 6.32154857416725 -1.10974496181325 0.952713772617003 -2.42018272948508 -1.23951986034196 -3.4241422295222 0.210348426498797 5.0013127957119 0.106550960558792 5.30980681682195 0.0205620244692568 -5.95434548435 1.25581047443529 -5.35197506809345
"112" 2.79439138995815 -2.11916000737847 4.31617647388197 0.270609824701296 0.117417395833144 -1.32213958204801 -0.955301733156915 -3.48813682175535 -0.513998769599525 2.86037876168507 0.0654358302689957 7.53859887314502 0.662090244211186 -3.99632420650025 1.48832739611407 -8.95243094070247
"113" 2.93367904381068 -0.994216477406326 1.83155215829493 1.55070903808792 -0.604027317718774 -0.111221211618613 -0.558131168192247 -2.69302575506379 -0.995882908526823 0.457832240342555 0.0296051252137772 7.64466067929061 1.07694687360703 -1.39849620447734 1.22018288359368 -9.9484812361261
"114" 2.32147794593769 0.104750966204165 -0.870815094592444 2.89943942116452 -1.14959582957401 1.11084188386155 -0.101493642802367 -1.35656265535886 -1.19521652843788 -1.98875835422757 0.00542555408128464 5.40905703911631 1.24434618081528 1.53889977407397 0.439694155564666 -7.87144497962436
"115" 1.17431296653598 1.06414593120076 -3.47892111833698 4.35536692089499 -1.50231231443595 2.22730198817919 0.351463460413214 0.134462115231031 -1.14927979110195 -4.23405427368277 -0.00589276559756513 1.39637321543887 1.20331808023525 4.42907248181149 -0.694908113011934 -3.31960181840623
"116" -0.127925458110781 1.80105259136144 -5.66101899466497 5.75891364384506 -1.68976378479738 3.12311259622408 0.735462331142443 1.43259450726316 -0.962759867222886 -6.03956510516014 -0.00763186399444749 -3.15387761264537 1.04527843517525 6.86369912093778 -1.88651537696933 2.15187569031332
"117" -1.14851596851523 2.26304540050364 -7.11471773074055 6.80514821340057 -1.76658852802137 3.70208003976182 0.992757290934023 2.2948141250173 -0.771439267209587 -7.20786339769313 -0.00535612572912214 -6.72225390724088 0.885453007429135 8.48507320175867 -2.78809677656272 6.55371169076534
"118" -1.5388465536561 2.42267277889255 -7.62553117002108 7.19792791601822 -1.78499349476256 3.90073538259338 1.08332559785157 2.59143269943138 -0.689354289554302 -7.60955286262572 -0.00402743726598942 -8.06597473333022 0.820182453094276 9.04974339887275 -3.12202537400344 8.22891663976407
"119" -1.16493338732712 2.2712633589083 -7.11552072372228 6.81394423042457 -1.76668787401387 3.69712604621481 0.992813371904433 2.28486571775181 -0.761426562282011 -7.19998251807829 -0.0055900578709327 -6.70716386830281 0.887576077947926 8.47197961747531 -2.78265740743973 6.53529922052257
"120" -0.157330398795011 1.81598723704656 -5.66221320141034 5.77153599670646 -1.69106809658234 3.11409214319968 0.735555860688834 1.41756629705947 -0.944693786514989 -6.02531779395974 -0.00802034625576198 -3.12725104839774 1.05089470196833 6.84005376926007 -1.87696757056028 2.11853961450106
"121" 1.13906978439286 1.08240600320232 -3.47959844428431 4.36052348979183 -1.50626294858498 2.21647642003774 0.351563468625173 0.125284375972115 -1.12734541390797 -4.21725022256203 -0.0062680232628054 1.42755247857895 1.21369124504741 4.40139443405729 -0.684048473088296 -3.36139149142764
"122" 2.2895814773218 0.121663662994251 -0.869781364805817 2.88186895156741 -1.15689291481338 1.10160946870542 -0.101416352424522 -1.345251466778 -1.17496576019046 -1.97506472605426 0.00527780388418364 5.43646479461495 1.25907964142931 1.51699775257691 0.448289786563691 -7.91442378708234
"123" 2.91226820497857 -0.982542513241469 1.83510683506756 1.49983030394014 -0.613992641897497 -0.115899612500527 -0.558090019720268 -2.65104421391379 -0.981854500209991 0.463561400171557 0.0298347398100702 7.66246331030197 1.09378198354079 -1.40618938703736 1.22386381219258 -9.98746811964884
"124" 2.78519009650697 -2.1138998236604 4.32200332613701 0.189715463576704 0.106570108981018 -1.32149802063998 -0.955292161801893 -3.41823098766201 -0.507562338435861 2.85706586891115 0.0660264142602784 7.54596675908942 0.678100467588081 -3.98802501423529 1.48681082079247 -8.98528483591872
"125" 1.89049455492218 -3.13407432630788 6.32833607552868 -1.2030693734373 0.942956875683336 -2.41589489266983 -1.23952848383551 -3.34223808873173 0.211004734877477 4.99204052049254 0.107324418974599 5.31000908007809 0.0335550878289723 -5.93567868241439 1.25103933290166 -5.37828124969747
"126" 0.395717779006958 -3.90217753574188 7.6582793089953 -2.83934255774511 1.80066478418586 -3.32553266158624 -1.37223195261595 -2.28406445832377 1.0713512519159 6.70730568037675 0.143355865175863 1.79341407109496 -0.768150055749572 -7.08189624056314 0.671602190838712 -0.432768324157223
"127" -1.40769238628351 -4.29792771322741 8.19186899688464 -4.76767170709218 2.57282415503083 -4.00754615270125 -1.33340007991642 -0.324645021042159 1.93341024354454 7.90759785094758 0.162668802584307 -1.87821359436202 -1.62521791177943 -7.39897013298179 -0.0208477564942768 4.27108686859719
"128" -3.18105964688527 -4.24342632362527 7.8931931786019 -6.86399532499127 3.16008688520277 -4.44920095405917 -1.12412842951282 2.2420766033473 2.65285115182493 8.56609324224996 0.156143030721637 -4.6524031716217 -2.42607896784256 -6.99030460047317 -0.595882913418791 7.34408851783155
"129" -4.60716455356553 -3.71955257988952 6.81772069513545 -8.84517537089823 3.48551647071088 -4.66231419994728 -0.767769681416908 4.97210256734002 3.10978094711389 8.71618250003439 0.120061319810276 -5.83715482874686 -3.06520856886959 -6.06312301067325 -0.887360085725959 7.972035526338
"130" -5.43925917005794 -2.77332395554367 5.1131395825692 -10.3389821351961 3.5032348033798 -4.67397378129715 -0.308706570440961 7.3666956088411 3.22744489549178 8.43444744892906 0.0578927082427754 -5.25549190542552 -3.4539037585364 -4.88723191190789 -0.831639362546412 6.10104415376918
"131" -5.52947498120577 -1.51318833853566 3.00649420285822 -10.9778413295849 3.20187853540727 -4.51545740580923 0.192377571534593 8.9711599611947 2.98027217683128 7.81793410819841 -0.0198862390357704 -3.24686183560516 -3.52801948532817 -3.74549621215269 -0.4738421421157 2.40364370680618
"132" -4.8406349691578 -0.0915029149466591 0.773883511701683 -10.4864069873256 2.6045605496536 -4.21129113031509 0.667084002861017 9.45460643466834 2.39316209594202 6.95924520089261 -0.0980818211794769 -0.5291461476736 -3.25485786070703 -2.88187588180512 0.0563848710662569 -1.94828483077799
"133" -3.44535166739067 1.32282805516616 -1.30418707738835 -8.74431487131642 1.7664409960889 -3.77025072851052 1.05069316126986 8.6592804277945 1.53440015363252 5.92335176884023 -0.160658894001216 2.03422666044753 -2.63973627636022 -2.45369227358333 0.590859907988488 -5.63663704495775
"134" -1.51442168010712 2.57504228804589 -2.99182261053858 -5.81658461515462 0.770104734342141 -3.18009307669922 1.2939083923943 6.61758016454235 0.50433053383253 4.73062219377005 -0.195074842967074 3.69356674982919 -1.73063454282982 -2.49629520298808 0.976130335491689 -7.5771340732681
"135" 0.704673292670776 3.55044723418166 -4.13765345963452 -1.95163440455417 -0.281583436774795 -2.40769381654593 1.37180910645209 3.54067577943096 -0.578339181318739 3.35066037737477 -0.195689415710007 4.02223480899193 -0.618130400951202 -2.90875130181502 1.11753485169311 -7.21729156145739
"136" 2.91820002882167 4.18891497450113 -4.69409422078024 2.44879119330471 -1.27540787817729 -1.40568830003639 1.28740792521648 -0.214786982894225 -1.59093332621026 1.71023046423852 -0.16512423495729 3.01559418878787 0.571775742757836 -3.46672400382218 1.00093969504724 -4.66714123153542
"137" 4.82345005345934 4.48533786188614 -4.71118435413763 6.8809648357992 -2.10026742293726 -0.125589621480003 1.06884897730046 -4.19480193524441 -2.42055817456598 -0.284270125833473 -0.11315328794079 1.05677506799111 1.69260295715804 -3.86324364557373 0.687113451936966 -0.632119471807528
"138" 6.14937763035476 4.47847048027916 -4.30893313340877 10.8036222231581 -2.66126538969877 1.46400447101894 0.761344919616917 -7.90428599854346 -2.97629775965511 -2.71275915575632 -0.0535744769656077 -1.22838516377124 2.59849865491475 -3.77145368364907 0.283448483648954 3.81710833284342
"139" 6.69611250369681 4.23436650770327 -3.63877744884476 13.7070883135552 -2.89394265718154 3.35668858622495 0.416515145080879 -10.8658492372016 -3.19933248125291 -5.60163924733945 -0.000166675111316295 -3.17074469635918 3.16809197821397 -2.91827315756484 -0.0949391825729435 7.5539973486193
"140" 6.36845220005242 3.83156943513893 -2.84674799007084 15.1793720421815 -2.77676030485136 5.48841452989382 0.0822267837371982 -12.6763898557307 -3.07058745820442 -8.88554580599077 0.0369804174243455 -4.24504322318353 3.32680783282876 -1.15580523901173 -0.360625254907063 9.68653301354971
"141" 5.19834332410508 3.35314493516023 -2.04803065950864 14.9625814731526 -2.3395675265357 7.72260634732208 -0.204677840005104 -13.0573874566476 -2.61526444781263 -12.3785809511551 0.0537753204075813 -4.19281404072535 3.06333893523555 1.48213765585058 -0.475033021786203 9.75187916617324
"142" 3.3511732998345 2.88667702165128 -1.31685811289506 12.9936406996603 -1.66537574064678 9.8450115287697 -0.421755153236106 -11.8944270007279 -1.90302816227573 -15.7631814078123 0.0526564632451851 -3.05761510946468 2.43635144337122 4.74948240944002 -0.451049085047998 7.77996744783559
"143" 1.11063532760684 2.52921072000186 -0.689925555836652 9.42328904556689 -0.882571080902082 11.5735858349891 -0.560764439934232 -9.2604752848975 -1.04205507781391 -18.604704689804 0.0414945124555004 -1.13812985215736 1.5681373105283 8.19295273309132 -0.339404627005479 4.23244574588898
"144" -1.16160960594669 2.39132808984436 -0.177911867750083 4.60766359473701 -0.145451227891726 12.587892544387 -0.625052584249204 -5.41683145944313 -0.165315195279838 -20.3980223355384 0.0313727414485925 1.11553370970614 0.623314297564491 11.2000494343857 -0.205547686276986 -0.148142091999034
"145" -3.09032822465534 2.59399717511383 0.221144885957756 -0.930860684248273 0.396596262289549 12.5788973687739 -0.625853233279116 -0.78709202988955 0.590886613802319 -20.6466910208262 0.0338642429420304 3.22863413801133 -0.226514905704477 13.0915040774598 -0.105242507442199 -4.53157138724418
"146" -4.36531135776613 3.25384850049284 0.511499086418326 -6.57129153589449 0.636846755603301 11.3132284341872 -0.578561402952715 4.09598047775688 1.11293276454333 -18.9648536670644 0.0583660217014881 4.81836578720686 -0.846972453327623 13.2487857719499 -0.0661633937629631 -8.18740290534879
"147" -4.81521257939588 4.45684919907001 0.694806300395413 -11.679900338886 0.546934833041149 8.697947703154 -0.499607431724513 8.66374579663761 1.33414667720786 -15.1798476553604 0.109932028160912 5.6730219124147 -1.18411705104035 11.2530553908426 -0.0801672122206583 -10.6251706886596
"148" -4.45432216644735 6.22573766850167 0.770654349442509 -15.6975557250935 0.198836366654689 4.82710954966137 -0.404179998776172 12.3915946131344 1.25006152300129 -9.4063785156892 0.187935278953276 5.77726675371377 -1.29360974932575 7.00137366708378 -0.107583688363775 -11.6589469050523
"149" -3.48650845170727 8.49069109198319 0.740739478836417 -18.21105222498 -0.236770987304908 -0.00567840474803916 -0.304822049057876 14.8698587922382 0.91991532405725 -2.06791612549893 0.285778168548077 5.28187108655766 -1.3437047805906 0.767413613171186 -0.0915516683267015 -11.3884195151804
"150" -2.28494002615335 11.0291581823271 0.616991399846768 -18.999362098647 -0.516767192497525 -5.24399581197827 -0.212294348534755 15.8508412667976 0.462275680795457 6.00292512516893 0.389973616490082 4.44829214824495 -1.57964372993948 -6.67763938209043 0.0192209527385785 -10.1408653752733
"151" -1.23979913551617 13.6296172693852 0.41728074330257 -18.087336742258 -0.394370109379324 -10.4524658045953 -0.130013470392186 15.3247105908168 0.00226625409891312 14.154036653529 0.488523085656183 3.50865851120579 -2.2800806469439 -14.6133068856051 0.257969563699135 -8.27016246256244
"152" -0.778607661743365 15.9175294112832 0.174980767793983 -15.6449332509715 0.357313246275538 -14.96990078636 -0.0620782520530057 13.4143077175565 -0.316140304565081 21.3796201242342 0.564919924672637 2.6653825223093 -3.68520917247142 -21.9061359077631 0.621141099364422 -6.14801431796513
"153" -1.23800460968067 17.5083070103815 -0.0670047892526782 -12.0399786482114 1.87362278103652 -18.2097383741032 -0.00958126720266961 10.4357532650455 -0.371964380326148 26.7778759427277 0.60535032380055 2.02587301909625 -5.93661735008428 -27.4601786000476 1.06704878168102 -4.06825176193888
"154" -2.80490770460631 18.0425433628499 -0.261578905671598 -7.7844708727489 4.15433541520714 -19.6841791847277 0.0278832652310825 6.84488841595839 -0.0849870188304251 29.5861586886735 0.600109767175283 1.61134233625671 -9.01692260057499 -30.3048639973489 1.52182242377739 -2.23988986126096
"155" -5.45077911780373 17.2492723651856 -0.366658207764488 -3.46906160251751 7.02397005531959 -19.0760113897312 0.0517192223910854 3.1727325165507 0.561848307815623 29.2901967977616 0.545375025223905 1.38225910390247 -12.6973747707815 -29.757142525996 1.89463389578509 -0.797845051838522
"156" -8.87298460740098 15.0052648405971 -0.355821930652752 0.330330852574207 10.1050374593571 -16.3092430060303 0.0639637405731293 -0.0640822656778823 1.50020237305884 25.7333079820525 0.44414640146924 1.26978379484353 -16.4998563283096 -25.5827820604243 2.09797333254687 0.184180695277973
"157" -12.465043537471 11.3801472626694 -0.22764958470907 3.16005455646655 12.8180294782779 -11.6067144607371 0.0670139346621923 -2.46342982943935 2.56276063209011 19.207556951844 0.306245159989118 1.20032464409815 -19.6923179355885 -18.1266731201548 2.06823104374234 0.692074121458063
"158" -15.3535837857699 6.65729326124551 -0.0104104025308231 4.78209221722 14.4312362778889 -5.51281738339242 0.0633886069183731 -3.82191886380065 3.49214004837926 10.4926775371869 0.14734296690925 1.10897870408007 -21.3482136478921 -8.36350555089055 1.78181059085159 0.778755631366948
"159" -16.5366621005409 1.3213260923643 0.240828458546929 5.21968358464574 14.1853392468846 1.14335329786141 0.05550145396316 -4.1732001374499 3.98324862832352 0.80401553412014 -0.0129435795032862 0.945296524800142 -20.5035774488439 2.18382486794482 1.26303083118228 0.566710152666928
"160" -15.1277434104473 -3.99495537079065 0.455920169099613 4.73118985415476 11.5025052338574 7.3608941186734 0.0454696228252658 -3.75986145995677 3.75729283187771 -8.37616083651062 -0.153819466648287 0.678450686153155 -16.4269117320766 11.6906714090438 0.582003916678559 0.22929852395464
"161" -10.6591820218055 -8.60669847418603 0.568578159161262 3.71181497207817 6.25010117888709 12.1532646393812 0.0350030077524224 -2.94023369147624 2.64794562355927 -15.5790370631533 -0.256768803423128 0.307015771020815 -8.963862786916 18.4275860996728 -0.157226233329311 -0.0565376431204641
"162" -3.34844255812365 -11.9082565653852 0.537602439885461 2.55330222901921 -1.02927940781193 14.7768130939789 0.02539267398096 -2.05885172140552 0.66837752417824 -19.6925081201574 -0.309285140468461 -0.128646248716905 1.16169462748792 21.2257694225927 -0.836446978766617 -0.175343622329819
"163" 5.79511881580925 -13.51453607096 0.362930801840804 1.5165240239312 -9.05820279081421 14.9397133417617 0.0175571226257603 -1.33102263479668 -1.96805286809233 -20.2717421090135 -0.308055072078133 -0.542204445757307 12.2711630674788 19.8618685991938 -1.34788646418247 -0.125648143723083
"164" 15.1200007916706 -13.3690222859935 0.0890039317766309 0.675846091889071 -16.0624010603694 12.9098717941111 0.0120625626205566 -0.794685802631761 -4.88011918468621 -17.6942173157911 -0.260436123698781 -0.819273812068786 22.0398261773141 15.1856218572346 -1.61900136429085 -0.0226527266531775
"165" 22.7476821996784 -11.7689656027287 -0.2083677669645 -0.0340684101074658 -20.3253705311506 9.45353932012631 0.00905739284837637 -0.356743860123629 -7.58744618001076 -13.0600540681944 -0.183159565583125 -0.86233911616182 28.2058458468838 8.8710885286354 -1.63096578381783 -0.0320372804562794
"166" 27.1370843866632 -9.27885392703558 -0.448474037361251 -0.695867528726467 -20.8814678386127 5.5949998894485 0.00816202961020451 0.0907911466144924 -9.59534987230737 -7.83039837711112 -0.0979609922594307 -0.647054531591493 29.4511664570239 2.82852439713562 -1.42384982537806 -0.258887136804333
"167" 27.5885959173634 -6.55165866815264 -0.575119583271203 -1.29623906198321 -17.9872592697198 2.27568175117511 0.00847335453089215 0.561261805611821 -10.4971402256935 -3.32911734861182 -0.0251720087775453 -0.253877124025166 26.010502724167 -1.48887217536205 -1.0838581447465 -0.661209520061675
"168" 24.4735861035664 -4.12947187082966 -0.575536768494743 -1.71264433557667 -13.0258831835452 0.0589625430225453 0.00884511070990612 0.953079111002467 -10.1038129095191 -0.328062987347494 0.022379898213913 0.159190039124951 19.5851216502422 -3.54366911933411 -0.714215241456031 -1.06162789146038
"169" 19.0676510638672 -2.31211046199303 -0.479523053410247 -1.81446407932094 -7.81827004423175 -0.981137516974911 0.00839595475804344 1.13520881329299 -8.56078321493819 1.08940356072702 0.0424034770895645 0.438679194769065 12.5157877996645 -3.70525481869674 -0.400154252607763 -1.26417002845483
"170" 14.7596011356504 -1.4221383745197 -0.381828172824797 -1.68116769755329 -4.77386870644648 -1.16364035301581 0.00743746738339013 1.10639228573564 -7.02273233616486 1.35764311314978 0.0433596553557578 0.514811257627116 8.19272247036494 -3.13745942299646 -0.236441390841492 -1.23693803842525
