"V1" "V2" "V3" "V4" "V5" "V6" "V7" "V8" "V9" "V10" "V11" "V12" "V13" "V14" "V15" "V16"
"1" 1.02178563393772 1.19620333795531 -0.961098902040447 -0.283288626422532 2.44508687218597 -3.50065533268244 0.0045064906424841 0.327921871046286 2.28583478918797 1.6730181282058 -0.174164670119346 0.374653663845038 0.910567974939411 0.493519501434861 -1.3433813276086 0.110120150410012
"2" 0.991208264996555 1.02401995242583 -1.1461411077008 -0.220629375939254 2.48941476049017 -3.76121874408452 0.066743716285373 0.423840710082089 2.35166084102973 1.99444714901792 -0.224606319138118 0.33722765551363 0.93484381646644 0.634885300068369 -1.30658500695642 0.0709245687933162
"3" 0.937016182251867 0.79891123220898 -1.3494948499615 -0.141357973877007 2.49908618147866 -4.02008244799387 0.1403786755208 0.532828341656312 2.38986465045407 2.35634056277746 -0.283026879191681 0.28637987608613 0.948595655679426 0.800845221222644 -1.23945966152667 0.0219868055353345
"4" 0.88423735796615 0.60813004542959 -1.50317699790884 -0.0754750255228771 2.48389428324389 -4.20151814781391 0.198992727596647 0.617338025043125 2.3991067755985 2.63621776762857 -0.329107255753897 0.242400411282915 0.95172129439371 0.933474919935392 -1.17345815911665 -0.0184489170123925
"5" 0.789383387429766 0.294948383341065 -1.73290018339219 0.0310731175267165 2.43067933066898 -4.45608805597689 0.290544409745621 0.746695128373744 2.38638347122506 3.06544156093676 -0.400916783949484 0.16921920350228 0.946843508774375 1.14327162727736 -1.05431449373577 -0.0836919935752576
"6" 0.671403154287489 -0.0672746478518889 -1.97556692825643 0.152625268161842 2.34029378446296 -4.70977343921862 0.391553169673614 0.886896844134128 2.34332195347418 3.53391720981148 -0.480432525941595 0.0837077044729995 0.931403975610674 1.38016879475695 -0.905878765435546 -0.158151051788536
"7" 0.531914174430497 -0.474057089419858 -2.22817058101384 0.287624879230663 2.21391484251588 -4.96362886321687 0.500625039146158 1.03638734139483 2.27064340748902 4.03936073413789 -0.567083571389915 -0.0128785831468576 0.906130020003488 1.64411786096524 -0.730596073095285 -0.241098988823978
"8" 0.373328637319663 -0.919235054165853 -2.48719311606897 0.433996371527058 2.05392406507199 -5.21889091717141 0.616014513798525 1.19321282632689 2.17005466379741 4.57827939545987 -0.659987039406758 -0.118810384828976 0.87213590523184 1.93433894612345 -0.532099402051585 -0.331504257578672
"9" 0.198774872817772 -1.39511947057105 -2.74869693859216 0.58920474574586 1.8638172756638 -5.47677741419221 0.73567582880267 1.35506724247864 2.04417238316748 5.14594010224602 -0.7579344705903 -0.2319264754708 0.830864077477102 2.24923844473113 -0.315139057859597 -0.428052092840062
"10" 0.0119813083204008 -1.89272031276084 -3.00844086900366 0.750337749621593 1.64805783782756 -5.73826551725884 0.857330403065262 1.51935703585835 1.89639894673812 5.73638315144674 -0.859390022986389 -0.349696925206899 0.784004085298818 2.58634509250439 -0.0854580593318133 -0.52917820258881
"11" -0.182870481624491 -2.40202596912692 -3.26201538025003 0.914206117304673 1.41188264602295 -6.00386606876646 0.978547018819967 1.6832825093469 1.73075810407007 6.34248485828849 -0.962502150954066 -0.469305049918603 0.733394097911862 2.94226945673771 0.150382062147855 -0.633113341911667
"12" -0.381314997337093 -2.91232272141596 -3.50499080736483 1.07745632445375 1.16107324127484 -6.27341266594249 1.09683047426039 1.84393219097123 1.55170118137884 6.95607032061008 -1.06513000604336 -0.5877443467582 0.68091139854549 3.31269146328863 0.385218147095657 -0.737936628916941
"13" -0.578784317894034 -3.41253792676525 -3.73307127134234 1.2366896687478 0.901706494677567 -6.54588371835533 1.20971392881486 1.99838573538096 1.3638965124013 7.56807504067959 -1.16488523700139 -0.701925951101657 0.628359212529343 3.6923800103702 0.611536087497711 -0.841635067571588
"14" -0.770791313841535 -3.89159043176656 -3.94224653207874 1.38858132306905 0.639900161628246 -6.81927385828999 1.31484998691791 2.14382023002986 1.17201559034876 8.168751547639 -1.25918919399396 -0.808791688195015 0.577357657783573 4.07524791528006 0.821744979518598 -0.942166523881497
"15" -0.953104202711906 -4.33873287460887 -4.12893395069341 1.52999330383989 0.381568273646108 -7.09052780714114 1.4100957390004 2.27761443305297 0.980529219539422 8.74791469114618 -1.34534478075031 -0.905427608981654 0.529246442318716 4.45444439323401 1.00846354526379 -1.03752335600211
"16" -1.1219030262935 -4.74387260822724 -4.29010320369878 1.65807599541193 0.132199897140822 -7.35554542012551 1.49358747035065 2.39744545227563 0.793525730116782 9.29521707455135 -1.42062137738989 -0.989172972927008 0.485006192372751 4.82248598177884 1.16480725114388 -1.12579400726872
"17" -1.27391019726547 -5.09786068654904 -4.4233773177229 1.77035388494704 -0.103327566846334 -7.60926152253504 1.56380150661519 2.50137268706283 0.614561257543594 9.80044430841724 -1.48235041473345 -1.05771993477038 0.445204038125439 5.17142531761903 1.28466462987262 -1.20522010479726
"18" -1.40648929649826 -5.39274134508187 -4.52710492046197 1.86479238423414 -0.320892386650938 -7.84579874974716 1.6195986180778 2.5879044791115 0.4465493938381 10.2538185060836 -1.52802836462064 -1.10919966501046 0.409967412575689 5.49305548003761 1.362951765964 -1.27424693239072
"19" -1.51770861136395 -5.62195733836745 -4.60040023861677 1.93984392873199 -0.51722503966101 -8.05868635751617 1.66025047152692 2.65604381869792 0.291694439350095 10.6462977915963 -1.55542317298506 -1.14225124490258 0.378988065174021 5.77914578489808 1.39583466535555 -1.33156553243498
"20" -1.60636829707182 -5.7805090828362 -4.64314920737974 1.99447284037717 -0.689955976128028 -8.24113328861696 1.68544771463252 2.70531057754152 0.151469291417255 10.9698595804675 -1.5626795586366 -1.15607039255974 0.351556202862731 6.02170301692234 1.38091025046538 -1.37614510758658
"21" -1.67199232926998 -5.86506759055351 -4.6559819680075 2.02815962238725 -0.83761654169848 -8.38634000862515 1.6952903244317 2.73573902565732 0.0266359502267948 11.2177560167308 -1.54841818540447 -1.15043587232685 0.326622601976148 6.21325021306502 1.31733798017194 -1.40725481900063
"22" -1.71478844027687 -5.87404256214938 -4.6402138976265 2.04088635018303 -0.959597793851469 -8.48783100260215 1.69026178116577 2.74785076509437 -0.0826960734402888 11.384731155944 -1.51182353789989 -1.12571230134563 0.302884629069474 6.34711335722739 1.20591559444756 -1.42447450012605
"23" -1.73558086781167 -5.80760773388414 -4.59775902406881 2.03310558517808 -1.05607413165971 -8.5397884934487 1.6711893896091 2.74260460260831 -0.17698032833055 11.4671911865743 -1.45271542951625 -1.08282898515472 0.278890497697553 6.41770483524702 1.04909423682125 -1.42769421640378
"24" -1.73580947670443 -5.66929523565923 -4.53173628699847 2.00603322520828 -1.12734880187646 -8.5376494430482 1.63954228548184 2.72158985708836 -0.25644627080491 11.4637506800632 -1.37244132252542 -1.02385319339055 0.253403460723625 6.42107937560296 0.852922307068411 -1.41726187686982
"25" -1.71703367897493 -5.45828961836744 -4.44292825757918 1.9599947167884 -1.17642851136464 -8.47712360330704 1.59570915014442 2.68569039985312 -0.324249696740843 11.3733592151176 -1.26987412616097 -0.948966586021015 0.224328358098219 6.35389994772014 0.617379003947235 -1.39321688498103
"26" -1.68121782356023 -5.18164858101002 -4.33532013207474 1.89687694303325 -1.20378781005997 -8.35560681378109 1.54168027168798 2.6369587120368 -0.380389414578658 11.1972358548335 -1.14815242921878 -0.861350865375698 0.190849826140663 6.21465312794669 0.352462065916598 -1.35634876704262
"27" -1.63070907083712 -4.84622886417873 -4.21207875940172 1.8185223460639 -1.21161954762703 -8.17261935535174 1.47912823193842 2.57730548041332 -0.426396585399651 10.9391031071242 -1.00993898641337 -0.763603382784822 0.152053964635321 6.00445531920953 0.0663133025436764 -1.30760213808026
"28" -1.5679526796469 -4.4602432590477 -4.0763362537823 1.72695396402838 -1.20229865808736 -7.92946258726022 1.4097725327269 2.50861708621886 -0.463759177317024 10.6043939109304 -0.858528882111244 -0.658480943101949 0.107428126514741 5.72649811517392 -0.23209277249066 -1.24809205128531
"29" -1.49539117245754 -4.03305746228503 -3.9310688102135 1.62430708945902 -1.17826826279832 -7.62922736127069 1.33531980932011 2.43265633150338 -0.493824766734969 10.2000776487673 -0.697754588168891 -0.548777627408981 0.0569233340213628 5.38605160335773 -0.533279520350561 -1.17905483550112
"30" -1.41537767278697 -3.57495302167038 -3.77899448047572 1.5127645099904 -1.1419434501622 -7.2767195503227 1.25741096368135 2.35097640856532 -0.517727478483705 9.73443995396747 -0.531863798947597 -0.437202930266267 0.000986841552617079 4.99038305388305 -0.82762561390291 -1.10179753406737
"31" -1.33010606331633 -3.09685908801828 -3.62249452216309 1.39449706669086 -1.09563510547619 -6.87830651861091 1.1775768574972 2.26485347487164 -0.536341647671705 9.21682498861429 -0.365374536367227 -0.326266724092875 -0.0594376476036942 4.54858791131569 -1.10573374289447 -1.01764849790834
"32" -1.24155928393213 -2.61005721114176 -3.46356135185141 1.27161084040591 -1.04149440205715 -6.4416923086323 1.09720359220837 2.17524208837546 -0.550262742169224 8.65734994575223 -0.202913385660565 -0.218177487601224 -0.122942580445176 4.0713341650754 -1.35879368057203 -0.927911683632828
"33" -1.15147584754104 -2.12586524871199 -3.30377441444904 1.14610188527013 -0.981477028713117 -5.97563270905954 1.01750780383774 2.08275634266982 -0.559814183747575 8.0666021858309 -0.0490438019567989 -0.114759736107771 -0.187720396415827 3.57052568242952 -1.57892241059085 -0.833827053194
"34" -1.06133356784657 -1.6553084183908 -3.14430353129842 1.01981907851746 -0.91732500812231 -5.48960406724038 0.939521845656742 1.98767789516069 -0.56507706116469 7.45532966652695 0.091907859138729 -0.0173956530666146 -0.251655101005035 3.05889471091226 -1.75946466514119 -0.736539152891055
"35" -0.97234861794427 -1.20878740718084 -2.98593761325969 0.894435346118485 -0.850563106522738 -4.99344163876552 0.86408824575615 1.88999029963668 -0.565938426434615 6.83413519432935 0.216020641496698 0.0730054357964036 -0.312436339387617 2.54953822523827 -1.89523896850187 -0.637075467941941
"36" -0.885487400733268 -0.795755041154706 -2.82913512093717 0.771427250376178 -0.78250636303075 -4.49696438294293 0.791862427042005 1.7894372490527 -0.562152960095068 6.21318455225742 0.319933826597037 0.156007817562568 -0.367689337720492 2.0554168180723 -1.98271706232072 -0.536335523049729
"37" -0.801488321514753 -0.424414114555645 -2.67409140840863 0.652062681681343 -0.714275158484176 -4.00960341207931 0.723322374803843 1.6856006253937 -0.553412306904317 5.60193777944403 0.400981109499128 0.231620412569555 -0.415113076877276 1.58883812914966 -2.02012826178452 -0.435090963941548
"38" -0.720890400136085 -0.101449415890414 -2.52081716836392 0.537396176692425 -0.646814452862738 -3.54005081175904 0.658783736162974 1.57799276231242 -0.539416312152997 5.00891183736258 0.457297905300067 0.300240171169207 -0.452618515312601 1.16094910368783 -2.0074846144164 -0.333996059589936
"39" -0.644065721070561 0.168193339117039 -2.36922165434481 0.428271186845336 -0.580914279319449 -3.09594432113053 0.598418735409325 1.4661561655264 -0.519940698750809 4.44148163180444 0.487896906669988 0.362571979758741 -0.478458611684445 0.781262445948727 -1.94652739173944 -0.233607272976769
"40" -0.571252959647587 0.381470100003412 -2.21919421622437 0.325328444617128 -0.517229211323073 -2.68360147195446 0.542277283815778 1.34976320343526 -0.49489635982988 3.90572490719978 0.492708587202031 0.419531001896303 -0.491342315211391 0.45724232310117 -1.84060007797575 -0.134409826568117
"41" -0.502589597924604 0.537332968582405 -2.07067795032651 0.229019426229399 -0.456295232709774 -2.30781432754361 0.490308742588482 1.22870804593674 -0.464376330220142 3.40631492783092 0.472585061872451 0.472134777497558 -0.490525563191149 0.193972593039589 -1.69445725611718 -0.036848606764579
"42" -0.438140909827666 0.636749597351695 -1.92372991454067 0.139623795569605 -0.398543155653153 -1.97171304792383 0.442382950955746 1.10318343245575 -0.428687561544111 2.94646314561083 0.429267464850057 0.521393260174591 -0.475873598463849 -0.006072413249683 -1.51402228253869 0.058639632032282
"43" -0.377924306394362 0.682643735853759 -1.77856334951264 0.0572696446545251 -0.344308379182442 -1.67670326210552 0.398309344172887 0.973735692651701 -0.388365775471728 2.52791226955986 0.365318678629563 0.56820518776567 -0.447890517284357 -0.143139125030274 -1.30610909780808 0.151595940549669
"44" -0.321928147836964 0.679756768541921 -1.63556861713442 -0.0180446694418492 -0.293837304267994 -1.42247878934756 0.35785324308678 0.84129278594736 -0.344172828050427 2.15097834437125 0.284024751086605 0.613268704525126 -0.407713787336043 -0.220178303482925 -1.07812474792536 0.241513769629819
"45" -0.27012461535147 0.634433871322386 -1.49531104065153 -0.0864282470218996 -0.24729108714007 -1.20710776783412 0.32074868237541 0.707161892775616 -0.297077111604382 1.81463867137705 0.18926959119247 0.657012999773997 -0.357073430729692 -0.242697884773577 -0.837769104644622 0.32782112786208
"46" -0.222476666938896 0.554342149673857 -1.35850542047518 -0.148075976361156 -0.20474760510821 -1.0271868737718 0.286707443473802 0.572995170095112 -0.2482184926449 1.51666072662573 0.0853884858769334 0.699555973738825 -0.298217536563584 -0.218489123731032 -0.592746917474869 0.409872292845648
"47" -0.178939460303702 0.448131590147796 -1.22596861235309 -0.203248354840184 -0.166202537866916 -0.878055202705156 0.255424255645181 0.440724535712661 -0.198860089222356 1.25376571909402 -0.0229933969161209 0.740690726612229 -0.23380764269249 -0.157237225861934 -0.350504869973065 0.486950221341431
"48" -0.139456905598564 0.325052658943122 -1.09855309860916 -0.252253466116372 -0.131570355766103 -0.754056685577154 0.226578411470811 0.312468615119712 -0.150329805461674 1.02181915900997 -0.131131061858383 0.779901176870681 -0.166789203133732 -0.0700344247252929 -0.118003019692878 0.558279833579036
"49" -0.103954210892084 0.19454674725776 -0.977065869654268 -0.295431527020071 -0.100685795833149 -0.648837761877871 0.199832299028543 0.190417106785958 -0.103954953093913 0.816039845116848 -0.234331854397652 0.816404571417024 -0.100243747106902 0.0311806041321887 0.0984737714302355 0.623051338600817
"50" -0.0723274106508001 0.0658272640947644 -0.862178084123343 -0.333142149275034 -0.0733061435644018 -0.555665545367106 0.174827572101762 0.0766996401942492 -0.0609935061855982 0.631218094877227 -0.32812358161334 0.849216284506838 -0.0372303644314229 0.134228411177645 0.293462666090591 0.680451814740991
"51" -0.0444309335803013 -0.0525300709246892 -0.754331826579801 -0.365754198891636 -0.0491143739214053 -0.467750979486738 0.151179853564287 -0.0267524221865756 -0.0225655714058668 0.461933884135476 -0.408412915017323 0.877230337854598 0.0193752305541821 0.227307835782497 0.462429733384624 0.729702450761579
"52" -0.0200642837079812 -0.152969317252712 -0.653650782630393 -0.393637902401906 -0.0277229855960393 -0.378561538328938 0.128472989269511 -0.11834196147845 0.0104114632271717 0.302765863973832 -0.471629046316423 0.899307699692599 0.0670356280497941 0.299595501528827 0.601841548589846 0.770098270652852
"53" 0.00104110884482367 -0.229291381713722 -0.559861772153226 -0.417158663844134 -0.00867822472132218 -0.282108890865487 0.106253935977477 -0.196930375086993 0.037280885385341 0.148482988085675 -0.514848301093508 0.914363775429138 0.103692484309178 0.34179346415246 0.709208098896625 0.801046865446551
"54" 0.0192338516211166 -0.27693050491709 -0.47223381079209 -0.436671936659025 0.00853563817182135 -0.173198570621395 0.0840293748206307 -0.261941104418781 0.0576948526525989 -0.00578831079434394 -0.535896191006913 0.921446657280285 0.127885649585849 0.346595372715498 0.783104388770425 0.822102672258552
"55" 0.034952408136256 -0.293157191344562 -0.389540715100622 -0.45251844989815 0.0244922337927669 -0.0476309947767106 0.0612650908127392 -0.313434444765903 0.0716503778323094 -0.164426866316489 -0.533424163658509 0.919798651626024 0.138844275730172 0.309045967730697 0.823177785395501 0.832993677661761
"56" 0.0487318767797618 -0.27719782154864 -0.310052253078311 -0.465019121294119 0.0398192953346062 0.0976539738628901 0.0373890501708445 -0.352147293852283 0.0795111370631005 -0.331213026770911 -0.506959067263836 0.908895270864377 0.136544921226985 0.226774765534174 0.830146726661269 0.833638051055459
"57" 0.0612069126667905 -0.230264882152909 -0.231557511342942 -0.47446909729041 0.0551949481900351 0.264493496219899 0.011798943509163 -0.379493579514531 0.0820136520240204 -0.50925990864971 -0.456924075726988 0.888458112367516 0.121733325268366 0.100091994750443 0.805794146321205 0.824149077004222
"58" 0.0731100642567242 -0.155495772605065 -0.151422556879879 -0.481130529642087 0.0713436024145082 0.453480408962093 -0.0161252517973338 -0.397523509761015 0.0802569507549151 -0.700979021890021 -0.384630522840496 0.858440644286929 0.0959083388124 -0.0680571983010765 0.752956169473464 0.804827776760249
"59" 0.085264906196997 -0.0578023224903177 -0.0666826836638847 -0.485223915195604 0.0890306716578255 0.664001803239103 -0.0470033966364838 -0.408842348249379 0.0756753937532899 -0.908077580721113 -0.29224078545397 0.818988635754977 0.0612683856133316 -0.272276083334617 0.675503678147834 0.776143690357458
"60" 0.0985734866444545 0.0563626982123822 0.0258323741305162 -0.486918068853697 0.109055109762814 0.894332089983038 -0.0814320074240129 -0.416491968415585 0.0699949610584252 -1.13158298727558 -0.182703051842452 0.770379549441259 0.0206226844260868 -0.505025155060366 0.578311645980648 0.738705335904342
"61" 0.113997779675742 0.179311855657289 0.129343826808508 -0.486319049478936 0.132238627430986 1.1417723431488 -0.119956098261682 -0.423800812730804 0.0651739282179129 -1.37188850425429 -0.0596595288165531 0.71294741524207 -0.0227287978005251 -0.75703729176773 0.467209076101199 0.693222771335058
"62" 0.132535047176013 0.302488345535778 0.246945275074665 -0.483458595000172 0.159410464026381 1.40282552616924 -0.163036727673926 -0.434209927544714 0.0633295072689766 -1.62881312839869 0.0726696114687968 0.647001311478107 -0.0651411577473553 -1.01781433664655 0.348901268104783 0.64046537543345
"63" 0.155187272438219 0.41687354403453 0.38140744410191 -0.478282827802502 0.191386766423449 1.67339572854343 -0.211015283514868 -0.451084333031986 0.0666526802339948 -1.90166821545154 0.209623469394245 0.572746440382616 -0.102789372656488 -1.27617599502469 0.230856204959082 0.581218376561992
"64" 0.182925128356295 0.513417781560634 0.534974974006616 -0.470642152478888 0.228943973810065 1.94899884761921 -0.264075886009678 -0.477520025888964 0.0773140867901105 -2.1893235310805 0.346254978958882 0.490216809726462 -0.131844443700309 -1.52082962836649 0.121148182698789 0.516241753880422
"65" 0.216647278987026 0.583473877647322 0.709165267711342 -0.460283374016058 0.272786109946049 2.22497226858195 -0.322207610947544 -0.516157343559314 0.097364416855207 -2.4902661077536 0.47749816476221 0.3992277127536 -0.148652646104551 -1.74092919676416 0.0282543567143421 0.446234912113141
"66" 0.257136171778953 0.61921249907698 0.904580242369434 -0.446845110929701 0.32350650999787 2.49667199170739 -0.385168514432138 -0.569011226146074 0.12863326839249 -2.80264652841726 0.598342766107692 0.299354602998392 -0.149909525925693 -1.92659323333974 -0.0391965359781352 0.371810010884019
"67" 0.305011840285914 0.613998943962628 1.12074221419596 -0.429857561351071 0.381545207103454 2.75964724591032 -0.452453656982883 -0.637328117511458 0.172630821462495 -3.12430894651078 0.70401031621887 0.189942727116431 -0.132820545072022 -2.06935516997125 -0.072719704268593 0.293476065507548
"68" 0.360685580341986 0.562712532996471 1.35596500670727 -0.408747599643505 0.447143911480515 3.00978478128579 -0.523269457151173 -0.721477907752501 0.230456911310828 -3.45280316456876 0.790125357596168 0.0701492039625009 -0.0952409228665019 -2.16252429824763 -0.0643058578289128 0.211634998671798
"69" 0.424315659975278 0.461992375440275 1.60727066336437 -0.382850037327842 0.520301162142673 3.24341758401391 -0.596516732787265 -0.820887522997339 0.302722117809354 -3.78537927871315 0.852875300384056 -0.0609836429371171 -0.0357882184307385 -2.20144176838967 -0.00677603680151151 0.126589798777786
"70" 0.495767446137734 0.310396787594271 1.8703608387118 -0.351425674595703 0.60073074712855 3.45739551635518 -0.670784692505777 -0.934020622738728 0.389485295237745 -4.11896758694326 0.889152536032299 -0.204427730719544 0.0460775088964596 -2.18362286038263 0.105856992169038 0.0385639210380759
"71" 0.574580452673821 0.108467934689372 2.13965003655562 -0.313686497613787 0.687826808918375 3.6491181537522 -0.744357905876953 -1.0584054943298 0.490211524760074 -4.4501484822616 0.89667283570617 -0.361048021817624 0.150009599341217 -2.10878383014344 0.278040441774237 -0.0522698608588144
"72" 0.659944809013773 -0.141301850273692 2.4083653859015 -0.268828042813197 0.780639125144619 3.81653267831828 -0.815237898637108 -1.19071076597578 0.603753777388366 -4.77511874374019 0.874064803168721 -0.531469317795654 0.27476871061112 -1.97875846382772 0.51236760191955 -0.145753705674451
"73" 0.750689499384897 -0.434600386548539 2.66871465720624 -0.216068554206629 0.877861849314698 3.95810192037385 -0.881180486910537 -1.32686612124269 0.728360638989364 -5.08966185603117 0.820926202583479 -0.715941050397305 0.418254957718631 -1.7973156265614 0.809319675417328 -0.241705147725042
"74" 0.845284416966443 -0.765515620734874 2.91212082190293 -0.154694109283867 0.97783850078709 4.07274937566018 -0.939749289661322 -1.46222290815268 0.861711302684383 -5.38913061764427 0.737844305232841 -0.914210678681002 0.577576734948209 -1.56989419459988 1.16708309400315 -0.339877097912904
"75" 0.941857815332618 -1.12683320561104 3.12951778360559 -0.08410839417121 1.0785852231115 4.15978916456362 -0.988385059680368 -1.59174749994588 1.00097772633534 -5.66845026765083 0.626378934186675 -1.12541608435367 0.749153029441992 -1.30327552872312 1.58145884758233 -0.439920774391339
"76" 1.03823013007113 -1.51039510433287 3.31169813476703 -0.003885288535173 1.17783332357905 4.21884938629483 -1.02448958074245 -1.71023857246672 1.14291245013643 -5.92214964096846 0.489008551234718 -1.34800635155307 0.928844555382177 -1.00521590602644 2.04587573760682 -0.54135468214281
"77" 1.13196440804793 -1.90749894958384 3.44970012308215 0.0861780974635167 1.27309092654951 4.24979714969328 -1.0455219337403 -1.81255818605467 1.28395915043816 -6.14442647418423 0.329041430223384 -1.57969861330571 1.11210779416773 -0.684062015708292 2.5515137499608 -0.64354228506636
"78" 1.22043275211752 -2.3093152909029 3.53521767789493 0.186010770277903 1.36172229741366 4.25267277382602 -1.04910399002209 -1.89386575106442 1.42038165804145 -6.32925099370945 0.1504955935645 -1.8174763861773 1.29416507551537 -0.34837179383365 3.08753734389597 -0.745680364223062
"79" 1.30089730614739 -2.70729857024821 3.56101458962644 0.295222813507735 1.44104211495462 4.22763932840581 -1.03313110628628 -1.94984365057888 1.54840598243046 -6.47050943533884 -0.0420473467149236 -2.05763217566323 1.47018321636588 -0.00656067961101314 3.64143184196405 -0.846799292439755
"80" 1.37060341851949 -3.09356781272248 3.52132199226645 0.413069447083132 1.508420783287 4.17495194438536 -0.995883237517461 -1.97690350775832 1.6643689424707 -6.56218631676305 -0.24360809635283 -2.29585431554756 1.63545297311834 0.33340993679235 4.19942976636162 -0.945775642171611
"81" 1.42688178423185 -3.46123465633153 3.41219738589615 0.538427736095628 1.56139587403227 4.09494930960625 -0.936131118315885 -1.97236281843021 1.76486638418025 -6.59858128469099 -0.448988114749397 -2.52735520340389 1.78556166379141 0.664289428440682 4.74700835924887 -1.04135674183226
"82" 1.4672556312216 -3.80465942954538 3.23182372680748 0.669789326113488 1.59778405821325 3.98806763000877 -0.853231849487486 -1.93458290259741 1.84689372398582 -6.57455337944546 -0.652952870493607 -2.74703549757442 1.91655176843513 0.979731753673363 5.26943504454175 -1.13219605898439
"83" 1.48954843689029 -4.11962037621154 2.98072872066712 0.805272128647601 1.6157874915668 3.85487523984949 -0.747208216806598 -1.86306082492416 1.90797172666037 -6.48578279639324 -0.85041212694361 -2.94967660608472 2.02505909014256 1.27442303530097 5.75233453900125 -1.21689765869769
"84" 1.49198728184133 -4.40338659024641 2.66190741283805 0.942653127741636 1.61408860006392 3.69612413542416 -0.61880639727778 -1.75847003713588 1.94625101885888 -6.32903786872919 -1.03658979253197 -3.13015204732892 2.10842511131951 1.54414402634644 6.18224988927204 -1.29406749028612
"85" 1.47329680505683 -4.65469143789511 2.28083542230519 1.07942342801621 1.59192759101784 3.5128131152785 -0.46952738972162 -1.6226469277502 1.96058983232914 -6.10243322023379 -1.20717656907169 -3.28364707718333 2.16477945367838 1.78577254976179 6.54716996153559 -1.36236890853024
"86" 1.43277884181143 -4.8736098299197 1.84536555402923 1.2128653473078 1.54915777804006 3.30625604228993 -0.301628531495012 -1.45852312851346 1.95060081671283 -5.80566398712847 -1.35845965070273 -3.40587539726698 2.19308977937055 1.99723420196783 6.83699778402377 -1.42057963895468
"87" 1.41539532048893 -4.93626553078178 1.69789147799827 1.25391718179176 1.53140564259796 3.23635993144359 -0.245119565802469 -1.40133672202262 1.94241929684676 -5.69739973388823 -1.40177723593303 -3.43742561711792 2.19615400612515 2.05762238547663 6.911700009843 -1.43671275263205
"88" 1.34616371410779 -5.11454234292941 1.20638273098416 1.37866284910797 1.46236953234064 3.00185886016413 -0.0573685224641167 -1.2060547378349 1.90111039850626 -5.310824893572 -1.52318024665647 -3.51322221065516 2.18741608344698 2.22781297989711 7.09121578493682 -1.48007197273955
"89" 1.25599846461692 -5.26447813282715 0.686371590523834 1.49355210799948 1.37484985056599 2.7487131436165 0.141098553168518 -0.992726305292223 1.83748555186507 -4.86042723001492 -1.61948021766121 -3.55092734395021 2.15149059422042 2.36650424627098 7.1815600292565 -1.5112478032097
"90" 1.14641960633709 -5.38875081153711 0.151418401193951 1.59595665477818 1.27078472938574 2.47969144633481 0.345915859908359 -0.76682051349394 1.75356808938567 -4.35221738734501 -1.68950333640029 -3.54930425195153 2.09005942089953 2.47430916769491 7.18118282313446 -1.52976711347674
"91" 1.01960945101484 -5.49009687333302 -0.384211569837078 1.68355117162338 1.15264707356939 2.19806015474208 0.552320703927791 -0.534103860909653 1.6519582717887 -3.79417489341284 -1.732889771275 -3.50829365802065 2.00548614904391 2.55235427416947 7.09135096538171 -1.53546719847918
"92" 0.878360057886567 -5.57096673467737 -0.90612641104093 1.75444071557308 1.02335440037718 1.90756573857817 0.755309350869979 -0.300389918969586 1.53571701245908 -3.1961322192804 -1.7500614418271 -3.4290518233081 1.90070826133054 2.60214483445127 6.91605094449483 -1.52851633485989
"93" 0.725993532891259 -5.63321784736374 -1.40040163177628 1.80727483105153 0.886158237847166 1.61238671772037 0.949809149849031 -0.0712903371528171 1.40823228974865 -2.5695703940028 -1.74216272238968 -3.31393623244048 1.77911209459284 2.62544477872673 6.66178151736915 -1.5094212751078
"94" 0.566257585754755 -5.6778701871616 -1.85415764240929 1.84133982188214 0.744518675682505 1.31705483003574 1.13085925242521 0.148019289562427 1.2730754873801 -1.92732857808682 -1.71097798893048 -3.16643827872076 1.6443964305577 2.62417634936268 6.33724800264122 -1.47902074068134
"95" 0.403200045452962 -5.70494461521599 -2.25608830725594 1.85662125963458 0.601970497539781 1.02634704530777 1.29379152957954 0.353005820902638 1.13385531961681 -1.28323465836345 -1.65883063043329 -2.99106475725875 1.50043080789693 2.60034198798819 5.95297459841959 -1.43846451883246
"96" 0.24102716583419 -5.71339888159704 -2.59691044586629 1.85383012523121 0.461987754473924 0.745152065276841 1.43440305832527 0.539945847039434 0.994076932543718 -0.651668516965856 -1.58846859903066 -2.79317237784471 1.35111456758425 2.55596862453172 5.52085422834477 -1.38917836020892
"97" 0.0839514806089738 -5.70116903868347 -2.86970850987893 1.83438794570381 0.327853639469186 0.478316766139386 1.549111838969 0.706044699723122 0.857013233036989 -0.0470738882979163 -1.50294177261715 -2.57876177825392 1.20024229302522 2.49307251666939 5.05365751394731 -1.33281550730089
"98" -0.0639643624099975 -5.6653162160321 -3.07015492226907 1.80036879959019 0.202542094806288 0.230479565304108 1.63508820809899 0.849500972941001 0.725594524152984 0.516561605106773 -1.40547636736483 -2.35423956179466 1.05138071320819 2.41364123274236 4.56452343818012 -1.27119633981829
"99" -0.198960985055599 -5.60227061656329 -3.19659434294152 1.75439896949942 0.0886167626297745 0.00589883515320366 1.69035568594144 0.969513731234144 0.602321193043524 1.02623579125691 -1.29935139270684 -2.12615860844198 0.907761343871169 2.3196283588541 4.0664541412882 -1.20623827979171
"100" -0.317726028045946 -5.50815680915937 -3.24998888568621 1.69951811130446 -0.0118482626495116 -0.191714829305198 1.71385665754848 1.06623325898886 0.489202603592256 1.47044638773522 -1.18778172013178 -1.90094822903052 0.772192199485655 2.21295606735478 3.57183515748147 -1.13987872143844
"101" -0.417521695919689 -5.37917750075508 -3.23373042028084 1.63900884850199 -0.0973228168987124 -0.359353497791489 1.7054802221737 1.14065989312942 0.387723608183143 1.83966562510346 -1.07381177479103 -1.68464656377114 0.646990874383139 2.09552078193454 3.09200038203619 -1.07399429894122
"102" -0.496290135293769 -5.21202751604946 -3.15333485710335 1.57620442942252 -0.166848655691343 -0.494845288617768 1.66605161842996 1.19449891453937 0.298838338338553 2.12675078628357 -0.960223190293718 -1.48264790030726 0.533940221434879 1.96919773732664 2.63685830142947 -1.01032023192511
"103" -0.552731591238718 -5.00430615579143 -3.01604104139119 1.51428625625172 -0.220041086060778 -0.596958425155549 1.59728469766794 1.22998238343848 0.222989287743246 2.32726836350014 -0.849459025055978 -1.29947724914314 0.434266807960675 1.83584114896769 2.21459268806814 -0.950373747837602
"104" -0.586351454097581 -4.75489478365876 -2.83034295274848 1.45608448897445 -0.25706575603143 -0.665469435202567 1.50170082855264 1.2496709540371 0.160148279625246 2.43971278833396 -0.743566353531818 -1.13860354013832 0.348641350549379 1.69727784376457 1.83144722949976 -0.895385629128214
"105" -0.597473682783445 -4.46426759059617 -2.60548780801128 1.40389537863805 -0.278593413900555 -0.701190649272291 1.38251924033119 1.25624990849235 0.109874808502524 2.4656051142058 -0.644158244198593 -1.00230119624825 0.277199467124397 1.55529341580879 1.4915996008333 -0.846243740194041
"106" -0.587219607029091 -4.13470701488845 -2.3509740655756 1.35932839891677 -0.285736477949703 -0.705954139820648 1.24352504396622 1.25233379406887 0.0713865320981828 2.40946243613431 -0.552395342759439 -0.891567643782537 0.219580368234489 1.41161112419276 1.19712646802463 -0.803451937308182
"107" -0.557452697910868 -3.77040108331065 -2.07608209787281 1.32319461396844 -0.279971961741577 -0.682551422404742 1.08892193729631 1.24029309918387 0.0436363984333132 2.27863496658566 -0.468986515421733 -0.806101613957708 0.174980562761174 1.26786472898789 0.94805698717596 -0.767107058509282
"108" -0.51069147786648 -3.37740763464635 -1.78946652946394 1.29544512610846 -0.263055650234453 -0.634630493172011 0.923176871385309 1.22211442323032 0.0253910251380525 2.08301424085431 -0.394207294027325 -0.74434400231894 0.142219286529194 1.12556718080491 0.7425086894674 -0.736895755382193
"109" -0.449994241778967 -2.9634794878433 -1.49883324752835 1.27516505950223 -0.236932420490145 -0.566553981111269 0.750863742119122 1.19930273073382 0.0153054685247849 1.83462255289601 -0.327934222284597 -0.703579740404393 0.119812175347402 0.986077492204018 0.576896348348328 -0.712111814651962
"110" -0.378820607585972 -2.53775449526754 -1.21071639202398 1.26062460352313 -0.203647278427724 -0.483224228083998 0.576512526611126 1.1728307596625 0.0119903632935863 1.54710005750698 -0.269692649587682 -0.680095786269021 0.106049686360393 0.850568216908556 0.44620163280058 -0.691693393493097
"111" -0.300876041137798 -2.11032437290859 -0.930361894734858 1.24938446748084 -0.165261097090164 -0.389882861876941 0.404469296251207 1.14313676679296 0.014068488993515 1.23511165083028 -0.218715074888564 -0.669387163340616 0.099076904620123 0.719995775846598 0.344289159629966 -0.674278345266885
"112" -0.219946350813082 -1.69170549352339 -0.661715123947999 1.23844902566071 -0.123774267125585 -0.291893800748511 0.238771320815047 1.11016786502049 0.0202190205961612 0.913700417994136 -0.174006825062946 -0.666400180434721 0.0969716306845889 0.595075457440359 0.264253047954412 -0.658274636052738
"113" -0.139729678190498 -1.29224276506679 -0.407501698354793 1.22445679928364 -0.0810605934070807 -0.194519545411083 0.0830401585198501 1.0734625732926 0.0292089345186248 0.597617818670102 -0.134415674906791 -0.665799746055427 0.0978180018587693 0.476262365938581 0.198777305175213 -0.641941843329278
"114" -0.0636736938123903 -0.921483681794456 -0.169383304885685 1.20389504394061 -0.0388128800749445 -0.102701023425055 -0.0596056669468226 1.03226317005772 0.0399121606571216 0.300662638407942 -0.0987019900635744 -0.662246215854339 0.0997733245231878 0.363738988667791 0.140493363718178 -0.623478973462625
"115" 0.00517447186969378 -0.587563148019825 0.0518349789870172 1.17332334188248 0.00149917911357278 -0.0208511274535965 -0.186617953990421 0.985646277220241 0.05131800079677 0.0350609187473196 -0.0656061045445142 -0.650666606743926 0.101126260138539 0.257409491240708 0.0823188369818126 -0.601113405144133
"116" 0.0642985680521875 -0.296640430280149 0.25597234554823 1.12959041322671 0.0386588826848691 0.0473285636767571 -0.296066547190392 0.93265898597798 0.062531003931694 -0.18908246172461 -0.0339099290926583 -0.626505342614792 0.100344987627096 0.156900405737147 0.0177630360782359 -0.573185706764889
"117" 0.111817712382795 -0.0524274868624559 0.443241796017219 1.07002892982854 0.0717207721209139 0.0989995395583492 -0.386668599801283 0.872447858779367 0.0727648567089263 -0.364233102475652 -0.00249021451205067 -0.585940966162752 0.0961144394305151 0.0615671048958149 -0.0588130867619157 -0.53822540245983
"118" 0.14656008049856 0.144156938985077 0.61404629692089 0.992614905908596 0.100018172635275 0.132299829327025 -0.457800796306955 0.80436928848539 0.0813329028372713 -0.485754591100601 0.029638553620515 -0.5260573937544 0.0873621623323686 -0.0294946199038719 -0.151992228616677 -0.495013456902143
"119" 0.168102269736394 0.29518038384262 0.768821821817767 0.896081106149893 0.123161081862339 0.146414361885149 -0.509495985479774 0.728071849183834 0.0876376710883866 -0.552097549871291 0.0632930038681252 -0.444961172353715 0.0732727767778059 -0.117432444173502 -0.265157833627995 -0.442628261918799
"120" 0.176772418042788 0.405719070098655 0.907941236032059 0.779977615918028 0.141025442562089 0.14159956368772 -0.54242546709682 0.643544223932366 0.0911613180051747 -0.56484057279917 0.0991021365645395 -0.34183962969837 0.0532913946831144 -0.203617158857014 -0.400416228887593 -0.380473160115798
"121" 0.173616878659026 0.48370241421793 1.03168547613882 0.644676945268884 0.153734703314852 0.119161843428117 -0.557867814989251 0.55112576056311 0.0914582528828873 -0.528581005816733 0.13750092471858 -0.21695855603889 0.0271167034251008 -0.289618020298221 -0.558583607937862 -0.308284929524234
"122" 0.160332003237237 0.53958356291011 1.14028052772829 0.491325426693976 0.161634388750631 0.0813919103893284 -0.557664705819747 0.451480360015836 0.0881504963474447 -0.450681282300934 0.178735485184518 -0.0716018558584892 -0.00531526676744676 -0.37717336420657 -0.739234355267172 -0.226124064352916
"123" 0.139164287293696 0.585850863563678 1.23399110242536 0.321746841817685 0.165260230731823 0.0314590394337699 -0.544163861804208 0.345537900259274 0.0809256227437816 -0.340884009157492 0.222878405749753 0.0920408066804157 -0.0438554028574885 -0.468155735969958 -0.940804175830863 -0.134349001244573
"124" 0.112783699826863 0.636405223228564 1.31325540637584 0.138307817669812 0.165300312767222 -0.0267286922603205 -0.520149003599414 0.2344104181891 0.069536537075817 -0.2108157780346 0.269852278999082 0.271029229441183 -0.0881722729740417 -0.564530621936527 -1.16073891918052 -0.033577548125777
"125" 0.0841363752513047 0.705836753663476 1.37884060712486 -0.0562427326779584 0.162551695958289 -0.0886906216590262 -0.488756722233447 0.119292538502975 0.0538019114655084 -0.0734053648925226 0.319459098744915 0.461859193561622 -0.137787676189525 -0.668307900101908 -1.39567800981911 0.0753604191127124
"126" 0.056283920467223 0.808640390678278 1.43199600272987 -0.258946211056383 0.157872152473225 -0.149557495031303 -0.453380462165015 0.00135695065205255 0.0336059028519049 0.0577537457262736 0.371412944057113 0.660667142984266 -0.192115110022677 -0.781485397847888 -1.64166012258761 0.191474483542152
"127" 0.0322373239891505 0.958413931526309 1.47458071315646 -0.466804641413376 0.152127933730172 -0.204263980380659 -0.417562369315974 -0.118344012202158 0.00889581475631118 0.169063959448039 0.425373322264818 0.863439260651603 -0.250499189714574 -0.905984452573875 -1.89433823855393 0.313664884415175
"128" 0.0147938038187547 1.16708295778935 1.50914494916873 -0.676935157818207 0.146138923539471 -0.247740392511332 -0.38487456739476 -0.238960450747811 -0.0203233574845028 0.247573926074239 0.480976666380144 1.06621153981769 -0.312254017316754 -1.0435780887381 -2.14919150011838 0.44076918194969
"129" 0.00638486965705454 1.44419540243928 1.53894833097866 -0.886697092710506 0.140623026605043 -0.275094824742069 -0.358792414884405 -0.359902172118154 -0.0539980832778522 0.281586302876406 0.537863772091526 1.26524874020447 -0.376698535738278 -1.19581329228329 -2.40172232079613 0.571600895068968
"130" 0.00894339542430345 1.79632426509258 1.56790488089536 -1.09378296851389 0.136142157185283 -0.281777885320537 -0.342563365092275 -0.480865257829407 -0.092039127783381 0.261193367309602 0.595701391018196 1.45719222103457 -0.44318702301787 -1.36392979624688 -2.64762891383543 0.704977614516793
"131" 0.0237966140000623 2.2266105315166 1.60045159109205 -1.29626824349918 0.133052647686135 -0.263723676903538 -0.339076083633515 -0.60182511306806 -0.134337358991307 0.17871529321593 0.654196736544435 1.63916937764725 -0.51113309407485 -1.54877868954932 -2.88294565871115 0.839737283772138
"132" 0.0515906909079362 2.73447019626806 1.6413451580824 -1.49261854562184 0.131463215818096 -0.217462435619694 -0.350735344927912 -0.722996491959577 -0.180781190134481 0.0290215963329956 0.713104265455343 1.8088605506573 -0.580025884602371 -1.75074491930175 -3.10414636582277 0.97474261492107
"133" 0.0922509625713772 3.31547999472781 1.69539883697297 -1.6816569952764 0.131203741623681 -0.140202239943704 -0.379348810999147 -0.844764209061054 -0.231273789004484 -0.190277081033258 0.772224727576628 1.96452257775741 -0.649437492817484 -1.96967827771398 -3.30820834084989 1.10887484816749
"134" 0.14498010993379 3.96144663944665 1.76717770081041 -1.86249772979119 0.131807957695409 -0.0298792710062799 -0.42603199110647 -0.96759106966249 -0.285747847981746 -0.478772439667608 0.831397081279789 2.10497136336357 -0.719021240186009 -2.2048376675221 -3.49263799493974 1.24101916225163
"135" 0.208294568720845 4.66065463866934 1.86067530015879 -2.03445459928315 0.132512714843893 0.114821890239483 -0.491137419720616 -1.09191172494633 -0.344175615942717 -0.833335460715261 0.890484412153199 2.22952871197685 -0.788500864487673 -2.45485327198016 -3.6554613988601 1.37004490115714
"136" 0.28009745286262 5.39827871855346 1.97899737493515 -2.19693597200012 0.132275748210809 0.294474649030889 -0.574213343442509 -1.21802249496614 -0.406572075986545 -1.24831793147456 0.949355428836753 2.33794100283512 -0.857651351656081 -2.71771069780856 -3.79518545929386 1.49478432734713
"137" 0.35778429588882 6.15693895932515 2.12407864307676 -2.34933752173737 0.129812861401083 0.50893872931988 -0.67399598978821 -1.34597759630077 -0.472989610271722 -1.71586328404928 1.00786341568141 2.43027892044574 -0.92627271402614 -2.99076022980864 -3.9107371512423 1.61401379864174
"138" 0.438376104189445 6.91737036542941 2.29645676277869 -2.49094471731718 0.123654226300651 0.757404702329637 -0.788437862482027 -1.47550164922694 -0.543503195567442 -2.22630612981879 1.06582467898488 2.50682830337837 -0.994158592101471 -3.27075308762642 -4.00138935998075 1.72644108242093
"139" 0.518672671402364 7.65917397231601 2.49512353356744 -2.62085554274984 0.112218146197172 1.03844846310588 -0.914772570352881 -1.60592689445622 -0.618186061086081 -2.76863587614474 1.12299852574009 2.56798220153064 -1.06106205209238 -3.55390509326823 -4.06668230372384 1.83070198801988
"140" 0.595417918115501 8.36161387209276 2.71746764823297 -2.73793188105321 0.0938992537503793 1.35008946088371 -1.04961458374602 -1.73616137593115 -0.697076733540764 -3.33099736376448 1.17907066618776 2.61414347522123 -1.12666132947646 -3.83598655046376 -4.10634921004726 1.92536866551336
"141" 0.665468273880336 9.00442371906243 2.95931636141455 -2.84078520587548 0.0671668267124783 1.68984708612388 -1.18909017871962 -1.86469165858091 -0.78013939678435 -3.90120066824298 1.23364164979989 2.64564582208322 -1.19052848871011 -4.11243552742759 -4.12025394437455 2.00897086195573
"142" 0.725954864298373 9.5685872475643 3.21507592099391 -2.92779900545315 0.0306678189110983 2.05479070739878 -1.32899383771525 -1.98962070260967 -0.867220403429991 -4.46721307069373 1.28622155334389 2.66269912362031 -1.25210399848707 -4.37849024548159 -4.10834672602687 2.08003023713809
"143" 0.774430535024607 10.0370599058198 3.47796316788748 -2.99718700425194 -0.0166715721160973 2.44158034209022 -1.46496268183138 -2.10873857708043 -0.958004496862439 -5.01760862123672 1.33623167087728 2.66536264197703 -1.31068003715845 -4.62933502516216 -4.07064204764424 2.1371066213942
"144" 0.808993536129847 10.395402624744 3.74031397085611 -3.0470830395268 -0.0755523605504536 2.84649670962094 -1.59266024964306 -2.21962102233857 -1.05197475028196 -5.54195450116038 1.3830134447241 2.65354706850485 -1.36539493599594 -4.86025332421953 -4.00722060236853 2.17885395088797
"145" 0.828380973386885 10.6323037051187 3.99394866594776 -3.07565566083991 -0.146223737409493 3.26546130013628 -1.70796021384656 -2.31974868589123 -1.14838034542122 -6.03111826127389 1.42584436079508 2.62704393259901 -1.41524054576514 -5.06678088786664 -3.91825460567588 2.20408263493664
"146" 0.832026845023428 10.739970511658 4.23057082705981 -3.0812383713008 -0.228424482094736 3.6940489264654 -1.80712050197256 -2.4066383291306 -1.24621606463367 -6.47748563796088 1.46396004693474 2.58557861306235 -1.45908350061911 -5.24485195739686 -3.80405356767574 2.21182437417428
"147" 0.82008153122738 10.7143788043699 4.44217375778084 -3.0624650775685 -0.321349743892604 4.12749684030896 -1.88693877661935 -2.47797653678043 -1.34421675846597 -6.87508464550473 1.49658139141604 2.52888131973236 -1.49570039572163 -5.39093184925416 -3.66512551302708 2.20139501584072
"148" 0.793391872385165 10.5553738330885 4.62142914625468 -3.01839984701627 -0.423646693924866 4.56071572506164 -1.94488130265263 -2.53174648844157 -1.44086911049876 -7.21961761807549 1.52294516639427 2.45676905776645 -1.52382585104968 -5.50212999037196 -3.50224702252262 2.17245093516112
"149" 0.753443324122216 10.2666235172081 4.76203427374941 -2.94865049330951 -0.53344080351277 4.98830859205736 -1.9791788077153 -2.566339132829 -1.53444181866068 -7.50840844017105 1.54233641702598 2.36923083312786 -1.5422113770849 -5.57628861215322 -3.31653441370418 2.12503467577608
"150" 0.703197103034633 9.86320862158996 4.8577642824564 -2.85524212994397 -0.646454860117519 5.39781123611442 -1.98892625889643 -2.5805734708257 -1.6216135025817 -7.73689063840229 1.55399012870279 2.2683363657552 -1.54966249930398 -5.61176741451651 -3.11311162397624 2.06083610199994
"151" 0.643852001226556 9.34623905000609 4.90821853077955 -2.73690977687386 -0.762945718912711 5.79433193857477 -1.97454302972733 -2.57450117546227 -1.70276984981314 -7.91179535304349 1.55778568042604 2.15215930797217 -1.54551031758205 -5.60939062173625 -2.88880959675907 1.97923921074107
"152" 0.578504758265431 8.7320604293279 4.91048648547218 -2.59598708720699 -0.878965765011095 6.16811285220513 -1.93651132507328 -2.54791376240928 -1.77509014012197 -8.03192608076307 1.55319978953233 2.02247225797805 -1.52885972240529 -5.56891890602736 -2.64781029020924 1.88203803986016
"153" 0.509965967360827 8.03612054650895 4.86437692220119 -2.43472088826303 -0.991452590342853 6.51320656328357 -1.87625807698045 -2.50139348066756 -1.83664386418919 -8.09929390111103 1.54000677477282 1.88056749261477 -1.49921353410922 -5.4913928950823 -2.39297256540999 1.77090218773264
"154" 0.441028538146867 7.27559479355909 4.77127859918403 -2.25596553361441 -1.09733432796803 6.8237454479391 -1.79586621163666 -2.43605722003605 -1.88564544693483 -8.11650907998083 1.51815037347669 1.72812582588836 -1.45640481141033 -5.37857804511198 -2.12759626420961 1.64784938722732
"155" 0.374324375297505 6.46876983896468 4.63403635448941 -2.06309196601916 -1.19366601037916 7.09408925053239 -1.69796262318874 -2.35349962936203 -1.9205408433656 -8.08656373265399 1.48775212875549 1.56719272810551 -1.40063529679981 -5.23289163369621 -1.85536504085098 1.51518699169083
"156" 0.312195960041301 5.63440894877539 4.45676343549968 -1.85986844404164 -1.27776126081074 7.31899143953146 -1.5855874493396 -2.25571534227095 -1.94008718732297 -8.01264343979159 1.44911269682794 1.40012965272831 -1.33249657608443 -5.05731215944357 -1.58026072499956 1.37543959503273
"157" 0.256590167043655 4.79112426740593 4.2446048444545 -1.65032021594342 -1.34731167032696 7.49377731989534 -1.4620522907603 -2.14500618547609 -1.94342027508984 -7.89797781322818 1.40270607714939 1.22954335874033 -1.25297155141872 -4.85527583782556 -1.30645282088301 1.23126635204062
"158" 0.208980025710346 3.95678046787955 4.00346833995661 -1.43857662737679 -1.40048698376918 7.61452486587064 -1.33079521742327 -2.02387977449695 -1.93010536251243 -7.74573585378656 1.34916713452759 1.05819757240647 -1.16341508885059 -4.6305650732519 -1.03816876579594 1.08537217508638
"159" 0.17031813389351 3.14795229605281 3.73974031768938 -1.22871471641332 -1.43601046622091 7.67823778957731 -1.19524011462755 -1.89494592149742 -1.90016780091271 -7.55896758309831 1.28927311133984 0.888912534696146 -1.06551410997946 -4.38719369903373 -0.779552185900457 0.940417322982285
"160" 0.141023201333802 2.37945571466321 3.46000317757472 -1.02460827018817 -1.45320545526326 7.6829996500112 -1.05866718587171 -1.76081683495471 -1.85410135404965 -7.34058922685804 1.22392010235717 0.724458751086104 -0.961228843009778 -4.129293449744 -0.534517464988767 0.798929949213743
"161" 0.120998910257228 1.66396869378005 3.17076912751145 -0.829790629916801 -1.4520109997405 7.62809795346053 -0.924100323791819 -1.62401626037371 -1.79285352131082 -7.09340552554886 1.15409567239438 0.567451556319384 -0.852718313249525 -3.86100561194048 -0.306609394216935 0.66322594122812
"162" 0.109682108432978 1.01175333635334 2.87824289811914 -0.647338316047183 -1.43296649797062 7.51410824639663 -0.794215680755613 -1.48690159939284 -1.71778872332161 -6.82015984542758 1.08084893066459 0.420252920451958 -0.742254319710312 -3.58638114986321 -0.0988764598939724 0.535339881796972
"163" 0.106115464299162 0.430486158964243 2.58812281048847 -0.479780917802827 -1.39716722323516 7.34293012599018 -0.671274227495758 -1.35160176854757 -1.63063166238219 -6.52360088259465 1.00525943288234 0.28488628384639 -0.632129008995413 -3.3092918788826 0.0862345306416046 0.416970236026827
"164" 0.109038258999405 -0.074801799226762 2.30544632626311 -0.329040790176322 -1.34619441235607 7.11776977786103 -0.557079495745633 -1.21997223720658 -1.53339443642931 -6.20655402138061 0.928406265121183 0.162969180003529 -0.524561640545055 -3.03335451764634 0.246956216476747 0.309440967565479
"165" 0.116988073049178 -0.501678526915839 2.0344828825443 -0.196404077410705 -1.28202506214677 6.84306690724885 -0.452960169031911 -1.09356742545833 -1.42829196371024 -5.87198584555955 0.851338578359133 0.0556670767164178 -0.42161019131591 -2.76186873565557 0.382246462036846 0.213680779309925
"166" 0.12840580406959 -0.850166629298727 1.77867370984214 -0.0825225856909526 -1.20692762543085 6.52436750726532 -0.359775812091939 -0.97362953822153 -1.31765089445573 -5.52305181500881 0.775048699245431 -0.0363296511834506 -0.325093065141889 -2.49776966274655 0.491799949775896 0.130220128286965
"167" 0.141736731092212 -1.12251367519511 1.54061564008455 0.0125558012564966 -1.12335035836422 6.16814751606709 -0.27794289221773 -0.861092027433244 -1.20381740706641 -5.16311952147983 0.700448752684665 -0.112805289129483 -0.236525384981451 -2.24359476296533 0.576025690618053 0.0592051531991729
"168" 0.15552117040686 -1.32289355748769 1.32208376896966 0.0893320140149001 -1.03380912212038 5.78159574839577 -0.207477400171094 -0.756595248914152 -1.08906910615353 -4.79576295233979 0.628351509049935 -0.173996091544041 -0.157073225183606 -2.00146451050782 0.635992787169357 0.000426743463322055
"169" 0.168469549834207 -1.45705764071084 1.12408631892757 0.148781017410897 -0.940781006702163 5.37236725933538 -0.148049853226183 -0.660511525543654 -0.975535690571238 -4.42472649875275 0.559455927164223 -0.220547895134928 -0.0875277878021024 -1.7730759392605 0.673348768345477 -0.0466377714824375
"170" 0.176551642407873 -1.51583092780953 0.996343406357539 0.181165316037806 -0.873999434262601 5.07277612744775 -0.112276503318263 -0.597566142679199 -0.896832183915858 -4.16152963775235 0.512867355694276 -0.245218295368772 -0.0444605025021456 -1.62018538372931 0.687281494595481 -0.0733311126698482
