"V1" "V2" "V3" "V4" "V5" "V6" "V7" "V8" "V9" "V10" "V11" "V12" "V13" "V14" "V15" "V16"
"1" 0.425253757020047 0.13406960984833 -0.17223378921906 -0.113189589551742 1.10464803646706 -0.876170770233191 -0.0164683974552254 0.0164889466194955 1.31053347401103 0.15955957328242 -0.0181720823899478 -0.0230128189833128 0.436280763083323 -0.306600809525249 -0.256801138529605 -0.00812062616619613
"2" 0.796108387159067 0.260843009164253 -0.310907794297741 -0.172899957442477 1.8295640613387 -1.26537345782662 -0.0289769790315457 0.0229676186392247 2.09881161971477 0.0353967305969412 -0.02532802546957 -0.0412665203538616 0.718008859922526 -0.504784668936761 -0.404616365925458 -0.0191506655333029
"3" 1.05800037320224 0.313509593664031 -0.401814830613427 -0.176426875475244 2.08780290947938 -1.17237672663117 -0.0307794601225588 0.0275361536434726 2.2827049147538 -0.257099127416025 -0.0176517593066887 -0.0420008902492164 0.834768603236208 -0.60071692021025 -0.44964023648679 -0.0310696899496534
"4" 1.08583665684843 0.230762751257622 -0.412879952272711 -0.149466795044766 1.92617773400535 -0.906956618242302 -0.0197887407280551 0.0367417310241258 2.03183053256075 -0.370936571055563 -0.00301035254659976 -0.0212642348531915 0.814023546167468 -0.612370576205354 -0.433099787820916 -0.0361547006275558
"5" 0.903462675451402 -0.0732357559192223 -0.359254177083247 -0.093903205159009 1.40844864248127 -0.466565359903246 0.00956664095135973 0.0575513507455643 1.42416358012032 -0.285114268150617 0.0233106639043944 0.029731632080626 0.708969800225756 -0.601029651588506 -0.380635806479644 -0.037160168806345
"6" 0.593982421833793 -0.48883264926993 -0.257851550214731 -0.0295351446728329 0.845242050219876 0.0425547193727209 0.0390295754056524 0.0674470441808106 0.815436510520975 -0.176541980423552 0.0463585108740289 0.0712024288293556 0.564219952579635 -0.589497430184104 -0.283350334055636 -0.0352789884755325
"7" 0.293156643362098 -0.886428240786875 -0.141782778161593 0.0408579636508435 0.429426296603971 0.693646763390205 0.0545529764835204 0.049811561330781 0.352019329472394 -0.342549222693028 0.0600689746482499 0.0750515472434365 0.392519307096329 -0.580410041403824 -0.118969285656588 -0.0353339376527551
"8" 0.0333772671912845 -1.21137777506138 -0.0269871411268419 0.110713304367238 0.174001776876525 1.43013196827381 0.0556508578631504 0.0106088449923156 0.036337678021075 -0.760331146885173 0.0645985269017746 0.0458646122523483 0.19978913526831 -0.563238123904376 0.0913264523907502 -0.0377063740053174
"9" -0.20236357099225 -1.44507137298907 0.0753449002994997 0.170131051914399 0.0186295080976562 2.09950085879433 0.0492991238828752 -0.0317694374823239 -0.18064380648255 -1.21819411097632 0.0634049667755816 0.00658548828933547 -0.0055617116491482 -0.533082664289549 0.296213693759014 -0.0403520829547439
"10" -0.419013206051628 -1.56389479209628 0.149851530398453 0.209421498635477 -0.0830875996241882 2.54919480682048 0.0425815554993715 -0.0587779871111556 -0.345202371996316 -1.50934649351416 0.0605532756895508 -0.0191902388152201 -0.215033016498016 -0.495165769844864 0.442572466034227 -0.0416601492538398
"11" -0.605617699784047 -1.54431001912106 0.181630705803604 0.221395413861616 -0.153115288960632 2.67354597994218 0.0402447391499725 -0.057216420682356 -0.4866210748221 -1.49979795619757 0.0592162525985069 -0.0148750986692541 -0.418898763968149 -0.457456693541999 0.49124714273893 -0.0409728438974852
"12" -0.749208125513201 -1.37827515057741 0.16363282330788 0.20353624564186 -0.203818324149683 2.43903680079475 0.0441107887085675 -0.0220788816728215 -0.618945924795357 -1.14853135399711 0.0607983326799219 0.025705845201454 -0.605512352722129 -0.420990438792112 0.426781707834245 -0.0382691976233254
"13" -0.841750756761258 -1.07956166861488 0.0998187761520144 0.158922408791874 -0.246452067318566 1.89269799206171 0.0529986208776496 0.0425405449017084 -0.744342577202085 -0.511408625827375 0.0646566308758921 0.0973527497758973 -0.761719114064763 -0.375786320546677 0.26091947699441 -0.0339535934980653
"14" -0.881347989876728 -0.681199218450993 0.00390756665303971 0.0951805404340273 -0.29187632960711 1.14476274202367 0.0634119274823554 0.125174202264403 -0.856715781387659 0.28248012710962 0.0685137808131207 0.185834656223332 -0.874734836829831 -0.304591343451477 0.0277120699087652 -0.0286451627652546
"15" -0.871503331006129 -0.227737107278321 -0.104546647193202 0.0220547946412673 -0.34807989012301 0.331946678281959 0.0708816342365687 0.210705704205446 -0.946429218755827 1.07706484779111 0.0693611618008466 0.272780768424155 -0.935189031273702 -0.19137967938376 -0.227526788667751 -0.022890190239373
"16" -0.819734403904255 0.234055295157012 -0.204895370440648 -0.0512075267280139 -0.417821786474357 -0.421270080209345 0.0713938202619576 0.284478490986416 -1.00494240459834 1.73689022209166 0.0644444105124592 0.340966033962047 -0.939735802097765 -0.0292572619980793 -0.460468833152436 -0.016918022719203
"17" -0.735912392982529 0.663022602146134 -0.279429136969607 -0.117643870578089 -0.498081101488293 -1.02827144985124 0.0623741076838416 0.335323849153175 -1.02776510300229 2.1771023314916 0.0519711564190247 0.378043702289617 -0.891838735123101 0.176205168920827 -0.636832880785066 -0.0105623999187117
"18" -0.630658431315053 1.02825524902732 -0.315881046951731 -0.173170731452807 -0.581479443154226 -1.44789045235139 0.0430449017803366 0.35691367068573 -1.0151806617251 2.37013911154595 0.0313918459995289 0.377972807472993 -0.800542975327014 0.408857418175214 -0.736446557597865 -0.00336237744597412
"19" -0.514214029192403 1.30986751742268 -0.308375469398376 -0.216199636171579 -0.658854443827632 -1.67883229939398 0.0143432009813709 0.347775431784815 -0.971224652788015 2.33628213283417 0.00328680604029929 0.340538336428324 -0.678023938761643 0.647145258863523 -0.753068991201634 0.0052115202727947
"20" -0.396362175363587 1.49508353781006 -0.257407666510168 -0.246674127421826 -0.722138793848553 -1.75103468759206 -0.0211433314340278 0.310939349010219 -0.901654193914969 2.13197606239911 -0.0310904595332774 0.269834952889632 -0.536789700129785 0.870296760343486 -0.692055946323223 0.015410214796141
"21" -0.287889253321597 1.56889859064142 -0.169703058593323 -0.264764995929209 -0.767223159877561 -1.722584586204 -0.0587739304143201 0.254224690735247 -0.811348964820034 1.84746702086297 -0.0706286504981969 0.172365440096062 -0.38692203657384 1.06439546437731 -0.567648655346138 0.0266221110902407
"22" -0.202370036306149 1.50467898299015 -0.058308631166996 -0.269394173506747 -0.796252312065874 -1.67798457037275 -0.0913639025393259 0.190767403488859 -0.701899860663459 1.60657454019511 -0.115285408533258 0.0549542398525098 -0.233930058817534 1.22742965131518 -0.399695075521616 0.0365410970091986
"23" -0.153937961668477 1.27071739586762 0.0581650975522061 -0.25710364003846 -0.817418955658049 -1.70563956456467 -0.11039145578969 0.136754739476311 -0.571606959372548 1.53522949958331 -0.166123343975046 -0.0772979049264073 -0.0786017339162065 1.37017193036853 -0.20789672156396 0.0408979854912772
"24" -0.148837454620679 0.865467079563828 0.15820241591192 -0.22290823549489 -0.840059587597557 -1.84494124345791 -0.110046884893552 0.104587989076606 -0.421146795934562 1.6846407523812 -0.223004388088414 -0.220530427059124 0.0786199251152321 1.50731271209944 -0.00639071079651998 0.0350679542510832
"25" -0.1794235454509 0.323282611289859 0.227153400214924 -0.16105292953662 -0.868840828830457 -2.06069607460508 -0.0904772113912766 0.095427377119524 -0.2516878306094 1.99287751151721 -0.28494877663532 -0.377085562064561 0.239864090118961 1.65045928992025 0.207627509307738 0.016133764570057
"26" -0.227503341716286 -0.262635981599106 0.254074561899643 -0.0713833670099078 -0.899226273548028 -2.25934484909135 -0.0574833669010554 0.102264419745312 -0.0777531410645717 2.31342869861122 -0.345019970701235 -0.540652910994325 0.395109258405909 1.79031025335386 0.430492670800941 -0.0148370688365986
"27" -0.274338700072197 -0.810598332957553 0.238941758458538 0.0415127299885203 -0.923153767171381 -2.36518475082878 -0.0181996102219296 0.114906428438292 0.0867037657246246 2.52615961800239 -0.395566211918222 -0.702964306000776 0.534653949656183 1.91080411794697 0.653740431915608 -0.0533149739547767
"28" -0.296780763012509 -1.31344961694748 0.199675327138972 0.169095752289259 -0.939979940736306 -2.35338878902687 0.0215963355244189 0.122059794404359 0.23306043421968 2.59492665554492 -0.430938113743348 -0.856147927417663 0.65733075107616 2.01108963386138 0.861497553327473 -0.0905879928579623
"29" -0.213105248923852 -2.02250378514142 0.224858457027721 0.300101510814608 -0.985695617867097 -2.22901977667453 0.0541181047506232 0.091558674690166 0.37071267230927 2.5686745568474 -0.456722120239329 -1.01437390309497 0.80547415649645 2.17793151462101 1.05650812924718 -0.104304892491385
"30" 0.100509406979009 -3.36167399790401 0.452341155356425 0.4214360126233 -1.12224493417585 -2.00343382815384 0.0692793776252307 -0.0245525079227384 0.521652049637873 2.53376166984825 -0.486031485866583 -1.20765549734752 1.05217293868741 2.56084337260259 1.25626433517773 -0.0625590734915704
"31" 0.412871399446836 -4.51674567433218 0.658744210364354 0.520351294912842 -1.23469682800081 -1.73977099103784 0.0777233461869115 -0.143703107085146 0.632811462227437 2.43782957065116 -0.473025549258416 -1.33301939779743 1.25145340102996 2.87068384757758 1.32512862832112 -0.00153481184121773
"32" 0.271478032957466 -3.89953738369673 0.395119339647655 0.584815531219544 -1.09750061281313 -1.52857756420109 0.10286602777269 -0.102059246459532 0.604553351500435 2.13476484019384 -0.335748662326016 -1.20594866023443 1.12091853329285 2.5446569479966 1.03548928716391 -0.000363717517060991
"33" -0.0719801571377238 -2.39588940124028 -0.0644725516055422 0.601435698739476 -0.840995029582344 -1.34699308014056 0.126053611111218 0.00390019618319215 0.491592258380558 1.74016238603131 -0.111727251933236 -0.910509457758483 0.819158781084339 1.90337426117235 0.471990201643061 -0.00301096829972636
"34" -0.207256557506222 -1.45739090917544 -0.28516379404968 0.560368554755522 -0.675049288302723 -1.1422429406353 0.120108293200068 0.020542093632665 0.385514703063487 1.42346423289004 0.129960719738216 -0.599470844883733 0.605831117934449 1.46738702021655 -0.192048919371212 0.0735868899240373
"35" -0.185033977024123 -0.936106804047642 -0.309589401694487 0.461330188109672 -0.575149885997802 -0.925824380376394 0.087473153680954 -0.0321397485628019 0.281716302413057 1.17127874226356 0.387909322859627 -0.268460300956125 0.455917202524995 1.18129166306882 -0.94596748189706 0.216266740916069
"36" -0.124727670536985 -0.467353130350759 -0.257318341660157 0.31537717423547 -0.479247746795802 -0.713397974322875 0.0377125613442479 -0.104137766351267 0.165711173483083 0.938334497486218 0.659382625033536 0.0903511035063893 0.305093856237775 0.903761182872 -1.75844606146996 0.388637436544599
"37" -0.0620359102430633 -0.00696434017210112 -0.169432835816339 0.145591220902745 -0.364251348555066 -0.501784854705133 -0.021160279464237 -0.171133951572529 0.0465895166650713 0.706663096795348 0.913546723895339 0.428935942337773 0.14500981860645 0.597889509125525 -2.50643407833928 0.558963616665515
"38" -0.00818243378060368 0.385481450487629 -0.0692653052481957 -0.0190083874499507 -0.217442372136969 -0.280016577623313 -0.0795655762979788 -0.211076034828086 -0.0574842413794812 0.464465357984326 1.10512987261847 0.679480925119691 -0.0145681722624049 0.257583323490739 -3.01449821321747 0.680379618672575
"39" 0.0298900212475194 0.648868535922743 0.0137339816702142 -0.185456181590531 -0.0305339251465835 -0.0363530672624385 -0.125318283163815 -0.173687821332972 -0.127947245795519 0.199243568223857 1.18663726061125 0.845626455798147 -0.159683555278012 -0.1152316067557 -3.08583693446889 0.587013296887868
"40" 0.0533404653575076 0.761517853191268 0.037258788223705 -0.493560495732204 0.191728131330907 0.238007025606856 -0.142223421522911 0.0799350132043219 -0.150860413798331 -0.102966981581458 1.1175358343536 1.18944027965135 -0.270252191407397 -0.501378063725054 -2.50697915846524 -0.266057261619849
"41" 0.0643109093433296 0.726938655595287 -0.0192429988228477 -1.00413599488353 0.436069852347802 0.537920988415644 -0.123227897482051 0.602446436500994 -0.123525127459727 -0.439313894830476 0.891863175677854 1.83670828903638 -0.335297260167717 -0.877591723458176 -1.24134906668545 -2.08801647905085
"42" 0.0432236889485633 0.498886843997832 -0.0803798205401276 -1.14687451621428 0.703703304647407 0.827627793245739 -0.0980116296317803 0.933210180959247 -0.0609352733814356 -0.75454623022764 0.579529431348667 1.73945088665098 -0.38767766415671 -1.25995149391841 0.198221698427307 -2.98445363683997
"43" -0.0158387404644553 0.0933918327490777 -0.0922171841979305 -0.60381577525623 0.977917688983543 1.07097523629441 -0.0887466490199975 0.784517601753857 0.0167489941933595 -1.00144681980507 0.254278938562748 0.332800185135838 -0.448772784093459 -1.63945129591918 1.37282693556138 -1.80211909379898
"44" -0.0763886630676007 -0.325988007692842 -0.124995429643232 -0.054881640781371 1.19983214558048 1.26002497186131 -0.0712015196069942 0.627635696907069 0.0974656452990288 -1.19495502588523 -0.074774987177967 -1.0688682991869 -0.480739673326869 -1.93036385756698 2.47678062601216 -0.553514287252312
"45" -0.116828568977918 -0.651139715771674 -0.206883017816458 0.149260185740967 1.33006004746907 1.38194949892984 -0.0363472932954606 0.685613491588271 0.168433507996449 -1.33374660572587 -0.383147815038636 -1.76974572916021 -0.466534753449617 -2.07937316831887 3.52475417041385 -0.229593246884519
"46" -0.138991666108786 -0.863259909215566 -0.303732185807865 0.167875277730445 1.35923859682298 1.41661473082378 0.00228830829305582 0.800721264810495 0.216767848914894 -1.39166242860267 -0.625268512487737 -2.03353525765628 -0.420127053771066 -2.08233243575658 4.26366544840114 -0.246509268700308
"47" -0.14471824547846 -0.954275108967635 -0.392604123399932 0.106912441884628 1.28439332050726 1.35312547448987 0.0360409757848825 0.867442509090782 0.235432501614633 -1.35351174090814 -0.774729661338937 -2.0241302494238 -0.351669679967585 -1.94016064730481 4.54507942527307 -0.243570035181463
"48" -0.134178397020129 -0.91879205068381 -0.464430712765606 -0.00897237758642788 1.10604620897651 1.18905421171775 0.0619548447884386 0.851133769056961 0.222357685152885 -1.21526744273836 -0.822956412351529 -1.75096090437675 -0.266020212957708 -1.6548950267908 4.32907655711989 -0.163597391085972
"49" -0.108247258508748 -0.759112712588671 -0.513341598194005 -0.164076854524705 0.829097415732541 0.92635341472039 0.0786204574227931 0.728962711899644 0.178228293932301 -0.977528103130533 -0.769922709985303 -1.20282728467725 -0.167478038884508 -1.23313631595162 3.61830279807826 -0.0106030247250004
"50" -0.0685785087158106 -0.483260335298199 -0.533986720966831 -0.338076579756549 0.461830993273547 0.569640692212837 0.0850121771788743 0.477271002589333 0.105217389707238 -0.643379364606563 -0.619980294857515 -0.373178255120074 -0.0608044418060316 -0.685603481381394 2.43510324113888 0.2036603539282
"51" -0.0174932339179743 -0.104559236556735 -0.521771033544015 -0.507055287199439 0.0168155661525244 0.127621114560426 0.0804018638890114 0.0750162885571406 0.00679713248717961 -0.219935208942777 -0.381465799920679 0.733100473919933 0.0485976087915894 -0.0289780517837825 0.822141664719592 0.464551356055026
"52" 0.0411986222567362 0.350293913324184 -0.475837764564871 -0.647238914911444 -0.480790747081179 -0.377237742399179 0.065160836130463 -0.476457194150957 -0.11024223885799 0.271656201788217 -0.0731452748341965 2.06842897544313 0.154018474250327 0.701602922628732 -1.1194751891594 0.751704456558329
"53" 0.0998884579055048 0.820140608004301 -0.406180950602315 -0.742269946785029 -0.973019501446305 -0.885802396671779 0.0428323462186342 -1.10801783944912 -0.230444568319847 0.772677014608812 0.259023866715563 3.46898479924846 0.245715176085007 1.42272225968726 -3.13470488935936 1.02966440789385
"54" 0.145341053422158 1.19244342061893 -0.339836710344811 -0.790821022367574 -1.3532789633186 -1.28397478825474 0.0219330608656096 -1.64387985968713 -0.325359270183598 1.16791615855522 0.528387688366476 4.59461277340888 0.309906348086638 1.97939820026342 -4.73786521594948 1.24038910381238
"55" 0.162659017521875 1.33672157225349 -0.311984702420613 -0.804384045770071 -1.49880460343101 -1.43750509946905 0.0132332979783489 -1.85875758836349 -0.362010701010847 1.32088546825644 0.633814389122412 5.03447745184904 0.333055215521092 2.19247158521264 -5.36026742549135 1.32004745428932
"56" 0.145127572559365 1.19238843854215 -0.339706257554608 -0.790838160723286 -1.35307850285601 -1.28385096543481 0.0219090045039461 -1.64397584925475 -0.325168697600457 1.16778839404464 0.528327690665372 4.59484377841419 0.309650604515327 1.97927802353667 -4.7374701995154 1.23989910964485
"57" 0.0996782798724121 0.820053095587694 -0.406048382943563 -0.742469957071261 -0.9727971338379 -0.885650073275914 0.0428117951079519 -1.10789153648421 -0.230249754218902 0.772520051086163 0.258934495096105 3.46915307356394 0.245478885085224 1.42256397895228 -3.13412721005081 1.02900369261482
"58" 0.0411120075452052 0.350209064357359 -0.47577359505269 -0.647454401894475 -0.480652082092958 -0.377126054686557 0.0651537536391382 -0.476223204376044 -0.110151317255758 0.271541861478427 -0.0732239450951622 2.06840259263284 0.153931121324131 0.701461720006719 -1.11898618629633 0.751271448938652
"59" -0.0175109668876239 -0.104610869244291 -0.521752612075706 -0.507142579876774 0.0168763695244849 0.127677640453671 0.0804007738473411 0.075142043454445 0.00682285095209528 -0.219992874502796 -0.381508884657945 0.733024302655011 0.0485839661993634 -0.0290589464876234 0.822400058621074 0.46438950268157
"60" -0.0685814164391421 -0.483280964342209 -0.533984123770146 -0.338091969441177 0.461850871537226 0.569660516944694 0.0850124480329093 0.477306436373993 0.10522380501913 -0.643399447932279 -0.619996186601439 -0.373216420701731 -0.0608058078685525 -0.68563217400448 2.4351948353011 0.203619106577818
"61" -0.108257649172651 -0.759191540923255 -0.513360918148005 -0.164038026806985 0.829126703366055 0.926379713536985 0.078629525725644 0.728988356158812 0.178248968489202 -0.977553292635748 -0.769979473360956 -1.20292979859073 -0.167473247072444 -1.23316651475497 3.61853968498203 -0.0106537568345146
"62" -0.134445055315791 -0.920798122521979 -0.464951472670588 -0.00788993109494385 1.10672315377441 1.18964752148802 0.0621955970732659 0.851652546025363 0.222882344204945 -1.21583000513005 -0.824397030881688 -1.75347679862296 -0.265881530635158 -1.65554542552726 4.33494609238151 -0.164775516989906
"63" -0.148065670523489 -0.979451542031622 -0.399136081988304 0.120526639918218 1.29288436749532 1.36056438032482 0.0390611034999153 0.8739242533441 0.242015633695097 -1.36056370018423 -0.792804352824632 -2.05575021198954 -0.349929970140076 -1.94831640110928 4.61870107798786 -0.258251761239421
"64" -0.158629217119318 -1.01076549575437 -0.341819618486221 0.248656041615632 1.40898047769285 1.46012019228832 0.0199111637552993 0.83781259996487 0.25528589837921 -1.43286556432824 -0.730977243575952 -2.22066883536557 -0.410012764729221 -2.13015150594067 4.69382931016426 -0.328926805629351
"65" -0.171190785734644 -1.05628777798305 -0.308434628693981 0.388185999399518 1.46658551752232 1.50013904032122 0.0108541118795684 0.772657659718011 0.273362821443485 -1.44502176351691 -0.670332489234562 -2.31515488036089 -0.440068964704591 -2.2113181852748 4.68656720158603 -0.395658285020204
"66" -0.151580710320329 -0.861809327107021 -0.235520729473659 0.393510342116066 1.37962468732141 1.40619702820244 -0.0181166844441065 0.627552014680326 0.229505906830331 -1.32739522565749 -0.430031392841606 -2.0341857517104 -0.455948016064354 -2.10954218122557 3.860298533192 -0.304754372800829
"67" -0.0823711585699356 -0.298343485763998 -0.0896243940195189 0.188347641899885 1.10667355505153 1.14228841356381 -0.0826942282198559 0.380439021358008 0.0896728362078394 -1.04663273197558 0.0806669202084052 -1.22863911459907 -0.466454802578313 -1.78684900767214 1.84767188937336 0.0223916158422099
"68" -0.0124271386224978 0.265104360921914 0.0361997422110667 -0.0336327960874989 0.776833635392467 0.821148095079999 -0.139583138468429 0.13478713257301 -0.0499812608560571 -0.710283393133831 0.594699268330313 -0.372693513934394 -0.447619596433191 -1.3705397489793 -0.258596196546444 0.370142780682848
"69" 0.0276255180508118 0.597432597931913 0.0875916886213659 -0.152175761026321 0.475217891881613 0.516317888608823 -0.16285392886736 -0.0445499398135141 -0.129419472190222 -0.388629230472294 0.943897682746679 0.233109830570243 -0.38664430979981 -0.947162383912854 -1.76630453603953 0.602568415647845
"70" 0.0402425320026097 0.71705741036883 0.0775691863065786 -0.180844403999334 0.205049215240885 0.229040559626556 -0.157254477317228 -0.15978702729076 -0.153912702772792 -0.0833158220592307 1.13915202431456 0.601630191959309 -0.289438999317037 -0.525974440338185 -2.71058475433787 0.729212813562306
"71" 0.027654440010025 0.641331270272698 0.0206776319572155 -0.131827782997032 -0.0282809891989024 -0.0379211638444675 -0.127909688821321 -0.214862122215788 -0.128495961893214 0.202644036414746 1.19041617036781 0.744844913767807 -0.162982314576213 -0.11942033587571 -3.12106726498856 0.757914156553021
"72" -0.00835901226052282 0.384886710860197 -0.068715606773202 -0.0147650126140277 -0.217265640825487 -0.280141663429454 -0.0797708030874428 -0.214335263006062 -0.0575281378846869 0.46473523790694 1.10543038547931 0.671507689957316 -0.0148285930020633 0.257253867528743 -3.01729318053994 0.693906486556493
"73" -0.0620439122930536 -0.00697886205440534 -0.169415351952177 0.145748911124194 -0.364244019412251 -0.501789141276053 -0.0211675461072082 -0.171257423145088 0.0465875608658021 0.70667135657843 0.913557658107087 0.42866358566561 0.144999667174565 0.597875211776385 -2.50653255038612 0.559432760949313
"74" -0.12483496452085 -0.466988395475463 -0.257423718851865 0.315821547118571 -0.479166976821713 -0.713385552286779 0.0377106828154933 -0.104596692600632 0.165689667251225 0.93826169007852 0.659395366284527 0.0907887718857019 0.305023774912177 0.903582003541181 -1.75840902317572 0.388239814801118
"75" -0.187919785558574 -0.926262010771154 -0.312440353704672 0.472397649117701 -0.573026960889863 -0.925543099402306 0.0874406655830972 -0.0435063736978218 0.281134884272977 1.16937678547497 0.388258080231777 -0.257344336212604 0.454038125368191 1.17655599095837 -0.945093590950947 0.206123763935295
"76" -0.243459494973505 -1.33360693552272 -0.321030584758426 0.689476904973702 -0.648978515561763 -1.13936006125432 0.119880905650439 -0.11110430906993 0.378185233191621 1.40032184253353 0.134452204720152 -0.468855793734296 0.582276363406985 1.40892292586116 -0.182937631684041 -0.0452182915724535
"77" -0.283580313013255 -1.67010407225379 -0.274712106470965 1.30378061441678 -0.691097672028034 -1.33385883029147 0.125680584366937 -0.706730120193988 0.44863765362953 1.60914411522459 -0.0848348677145427 -0.194576989295655 0.680483312178091 1.56577360974087 0.51550450858562 -0.652050254165914
"78" -0.303320083203349 -1.9122822471795 -0.178222746268884 2.36698262380144 -0.689363529932392 -1.50504551291142 0.104002494393 -1.89066116146606 0.488570974763096 1.7941258606286 -0.260948563964714 0.624074646876778 0.727534257706705 1.62496392824124 1.13291129041936 -1.6538671028303
"79" -0.304279847740438 -1.95919062506138 -0.0635305431274678 2.6324435164237 -0.681089218661001 -1.7413815669846 0.0801069953207088 -2.2475482799299 0.494879782356937 2.05816662443193 -0.376837313752384 0.845014328901954 0.656032609264437 1.64214753808271 1.4448751518189 -1.96431257404935
"80" -0.286382960460735 -1.76875659730727 0.0465455575561926 1.59814985479139 -0.67619792947764 -2.06912740607412 0.0667352712215091 -1.19471607923512 0.467889020597676 2.43213628383302 -0.430202485154717 -0.0103805338075347 0.4313505754216 1.63182423145128 1.38338871810634 -1.14345058762847
"81" -0.270163070227385 -1.48438170503142 0.142828057735906 0.618142777714183 -0.703715577177332 -2.32453418785538 0.0465129582490149 -0.233991271431085 0.392596771449018 2.69318566728894 -0.443909711742487 -0.723182022122437 0.285215084126919 1.65102484841052 1.18214578768032 -0.374258170664575
"82" -0.272583516162114 -1.1819733181468 0.208505831149183 0.216463174530519 -0.806112270181115 -2.40523146808143 0.0156344327975103 0.0654321030231753 0.258150995660086 2.69261763324864 -0.430933931672299 -0.833422432630577 0.379090353060459 1.77766639000863 0.936251175324738 -0.117078039047485
"83" -0.25662183568175 -0.768648901429735 0.251259599977286 0.0459994983148757 -0.883365212560928 -2.34301746799657 -0.0233657378177027 0.0999715606287861 0.0946357113113806 2.49979643118566 -0.395740650205645 -0.708736253003138 0.459349071758869 1.84573343304524 0.684411153817809 -0.0515069436290929
"84" -0.195305776883208 -0.194509420994282 0.283739605628348 -0.0742657583947182 -0.876652510160129 -2.11103386154259 -0.0721618911498919 0.0721990709386393 -0.0746873593418125 2.08872808827204 -0.344266369527523 -0.556939377465888 0.391095933473735 1.76455852961813 0.474686223385868 -0.00749326873369682
"85" -0.0880292418527177 0.502427201585452 0.319990523993292 -0.17134256498338 -0.813705837759325 -1.62544739546899 -0.133917910092148 0.00540397377651836 -0.241087004473201 1.32800414832143 -0.283910948625367 -0.427081238170889 0.2616788827509 1.59664372329938 0.335071218556307 0.0387012826996269
"86" 0.0613719053158135 1.24349147688441 0.387588371034751 -0.248974212445484 -0.710330840142883 -0.876198911628828 -0.21062193796506 -0.108095284236322 -0.386960962669175 0.196695358069006 -0.223728437363434 -0.341601950976191 0.140266566517584 1.38437328628902 0.293306398339864 0.0900867432794712
"87" 0.115075569196829 1.46962049359622 0.419603889204877 -0.270447922217572 -0.669845387932515 -0.60077658454714 -0.237376395345682 -0.153507742279272 -0.425456710737524 -0.214242685199306 -0.206086808467201 -0.325505769289322 0.107968038562995 1.31028396450762 0.301558325542537 0.107852848176805
"88" 0.291052892730685 2.10270409715215 0.557282176365915 -0.333177847477224 -0.521753939163026 0.297785494007656 -0.324232643341747 -0.317856985972472 -0.517024249882844 -1.54223655252144 -0.156863366306388 -0.30451932641768 0.0279046769482554 1.05835399238838 0.378747381780299 0.169373923027038
"89" 0.452798830640969 2.56067917938742 0.735950168887147 -0.394126274044837 -0.354216426580588 1.0998402224657 -0.403730405296495 -0.492150457572841 -0.565451452138521 -2.70679525213815 -0.116683655608085 -0.309890078257808 -0.025720636974792 0.785934200143801 0.48842201388115 0.237753451106279
"90" 0.579179942080289 2.83601911026589 0.922469553653287 -0.456303591543346 -0.181392318520386 1.70103918274311 -0.464079030208684 -0.650449531587187 -0.584194843906251 -3.55164513997819 -0.0814791128980766 -0.315546570820818 -0.0675503456266804 0.50247931503 0.57663083702095 0.308922495077461
"91" 0.663948027559232 2.96026133440889 1.07932173216956 -0.515055766032344 -0.0168042839186193 2.08850326385567 -0.497458707334403 -0.775168471095379 -0.585973614705337 -4.05842364320587 -0.0481798957817773 -0.306709342586004 -0.107107153089178 0.223200067723401 0.615599789417994 0.376752887773712
"92" 0.709328449027426 2.96662544176212 1.17085497064794 -0.559437106696238 0.126218409644104 2.29009980996682 -0.497820797423471 -0.854687399868656 -0.576389259720654 -4.27170026389581 -0.0170058185596919 -0.281569445428843 -0.144990005161335 -0.0315221242995658 0.602022275430905 0.433741826155028
"93" 0.719222178316243 2.87935087524865 1.16207077953494 -0.574829201754371 0.235444103656288 2.33543880365694 -0.458789960866125 -0.878913109429165 -0.556845799477911 -4.2401489967301 0.00948564729883994 -0.245107040370165 -0.177073010114452 -0.240561356257034 0.543866304245105 0.471619019784271
"94" 0.697493943294328 2.71854030057545 1.01740659334634 -0.545654117162261 0.297776495024546 2.24482922816041 -0.373366576841305 -0.838047791573745 -0.528245262214029 -4.00018685735339 0.0290583925120343 -0.202181593870133 -0.19715304745488 -0.381725170688813 0.445169389366452 0.484144203626059
"95" 0.648686966980991 2.50587485014586 0.70345764058906 -0.459095485301827 0.294912796082893 2.0284371936734 -0.235038434806395 -0.724457581858218 -0.492830917880471 -3.5761768153757 0.0433496908168896 -0.150821798432943 -0.195846231619895 -0.426322856888105 0.288397993148429 0.472865214623269
"96" 0.576389523627822 2.25730065808971 0.198376538341832 -0.303671664394226 0.220638558900162 1.70012599274757 -0.0401311318624297 -0.532774245435006 -0.452088692600113 -2.99373838758789 0.0500279244458457 -0.0961569987559727 -0.169971588471759 -0.363977136928918 0.0817212568342676 0.432646569522355
"97" 0.4798912501891 1.9673407243444 -0.49153512373449 -0.0660198728856543 0.112793280356222 1.30025862726419 0.20828985647616 -0.259635662452304 -0.402376433753963 -2.30048289389341 0.027910032095157 -0.0768836943116398 -0.139327149912811 -0.248283677618412 -0.0527624659202459 0.32472800833812
"98" 0.361957881486975 1.63508621253876 -1.31540085374046 0.241016356269535 -0.00194042149127827 0.863677138756655 0.494931986994773 0.0786931848252141 -0.341826094513735 -1.54255171205767 -0.029257921603934 -0.106120323212195 -0.114432486464322 -0.116203086272972 -0.0621160026438901 0.141255979599947
"99" 0.233084043647864 1.27720512606676 -2.16201389893359 0.560209765712948 -0.136509520703106 0.40400686709871 0.787503950959561 0.434533114377855 -0.27376008597026 -0.75397446383629 -0.0941099103268087 -0.138779229660408 -0.0793256405455752 0.0537832093699102 -0.0619376429985667 -0.0584964064074427
"100" 0.101655829525054 0.890282073955372 -2.8553286930323 0.815568528935206 -0.265834215148897 -0.0370697175152522 1.03699682394054 0.743211154892517 -0.19644648633861 0.00318749122412165 -0.148306456344894 -0.146694395570741 -0.0348429061235324 0.229443450254142 -0.0974369823392394 -0.227887850157146
"101" -0.0265481327328637 0.455285211761458 -3.18898546809149 0.927353447474681 -0.333116112059794 -0.39642711651101 1.18679865327144 0.934894122818607 -0.104236590520195 0.647331125172737 -0.185201409898823 -0.122991579201429 0.00231387188409438 0.333006945371008 -0.138656162524617 -0.340467436092453
"102" -0.145142906656284 -0.0373908626655259 -2.99718356465244 0.831146409729456 -0.295590513253819 -0.623993244835751 1.19077821968657 0.952022447550805 0.00573609959475965 1.11174935747884 -0.196926951200137 -0.0586461430583434 0.0199035953612752 0.305414271649271 -0.173120373653502 -0.370975540200952
"103" -0.247937214512238 -0.577240259694823 -2.22872624423548 0.509133188517024 -0.140556420691433 -0.699139270391084 1.03281560265985 0.774163410444025 0.130733215947432 1.36501307849257 -0.178687740058322 0.0507397738758115 0.0135469925700173 0.127438598274491 -0.203669882192107 -0.308850811116656
"104" -0.330031742191807 -1.13126860064409 -0.980743651376335 0.0055531820470609 0.111227986145635 -0.635847926206446 0.735857015110558 0.430409359692847 0.261842370970647 1.41863099553152 -0.133037136440634 0.197780300005054 -0.0138436908305853 -0.17623411659515 -0.234910133805073 -0.168553946075384
"105" -0.388136788267487 -1.65019413703302 0.531569989687144 -0.586186920179612 0.413053295384437 -0.475659200549017 0.354140013977597 -0.00997063266046005 0.38573662411563 1.31887550392605 -0.0689754448600592 0.364585920467832 -0.0538186507972255 -0.546743575967579 -0.270162091787217 0.0147833344117316
"106" -0.420492732524102 -2.08122211169589 2.04981009870604 -1.15553408305862 0.708884771272402 -0.271109204398199 -0.0463003277221411 -0.461797932959643 0.488210455116544 1.1267275544285 0.00174266635256926 0.528470464292127 -0.0958398187828434 -0.912648053073586 -0.311091779301824 0.198376108403984
"107" -0.426694433789015 -2.38046035635621 3.3467736642894 -1.6065064095905 0.94982000760118 -0.0692509926119408 -0.407047877914991 -0.848283101632203 0.5576031884629 0.897836703161613 0.0683777010202613 0.667769715273906 -0.130700734557138 -1.21133516603634 -0.357742404369695 0.344879309903313
"108" -0.40758307380933 -2.51968123492766 4.26733519872434 -1.87495148092357 1.10313110428399 0.0974393091821444 -0.687984906515258 -1.11452014989153 0.586666542268543 0.671436765539958 0.123287589360285 0.765006918154146 -0.152407974465172 -1.40079141213789 -0.408589410519536 0.429687815134066
"109" -0.365205695018575 -2.48685064945681 4.73231552762367 -1.9297970248692 1.1531336813159 0.21203218464658 -0.868333269624976 -1.2290947192475 0.572715634164305 0.469105369010794 0.162132344565092 0.807107957042135 -0.158364027291809 -1.46074461100901 -0.460549682174237 0.441835804121702
"110" -0.302754731018459 -2.28292590164102 4.72096684874899 -1.76487320305545 1.09733523983149 0.269483641424134 -0.942151249466288 -1.17899879628551 0.516742609088531 0.299083883331558 0.183009650577665 0.783938187000519 -0.148576106337812 -1.38769058259528 -0.508996999559507 0.381245435415579
"111" -0.224420286350237 -1.91764394808856 4.24870786327739 -1.388330611989 0.941538673019191 0.272031356598398 -0.912634242518125 -0.963368127501029 0.422234665621465 0.161659778436469 0.185379498822023 0.686525182453817 -0.12466086523975 -1.188599565734 -0.54784344212694 0.255242938353092
"112" -0.135153340258579 -1.40588397680126 3.34912531401127 -0.813475292580392 0.695894042327624 0.225593916418961 -0.787554581852728 -0.58905280823466 0.294127980021306 0.0532811674244456 0.169234479981555 0.505752154875612 -0.0890568461919713 -0.875891955776695 -0.569716438972558 0.0758941019192321
"113" -0.0403902244594526 -0.765523919462663 2.06349208714465 -0.0526803896826742 0.372590154972693 0.13764988507173 -0.576583543248871 -0.069109592680185 0.138120978688192 -0.0310115379641984 0.134669350678456 0.232136839423958 -0.0445564664929837 -0.464564834089857 -0.566346638435196 -0.141471785973408
"114" 0.0541452650272805 -0.0192420755258436 0.443460298259171 0.881384121877513 -0.0137386563637238 0.0167490542282123 -0.291480410517467 0.574165522088858 -0.0391432093999106 -0.0963328131444621 0.0821247944288586 -0.141042101428845 0.00578517152317504 0.0271789540753888 -0.529863604536942 -0.378607675443916
"115" 0.142198405675218 0.792503303668418 -1.41458242679585 1.95342952345532 -0.439330221769239 -0.125428582704161 0.04745299314327 1.29675788470846 -0.227484016169787 -0.14705252687725 0.0142381787799646 -0.604466757380084 0.0581450070247203 0.569315220785063 -0.457137749012215 -0.613513337811774
"116" 0.216011074706634 1.58085789678148 -3.28641073507046 3.04807611284976 -0.855128029224413 -0.268643029824431 0.395515690875738 2.00773718801315 -0.406794154000454 -0.185525723827571 -0.0598185127316213 -1.10307700362078 0.106654611374229 1.09937668667564 -0.359203800317744 -0.818771866257059
"117" 0.266134453466129 2.18418064906986 -4.75218105230922 3.91805750802875 -1.17404872749655 -0.379931089163682 0.670739554784094 2.55311008061363 -0.542058651143646 -0.210895526820281 -0.120708047454644 -1.51133733110342 0.142409971301572 1.50619430163587 -0.269385289519246 -0.962013659087546
"118" 0.283950634504348 2.41470549830717 -5.31838117634788 4.25713896618884 -1.2959223818692 -0.422644320115584 0.777481286358911 2.76132716024608 -0.593328421757494 -0.220002612892751 -0.144789456930476 -1.67265918229057 0.155773459603308 1.66173783131358 -0.232081927459012 -1.01383079374032
"119" 0.265833666872047 2.18456561318145 -4.75308226476052 3.91865463491765 -1.17409018179751 -0.379942682720806 0.670908984948522 2.55349437044627 -0.54203395227711 -0.210964825820029 -0.120784646098238 -1.5118808459142 0.142392291025395 1.50633988789152 -0.269114585200617 -0.961934549904285
"120" 0.215554975448295 1.58121982272087 -3.28721227035403 3.04859821887378 -0.855126178137692 -0.268660268574695 0.395667842334256 2.00809884649717 -0.406717378789122 -0.185572782084054 -0.0598864966247565 -1.1035672962104 0.106663086389105 1.09950381707962 -0.358963647485359 -0.818700987009045
"121" 0.141888469819792 0.792663326833466 -1.41490581195156 1.95362754257135 -0.439305568316044 -0.125442236868861 0.0475155316624748 1.29692158879558 -0.22741704420413 -0.147059194067831 0.0142117471844845 -0.604664110993625 0.0581673264402649 0.569366264523372 -0.45704589909626 -0.613488591206867
"122" 0.0540469066390943 -0.0192012309430538 0.44338434150911 0.881424533990234 -0.0137293342668642 0.0167429359395921 -0.291465345244975 0.574209459720704 -0.0391204583441318 -0.0963298678364104 0.082119478861673 -0.141084117817357 0.0057955640461238 0.0271921897560359 -0.529846718423357 -0.37860558274604
"123" -0.0404047383980127 -0.765517131158998 2.0634792227883 -0.0526742971549155 0.37259075588938 0.137648321696646 -0.576580953606367 -0.0691022388293963 0.138124122928902 -0.0310104163910654 0.134668736584515 0.232131716639444 -0.0445545173688886 -0.464561965600795 -0.566345331201763 -0.141472564993862
"124" -0.135154349084743 -1.40588313243225 3.34912346272085 -0.813474323832793 0.695893856282245 0.225593660629889 -0.787554210683614 -0.58905199403778 0.294128120400301 0.0532813499474378 0.169234421303531 0.505751748482666 -0.089056691858312 -0.875891461183752 -0.569716410098451 0.075893814092403
"125" -0.224420407713853 -1.9176439149557 4.2487076976823 -1.38833054750816 0.941538688161397 0.272031254145864 -0.912634200368074 -0.963368053061753 0.422234689751419 0.161659951103477 0.185379496578124 0.686525301584506 -0.124660940093967 -1.18859956388278 -0.547843429865713 0.2552427211035
"126" -0.302754870188204 -2.28292602963929 4.72096692729367 -1.76487326912221 1.09733536462969 0.269483444471869 -0.942151245083942 -1.17899879347495 0.51674262714761 0.299084282592257 0.183009653770467 0.783938357628543 -0.148576259383565 -1.38769077412853 -0.508996964588889 0.381245235258291
"127" -0.365205819746596 -2.48685083813051 4.73231565639912 -1.92979707423158 1.15313385192191 0.212031915504487 -0.868333271838571 -1.22909473784238 0.572715614930253 0.469105915701193 0.162132346368101 0.807108039927357 -0.158364196882409 -1.46074492119793 -0.460549633130546 0.441835725760193
"128" -0.407583156744187 -2.51968139213487 4.26733552925986 -1.87495164993529 1.10313126916928 0.0974391654203573 -0.687984972226557 -1.11452020176859 0.586666532785815 0.671437090451202 0.123287608419673 0.765006947672457 -0.15240810432839 -1.4007916897311 -0.408589410857687 0.429687870031472
"129" -0.426694512998329 -2.38046053356116 3.34677504460093 -1.60650752965643 0.949820306256345 -0.0692508053870753 -0.407048226890156 -0.84828302032682 0.557603263922087 0.897836509416834 0.0683777963078462 0.66776970595545 -0.130700879467099 -1.21133552317673 -0.3577425472022 0.344879613706482
"130" -0.420492830476949 -2.08122235315254 2.04981326910609 -1.15553825925591 0.708885329507773 -0.271108663479059 -0.0463011201403417 -0.461796138606569 0.488210638666985 1.12672684411494 0.00174286992256545 0.528469993874882 -0.0958400330919293 -0.912648646258516 -0.31109206715945 0.198376726305312
"131" -0.388136869214428 -1.65019413989433 0.531573319745157 -0.58619528669254 0.413053723776725 -0.475658737880683 0.3541392374313 -0.00996471416467593 0.385736817644913 1.31887482272028 -0.0689752561343993 0.364584386428383 -0.053818812646236 -0.546743925136731 -0.270162330363943 0.0147837337423482
"132" -0.330031819648282 -1.13126830267429 -0.98074211921307 0.00554453518729581 0.111228003637276 -0.635847846137703 0.735856728007733 0.430416927575537 0.26184249410801 1.41863078353842 -0.133037073494845 0.197778447868199 -0.0138437409674945 -0.176233924531577 -0.234910182643901 -0.168554178098525
"133" -0.247937308869097 -0.577240057574599 -2.22872596158687 0.509128765189253 -0.140556494567482 -0.699139295432424 1.03281559479739 0.774167662913822 0.13073329645639 1.36501306979445 -0.178687753883666 0.0507388102483333 0.0135469527808717 0.127438834729564 -0.203669775130674 -0.308851223253413
"134" -0.145143155761504 -0.0373915416447135 -2.99718346433091 0.83114579927844 -0.29558905154588 -0.623992303203034 1.19077824074332 0.952023818086312 0.00573633758788236 1.11174859182577 -0.196927774811079 -0.058647783236335 0.0199027382212111 0.305412212052999 -0.173115756646967 -0.370977250678401
"135" -0.0265553817344012 0.455257497224344 -3.18898201486337 0.927372173916154 -0.333058850620354 -0.396391112603845 1.18679882890253 0.934904780128448 -0.1042290981495 0.647301964739842 -0.18523280029175 -0.123046844054176 0.00228194611824895 0.332924120689702 -0.138480285384835 -0.340526173424969
"136" 0.101526308390909 0.889785570817456 -2.85526672717223 0.815906383363238 -0.264808295507144 -0.0364248649709094 1.03699988858401 0.743399654865037 -0.196312528022577 0.00266522910265576 -0.148868787540646 -0.147684207233887 -0.0354146877584953 0.227959301378849 -0.0942863370972518 -0.228939392461903
"137" 0.232002498836056 1.27305753204725 -2.16149628275191 0.563032162548172 -0.127938779500141 0.409393699044355 0.787529547033718 0.436107708624101 -0.272642143412754 -0.758337191325999 -0.0988074384921349 -0.147047797337336 -0.084101729107208 0.0413849547853271 -0.0356181824628159 -0.0672806115767628
"138" 0.35775084450011 1.6189306427704 -1.31338524019121 0.252010402572196 0.0314524935953848 0.884659638279074 0.49503172223927 0.0848266673201081 -0.337486910884611 -1.55954470687893 -0.0475559758724612 -0.138328528138771 -0.133031167487018 -0.164499423782779 0.0404051716985574 0.107039158852665
"139" 0.47228887801568 1.93799956448323 -0.487878357285474 -0.0460506281044513 0.173496461814525 1.33836556292403 0.208471223080003 -0.248495074995594 -0.394598082769296 -2.33134126220628 -0.0053248856359267 -0.135384091969474 -0.17307229090889 -0.336018139341669 0.133449328236013 0.262578813038438
"140" 0.570071737538206 2.23245905822535 0.201460380820788 -0.286757766299813 0.272206917049264 1.73238689295186 -0.0399768622355939 -0.523338445054826 -0.445820416422532 -3.01985309284139 0.0218814482893127 -0.145701762448919 -0.198439155920311 -0.438320525682589 0.239428248211023 0.380010011333965
"141" 0.64636689536443 2.49607719598501 0.704656366813385 -0.452414319303406 0.315503924320465 2.04115827219602 -0.234976565498186 -0.720730711988722 -0.490817444921841 -3.58646051575737 0.032236475804402 -0.170385382556972 -0.206925774609085 -0.455736354363506 0.350673836600482 0.452078482896042
"142" 0.697185247639646 2.71674867788037 1.01761411250185 -0.544422954063867 0.301720611127192 2.24716267571516 -0.373354803914967 -0.837361489863333 -0.52818674016889 -4.00206653340772 0.027013933444942 -0.205781794299298 -0.19908415886747 -0.387178401217808 0.456632680602905 0.480316943086891
"143" 0.719241858381984 2.87926041710694 1.16207911895503 -0.57472537025971 0.235833856297282 2.33569651614318 -0.458792549680728 -0.878858171543691 -0.556951178188764 -4.24039365653197 0.00931571996700709 -0.24540778993692 -0.177215367341085 -0.241052877689338 0.544843706066304 0.471291748254906
"144" 0.709446612792781 2.96727611533078 1.17079215314226 -0.559454425624288 0.126227900446071 2.29072590858666 -0.49785927583678 -0.854725812394149 -0.576517767089489 -4.27259780263872 -0.0169578688600251 -0.281496097304647 -0.14509005206604 -0.0317234007126904 0.602001269537995 0.433741450577884
"145" 0.66545914807371 2.96570481544934 1.07889373389182 -0.515148075654507 -0.0184336373589307 2.09242477173623 -0.497756036563187 -0.775563435252606 -0.585927431729167 -4.06382822192913 -0.0477658877631816 -0.306126870434184 -0.107119167020913 0.219758039029071 0.615438271861533 0.376885975637592
"146" 0.598294479805 2.8740779053767 0.921581575778624 -0.455623363639111 -0.213858903144754 1.71287598267187 -0.466065926867462 -0.654608574111677 -0.569794738366122 -3.56361958398275 -0.0793241252032187 -0.313972460657041 -0.0556172267657734 0.450068285530925 0.581733245909966 0.310312196241469
"147" 0.599904971972131 2.76816211608117 0.742795508373373 -0.383690649114307 -0.635384416021238 1.08892795932279 -0.414434269156286 -0.522640036163855 -0.416239399987946 -2.64676567194189 -0.108877589169885 -0.31478258283731 0.0999126779571283 0.35748767585551 0.549567274063158 0.247684481552383
"148" 0.859990421489074 2.82420100538561 0.596458035682832 -0.288643056104947 -1.64472898564963 0.141153003160041 -0.360576235879097 -0.433127048791516 0.0986988340501295 -1.13735822259684 -0.134519114821286 -0.337157977294808 0.54697465737376 -0.636432851238901 0.632553552424932 0.207371201050059
"149" 1.16738122795716 2.92336378918989 0.466064422553645 -0.201328904989388 -2.74975756434383 -0.885681838698115 -0.304506514893715 -0.356594419403812 0.673559091603599 0.542429292681209 -0.147864294371316 -0.340216442112535 1.02580264080359 -1.88496265104738 0.705831983965006 0.181328231491975
"150" 0.887167610862224 2.60899130483819 0.263479918901401 -0.195260153198898 -2.56930404276064 -1.43253756158854 -0.225990260436995 -0.174428464015318 0.463883686636463 1.3805797403761 -0.13621220051795 -0.213860406780562 0.815320836583545 -1.4482212989065 0.396866454438969 0.1330817018505
"151" 0.226827086450506 2.0510089660923 0.0227483756637579 -0.24066996953124 -1.52402129089486 -1.56428590061512 -0.138087390568066 0.0639962242161083 -0.271207249919335 1.54174802812976 -0.104178831354676 -0.00451103228405003 0.138719408291023 0.0693698535683965 -0.145533658691514 0.0727516091707088
"152" -0.196765660858763 1.70524619868856 -0.151969127868092 -0.259998994202629 -0.905524164393785 -1.65669995277055 -0.0712164805759325 0.223918862650569 -0.73138741230894 1.76981635580184 -0.0666922168787469 0.160892617864388 -0.316882423873873 0.832788187540151 -0.513568876816515 0.0349648402784126
"153" -0.385142360992065 1.51899904020211 -0.2549956658219 -0.246586401154728 -0.733449375368216 -1.72836565560118 -0.023565293562998 0.306003380108866 -0.895865606378735 2.10013361518925 -0.0300410784526908 0.268858282061153 -0.53135516542466 0.84674015060656 -0.685421366072276 0.016695460397159
"154" -0.513116712401612 1.31332777540789 -0.308110045446199 -0.216263405505495 -0.659052039508295 -1.67426862141578 0.0139656860162655 0.347101793582201 -0.971306029678886 2.32957843431602 0.00347742607958723 0.340505707827344 -0.677992631036633 0.645662608252895 -0.752416592788411 0.00537626530318391
"155" -0.630549361229599 1.02866569841572 -0.315853638044308 -0.17318075260984 -0.581443664088438 -1.44728915356457 0.0429988772147833 0.356835176862305 -1.01522857492004 2.36924717302198 0.0314160333006528 0.377972878105272 -0.800570082568217 0.408765609171731 -0.736381101423849 -0.00334396952397498
"156" -0.73590288320567 0.663059550326446 -0.279426681596063 -0.117644920044533 -0.49807710275598 -1.02821632007405 0.0623699227226509 0.335316760088162 -1.02777002467545 2.17702040412164 0.0519735206149529 0.378044060213721 -0.891841673850071 0.176198671135384 -0.636827883883222 -0.0105606539504848
"157" -0.8197337572879 0.234057904814223 -0.204895154105718 -0.0512077126676633 -0.41782159606284 -0.421266548793427 0.0713935218612292 0.284477974740954 -1.00494277930725 1.73688494008777 0.0644447197537293 0.340966330251771 -0.939736011389214 -0.0292575961957137 -0.460469143702053 -0.0169177845693014
"158" -0.87150324105304 -0.227736974185035 -0.104546638932819 0.0220547354916931 -0.348079863351069 0.331946793609982 0.0708816178077631 0.210705668914899 -0.946429219628767 1.07706469138813 0.069361248594084 0.272780912110601 -0.935188976314812 -0.191379741340421 -0.227527109421721 -0.0228901280335378
"159" -0.881346921539818 -0.681200920452774 0.00390700833837054 0.0951804916726502 -0.291875250652558 1.14476225713318 0.0634121057978883 0.1251744594004 -0.856714845868732 0.282481476058068 0.0685139581094945 0.185835038377306 -0.874733240171128 -0.304592977603539 0.0277110850923599 -0.0286451907120231
"160" -0.841734081821575 -1.07958747292238 0.0998097506876559 0.158921682412258 -0.246435116962335 1.8926908813768 0.0530013937178492 0.0425447520907989 -0.744326845985694 -0.511389384137048 0.0646591363742882 0.0973582924271952 -0.761695178873732 -0.375810492817998 0.260904976715953 -0.0339543562183593
"161" -0.749024469644682 -1.37854340667664 0.163531787626632 0.203525754850553 -0.203631794789312 2.43895709144035 0.0441405431189075 -0.0220311541981921 -0.618761766836927 -1.14833361080725 0.0608254019310887 0.0257668177261472 -0.605264023946022 -0.421240428731147 0.426621508411859 -0.0382792974778106
"162" -0.6041951873402 -1.54626703465149 0.180845092231585 0.221295880465346 -0.151666895123134 2.67284467195748 0.0404682853339867 -0.0568422260768235 -0.485123769833967 -1.49828831162381 0.0594195113158019 -0.0144073048672766 -0.4170511297032 -0.459299867827676 0.490001004392639 -0.0410567424181103
"163" -0.411266868075725 -1.57393234105591 0.14558094149637 0.208799315412643 -0.0751471751993312 2.54464557152677 0.0437599965301008 -0.0567481104010108 -0.336691393575564 -1.50092632924925 0.0616168545377442 -0.0166876697568235 -0.205130922147085 -0.504831915609456 0.435738215469527 -0.0421082978203984
"164" -0.172805272214231 -1.48129190404856 0.0590071784820829 0.167468703921759 0.0494141990450736 2.0786296542685 0.0536834329353643 -0.0240424411527851 -0.146711111175843 -1.18431869743909 0.067313831340223 0.0160123385572959 0.0322680108365225 -0.5690291867077 0.269711330482682 -0.0419692170810109
"165" 0.111772903781335 -1.30400605213869 -0.070955101998359 0.10284208263246 0.257025287461532 1.36377381940347 0.0672755269615793 0.0314988979668076 0.130020417349334 -0.661912122782885 0.0747859005223602 0.0711731290428297 0.301945205421634 -0.657769527931654 0.0185822540923759 -0.0417616226306095
"166" 0.43381830387043 -1.05770314328167 -0.223654351452222 0.0256694297934583 0.572973099071932 0.553861425846282 0.0769050560852835 0.0901149789282485 0.519739618156226 -0.135736988179995 0.0792200973628274 0.124225645709419 0.58452949312077 -0.753217376705066 -0.259074875899097 -0.0423103452829423
"167" 0.742196894127303 -0.727843003032413 -0.35474584235599 -0.0437154516480298 0.943257866626906 -0.117556114314694 0.0712354471674022 0.122632069922249 0.944971131450886 0.134309669166737 0.0733357164462809 0.14204629108891 0.796036199389286 -0.793143977959116 -0.462291341613641 -0.0429072245294861
"168" 0.899510283273253 -0.34906665063425 -0.397436879371208 -0.0783790056756537 1.15815794185776 -0.41943908689038 0.0467319550066639 0.109031625337188 1.16774498654812 0.0403472385742817 0.054154049397006 0.108741836589246 0.809308221903351 -0.698196922189954 -0.489773773389311 -0.040219923345127
"169" 0.750219035311051 -0.0653386248077956 -0.308796033667404 -0.0668859336370158 0.974234943383231 -0.345647232824488 0.0181886174548809 0.0636838697040139 0.962927806409603 -0.156540561042399 0.0292061281824327 0.0518695021824875 0.580856240785136 -0.46043864854015 -0.341074910172777 -0.0298444692762807
"170" 0.496756076938103 0.01836946313997 -0.196574762370682 -0.0427573109371533 0.645858630953086 -0.202958964580647 0.00567755663775432 0.0328201939242261 0.627926073857609 -0.182307732587969 0.01484424791484 0.0216306278138312 0.352991328021388 -0.269366401870724 -0.200101382271861 -0.0190063565585028
