"V1" "V2" "V3" "V4" "V5" "V6" "V7" "V8" "V9" "V10" "V11" "V12" "V13" "V14" "V15" "V16"
"1" -0.956056489656476 8.75547811399224 -2.59896923077463 -2.44198024406251 3.48494605580635 -9.79240086441001 0.274618670731343 1.90396024516576 2.57914506610066 9.55276562101665 1.28406556485612 3.09529870016195 -2.15723612307781 -4.28332837975972 -7.81317604547894 1.49454113565662
"2" -1.14775118365205 8.9974050235644 -3.14444137731493 -2.31895835226783 3.60478187960791 -10.3244354546445 0.415128615072661 2.23978931619922 2.69867153404044 10.2276694897673 1.2214557173661 2.94343263554219 -2.33115614145036 -4.46714104960768 -7.70958756742675 1.43817215773925
"3" -1.35513037535171 9.14301348555045 -3.74757160759987 -2.13807655924143 3.68521346310551 -10.8092553144339 0.57707647367738 2.60849879794205 2.79111704230935 10.8884683107302 1.1269216374028 2.71876509096364 -2.50058374921556 -4.60927711701606 -7.46866869599216 1.34700183516907
"4" -1.50927941815814 9.18518527586275 -4.20526024044693 -1.97637262723492 3.71616305269129 -11.1217209212441 0.70370443282701 2.88710462291374 2.83786844887458 11.3450295290122 1.04113508000512 2.51756989231762 -2.61593407808142 -4.68134627963309 -7.21693255935497 1.2616713901225
"5" -1.73510403088972 9.15838454325535 -4.89153232289505 -1.70285448682785 3.72143159839625 -11.5213882304483 0.898558800475371 3.30366006706868 2.875302016524 11.9753607102568 0.894285989029527 2.17739671421987 -2.77076596300807 -4.73950104374842 -6.7521796437868 1.11254526822813
"6" -1.96702969569412 9.03218992700499 -5.6182416758536 -1.38103520548611 3.68025137283429 -11.8755052229338 1.11039472407839 3.74385847681856 2.87700414421707 12.590463765097 0.719494752148762 1.77823786560293 -2.91399542411817 -4.74283216857805 -6.17047248832023 0.931836633528292
"7" -2.20035180168858 8.81164003536242 -6.3755971068058 -1.01830765940758 3.59205271480508 -12.1888818932629 1.33627291190248 4.20215115046994 2.84113612848101 13.1920675881033 0.520556865166895 1.33075245994041 -3.04298787235244 -4.68772618749983 -5.49006825645938 0.723137404955196
"8" -2.4299060317251 8.50517511035355 -7.15214858878244 -0.623948237590866 3.45747288040724 -12.468203273121 1.57259661972358 4.67184283272763 2.76677054260509 13.7826128703916 0.302531062628645 0.848436152191425 -3.15519808713483 -4.57140495735837 -4.73484120180092 0.491341632288822
"9" -2.65025254780426 8.12433477970762 -7.93514691807604 -0.208743327315915 3.27829470484093 -12.7215181305306 1.8152219192807 5.14523666300624 2.65391417404307 14.3648336598021 0.0716100527821482 0.347179434555073 -3.2482402123393 -4.39196423433941 -3.93353422894234 0.242503827168548
"10" -2.8558870674475 7.68332977184195 -8.71099867612065 0.215476325024156 3.05733610525974 -12.9576317505488 2.05960158490007 5.61384766926381 2.50348916759452 14.9413015781465 -0.165068945591997 -0.155322965783853 -3.31996917973404 -4.14841883952874 -3.11872392501846 -0.0163663351704599
"11" -3.0414679467371 7.19851896415184 -9.46579621188948 0.63636532398732 2.79830142155632 -13.1854482843104 2.30095572834603 6.06868079775222 2.31727556415137 15.5139730388 -0.39966623499015 -0.640284743702068 -3.36857321532104 -3.84076720112535 -2.32554511283888 -0.277563755935262
"12" -3.20204675673227 6.68782614123393 -10.1858957592181 1.04162470355232 2.50560800010427 -13.413311885203 2.53446030004136 6.50056474485086 2.09782106366058 16.0837800852819 -0.623923848856634 -1.08862822577066 -3.39267532664483 -3.47008527186938 -1.59023487552258 -0.532989751121931
"13" -3.33328906986748 6.17013020938703 -10.8585116935651 1.41955962849306 2.18420246006758 -13.648395119945 2.7554431360785 6.90052816575189 1.84832590633607 16.6503017174261 -0.829479487237904 -1.48183219960993 -3.39143965156643 -3.03865487176199 -0.9485658955291 -0.774481330412527
"14" -3.43167233014242 5.66465871910532 -11.4722917789472 1.75959966121536 1.83938068829718 -13.8961781355908 2.95957647744308 7.26020051613841 1.57251206769172 17.2115451917934 -1.00819642416809 -1.80278447113233 -3.36467650241602 -2.55012482863026 -0.434244502879665 -0.994151867180335
"15" -3.49464878335539 5.19040816551069 -12.0178374160673 2.05275082244498 1.47662383932246 -14.160053392111 3.14305488340904 7.5722162048678 1.27448642447464 17.7638565352686 -1.15249507546196 -2.03659579657324 -3.31293811528931 -2.00969551970343 -0.0773501086368924 -1.18472665568697
"16" -3.52076341889011 4.76560672106098 -12.4881345545787 2.29195419392909 1.1014597239872 -14.4410794178834 3.30274820615489 7.8305982355796 0.958607135565401 18.3019674900315 -1.25567203497576 -2.1713337211695 -3.23759577986243 -1.42430942540818 0.0971099157741264 -1.33985726953688
"17" -3.50971957354949 4.40722699268645 -12.8788650640013 2.47233300043172 0.71935527593962 -14.7378942329469 3.43632073186291 8.0310963928423 0.629361273291629 18.8191735793152 -1.31219307772176 -2.19863880309276 -3.14088841631201 -0.80282307357129 0.0704617713363405 -1.45439980742958
"18" -3.46238808317304 4.13054925288588 -13.1885747902625 2.59131830276419 0.335641701586638 -15.0467861056577 3.54230962239819 8.17145551073645 0.291259891266989 19.3076262257994 -1.31794777384312 -2.11419134450989 -3.02593296419008 -0.156130251400555 -0.16861642380718 -1.52464390320529
"19" -3.38075937703502 3.94877033968032 -13.4186828712982 2.6486518988022 -0.0445300938499713 -15.3619074102048 3.62015826330605 8.25159157951748 -0.0512455992522689 19.7587120593296 -1.27045485344729 -1.91800370383862 -2.89668825228293 0.502796494687573 -0.623368558592119 -1.5484816475946
"20" -3.26784145841708 3.87265072965874 -13.5733266324119 2.64627308240097 -0.416209742056907 -15.6756075721019 3.67020286823345 8.27365741152789 -0.393824379368198 20.163485636861 -1.16900922724335 -1.6145211571129 -2.75786633693161 1.15897858715198 -1.28856386549523 -1.52550818429881
"21" -3.12751001707596 3.91019243817664 -13.6590468861582 2.58810293169017 -0.774651922271318 -15.9788541768321 3.69361352130397 8.24198519609308 -0.732305615854038 20.5131183674828 -1.01476355258933 -1.21252277735766 -2.61478851564934 1.79564670946274 -2.15045386911152 -1.457048610333
"22" -2.96431977006011 4.06634326479934 -13.6843290117558 2.47974533534671 -1.11531530024484 -16.261707668888 3.69229357213692 8.16290027492187 -1.06269960469226 20.7993267045388 -0.810739425411157 -0.724822640757338 -2.47318715953134 2.39461902634685 -3.18709343323826 -1.34610885696748
"23" -2.78328830648911 4.34272795880815 -13.6590250618842 2.3281277086744 -1.43386632522675 -16.5138147106018 3.66874376194892 8.04440850171432 -1.38120568713867 21.0147464465799 -0.561765671547846 -0.167780600178958 -2.33895885510489 2.93685130819063 -4.3690221189172 -1.19725138658396
"24" -2.59148443032848 4.73326507828688 -13.5944405026298 2.14295952312705 -1.72364399750398 -16.7231664479261 3.62637118058478 7.89724034781193 -1.68151158471425 21.1523205941658 -0.277134981248764 0.433619429499231 -2.21891420620256 3.39927404880768 -5.64805350604183 -1.01818553260819
"25" -2.38902891316008 5.24380934308601 -13.4990493307 1.92742532949296 -1.98806570959115 -16.884930238896 3.56705837468462 7.72725104889741 -1.96785597077075 21.2100024038086 0.0430195950807502 1.07423134908458 -2.11543955231946 3.77453525632745 -7.01753389658916 -0.81093030955526
"26" -2.18421352895643 5.85901028088665 -13.3837011683559 1.69308041767863 -2.21840949105098 -16.986086340725 3.49470094096239 7.54705264368431 -2.2317245973602 21.1814812154271 0.384821085869817 1.72127528812052 -2.03539279015402 4.03695229827554 -8.41098530458839 -0.58624842575955
"27" -1.98174836044831 6.5651161590813 -13.2570442752526 1.44839022305996 -2.41151483671663 -17.0187462315623 3.41251821439403 7.36649319908338 -2.47003469792548 21.0649703144973 0.737993642958827 2.35159095299241 -1.98239160840828 4.1721448418109 -9.78088479229882 -0.352580411046802
"28" -1.78573873695046 7.34445618414156 -13.1257108849904 1.20125786197968 -2.56477194587265 -16.9764730732843 3.3234433469645 7.19426941355505 -2.67995160411866 20.8601146952224 1.09173914650569 2.94289633977678 -1.95868656710545 4.16958800648695 -11.0798550650743 -0.118427649322257
"29" -1.59955551766785 8.17568146274698 -12.9938532163246 0.958761701976528 -2.67625372094236 -16.8544304756724 3.22997798385938 7.03732875242804 -2.85893485263117 20.5678145643392 1.43514808470627 3.47481307061025 -1.9649368337395 4.02358452480257 -12.2626849891767 0.108043475600425
"30" -1.42575242733142 9.03417449044991 -12.8628463743148 0.726962003159315 -2.74485140914163 -16.6494560235442 3.13408147338794 6.90036318355487 -3.00479882264607 20.1900033038416 1.75762245161195 3.92981032238822 -2.00006272962551 3.73407021177945 -13.2882887326286 0.319382399167807
"31" -1.26603228233847 9.8926390686911 -12.7311813605456 0.510778523991121 -2.77040016110129 -16.3600708149743 3.03710067955558 6.78543436374457 -3.11578455922125 19.7294093686855 2.04929119280382 4.29401481482637 -2.06119114300546 3.30717480661838 -14.1215024210651 0.509199201347656
"32" -1.12126091501949 10.7218712587392 -12.5945595171752 0.313936602810372 -2.75377974752232 -15.9864384544808 2.93974389220762 6.69176353348621 -3.19063742202187 19.1893311130991 2.30139807256455 4.55783901262839 -2.14370473960432 2.75546986973995 -14.7346200480297 0.672453350067372
"33" -0.991524833255539 11.4916987776328 -12.446186828764 0.138975600526919 -2.6969761376333 -15.5302873215223 2.84209955870961 6.61570989101165 -3.22868369814856 18.5734501393597 2.50664235577801 4.7163876750019 -2.24139961841004 2.09785163679226 -15.1085795828167 0.805668493005214
"34" -0.876226306573813 12.1720622461553 -12.2772534349047 -0.0126891358095236 -2.60309163796862 -14.9948087501355 2.74369775999094 6.55094933757027 -3.22989848789585 17.885702895845 2.65945449762694 4.76961401237349 -2.3467490295956 1.35902878071101 -15.2337259664309 0.907059017052234
"35" -0.774207774006015 12.7341981339987 -12.0775712973204 -0.140661407142943 -2.47629468986872 -14.3845413975275 2.64360968622896 6.4888519245319 -3.19495712152883 17.1302225757051 2.75619211776325 4.72221058051946 -2.45126346672669 0.568611589239936 -15.1100996075365 0.976558954302163
"36" -0.683896302010169 13.1518713441528 -11.8363320317176 -0.245427868390834 -2.32170497241214 -13.7052490129449 2.54057799231703 6.41904199703004 -3.12526310689227 16.3113546813256 2.7952457830454 4.58323593791283 -2.54593038909573 -0.240171708361686 -14.7472260693539 1.01574971069203
"37" -0.603458313325973 13.4025962407495 -11.542938180608 -0.328201809486472 -2.14521476972692 -12.9637955105225 2.43316897165425 6.33011095227857 -3.02294709417895 15.4337407630205 2.77704929745778 4.36549503830611 -2.62171053612937 -1.03207600695009 -14.1634132787149 1.02768967316661
"38" -0.530954933649014 13.4687794517736 -11.1878552517446 -0.390757858395318 -1.9532531676694 -12.1680181442628 2.31993609448284 6.21043980149625 -2.89083342950857 14.5024566566681 2.70399495089441 4.08470812406813 -2.67006276298085 -1.77167452276899 -13.3845946506099 1.01665555628279
"39" -0.464489002893799 13.3387165698882 -10.763429097542 -0.435267271596331 -1.75250502279505 -11.3265970248528 2.19958369959068 6.04907839053431 -2.73237336983301 13.5231847580385 2.58026008146726 3.75851822630284 -2.68346595507722 -2.42532137290436 -12.4427875310303 0.987811832586885
"40" -0.402335974588027 13.0073782057839 -10.2646138827349 -0.464141953574199 -1.54960127906287 -10.4489174527528 2.07111955481923 5.83662114672825 -2.55154669345962 12.5023950731111 2.41155688260255 3.40539992226331 -2.65590519304666 -2.9631178295158 -11.37426368866 0.946830208355095
"41" -0.343052452575989 12.4769286400715 -9.68955998761749 -0.479893631583764 -1.35080063155138 -9.54492069518255 1.93398562165146 5.56601629407987 -2.35273600913663 11.4475073705457 2.20482216146775 3.04354056032025 -2.58329009570636 -3.36074993625743 -10.2175497212429 0.899485308647854
"42" -0.285557865747307 11.7569321578903 -9.04001851853945 -0.485012852805085 -1.16168436998839 -8.62493890763881 1.78815764134765 5.23324707679512 -2.14058028448073 10.3670069075752 1.96786730308827 2.68976876686793 -2.46377621530272 -3.60106613278913 -9.01138805958362 0.85125509370846
"43" -0.229186617819323 10.8642173409894 -8.32152924994443 -0.481870776918186 -0.986886257805736 -7.69951080393366 1.63420603582961 4.83782977464944 -1.91981575540878 9.27048887284764 1.70901068113835 2.35860310914359 -2.29796535055138 -3.67527458087807 -7.79279222724654 0.806954709238198
"44" -0.173709850813395 9.82238719641828 -7.54337122474044 -0.472645175484104 -0.829877427103696 -6.7791762373588 1.47331297964683 4.38308393458738 -1.69511328766212 8.16861163807789 1.43671498382037 2.06148614544145 -2.08896741621297 -3.58366070024886 -6.59532245797163 0.770430359982129
"45" -0.119327621547882 8.66098194752158 -6.71826918219904 -0.459270674089566 -0.692822614125419 -5.8742498595675 1.30724321510559 3.87614468573702 -1.47092133705972 7.07294572712181 1.15925035202827 1.80625609942581 -1.8423146511102 -3.33575488918314 -5.44768992154241 0.744335442897864
"46" -0.0666337350421031 7.41432045050533 -5.86186366704851 -0.443412091656683 -0.576518877807217 -4.99457623646981 1.1382690955769 3.32770432643747 -1.25132291660604 5.99571353144302 0.884400986715946 1.59689087864899 -1.56572794588917 -2.94991660158735 -4.37277087041366 0.730004867713433
"47" -0.0165566456523152 6.12006439307106 -4.99196723921523 -0.42645874237769 -0.480421677448163 -4.14927101145804 0.969053279847003 2.75148936422647 -1.03991349339791 4.94942360069854 0.61922826945829 1.43353841528733 -1.26874434845058 -2.4523413396862 -3.38707811067252 0.727435695778695
"48" 0.0297192915961659 4.81756563370209 -4.12764281684395 -0.409536752630629 -0.402756348756981 -3.34645472467469 0.80249529250068 2.16349849493281 -0.839704697858565 3.94641213313935 0.369897884108468 1.31282495877531 -0.962223741485275 -1.875538678353 -2.50069916026223 0.735373577059363
"49" 0.0708473654960926 3.54607034755463 -3.28815204376178 -0.393535796881224 -0.340706226098831 -2.5929875909469 0.641550643612845 1.5810451733546 -0.65305634599649 2.99831243546896 0.141572462222257 1.22841085671462 -0.657760688213642 -1.25636893497767 -1.71767163279037 0.751495693933975
"50" 0.105421706041227 2.34286334556282 -2.49183098701724 -0.379146147500251 -0.290662514450105 -1.89421481933027 0.489033217191491 1.02166404737272 -0.481636836824848 2.11548002135669 -0.0616345234006985 1.17174340928614 -0.367033957629559 -0.633760354387505 -1.03673028728736 0.772672808867355
"51" 0.132084945178178 1.24144153302632 -1.75495687989132 -0.366901569214861 -0.248516080781968 -1.25373288318701 0.34741306790761 0.501952364447789 -0.326409758823473 1.30640617966537 -0.236652958466721 1.13294035675426 -0.101130827129737 -0.0462548273221728 -0.452330165828243 0.795286287779163
"52" 0.14963530910444 0.269806700695426 -1.09067263181123 -0.357223371664986 -0.209968078118095 -0.673187518110808 0.218622517954145 0.0364245234163718 -0.187642778298382 0.577155908105397 -0.381411557696993 1.10172692045671 0.130114418357579 0.470454084974108 0.0441708308953821 0.815571284285397
"53" 0.157128423862332 -0.551035348282312 -0.508035215724703 -0.350460871753057 -0.170835044594924 -0.152114156757307 0.103883466872844 -0.363540407886376 -0.0649337831319343 -0.0691331342586636 -0.494770016916846 1.06834511902343 0.318728480161184 0.88582318546446 0.463296641222769 0.829955064757087
"54" 0.153969538498984 -1.20828978268355 -0.0112497911113678 -0.346923643466653 -0.127324973374243 0.312168972570589 0.00356810411255992 -0.690582385431298 0.0427510639828341 -0.632655611841528 -0.576443678806527 1.0243567919315 0.459116784265774 1.17644270054438 0.816329728957498 0.835359973534651
"55" 0.139992366443153 -1.6982336533838 0.400856314733574 -0.346901261666972 -0.0762637683700689 0.724605724027924 -0.082896226562184 -0.942008931924192 0.137032230827302 -1.1172162638245 -0.626935128404966 0.963271264772629 0.548459076629115 1.32756194774925 1.11439050294757 0.82944377779495
"56" 0.115521283223131 -2.02666933686351 0.735076527890669 -0.350666801488842 -0.0152562275489458 1.09237677584656 -0.157069353861971 -1.12015650058993 0.220068344977278 -1.53035515168676 -0.647484051017955 0.880944145123067 0.586957847866756 1.33405041413562 1.36780552353048 0.810755829770642
"57" 0.0814141796565195 -2.20893470882129 1.00375515066253 -0.358461158040882 0.057228189841652 1.42479774789831 -0.221481783008016 -1.23243085157719 0.294506262559381 -1.88330269743392 -0.640042278497504 0.775714062958286 0.577922982684242 1.20072655882655 1.5858174373916 0.778795137928682
"58" 0.0390838409858247 -2.26945391813979 1.22439057181009 -0.370456291472692 0.141847615270876 1.73313622883916 -0.27955643038058 -1.29101350563133 0.363429542122788 -2.19075557734186 -0.607275706923247 0.648267525302799 0.52768548167208 0.942031453689879 1.77665119399535 0.733965397834254
"59" -0.00950369055885858 -2.24083357839436 1.41891435512025 -0.386696789390953 0.238453718669291 2.03034567720874 -0.335468981247004 -1.31224338302127 0.430303132053254 -2.47047398930954 -0.55258927097907 0.501246433992492 0.445342983843545 0.581071010927189 1.94791113367501 0.677431462114328
"60" -0.0618547098239901 -2.16253057848598 1.61266645684645 -0.407020630154875 0.346220382108129 2.3307170088915 -0.393950713511799 -1.3157044370696 0.498910330390743 -2.74271039247969 -0.48016602110124 0.338636076205148 0.342349505981218 0.148095397311408 2.1072458800445 0.610890825359093
"61" -0.114997704253312 -2.0791386371061 1.83310400587288 -0.430961693400604 0.46381858417314 2.64945192340133 -0.460041020471522 -1.3230699375672 0.573276919116104 -3.02948896834914 -0.395007152816333 0.164991522869968 0.231970708284706 -0.321476178272178 2.26318632166476 0.536281609696744
"62" -0.1655570986469 -2.03836029971717 2.10829717604429 -0.457638341918027 0.589617061271497 3.00216559873274 -0.53880002806352 -1.35677068721634 0.657577042074628 -3.35376325617472 -0.302957080219585 -0.0154244282566651 0.128633557168712 -0.789345846988454 2.42603949704244 0.455454581308004
"63" -0.209849787315136 -2.08874840571252 2.46527988673688 -0.485634203169866 0.721886389747851 3.40433018379304 -0.634994476609677 -1.43856676755968 0.756016030011502 -3.73848620894341 -0.210696676091857 -0.199509669135296 0.0472050430216768 -1.21678258388329 2.60871018934085 0.36984036793001
"64" -0.244002562505955 -2.27731529040557 2.9283346467796 -0.512879030583463 0.858984394222659 3.87067438255895 -0.752772277900249 -1.58810959803077 0.872687010336733 -4.20563193816542 -0.125688795870929 -0.38611353835222 0.00223830285287363 -1.56705436014795 2.82732372956525 0.280143965712341
"65" -0.264087706150008 -2.64711833572619 3.51729912874407 -0.536539097318382 0.999503203393232 4.41455813994162 -0.895342736504517 -1.82158273466894 1.01140068952184 -4.77521140690487 -0.0560631345156253 -0.576671178121615 0.00722592638265951 -1.80768270182625 3.10153790984441 0.186096762037778
"66" -0.26627312933806 -3.23493626570689 4.24598647065068 -0.552927850618744 1.14236262115841 5.04734475550686 -1.06468023721891 -2.15050589395014 1.17549096137273 -5.46432515686865 -0.0104321121996236 -0.775614768364903 0.073899356217396 -1.91237176669097 3.45445784056574 0.0862918286438799
"67" -0.246982550027269 -4.06915125022897 5.12081139716156 -0.557448387955901 1.28684033876959 5.77779539668813 -1.26126916940871 -2.58077749090262 1.36760267173268 -6.28629481652661 0.00236455258095702 -0.990512643184047 0.211610253992689 -1.86249102026636 3.91210276573474 -0.0218784243406844
"68" -0.203060335647933 -5.16794707093095 6.13970973769801 -0.544579556157714 1.43253632157973 6.61151268739468 -1.48390693583337 -3.11201720245845 1.5894715878005 -7.24991175854143 -0.026417819238759 -1.23190921887726 0.426824742047273 -1.64802585277835 4.50241513802212 -0.142171425177366
"69" -0.13193485485516 -6.53792318576825 7.29142968083852 -0.507916979838228 1.57927580792997 7.55046056634137 -1.72958006588419 -3.73725265559597 1.84170996028363 -8.35883609287976 -0.105050918681627 -1.51286293010708 0.72275490257536 -1.26795108098486 5.25384590829708 -0.279328815697227
"70" -0.0317735490799009 -8.17320862391762 8.55525920456557 -0.440278961159493 1.72696206730629 8.59258675840147 -1.99342574033733 -4.44297442556899 2.12361362345546 -9.61117254532041 -0.240917597599719 -1.84820398442025 1.09914426268548 -0.730024918905428 6.19359206944318 -0.438803696175455
"71" 0.0983774869649778 -10.0551386705879 9.90123586547497 -0.333884857873272 1.87539573238277 9.73157186814205 -2.26878750026822 -5.20956237453447 2.43300798089087 -10.9992420849946 -0.440081128372185 -2.25355669341297 1.55221569402846 -0.0500423045880325 7.3455991980336 -0.626397085055942
"72" 0.258476762980877 -12.1525319761508 11.2908630395909 -0.180610193908706 2.02408157977834 10.9567252771849 -2.54736965827101 -6.0120652266769 2.76615019954218 -12.5095598911789 -0.706866272724028 -2.74419062141897 2.07478170767624 0.749376739343461 8.72846974875756 -0.847827297409822
"73" 0.44740062787281 -14.422577064031 12.6783315620069 0.0276815970469215 2.17204569006202 12.2530427990803 -2.81949010232347 -6.82129537631317 3.11770331106162 -14.1230218527337 -1.04348054870911 -3.33377932578514 2.65650900072782 1.64035845363401 10.353434653578 -1.10826144776365
"74" 0.66289301998637 -16.8123065127743 14.0122185394002 0.298736139307039 2.3176857376227 13.60143461799 -3.07442597234808 -7.60518334073231 3.48079468331017 -15.8152937152777 -1.44970358227442 -4.0331540231382 3.28432173986448 2.59158079831354 12.2225498394091 -1.41184154736402
"75" 0.901557253573401 -19.2606058688693 15.2376071594886 0.63944506524922 2.45867474157544 14.9791247114961 -3.30084132709942 -8.33032189027381 3.84716660037738 -17.5573896200276 -1.92266972676998 -4.84914157713138 3.94292180144316 3.5701775145626 14.3272702052109 -1.76123852462479
"76" 1.15889392542738 -21.7006742987573 16.2985440582092 1.05534050812457 2.59193414019475 16.3602151103792 -3.48728067479715 -8.96361939815097 4.20742075878729 -19.3164204151947 -2.45676441171213 -5.78357178290389 4.61539930344381 4.54360613521817 16.6475321203416 -2.15726596037712
"77" 1.42938720608407 -24.0628268729133 17.1407258244876 1.55007093074619 2.7136859296688 17.7164004149665 -3.62270741000327 -9.47397578798018 4.55135175929445 -21.0564869723526 -3.04364829406086 -6.8325285307692 5.28390342813435 5.48135629807871 19.1514434018627 -2.59858161383454
"78" 1.70663964103699 -26.2775059277205 17.7142852002321 2.12488774773874 2.81958636820764 19.0178104224292 -3.69706209477636 -9.8338928303383 4.86835765769209 -22.7396898994352 -3.67241571362638 -7.98590400069224 5.93034183475919 6.35639452058831 21.7956396089321 -3.08149926925762
"79" 1.98355322200047 -28.2783527675306 17.9765321174923 2.77817673187064 2.90493604522104 20.2339519632028 -3.70181245540073 -10.0209334417823 5.14790891333952 -24.3272244867276 -4.32988577283004 -9.227295828161 6.5370768774246 7.14626814806684 24.5263205883184 -3.59992653235895
"80" 2.25255202640875 -30.0051823926174 17.8944964115562 3.50507101096628 2.96495364604536 21.334715501222 -3.63046522637944 -10.0189518546026 5.3800512194049 -25.7805283475905 -5.00101617736709 -10.5342656486027 7.08758828336124 7.83382201578365 27.2809350365114 -4.14543647960818
"81" 2.50583929890792 -31.4067039336951 17.4471191053167 4.29718302360243 2.99509418654822 22.2914080391868 -3.47900980679219 -9.81902768154032 5.55591327202229 -27.0624488183591 -5.66942237837657 -11.8789550928122 7.56707474612645 8.40751373746184 29.990436926777 -4.70747305943223
"82" 2.73567962015153 -32.4428385540036 16.6269484245604 5.14249065982358 2.99138745638689 23.077771626243 -3.24626527599469 -9.42005146024849 5.66818799277928 -28.1383975428396 -6.31797807370481 -13.2290336446385 7.9629708238102 8.86134477287214 32.5819991945282 -5.27368237604605
"83" 2.9346949210734 -33.0865047052653 15.4412155249934 6.02540767779192 2.95076937145987 23.6709464014402 -2.93410573173117 -8.82892658169158 5.71155539597218 -28.9774605206594 -6.92946817548147 -14.548933100712 8.26536035068506 9.19445204475767 34.9820397507829 -5.83035490232578
"84" 3.09616169547792 -33.3247671840168 13.912193012075 6.92706029035844 2.87137820291221 24.0523386431812 -2.54754413322621 -8.06037182669616 5.68301734699892 -29.5534330469031 -7.48726222198991 -15.8013067735337 8.46727298862285 9.41042687162962 37.1193946264812 -6.36295762735972
"85" 3.21429595208758 -33.1592802167143 12.0767757764133 7.82578073226841 2.75278933093173 24.2083576230852 -2.09466170006169 -7.13632921231692 5.58211887151833 -29.8457502358062 -7.97597504473799 -16.9486388635414 8.56485627543699 9.51644288908335 38.9284639239677 -6.8567303913369
"86" 3.28451230998996 -32.6059940548994 9.98526680906843 8.6978151141293 2.5961661735046 24.1309900022952 -1.58637814392353 -6.08500256414573 5.41103721817934 -29.8402851502744 -8.38208229512577 -17.9549210981095 8.55742129101031 9.5222816966409 40.3521584808786 -7.29731735555106
"87" 3.2961931388416 -32.354682482428 9.28022791496005 8.96402990749721 2.53912786024449 24.0574557648454 -1.41620542016062 -5.73127608872232 5.34302656658524 -29.7752478532784 -8.49145152784683 -18.2383877666907 8.53351777986811 9.50508460690082 40.7144328158547 -7.42339501487731
"88" 3.29876336009977 -31.3374380301884 6.94723714383645 9.76287861723404 2.3369720793558 23.670761305782 -0.855714099684292 -4.56359029910595 5.08720779483014 -29.3682885890858 -8.77232249731071 -19.0096699136084 8.39198192697496 9.39658118281147 41.5628544094388 -7.77392866060836
"89" 3.24852196145775 -30.0174123352572 4.51399494827365 10.4772968516513 2.10565815490233 23.0553038094356 -0.273637785080609 -3.3504295413743 4.77580055275667 -28.6587460075959 -8.9492110525581 -19.5712456761539 8.15535024831327 9.21523612688952 41.9397442459276 -8.04303829326818
"90" 3.14613750175977 -28.4471591966303 2.0575525217223 11.0838922971529 1.85137805755463 22.2231849880201 0.313176533218893 -2.13027182481869 4.41854875879896 -27.6573600244121 -9.01804146798338 -19.9032408329222 7.83226762275817 8.97288116779566 41.8318335044059 -8.22205537184345
"91" 2.99401635246966 -26.6849391880946 -0.344303606464109 11.5619582327899 1.58136617763105 21.1922474895134 0.8875656889129 -0.940904890597949 4.02663281110218 -26.3826305333514 -8.97811309088559 -19.9932616686456 7.43347278891217 8.68048305613695 41.241464826604 -8.3051048173329
"92" 2.79624958734473 -24.7916848077189 -2.61686659036104 11.894659715078 1.3035258216093 19.9855528281134 1.43283109951813 0.182359371167422 3.61210868606491 -24.8605174640777 -8.83209860140209 -19.8370785315819 6.97134114212218 8.34779728754859 40.1864766455683 -8.28942398118306
"93" 2.55848764099682 -22.8279228984816 -4.69221498610068 12.0700932889995 1.02600451408134 18.6306711366414 1.93350848183343 1.20833135351131 3.18730262165482 -23.1238855625629 -8.58590186702156 -19.4389392323756 6.45939047759482 7.98322539748767 38.6993930147537 -8.17554771770665
"94" 2.28774639544196 -20.8508405878774 -6.5125782299674 12.0821414830079 0.756748452379327 17.1588071912691 2.37608089476964 2.11135707287985 2.76420036545608 -21.2116927512623 -8.24838380021549 -18.811491535831 5.91177128558606 7.59385362053331 36.8259704149241 -7.96734722835754
"95" 1.9921517245873 -18.9116719668018 -8.0331440690843 11.9310505327499 0.503068650090881 15.603793417202 2.74959138422946 2.87241590636904 2.35387072041829 -19.1679300856561 -7.83097044182045 -17.9753128212433 5.34276255287564 7.18563510847139 34.6231840201526 -7.67191675588765
"96" 1.68063263062811 -17.0535614909804 -9.2241193091013 11.6236730442297 0.271250860333993 14.0009857618957 3.04611653312054 3.47983715645 1.96596089922762 -17.0403320027981 -7.34716243650041 -16.9580641183784 4.76629249674835 6.76366725011098 32.1567611469918 -7.29930913008866
"97" 1.36257577710865 -15.3100277782387 -10.071899273868 11.1733361704028 0.0662382855661576 12.3861022609864 3.26107018947164 3.92959159210204 1.60829610957113 -14.878887375424 -6.81196897861207 -15.7933043635239 4.19550137256581 6.33251062112765 29.4983881490034 -6.86212839587461
"98" 1.04745632545644 -13.704110108712 -10.5792578093096 10.5993193012441 -0.108589438975656 10.7940466962676 3.3933171255776 4.22513950293023 1.28660818324477 -12.7341942517648 -6.24129208032218 -14.5190180591489 3.64236060922364 5.8964968779012 26.7227283353668 -6.37499500716876
"99" 0.744461396294014 -12.2482322870746 -10.7645349057943 9.92595177532257 -0.25152502874252 9.25776085636767 3.44508871166363 4.37684436754239 1.00440849791883 -10.6557132896471 -5.65128859872505 -13.1759247433401 3.11735920792856 5.45997908872675 23.9043925280703 -5.85390604401618
"100" 0.462123127647658 -10.9447679559457 -10.6598685024737 9.18136879548501 -0.362523072674406 7.80714847913634 3.42170601634098 4.4009892384604 0.763009653164623 -8.68998584013502 -5.05773784337464 -11.8056509993803 2.62926476934301 5.02748868616288 21.1150009036401 -5.31551922029757
"101" 0.207978142422917 -9.78724166475831 -10.3085856133284 8.39599045277191 -0.443072869737051 6.46811194350244 3.33112909319379 4.31845943643361 0.561689204542496 -6.87889139880554 -4.47544179994225 -10.4488544224805 2.18496288229424 4.60377715359982 18.4204653989345 -4.77639470808208
"102" -0.0117307387423011 -8.76205476831728 -9.76193017917012 7.60081228412218 -0.495966609739213 5.2617391729558 3.18336354022279 4.15317818258018 0.397978131090987 -5.2580247063986 -3.91768310929774 -9.14339339229264 1.78937508074088 4.19373617396809 15.8786070291326 -4.25223259034101
"103" -0.192296460586874 -7.85058808895337 -9.07535585186179 6.82561401028352 -0.524983432024897 4.20367305754144 2.98976572340803 3.93039953313155 0.268047474401882 -3.85527426315161 -3.39576302252897 -7.92263619298319 1.44545232381317 3.80220562973352 13.5372029695782 -3.75714569880802
"104" -0.330721766799684 -7.03150723091312 -8.30464677629288 6.09720420751728 -0.5345166909959 3.30368909243566 2.7622954517135 3.67497387842582 0.167159514380081 -2.68968073455994 -2.91863772980753 -6.81399772940131 1.15423809954956 3.43369293113517 11.432535314646 -3.3030073740556
"105" -0.425816774536088 -6.28308368080479 -7.5021450048871 5.4378213505438 -0.529176248817691 2.56549903241989 2.51276870035781 3.40970421635939 0.0901455259895911 -1.77064529003223 -2.49266687708689 -5.83778179244109 0.914992912223028 3.09203826274211 9.58848820220919 -2.8989111124647
"106" -0.478215110941107 -5.58534655950643 -6.71335756059034 4.86380524265087 -0.513399373258665 1.98678941694902 2.25216279549807 3.15390587425145 0.0318709605437135 -1.09754432454451 -2.12148291512153 -5.00639183652311 0.725370146184702 2.78006739174862 8.01621367462758 -2.55077408026409
"107" -0.490307486353686 -4.92189615117422 -5.97418917112236 4.38463738947121 -0.491102681008016 1.55949414702582 1.99002221452611 2.92226843535309 -0.0123490734427065 -0.659788673318644 -1.80598437104197 -4.32395415044084 0.581632145181885 2.49927602556647 6.71436038374486 -2.26110921151121
"108" -0.466095559888288 -4.28123998537467 -5.30899993226512 4.00242520196662 -0.465403601305923 1.27029028496145 1.73400508155385 2.72409711909086 -0.0464160669690443 -0.437343172918645 -1.54445042292593 -3.78637505757069 0.478894801321474 2.24958717047355 5.669834142529 -2.02898137447119
"109" -0.4109728589263 -3.65755303299011 -4.72962395365994 3.71187460597866 -0.43843338533668 1.10129635906151 1.48959914211468 2.56298320462201 -0.0732204252874666 -0.401697478816004 -1.33276854442897 -3.38182957610843 0.411388976876736 2.02921585919546 4.8590364048614 -1.85015239955101
"110" -0.331443157039189 -3.05081227376331 -4.23541022143263 3.50076089197773 -0.41125531272823 1.03094317856176 1.26002236910711 2.43692126928045 -0.0945344786470486 -0.51725296019481 -1.16476173216415 -3.09165422305523 0.372727622806366 1.8346647600838 4.24950692581479 -1.71740826427049
"111" -0.234789891616401 -2.46630858286289 -3.81426643561917 3.3508711252457 -0.383892197577325 1.03497901591686 1.04630849284604 2.33885745546195 -0.111030017534738 -0.743065029248328 -1.03259720046685 -2.89159291180476 0.356168423829985 1.66086072345536 3.80188090778029 -1.62105021774187
"112" -0.1287127497136 -1.91359125751205 -3.44460701977459 3.23935606985242 -0.35545742582292 1.08756448291183 0.847562897176658 2.2576203070289 -0.122413179370987 -1.03485726623785 -0.927254678129316 -2.75332375331345 0.354863091562123 1.5014276685763 3.47205949899944 -1.54952092748135
"113" -0.0209493113619033 -1.40494823222753 -3.09803450424079 3.14039826751741 -0.324374463659723 1.16240795110207 0.661360739034421 2.17915656786954 -0.12765927992541 -1.34720495195347 -0.839029791522421 -2.64617750470643 0.362085941701423 1.34907689835677 3.21348602639591 -1.49012767981185
"114" 0.0810994902023481 -0.953564144670509 -2.74252515572334 3.02707830813006 -0.288661902673169 1.23389029431155 0.484247993562235 2.08797110593605 -0.125321603517179 -1.63577267592132 -0.758046642353861 -2.53894669100191 0.371436020745534 1.19608343424738 2.97941905648076 -1.42981799797417
"115" 0.170721427769024 -0.571525635692524 -2.34585009564535 2.87330556765482 -0.246255374825807 1.2781282788419 0.31229836612988 1.96865478283871 -0.113881988600362 -1.85948474125257 -0.67475369453814 -2.40167899236621 0.377008701796854 1.03480758501291 2.72509729712147 -1.35595935045058
"116" 0.242204963993174 -0.26785632559222 -1.87894568009187 2.65567422180766 -0.195334596051765 1.2739291690541 0.141675318207376 1.80737794394372 -0.0921077915591155 -1.98250884993718 -0.580378506420857 -2.20734987124524 0.373534266014218 0.858215669540414 2.40970026226387 -1.25707427077214
"117" 0.291095582327216 -0.0467617237036393 -1.31895317822136 2.35511074503711 -0.134623659977876 1.20359494984586 -0.0308508578422106 1.59323083063464 -0.0593797515811119 -1.97594316907271 -0.467319624476886 -1.93331764780305 0.35648246555678 0.660353162470301 1.99802204403204 -1.12348531202224
"118" 0.314383751253899 0.093752877578936 -0.651677307826503 1.95819505061627 -0.0636355006646454 1.05354272705404 -0.207475981106541 1.319305353863 -0.0159583869754059 -1.81911390701703 -0.329457952168241 -1.56247886466736 0.322133385947893 0.436727600887934 1.46179278683121 -0.9478306500896
"119" 0.310615385879942 0.162759196766729 0.126736554753279 1.458062683359 0.0171630927530657 0.8147179137693 -0.389061157571177 0.983434242662042 0.0368374804373133 -1.50041393237689 -0.162374892287289 -1.08406186402135 0.267616065568035 0.184566983458353 0.780602615535827 -0.725420382670563
"120" 0.279919775998849 0.176686713033178 1.00904000113132 0.854828002163686 0.106281920056176 0.482788169137166 -0.574982505147432 0.588531803506612 0.0965582103753988 -1.01764120510461 0.0365297648791056 -0.494020662059484 0.190917285963508 -0.0970687319017998 -0.0575952312156005 -0.454414970230573
"121" 0.223954360420919 0.158965543355862 1.97709024847882 0.155505417778386 0.201240248960119 0.0581180466954265 -0.763141871978064 0.142513026070446 0.159665181557948 -0.377826915782634 0.26802122754043 0.204982249822933 0.0908637205957916 -0.407331245561636 -1.05640267608942 -0.1358199533679
"122" 0.145770208436318 0.139041690990325 3.00300473362631 -0.626555586231007 0.298699493904763 -0.454463818805152 -0.950134392868108 -0.34219817407984 0.221684891474389 0.403424959670019 0.531109424542819 1.00398852249782 -0.03291876231782 -0.743775808003193 -2.21129506896068 0.226695919791382
"123" 0.0496063682426779 0.150825783418441 4.05115826721703 -1.47266891309619 0.394683760686291 -1.04608215291364 -1.131554707747 -0.849528023551557 0.277463103043274 1.30303475287451 0.823214604724171 1.88851076487481 -0.180064393810227 -1.10268010581785 -3.51029783243757 0.627139736225217
"124" -0.0593748802199912 0.230681898248804 5.08085076382258 -2.36015874934355 0.484868200297626 -1.70438485635282 -1.30241146599553 -1.36090696084102 0.321497900197031 2.29190243750691 1.14040363349568 2.83959008730744 -0.349540835675441 -1.47945648149812 -4.93496265702743 1.05766058802328
"125" -0.175396598156397 0.415099513487803 6.04942034761007 -3.2639448543905 0.564908900051961 -2.41422570951568 -1.45761042064862 -1.8566239766119 0.348323576261016 3.33662197593799 1.47767819193336 3.835063540595 -0.539731817701096 -1.86911473320652 -6.46157113146364 1.50910469206065
"126" -0.292401912870957 0.738216198370992 6.91554312398921 -4.15824047039268 0.630784290291331 -3.15841591584581 -1.59246076777185 -2.31727217602383 0.352912900772651 4.40134173236402 1.82929380844234 4.85094937088434 -0.748524320706764 -2.26672782817673 -8.06248508349745 1.97161623395004
"127" -0.404395793282333 1.22936965593135 7.64244959868074 -5.01823176863172 0.679117069399524 -3.91849881532266 -1.70315785083085 -2.7251713222272 0.331063836990282 5.44965230826529 2.18908785167969 5.86285359092653 -0.973395669151699 -2.66785261892369 -9.70755941058997 2.43523910090516
"128" -0.505774409493313 1.91085460263503 8.20079912974597 -5.82161308482318 0.707447504589624 -4.67550350942588 -1.78719799249484 -3.06565728818259 0.279738276694175 6.44638576743318 2.55079531551337 6.84730397911335 -1.21149618892255 -3.06886209401659 -11.3655349229957 2.89047654629758
"129" -0.591623339453918 2.79604340120386 8.5709864238238 -6.54986750462285 0.714433437628827 -5.41063744548364 -1.84368772179039 -3.32814128657219 0.197324624777579 7.35922079998772 2.90833335210414 7.78292690356102 -1.45972356456124 -3.46715439390709 -13.0053354897082 3.32877095850199
"130" -0.657967685840163 3.88800113229172 8.74470462620275 -7.18920611966587 0.699958965297867 -6.1058848684952 -1.87351937565711 -3.50686214881944 0.0838026579727824 8.16000598495725 3.25603887467787 8.65139746109344 -1.71478570206173 -3.86121593413191 -14.5972050320943 3.74287379989983
"131" -0.701959943473639 5.17868859026703 8.72565322534774 -7.73110928894721 0.665141936853672 -6.74448693913155 -1.87939703912446 -3.60128086281975 -0.0592026385568118 8.82573649410574 3.58884788458181 9.43811302910763 -1.97324977722462 -4.25053034298617 -16.1136348100663 4.12708570730319
"132" -0.721995076937219 6.64880384100434 8.52935001569358 -8.17244683161471 0.612239351137191 -7.31128956569887 -1.8657099353087 -3.61609572773523 -0.228482353821811 9.33914648849509 3.90241013931859 10.1325628248887 -2.2315762106636 -4.635340169752 -17.5300489250094 4.47735785958866
"133" -0.717746534567084 8.26826811957471 8.18207850674662 -8.51518834346825 0.544458628482801 -7.79295583666431 -1.83826349753474 -3.56088632392402 -0.419414852534516 9.68890800931399 4.19313798737085 10.7283896566951 -2.48613753077086 -5.01628302286781 -18.8252347678444 4.79125707126514
"134" -0.690121613834037 9.99731858033465 7.71906933130049 -8.7657469120154 0.465690792961539 -8.17805055889698 -1.80389030208096 -3.44942254317039 -0.626233100761205 9.86945520462041 4.45819326103856 11.2231628922564 -2.73322341876553 -5.39393658450604 -19.981523952054 5.06780775143852
"135" -0.641139443297902 11.7881320073193 7.1820709542144 -8.93402682202668 0.380188133432824 -8.45701401167412 -1.76997280209741 -3.29869895530283 -0.842367128945433 9.8804782107261 4.69542066559166 11.6179020477939 -2.96903460552323 -5.76831665125474 -20.984746767057 5.30723303329432
"136" -0.573739591294327 13.5868727053871 6.61650700602968 -9.03226631453708 0.292213392505033 -8.62204990378177 -1.74391660108904 -3.12777302871882 -1.06083541139739 9.72615212817027 4.90323980622998 11.9164068462524 -3.18966961983219 -6.1383780956603 -21.8239981608422 5.51062435592758
"137" -0.491533668011925 15.3360362718895 6.06844201718104 -9.07377868205276 0.205689621535498 -8.6669580840869 -1.73261634877008 -2.95649695712837 -1.27465600833714 9.41418188767534 5.08051059702211 12.1244609951063 -3.39110957562323 -6.50156993568362 -22.4912646850371 5.67957309297344
"138" -0.398516000917311 16.9769497352413 5.58158300097102 -9.07169827765711 0.12387943578517 -8.58694539464841 -1.74195606682565 -2.80423654272136 -1.47724782741508 8.9547524648508 5.22638813230219 12.2489826312849 -3.56920711548398 -6.853492444008 -22.9809689580252 5.81579923380195
"139" -0.2987522882147 18.4522876441347 5.19453170176666 -9.03783252740186 0.0491196092735322 -8.37844796279796 -1.77638197782812 -2.68866685371449 -1.66279422296816 8.35947547871592 5.34018310450779 12.2971941700162 -3.71968619003053 -7.1876967418375 -23.2894905877602 5.92081064644299
"140" -0.196066879121304 19.7084722547588 4.93847339019339 -8.98170760874564 -0.0173679122193562 -8.03899521820858 -1.83857917183718 -2.6247239589743 -1.82654509000388 7.64041784467963 5.42124255907424 12.2758784588077 -3.83815944760718 -7.4956562710654 -23.4147200608459 5.99562232787866
"141" -0.0937498397449303 20.6978424377844 4.83544613734739 -8.90987558367669 -0.0755739616182609 -7.56714023590712 -1.92927439946777 -2.62377619827976 -1.9650391811363 6.80928651492445 5.46886332151735 12.1907773806452 -3.92016954509597 -7.76692590393145 -23.3556951266182 6.0405587221685
"142" 0.00569583432138643 21.3804982510133 4.89728372550735 -8.82552639665118 -0.126701909807224 -6.96247308221291 -2.04717679032137 -2.6930588034661 -2.07623503069215 5.87682651580235 5.48224703440883 12.0461744325512 -3.96125962056496 -7.98948937086448 -23.1123583068002 6.05515426553757
"143" 0.100748624302867 21.7257539707234 5.12527043651107 -8.7284214920187 -0.173069902002567 -6.22572430589594 -2.18905730640654 -2.83539407849275 -2.15954601517851 4.85246893855197 5.46050168869056 11.8446856428563 -3.9570764712422 -8.15028043654866 -22.6854602481453 6.03815849401872
"144" 0.190989657480941 21.7131593960103 5.51049161192032 -8.61513915589012 -0.217923783190486 -5.35895531948381 -2.34995718707364 -3.04919764091301 -2.21578210939077 3.74424291123432 5.40269015614831 11.5872649314042 -3.90350769665781 -8.23584904597556 -22.0766178528738 5.98764306775411
"145" 0.27714027101905 21.3330752750344 6.03481444901217 -8.47959720998233 -0.265175596842312 -4.36582199246891 -2.52350637150323 -3.32875115254046 -2.2470072857708 2.55894264280164 5.3079218762241 11.2734121339672 -3.79685128175589 -8.2331316121174 -21.2885197494052 5.90119963465258
"146" 0.361010965996854 20.5868119753618 6.67239259675989 -8.31379823715542 -0.319087866979942 -3.25188818106903 -2.70232558441035 -3.66470497816135 -2.25632679774611 1.30251910451011 5.17547986100908 10.9015557738167 -3.63401296316164 -8.13027562809634 -20.3252560282745 5.77621021169034
"147" 0.445362689343256 19.4863597591398 7.39155836415785 -8.10872751051647 -0.38392749587274 -2.02495796341213 -2.8784809162438 -4.04476138347809 -2.24762248543826 -0.0193526292723618 5.00497186432767 10.4695694392685 -3.41272344578968 -7.91746349163327 -19.1927355441603 5.61016621799354
"148" 0.533687535183674 18.0537535218145 8.15694923734281 -7.85532512216651 -0.463614837686634 -0.695389744907516 -3.04395756175313 -4.45448084710142 -2.22525656080116 -1.40059360939927 4.79649216473763 9.97537120613197 -3.1317643718005 -7.58767916788884 -17.8991435863427 5.40100880053797
"149" 0.629921919614901 16.3201244682223 8.93171121822206 -7.54545177961518 -0.561393300695386 0.723647300372022 -3.19111989685018 -4.87815098987949 -2.19376504323505 -2.83400102905352 4.55077911676494 9.41755048491541 -2.79118917823175 -7.13736409890521 -16.4553862370067 5.14746183376701
"150" 0.736194392937023 14.3595538695054 9.66760947335024 -7.1795013839087 -0.677405764267348 2.19071947071916 -3.31133905709748 -5.29275991979739 -2.15817874658359 -4.28573708941622 4.27430914836805 8.80680800916889 -2.39960620102323 -6.57735500058129 -14.9027380192165 4.85464323803171
"151" 0.858844327721101 12.1678921484404 10.3514282884585 -6.74487820304466 -0.815536542382318 3.72480361498583 -3.40248718266901 -5.69390819264936 -2.12153731823601 -5.78224185318891 3.962581195643 8.12945676770687 -1.95047406738098 -5.89882683695532 -13.2189421074127 4.51646854559658
"152" 1.00006567001037 9.81144788867869 10.9472682024852 -6.24390923086276 -0.974600065736411 5.29114877121151 -3.45910228892865 -6.06347775582253 -2.08750030968503 -7.29642816683781 3.62126173319666 7.39456169161713 -1.45191630692619 -5.11514119037565 -11.4380528568436 4.13796408909548
"153" 1.16205826900853 7.34274934302357 11.4314590264639 -5.6790918077786 -1.15304398935493 6.86580238464671 -3.47848017646868 -6.3889183153965 -2.05865283692535 -8.81159753212637 3.254541750209 6.6081520322914 -0.910410770575623 -4.23908577479961 -9.58355906449106 3.72314199198445
"154" 1.34582610649068 4.81599360384189 11.786361750269 -5.05625029607427 -1.34799803560321 8.42278840599261 -3.45950053191234 -6.65981417310923 -2.03671392959278 -10.3082280890183 2.86749332023714 5.77865115895838 -0.334117110668132 -3.2871693805921 -7.68186687450179 3.2774833933654
"155" 1.5509715852553 2.28545740386926 12.0007534498368 -4.384359285963 -1.55538673171384 9.93474410479348 -3.40259717865524 -6.86817717989879 -2.02249139558472 -11.7642925427213 2.4659667348235 4.91675659256362 0.267252205508527 -2.27906541769471 -5.76177472568816 2.80781418870902
"156" 1.77557866382409 -0.196042121472146 12.0698223010263 -3.67515378564258 -1.77011723696836 11.3737046402046 -3.30964461262136 -7.00859150598217 -2.01589658509309 -13.15582446792 2.05643532874001 4.03515046471875 0.882650250181854 -1.23688318490576 -3.85375156906412 2.32209310468897
"157" 2.01619672342969 -2.57859857029734 11.9948165626879 -2.9425612354612 -1.98632929740003 12.7120027664466 -3.18377492511627 -7.07822070257635 -2.01601412536544 -14.4577057024151 1.64579537899385 3.14806027711529 1.5000000663056 -0.184306060780727 -1.98904888493416 1.82912516968645
"158" 2.26793000095336 -4.81654315287233 11.7824087625113 -2.20200098564192 -2.19769071217729 13.9232402871471 -3.02914247474303 -7.07669440504515 -2.02121872063209 -15.6446296430126 1.24113180142569 2.27070044572247 2.10657556859582 0.854356342789288 -0.19869115574329 1.33821855641872
"159" 2.52462972299895 -6.86961296817117 11.4438471668341 -1.46960369144017 -2.39771925235615 14.9832797203726 -2.85065537233947 -7.00589666855876 -2.02932881723528 -16.6921805865961 0.849462950156976 1.41863313435169 2.68944312535035 1.85515018771457 1.48759948740735 0.858806306110637
"160" 2.77917832301154 -8.70392851283896 10.9939709694527 -0.761405680164899 -2.58011084114193 15.8711998651887 -2.65369302308454 -6.86968034034476 -2.03778539987611 -17.5779589514534 0.477479449821203 0.607091804486117 3.23594253601381 2.79544011763858 3.04248168808863 0.400056396811124
"161" 3.02384796620476 -10.2927514085352 10.4501640369135 -0.0925718313092148 -2.73905402117785 16.5701581260267 -2.44382778060594 -6.67353224656904 -2.04384343474294 -18.2826771225566 0.131292537961144 -0.149687514258403 3.7341818384316 3.65480096749388 4.44201120575781 -0.0295060993776133
"162" 3.25070967545139 -11.616997989529 9.83131545515562 0.523304714790811 -2.86951223428761 17.0681057907592 -2.22656645332347 -6.42421264143263 -2.04476350243475 -18.7911512199585 -0.183793174320158 -0.839083995435431 4.17351778373525 4.41579170412501 5.66653253369623 -0.42234237782759
"163" 3.45206519101995 -12.6654909251852 9.15684475451962 1.07478599744127 -2.96745808776012 17.3583098915607 -2.00712426799117 -6.12938974762619 -2.03799191843432 -19.0931203150906 -0.463469252542154 -1.45062044086626 4.54499324891981 5.06457259636295 6.70139041815673 -0.772189231414814
"164" 3.62087172247402 -13.4349395719489 8.44583689903561 1.55302633343445 -3.03004736684483 17.4396463599654 -1.79024027344957 -5.79728676796503 -2.0213190459331 -19.1838360624674 -0.704564601073912 -1.97637141946507 4.84170449043859 5.5913366729651 7.53741737380551 -1.07427887943413
"165" 3.75113017788698 -13.9296500654509 7.71631824616634 1.95204541611565 -3.05572480848717 17.3166431554442 -1.58003938860281 -5.43635489787471 -1.99300745640179 -19.0643815007957 -0.905130839308526 -2.41122956000982 5.05907495261897 5.99053820026199 8.17116805869136 -1.32547881505161
"166" 3.83821028404645 -14.1609777731721 6.98469093329049 2.26883193673916 -3.04425827046165 16.9992678531893 -1.37994266406406 -5.05498200431725 -1.95188395331128 -18.74169665361 -1.06446825812043 -2.75301895266421 5.19501809636715 6.26091339236768 8.60488824078766 -1.52434669982904
"167" 3.87909100884485 -14.1465468647025 6.26533053073626 2.50328385056469 -2.99670258262263 16.5024705958252 -1.19262408557842 -4.66124304851496 -1.89739209017053 -18.2283090104667 -1.1830926532715 -3.00245541610093 5.2499789693364 6.40530101105537 8.84622368937016 -1.6711009455903
"168" 3.87250141898113 -13.9092734583398 5.57034106053538 2.65800163354561 -2.9152987328258 15.8455090238828 -1.02000958383138 -4.2626952237224 -1.82960451183519 -17.541787325121 -1.26264712010357 -3.16296363206311 5.22685241013957 6.43028205783185 8.90769123038535 -1.76751292937843
"169" 3.81895493791083 -13.4762390431413 4.90945307702418 2.73795908161765 -2.80331781755368 15.0510955377939 -0.863311942531425 -3.86621825813268 -1.74919705516659 -16.7039557813857 -1.30576624993944 -3.24037008171399 5.13078416198147 6.34566763843611 8.80594906769966 -1.81673141062129
"170" 3.75369429838759 -13.0669510933806 4.46565836548098 2.75308121177068 -2.70761344520135 14.4182758098221 -0.762185112766872 -3.58972670110415 -1.68518845605104 -16.0318803349554 -1.31612591811097 -3.24911853454068 5.02229200176163 6.22598278549748 8.64572474461875 -1.8253482918517
