"V1" "V2" "V3" "V4" "V5" "V6" "V7" "V8" "V9" "V10" "V11" "V12" "V13" "V14" "V15" "V16"
"1" -38.9340035698968 13.414985230088 0.0195271191378197 3.79935947161357 27.2207939256552 -9.68879477359269 0.0353040824508071 -2.69071432186888 19.3178576276591 13.3024786042065 0.321424358759543 0.772647280908132 -35.7427089030805 -9.58406497520934 1.15956322533384 1.83808494812547
"2" -41.9804808564664 13.7360693903229 0.107354583715505 3.59958477919099 27.6959798981409 -9.58853117760896 0.0319880661853063 -2.44305048731258 21.6411796911923 13.0708128341489 0.318419785937522 0.569409371288202 -36.7124780189557 -9.27931207545157 1.13552673614686 2.05141192607698
"3" -43.6822106021935 13.2101889483465 0.231786348562082 3.11480901786308 26.7981491106939 -8.69790588258161 0.0258484335572007 -1.95554090166877 23.4528603606989 11.7280451638007 0.288998280350825 0.250396313749661 -35.9691547728455 -7.99646996710317 1.03715354038286 2.2110812162573
"4" -44.0549551516701 12.3109705703955 0.340725541132315 2.61996292984622 25.4135968245665 -7.57472081684023 0.0202220642294719 -1.4828354108588 24.3577673941658 10.0912628369233 0.25163961116607 -0.037952769867843 -34.4997020050857 -6.45690458798595 0.927148293916616 2.28754766096245
"5" -43.5262385712169 10.3630065090911 0.518593935990339 1.764625615162 22.6599191077806 -5.35259201835288 0.0115016086089099 -0.682440417159341 25.064753540541 6.90508404505499 0.177478453128742 -0.514530987537 -31.4111523442712 -3.43229196809602 0.728433548807516 2.3482166845497
"6" -42.0137237453025 7.79835416669266 0.712769346615232 0.820017903170083 19.3944612467385 -2.55830517513414 0.00354434897235478 0.196312866536573 25.1074470563985 2.95045680861494 0.0840195860180302 -1.04213256022194 -27.66586800344 0.402380169186699 0.50120118873383 2.3705639650143
"7" -39.8629164166464 4.91144213414009 0.904425883935801 -0.0966950600486598 16.140608465758 0.508812852134724 -0.0014684718787521 1.05723021620565 24.5391298042041 -1.33748752903921 -0.0186485903147968 -1.58460620429832 -23.9279093254954 4.68189622779732 0.273045306814311 2.38801512669306
"8" -37.4068736322367 2.06158529165805 1.07068805858944 -0.87988236372621 13.3686235772568 3.46702287773587 -0.00130994922039918 1.81404366919242 23.4497423945094 -5.41038568402291 -0.117628545396883 -2.11281646680436 -20.8024009017297 8.90105070968366 0.0687135490516084 2.44858936873788
"9" -34.8835786480065 -0.380503380058144 1.18771447261588 -1.46077628717467 11.392019738016 5.90203563552677 0.00594609209724695 2.41169311530416 21.9426376895231 -8.67890025166525 -0.198997229000724 -2.61396660933679 -18.6999336125082 12.4729801007861 -0.0954089184524491 2.61120304095675
"10" -32.3834865259801 -2.08904900159359 1.23444722555678 -1.82604524677663 10.3025710571238 7.42545522866658 0.02161584836972 2.84214151975493 20.113239010777 -10.5965957992175 -0.249961289591965 -3.09800283005461 -17.7471980137859 14.8089815103986 -0.214716588132433 2.93963741863263
"11" -29.8393449146042 -2.83237959255894 1.19631527486308 -2.02463004885431 9.9594834977205 7.73190623003848 0.0461975745423615 3.15040383831843 18.0343533465346 -10.741162110714 -0.261035247555128 -3.59913999648415 -17.7657307692925 15.4071916809651 -0.296714995656657 3.49463145749178
"12" -27.0581470013997 -2.50691940483921 1.06811250210239 -2.16036343428641 10.0330618041245 6.64535156093007 0.0793066858412885 3.42847971965807 15.7507718370619 -8.8794045976656 -0.22788120164978 -4.17161203813157 -18.3219739483936 13.9349497054827 -0.35808867423475 4.32494435916306
"13" -23.7843038983801 -1.15128144981645 0.855387038654953 -2.37096494888101 10.0890069191014 4.14724272205922 0.119764498958261 3.79745234455595 13.2834126084442 -5.00559993097704 -0.152496984159143 -4.88005377077207 -18.8333357564145 10.2900746342032 -0.419180929195136 5.45856333794654
"14" -19.7766875467576 1.06060473745947 0.573960242968042 -2.79698807650493 9.690419939908 0.382445060772625 0.165819200299438 4.38060694783121 10.6411222574395 0.652344311926754 -0.0435358128181633 -5.78611428156728 -18.7019638131485 4.62968141784518 -0.49722831980398 6.89537737157661
"15" -14.8810259599413 3.84503310750642 0.24758071259248 -3.5466278165477 8.49270456297597 -4.35733829333367 0.215452098828109 5.27253347976853 7.83665132422976 7.65898748788095 0.0843340186654586 -6.93369558326958 -17.4436413767321 -2.63907622296438 -0.600018255372561 8.60249708968331
"16" -9.08242686113317 6.84783855317164 -0.095878658545189 -4.66354852864242 6.31137026194392 -9.66934476933557 0.266707776298517 6.5104052047293 4.90245747899627 15.424615535786 0.211985813305319 -8.33546444644162 -14.7837923141869 -10.9049870728518 -0.721568865472364 10.5129834076506
"17" -2.52879026148071 9.6910298579096 -0.428949783602548 -6.10479636576201 3.15180563166973 -15.0886557701115 0.317984747530545 8.05369365117735 1.9020373229821 23.2766149896734 0.318137829009402 -9.96303348240326 -10.7036044580104 -19.4274992518301 -0.84101365126844 12.528195826686
"18" 4.47735775480874 12.0198193724818 -0.728928069443555 -7.73434478603667 -0.799834752463539 -20.1425865370015 0.368232297029181 9.77738860894078 -1.06647969598868 30.5377736587197 0.382131925512567 -11.7426067363413 -5.43281603564856 -27.4273476304068 -0.925225469709403 14.523500064839
"19" 11.5150042588252 13.5437405296607 -0.981194743410015 -9.33506326702991 -5.21725517146888 -24.4027585973945 0.417016357819193 11.4814675925763 -3.87587179405284 36.6002391098073 0.386849534461248 -13.5571221262217 0.602242071166756 -34.1782666333286 -0.934977580811392 16.3568488074088
"20" 18.1006857554885 14.0670282141236 -1.18085635285115 -10.6383586753873 -9.69402044776132 -27.528186279962 0.46443945985834 12.9162871473929 -6.38363023264924 40.9856815604198 0.321400952406407 -15.2551274492289 6.85900700033335 -39.0860766842986 -0.833745337316941 17.8797767324868
"21" 23.7538848957622 13.5054698936019 -1.33241176064985 -11.3671101932159 -13.809722662871 -29.2947980169038 0.510924103414709 13.8203471156585 -8.45113228758663 43.3853854911722 0.183238590664928 -16.6658363799506 12.7686478759283 -41.7451193925667 -0.597700193007768 18.9504617901403
"22" 28.0608429578851 11.8891149470046 -1.44756962363772 -11.2845855638898 -17.1908556304135 -29.6093487419107 0.556892927001854 13.9641951545539 -9.96408277150215 43.6777658379997 -0.0206038045615742 -17.619006277353 17.8189389386334 -41.9671317855255 -0.225102853280987 19.44844122426
"23" 30.7272481952878 9.35216758951265 -1.54171701963833 -10.2404583042899 -19.5582307059566 -28.5081263327183 0.602400080987536 13.1926936400469 -10.8500434098469 41.9243691656156 -0.2733619964431 -17.9674594400713 21.6182427475994 -39.782840419964 0.256796266923629 19.2901433204388
"24" 31.6130069676913 6.14494282355099 -1.62898520961517 -8.22819399492255 -20.7508998946896 -26.1695747304593 0.646384775930755 11.4780023811502 -11.0904701104309 38.3882961613208 -0.547041822210531 -17.6159918859339 23.9203094896714 -35.4695689817522 0.784199130095658 18.454480875429
"25" 30.7483797555071 2.45255116792032 -1.72234576943265 -5.2914823227984 -20.7648610700364 -22.762951279225 0.688345692910616 8.84055595336622 -10.7219254348449 33.3084714061588 -0.817001323492832 -16.508921475106 24.7083231125841 -29.2806016694899 1.28319068586279 16.9429228958179
"26" 28.2939360210139 -1.36634796536782 -1.82405692805742 -1.69878569470893 -19.6762910557335 -18.6305519323942 0.724779032871083 5.50278784808006 -9.8264490606233 27.1761910573014 -1.0429049614803 -14.6836149803712 24.0348113800635 -21.7852285737411 1.63485471267995 14.8649973766587
"27" 24.5778663784317 -5.00381405133157 -1.9293982447216 2.20106416316776 -17.6983653273402 -14.1181141709858 0.751965373824873 1.76876307952102 -8.53784770010162 20.4828371205203 -1.18982407957446 -12.2567091849487 22.1416635472985 -13.5654072710336 1.72317899226982 12.3881134217372
"28" 20.0241321588749 -8.1809021390236 -2.02585654555151 6.00022850278037 -15.1164435032024 -9.57321358551826 0.765567437589993 -1.99506392795774 -7.01562256428673 13.7232149119745 -1.22829281936356 -9.41376680532994 19.365332387056 -5.2235686253548 1.44572730703294 9.73054178345774
"29" 15.1023533984292 -10.669693867304 -2.09552424821641 9.28966953619238 -12.2475219376237 -5.31763530267972 0.761187173559392 -5.41068250456146 -5.42592674336407 7.3587799834595 -1.13870684707467 -6.38804872021137 16.0872570399972 2.6594537299577 0.734772500021791 7.13527883154165
"30" 10.2755321686548 -12.308943486707 -2.11869880988706 11.7180474726629 -9.39901673740462 -1.62459076917503 0.735055008286167 -8.1416117685385 -3.92257610071186 1.78742884425174 -0.914968153016844 -3.43107168479764 12.6841004586395 9.55989821763728 -0.423234749949188 4.83620362388319
"31" 5.95148191624867 -13.0128769325029 -2.07792531891619 13.0418236756741 -6.83190464787094 1.29837267651692 0.684745176415845 -9.93930176268418 -2.63040534175417 -2.6795104458015 -0.566795801189301 -0.779751392139588 9.48360837555106 15.0400266609824 -1.97365718256333 3.02208079813863
"32" 2.44306649784039 -12.773269676225 -1.9616495333662 13.1581566760178 -4.73251336392809 3.32034262316529 0.609793181928353 -10.6750344298562 -1.6328861325851 -5.8329247902293 -0.120217953036899 1.37403859428014 6.73090486748424 18.771081393985 -3.78863053550594 1.80543958346243
"33" -0.0587320640368034 -11.6553665076754 -1.76674866891972 12.1151557354569 -3.19610229307386 4.39173720186727 0.512095710334961 -10.3520759258845 -0.965409379931884 -7.57420532981905 0.38405441296095 2.90587738195609 4.56862992993933 20.550617327842 -5.67348764850976 1.20328035581042
"34" -1.49629322668284 -9.78850566799883 -1.49946095625955 10.0980611691775 -2.22387115330764 4.54277834088589 0.396001020674134 -9.09642967886566 -0.614975659467802 -7.91620467723169 0.894407546417369 3.76910270343069 3.03254123820284 20.3140302966278 -7.38546918314751 1.1347127725021
"35" -1.94045876647601 -7.35249981067682 -1.17458869513985 7.39426600938532 -1.73329237690143 3.87602515503886 0.268045443740107 -7.1285360659831 -0.526256986208409 -6.97692071219262 1.35397986125531 3.99153063760605 2.06218765355175 18.1394564746543 -8.66342699209054 1.43727862800006
"36" -1.57024564271705 -4.56094475321879 -0.813225930059161 4.34398016790146 -1.57986636558462 2.55355285030328 0.136351079716064 -4.72189291630571 -0.613157115780155 -4.96613631563105 1.70759364488458 3.66016264093923 1.52425143817754 14.2447564115359 -9.26502590522796 1.89957506975043
"37" -0.640105042264167 -1.64271034464946 -0.439575281560792 1.28598372657143 -1.58678686138398 0.77974374446876 0.00976005340612573 -2.15706366818017 -0.774217902518387 -2.16560838193709 1.90909683122914 2.89819817885291 1.24443987152154 8.97524479452932 -9.00610192364911 2.3038792720763
"38" 0.560651113378981 1.1770599142892 -0.0775938808660612 -1.49128419329281 -1.57784036935891 -1.2189249605367 -0.103170148119034 0.319705412741087 -0.909627828241128 1.09606310409526 1.92808591393577 1.84035034080443 1.04267073852543 2.78130463472235 -7.79576591755176 2.46982759199454
"39" 1.75051071942698 3.69505058882351 0.251799458453661 -3.78436846997647 -1.4083767384991 -3.21533272711304 -0.195157822804958 2.52529281931447 -0.937305494241002 4.47212976536048 1.75496909926937 0.612558909066138 0.76595556436996 -3.81397459196296 -5.66086682091918 2.28960595157696
"40" 2.69444973707118 5.74555779473485 0.532416058847502 -5.48948769709386 -0.989508582155054 -5.00239167564496 -0.261021720542544 4.35105793303501 -0.805631338492958 7.62761330916237 1.40348789077598 -0.679392283243942 0.313928189064427 -10.2556114901067 -2.75466266235526 1.74684814768261
"41" 3.23320052150211 7.21258610525911 0.753178382718943 -6.5961177479694 -0.30181347502355 -6.41089082990675 -0.298213695178447 5.75615161167116 -0.500894290959081 10.2677097490532 0.910135858355943 -1.95073838291864 -0.346676237152224 -16.0029647198917 0.653141255988885 0.915180463343859
"42" 3.29913450405866 8.03707923116235 0.907361158031108 -7.16311966891953 0.603441771496932 -7.32267343701915 -0.306984001797673 6.74665717224843 -0.0483415213594753 12.1618566802917 0.330353949724667 -3.12986161012668 -1.18034308642473 -20.577032205963 4.20481457029018 -0.0628071728860959
"43" 2.91692275553078 8.21847604624236 0.991189067074629 -7.28497587464153 1.61545601580951 -7.67780458418611 -0.29016694739687 7.3479540071653 0.493261208177387 13.160950779391 -0.268125356863038 -4.14637080984539 -2.09346709763531 -23.6036776781725 7.49814590042297 -1.01068859783118
"44" 2.18956696978921 7.81034772940257 1.00246120214433 -7.05770787613073 2.58528047399591 -7.47510799155634 -0.252638066309942 7.57927824179069 1.04260490495767 13.2059182806834 -0.81394980789787 -4.92129365596338 -2.95494048588944 -24.8476337534776 10.1390609001573 -1.75866071859491
"45" 1.27271711413505 6.91058694831554 0.939836560341064 -6.55357623073724 3.35363133581427 -6.76630995243522 -0.200545675350668 7.43857664898951 1.51050051781465 12.3268912580397 -1.24164830688392 -5.36503474169876 -3.62264721965585 -24.2330059891501 11.7955493347399 -2.17958067453583
"46" 0.342023096686717 5.64738640711585 0.803170372250861 -5.81076799864604 3.78033541933019 -5.64489460518871 -0.140450283897962 6.90253604831059 1.81579156546024 10.6334764655048 -1.50059903130159 -5.3862862685346 -3.97110104870308 -21.8476797982821 12.2447503243238 -2.21241333385115
"47" -0.440696393731741 4.16291683835698 0.594902923380687 -4.83969074267588 3.77045080276662 -4.23149965690118 -0.078510411416346 5.94192262996785 1.89988805393295 8.2978122921877 -1.56213889671835 -4.91130058950512 -3.9155412592595 -17.9312354597237 11.4060570370493 -1.86861759755993
"48" -0.956615059017622 2.59703397987869 0.322084840062871 -3.64246267193084 3.29275910374599 -2.65812617958545 -0.0198338842537851 4.54739014768347 1.73753107227742 5.53306386139229 -1.42373478810941 -3.90896466569393 -3.42864562638624 -12.8482861259095 9.35529638011212 -1.22172578604659
"49" -1.14944995973065 1.07337823010675 -0.00169231164500161 -2.23815387243667 2.38765824344932 -1.0535002550414 0.0319245859466264 2.75717910003459 1.34201831950691 2.57050650074234 -1.10955580138625 -2.41422858263832 -2.54742315422027 -7.05110030438254 6.31797511107288 -0.38474575325381
"50" -1.03221797935385 -0.310181675138665 -0.355293536435966 -0.68450976967506 1.1632493739728 0.468425887995181 0.0746869943179718 0.676830007505032 0.764022167845724 -0.361726140417886 -0.667310620695844 -0.54166425843141 -1.36952394101172 -1.0365513017905 2.64270596420101 0.517219661560375
"51" -0.680336434088076 -1.48562882438091 -0.710637063568356 0.912111944846401 -0.219686001057198 1.81556131987873 0.107812904360117 -1.51728265748534 0.0841715222704806 -3.0558015524839 -0.1617620354466 1.51729534368496 -0.0398587322483763 4.69737388840576 -1.24130429013894 1.37133361483575
"52" -0.212714547109954 -2.41335048591463 -1.03516225327348 2.40325425184346 -1.57137737575886 2.92003001348075 0.131754429427929 -3.5944543760279 -0.599413461158861 -5.33591650644667 0.334183352603304 3.51590093161212 1.27018286670545 9.69105271166563 -4.87681916846486 2.09251243725885
"53" 0.235265270733635 -3.07622679070118 -1.29591111020636 3.62081300307182 -2.70164896595224 3.73645613762073 0.147589456718151 -5.30423668290496 -1.18660693490813 -7.06453387495276 0.749560477760951 5.18974428702495 2.38764680591112 13.555712234644 -7.83427746981033 2.62774469758733
"54" 0.541415278510158 -3.47121630354377 -1.46446064228076 4.40975346349296 -3.44888086434389 4.23765337340319 0.156528634573078 -6.42156358503553 -1.59123581500319 -8.14422444123556 1.02518850030151 6.30305981598212 3.16330625749197 15.9976547442348 -9.76368666538474 2.95088336893241
"55" 0.623069020158709 -3.6008581165479 -1.52162140644032 4.66190374186408 -3.70478992131052 4.40962469127771 0.159487615228045 -6.79125253506891 -1.75485731999322 -8.51694913143547 1.12188929853664 6.69320996676106 3.49359549833389 16.8344094684226 -10.4365466132949 3.05254710058216
"56" 0.454739254524156 -3.46701041346023 -1.4607891356136 4.34094728695345 -3.43113003557323 4.2477299366501 0.156799044282025 -6.36025681031606 -1.65604511202741 -8.16274886771862 1.02593115844661 6.30268974622595 3.33595104489041 16.0038014258325 -9.77304407847987 2.93086006888188
"57" 0.0735427892027474 -3.06849902556132 -1.28912431089702 3.49115502375935 -2.66567266104744 3.7553538482789 0.148112343855473 -5.18900869197842 -1.31362429858632 -7.09931221926672 0.750937174062983 5.19073770748219 2.71524656211841 13.5669468019214 -7.8515296961923 2.58766169438604
"58" -0.428662608056584 -2.40330360595544 -1.02626304220666 2.22719744723508 -1.51650349577744 2.945538742395 0.132497336219103 -3.43875427578723 -0.783329408031477 -5.38292916845603 0.335991745136425 3.52163094314164 1.72025806858164 9.70557265797333 -4.89924888256064 2.03199423669139
"59" -0.924771872024849 -1.47471173045233 -0.700878519474827 0.708035287269013 -0.145501959012108 1.84505972093211 0.108734066769557 -1.33828260454902 -0.148487460973001 -3.11021879804503 -0.159791413535913 1.53256875727675 0.490537828974084 4.71321402731337 -1.26531650304969 1.28918506516493
"60" -1.27957904503091 -0.299809422580438 -0.345933924782912 -0.897409726301703 1.25643046396021 0.499574434139504 0.0757395804355383 0.861071643278137 0.493663411988109 -0.419095533970903 -0.665481892986463 -0.510943649918772 -0.804473233463341 -1.02074864612769 2.62110674052383 0.410965104674688
"61" -1.37915269660289 1.08199628818329 0.00625613533611613 -2.44284754909313 2.49852500520888 -1.02200660010112 0.0330566031666422 2.93045334812859 1.04770769884442 2.51299229170036 -1.10817691347142 -2.36151956350659 -1.99101675456905 -7.03519128854987 6.30269342905376 -0.519121659424854
"62" -1.15669524451232 2.60285460487466 0.328080334898004 -3.8263879260885 3.4191141882385 -2.62578864417083 -0.0186872863598637 4.69745466051427 1.43524618229014 5.47531198248544 -1.42309646961326 -3.8276041848585 -2.91736060844141 -12.8296135923188 9.3497282682365 -1.38976605955395
"63" -0.609924057886928 4.1647395551463 0.599058728659656 -4.99604334082687 3.9098555486861 -4.19519023690464 -0.0774450867804717 6.06168169597413 1.60711912445652 8.2355456583191 -1.56251147812168 -4.79492686627782 -3.47675298781996 -17.9034027850262 11.4128256262411 -2.07722431438742
"64" 0.193340657098361 5.64320740125004 0.806411510650832 -5.93873865054047 3.93138212643476 -5.59783559562766 -0.139624229782157 6.99020537919978 1.55076908276294 10.5567165870571 -1.50225474120634 -5.2289375445107 -3.62324127167494 -21.7988869919604 12.265659560755 -2.46983732160879
"65" 1.12254553079219 6.89660906010431 0.944063372497567 -6.65772226367335 3.51790434588656 -6.69662608104727 -0.200226054644418 7.49695316531916 1.29165649319543 12.2178528813138 -1.24491629072782 -5.1606376048876 -3.37767050578486 -24.1436024143159 11.8318043767395 -2.49602927517844
"66" 2.00362451298588 7.77961624965246 1.01076963186097 -7.14675324036216 2.7700693693821 -7.36365228952263 -0.253268306847758 7.6143279496323 0.888574704485109 13.0358561526837 -0.819310855699996 -4.66226212293259 -2.82274267792445 -24.6864542089911 10.191786222138 -2.14800622971961
"67" 2.64691694119119 8.15907504446841 1.00820247153661 -7.37028946322971 1.83731877371849 -7.49493361174837 -0.2924603074365 7.36690127239217 0.423651440202093 12.8854623877587 -0.27635288736542 -3.82112779043382 -2.08785110943472 -23.3226990267467 7.56921039247754 -1.49362395895878
"68" 2.87909478338497 7.92977807953139 0.939723805680387 -7.25696453429191 0.892749452540784 -7.0236703369078 -0.312052479912495 6.75563959287547 -0.0113406669302094 11.7141855240898 0.318001398869683 -2.71926841126697 -1.32619569048802 -20.1039312963867 4.29794305029645 -0.67150982527528
"69" 2.57361217688413 7.02779737678247 0.810248939136727 -6.70957360973262 0.104754574850972 -5.92981083619179 -0.307742848910493 5.75736694109946 -0.330117461285113 9.54971470645796 0.891668404804477 -1.4236506868474 -0.688103952480105 -15.2312863821267 0.775251492115785 0.131194135261467
"70" 1.67428116193946 5.43948523015933 0.627181961868246 -5.62982318055947 -0.389751552403254 -4.24424233142599 -0.277501414396056 4.33925552852907 -0.465906948354359 6.49827825111151 1.37588773897119 0.0121901245438494 -0.295238056545713 -9.03248312607957 -2.59200832220449 0.714381203113589
"71" 0.207605660880745 3.20499200567247 0.402009247687147 -3.95165579293462 -0.506058770436084 -2.04671479755825 -0.222174694099408 2.48351637439578 -0.381914361325755 2.73380165355593 1.71385594708067 1.53806188555609 -0.220270370034086 -1.92565471359239 -5.44006213662578 0.905964868492447
"72" -1.71862546760076 0.415993637057909 0.151882285147167 -1.67423451362265 -0.223020339339996 0.542431467497863 -0.145758524929875 0.214396357480155 -0.0763439736564919 -1.5209470703021 1.86736914285461 3.09407093658228 -0.47563214843467 5.62525543164293 -7.49203684204258 0.598724677227437
"73" -3.93054294336184 -2.79189290057002 -0.0995321501850412 1.11467541315506 0.416532677787927 3.37569687015412 -0.0552736030906544 -2.38118290269449 0.418921201946205 -6.01882721520269 1.82065479672565 4.60070424445439 -1.01324084337102 13.1577140953996 -8.58692895246713 -0.225712645798922
"74" -6.21466314431996 -6.25091421893194 -0.322506254053224 4.23216907157257 1.31592275408434 6.29515173690288 0.0397631354751411 -5.14642118411371 1.04562672062349 -10.5151481010289 1.58103713903597 5.9567326950928 -1.73502232891178 20.2544782154555 -8.6904102821245 -1.4913088256435
"75" -8.35085365902364 -9.77572334561592 -0.483281109290147 7.41397532729752 2.34307130120499 9.15005465496597 0.128218427362413 -7.86456187103045 1.73082600485986 -14.7931822900618 1.17657160908061 7.04682718169352 -2.5119980531781 26.5788960253694 -7.88728652514692 -3.04142012211378
"76" -10.1456785313464 -13.1790098790025 -0.547578881031768 10.3474717309473 3.35367509957041 11.8127694300451 0.19847134148722 -10.2854107388271 2.40036808177086 -18.6848368460478 0.651217991832709 7.75750653278374 -3.20813444172563 31.8977941126352 -6.35837961057041 -4.66819000203395
"77" -11.459871939569 -16.286583488396 -0.485166555325577 12.7186401989202 4.21487769357702 14.1906199386226 0.239657231375077 -12.1639283534935 2.99127031497301 -22.0836112763254 0.0584311985601289 7.99731022698688 -3.70437049057296 36.0899591604541 -4.34684367967202 -6.15015727703576
"78" -12.2248837796624 -18.9504374436165 -0.27480175094297 14.264608597281 4.82531717258234 16.2319472511522 0.242885468735608 -13.3034869873075 3.46041392011335 -24.9480954196624 -0.545807585836883 7.71569239749806 -3.91837735249715 39.140242608881 -2.12008748735025 -7.28919790385407
"79" -12.4457451659466 -21.0585921925122 0.0912119032655028 14.8220625769645 5.12825896466882 17.9255716212824 0.202302907432909 -13.5951286209452 3.78800201939328 -27.2957078971494 -1.10952605150419 6.91540633799741 -3.81658336221244 41.1212542458734 0.0665489343118679 -7.93879875852144
"80" -12.1904108274618 -22.5408885847019 0.603598261535353 14.3622772043673 5.1158977204683 19.2939678784492 0.115903890391337 -13.0446663297289 3.97557846385865 -29.1879353822178 -1.59004769250691 5.65492404506949 -3.41658286277902 42.1662318529627 1.9992924950202 -8.01857006136561
"81" -11.5685722524508 -23.370354195652 1.23440357283926 13.0056269221459 4.82460360434004 20.3815451399996 -0.0139770530701071 -11.7815337535064 4.03972677813812 -30.7097451280988 -1.95749712761153 4.04012911746395 -2.7799210022315 42.4377726312703 3.52534140197895 -7.51392953167669
"82" -10.705032271645 -23.5602800104134 1.93738631791894 11.0117898198005 4.3226113406248 21.2402761316307 -0.180520892711002 -10.0464793989308 4.00349094153677 -31.9468408686398 -2.1963148882503 2.20732868797495 -1.997082707966 42.0975250360536 4.56100776626772 -6.46385490818648
"83" -9.71361399522925 -23.1576688675714 2.65062338573489 8.74593869159071 3.69308951576147 21.9153733306498 -0.372635421769928 -8.15896959306656 3.88787927783932 -32.9647994165498 -2.30488200419086 0.301765425218036 -1.16800904108391 41.2815728937128 5.08940392116347 -4.94239406462293
"84" -8.67708986791672 -22.2341764156527 3.30120303444437 6.6253874849499 3.01637755266347 22.4336567031874 -0.575516512037439 -6.46888865996971 3.70553130374969 -33.793755932782 -2.29360102502596 -1.54327896662289 -0.382345040601194 40.0851071049678 5.1499820441677 -3.0405185995769
"85" -7.63695036872014 -20.8759741992435 3.81165066451968 5.05476438976984 2.35521577954592 22.7967007687348 -0.771548360734869 -5.30017895162655 3.45791139848512 -34.4212430176958 -2.18193343416931 -3.22219714809034 0.296332934081647 38.5582163993738 4.82306978271663 -0.853759417936089
"86" -6.59444323099365 -19.1740516928003 4.10755195603724 4.36015712968219 1.74596549595992 22.9798942153666 -0.941527286012274 -4.89587947951782 3.13647703803855 -34.794228000279 -1.99494419874202 -4.6646935853787 0.838964674603858 36.7125177635282 4.21266561572338 1.52167583277333
"87" -6.26030474081631 -18.5786420795384 4.14586296709786 4.35809558881374 1.5661860719141 22.9934539683522 -0.986731537830792 -4.95010530968898 3.01726667135983 -34.846405532604 -1.92451141701633 -5.06504508768558 0.982236249626794 36.060914493554 3.97861035887399 2.29619513804209
"88" -5.17000478963928 -16.5570517031247 4.06590846728159 5.08196033549393 1.03467902989348 22.8678476891305 -1.09326234578975 -5.70834174556353 2.57760186551968 -34.7551208160694 -1.67982140692686 -6.14612539195514 1.3578163209695 33.7765474807438 3.16441362312253 4.7646012625919
"89" -3.99967833292749 -14.3823388646006 3.6553801141381 6.86392643208092 0.543360818068436 22.4405437703695 -1.1319877653599 -7.27580093470078 2.03582923712884 -34.199817684429 -1.4211668573131 -6.94629169601831 1.64519813275001 31.1437553949343 2.31467139508823 7.16816928367189
"90" -2.72724075610518 -12.1206775607816 2.90577732005704 9.49104438756331 0.0669219366484413 21.6579657573593 -1.0904661369035 -9.42680024548577 1.39349188695121 -33.0964691745939 -1.17031682441802 -7.47431279608281 1.88573457554708 28.17116613044 1.51401352016182 9.36846257251455
"91" -1.36253407682648 -9.82964735986934 1.84105485647933 12.6008729032546 -0.414594822393724 20.4837696689715 -0.962317636212333 -11.821505930362 0.669367941851021 -31.3911848020371 -0.943907558086607 -7.74149681266863 2.11142403002873 24.9008527307928 0.825489045866561 11.2104633223498
"92" 0.0444012350733374 -7.56176820411929 0.51943053475361 15.7331667594663 -0.905713304398432 18.9083581000332 -0.748784864853292 -14.0567819907199 -0.0981979394330779 -29.0726892145549 -0.752849656482454 -7.75695735072077 2.33370202834317 21.4119660651959 0.289253639082744 12.5360614224337
"93" 1.40510158736606 -5.36865392979507 -0.968040157217274 18.3974968433831 -1.39029683974059 16.9540286086922 -0.459743018499012 -15.7284597674588 -0.853191032924201 -26.1776805785485 -0.602362330069582 -7.52856434159912 2.53905537320907 17.8148949846397 -0.0765291498755687 13.2067330886202
"94" 2.60450450861345 -3.30447379387897 -2.50247423147539 20.1460826682196 -1.83221721415896 14.6750646668002 -0.113905662647312 -16.4950321696144 -1.52807456971107 -22.7886071459934 -0.492496314131586 -7.06847188062966 2.6921916835156 14.2374137736306 -0.273296854749788 13.1308771141776
"95" 3.52064597041976 -1.4275697303392 -3.94580873949008 20.6404067526055 -2.18150455617638 12.1530578400439 0.261975633129396 -16.1325489846276 -2.05327971983013 -19.0248678881999 -0.419010167904844 -6.40045946596365 2.74546693840762 10.8060758587133 -0.318692552427819 12.2889682032983
"96" 4.04828465606261 0.200544215605078 -5.15274381860263 19.7013551464988 -2.38435927440412 9.48859121883334 0.635015303878959 -14.5719301757854 -2.36835031087122 -15.0295921816332 -0.374482220393929 -5.56561882584356 2.65181027863719 7.62714265228328 -0.242432765277044 10.7492125269346
"97" 4.12152426018542 1.51903427369962 -5.98517497416879 17.3354116283626 -2.39469029537895 6.79095920108784 0.969150551012262 -11.9127271651278 -2.43262036059537 -10.9547692998622 -0.34955802583363 -4.62338961525529 2.37780151365132 4.77139442962743 -0.0816136689754785 8.66799950537097
"98" 3.73054501263709 2.47407217581167 -6.32783026029892 13.7333188308003 -2.18469195469004 4.16776549696669 1.22892680436769 -8.41107131399258 -2.23331625023229 -6.94749303553544 -0.33424210950875 -3.64645657410438 1.91384985752074 2.26627509708624 0.124308718721295 6.2728087623691
"99" 2.92863941206406 3.0266742486383 -6.10341884526315 9.24196892277905 -1.75233035092288 1.71603330347079 1.38371840442107 -4.44358004287983 -1.78943297348303 -3.13950970729456 -0.319141574050718 -2.71010799390206 1.27935562197854 0.0971932674096934 0.338459890630475 3.82952208630741
"100" 1.82766140462036 3.16065903076014 -5.28535099914507 4.31441757757784 -1.1243382594979 -0.484040376206849 1.4118581962008 -0.45274467937179 -1.15052834247928 0.35872317040139 -0.296562883851038 -1.87866952689365 0.521978077097629 -1.78220295469578 0.530826719073957 1.60018300358206
"101" 0.582339993314918 2.88912989508754 -3.90608962632996 -0.553811012574442 -0.354237499383203 -2.37221659899387 1.30408431698152 3.11775962519027 -0.390535523814606 3.45940221133333 -0.26136064728712 -1.19291744116344 -0.288624377532187 -3.43292049584238 0.681215561802674 -0.199982057529269
"102" -0.633819759748121 2.25798579125876 -2.05949154278233 -4.89205333208884 0.484161307571526 -3.90843140643983 1.06573648624021 5.88777688694449 0.402383769669598 6.09514312729152 -0.211447236584263 -0.662486492743483 -1.07119248130152 -4.91034416612229 0.780333656155562 -1.43683257227531
"103" -1.65659808199234 1.34535655608306 0.103905316595046 -8.31515377944743 1.3065480644218 -5.07083122831227 0.717255154764416 7.59526824929753 1.13821143763454 8.21483783821805 -0.147899917952373 -0.266107416638988 -1.74534056223797 -6.24521251735609 0.828746055183728 -2.07519554777537
"104" -2.35780064328719 0.256490926854894 2.38884970952176 -10.5685616427872 2.02944299401383 -5.8526628823729 0.292744983910666 8.13225270069324 1.7375598800146 9.77955092898628 -0.0746475025014206 0.0396800052403705 -2.2437813503318 -7.43013058658289 0.833914577906398 -2.17648122817627
"105" -2.66561244251125 -0.885614497950883 4.5738205510429 -11.5518751075579 2.58114227353485 -6.2590867393892 -0.163367877174437 7.55650650141024 2.14217901580895 10.7601680398393 0.00222485537096873 0.30527546191297 -2.52212703924715 -8.41487906421867 0.806009188854659 -1.87702729363809
"106" -2.57471678687421 -1.95280859997729 6.43419286356948 -11.318585121011 2.91052946644913 -6.30476755948121 -0.601267851749071 6.07734559854134 2.32178418034817 11.1378678141555 0.0754568324257434 0.570361844656873 -2.56461626063924 -9.11206908151939 0.753549176752131 -1.35282928930246
"107" -2.1443008491276 -2.82596875982017 7.76756221507412 -10.0537328862702 2.99247847517904 -6.01271149075819 -0.971694577895732 4.01802560575197 2.27620158824823 10.9076094937318 0.137738551810344 0.849069422474713 -2.38491758165401 -9.41262853494391 0.680050562616088 -0.779502276680432
"108" -1.48440982749344 -3.40881005611118 8.41815720128125 -8.03465795749071 2.82924864386939 -5.41436383931477 -1.23213585964402 1.76110260339715 2.032693983993 10.0839201468989 0.182815560682229 1.12274365585472 -2.02209502862138 -9.20859182364552 0.582656808477623 -0.297147016448434
"109" -0.733371007298501 -3.63935175355437 8.29716806140414 -5.58239905512528 2.44801056006349 -4.55056869556665 -1.35242402892663 -0.314137322466649 1.63920342924899 8.70753268257249 0.206412522132268 1.34314077539602 -1.53271601628717 -8.41909197462132 0.453231998308183 0.0119651212589815
"110" -0.0307472002421036 -3.49738937170514 7.39616370748854 -3.01226674743157 1.89529823193789 -3.47270753500879 -1.31893482801661 -1.89181915659856 1.15496569412034 6.85102352255126 0.206846949241708 1.44589082575112 -0.9807644664279 -7.01462900287038 0.28171399819621 0.128807230357779
"111" 0.508851811391196 -3.00689689496539 5.7915312423379 -0.591566878007143 1.22963690946369 -2.24323328593891 -1.13675418368689 -2.76730326986126 0.640373302095554 4.6216056968924 0.185257158539571 1.37090767518384 -0.427358763924531 -5.03477613524888 0.0608439817988256 0.0868149588932283
"112" 0.815958345238869 -2.23301107758016 3.63895769392184 1.48938481589721 0.51376920086102 -0.934910303994911 -0.82944458337704 -2.87493180240017 0.148009211211388 2.15964154708126 0.145431214448763 1.08405576169025 0.0777966269104127 -2.59548202608539 -0.209088692819932 -0.0500575633195695
"113" 0.876521229196896 -1.27400107111498 1.15823796202767 3.12954712624924 -0.192220247624505 0.371670243241169 -0.436370917993941 -2.29136692146926 -0.283567560641302 -0.367836982444715 0.0932833842362015 0.593589419178898 0.501751766656525 0.116138449768641 -0.516961149540293 -0.212789743964095
"114" 0.730387213516451 -0.249282641305399 -1.39003857599664 4.31242907389242 -0.835952276145122 1.59236664887567 -0.00788753057452141 -1.21435812255845 -0.632357785023089 -2.77841631628962 0.0360707451538929 -0.0439949200226692 0.829704848486244 2.85946519918139 -0.840154480083584 -0.348416184104281
"115" 0.458554168499177 0.71499148426301 -3.73327498695699 5.08698446799099 -1.37556560394421 2.64523187163377 0.401006552621766 0.0790205230298398 -0.89168278207967 -4.88931507878351 -0.0185313334811781 -0.73124697903404 1.06256547509179 5.36821218675414 -1.14700369827187 -0.431187289534137
"116" 0.162106611115405 1.5009910209028 -5.6177113951876 5.53905449649392 -1.78043405964092 3.45706815875747 0.737713628709571 1.28710034889627 -1.06590013975062 -6.53430666399709 -0.0633710701738437 -1.34902867062192 1.21160145477188 7.38430855812703 -1.40199219900751 -0.461941626941552
"117" -0.0625072624288805 2.01313372829827 -6.83758030070658 5.75962399795753 -2.03037608166483 3.96991377670383 0.958845078354329 2.14152682162057 -1.16444679569793 -7.58029457849534 -0.0926679987467196 -1.78305872651981 1.29165840924225 8.69251252863251 -1.57252508099555 -0.457973387907259
"118" -0.146432426506408 2.18928818267523 -7.25898114217625 5.8163684500505 -2.11419418857429 4.14652708846825 1.03587363848624 2.45802999664579 -1.19589684063249 -7.94121947862914 -0.102678066708449 -1.95075522789557 1.31468047883163 9.15018609444951 -1.63561536121051 -0.438736659765709
"119" -0.0645722161882532 2.00801613305703 -6.83550835451933 5.73407401671648 -2.02838687886015 3.97404645516963 0.95886390981866 2.17101762947823 -1.16363755131346 -7.58729762354687 -0.0921147524652497 -1.82109244978346 1.28511861793095 8.70736418437582 -1.58277136371544 -0.413751108688302
"120" 0.158572749888663 1.49107397599983 -5.61368262696396 5.48769305708629 -1.77664602779555 3.46526701695257 0.737773616699997 1.34582711435428 -1.06430401383176 -6.54824357535836 -0.0622913058894028 -1.42200051112741 1.19832514417431 7.41381090794994 -1.42180860606459 -0.377776263165288
"121" 0.454661776981311 0.700909004039204 -3.72750699095241 5.00936154881492 -1.37035752003226 2.65733886546241 0.401148433867547 0.166447390732174 -0.88937897745808 -4.91000616706151 -0.016973252726757 -0.833257654230692 1.0423070473355 5.41189798417872 -1.17510909656266 -0.315207955252845
"122" 0.727594466119399 -0.266578891860263 -1.382829986856 4.20804648150079 -0.829870175881865 1.60808894963338 -0.00761155854399931 -1.09910432172342 -0.629534408063193 -2.80549983414858 0.038047147507541 -0.166854193870677 0.802404979230232 2.91648866381252 -0.87478893071966 -0.211842306453036
"123" 0.876380548030738 -1.29322239893918 1.16653184499364 2.99803709458138 -0.185910373133765 0.390528714388893 -0.435905627378474 -2.14957197973217 -0.280562548895887 -0.400684568457109 0.0956196020217703 0.459748160821619 0.467756137530614 0.185148148495728 -0.556042479114694 -0.0690107808331959
"124" 0.819781324733185 -2.25247173320895 3.64794711429158 1.33064805156391 0.519697061051488 -0.913634641121462 -0.828739684250763 -2.70833539717501 0.150709411643675 2.12200815741016 0.148087579943876 0.950194069548161 0.0379422951559718 -2.51644947153363 -0.250377631320589 0.0862461588403676
"125" 0.517312573402933 -3.02437640296921 5.80080941141068 -0.777409985374106 1.2348238430385 -2.22056019842057 -1.13576978432104 -2.57799347552941 0.642198868919309 4.58059655634224 0.18823717593591 1.24866453630966 -0.471881453365995 -4.94835743793328 0.0195809303804708 0.200301609700546
"126" -0.018033257721072 -3.50985976066477 7.40531922524224 -3.22532378086544 1.89991388637884 -3.45005070544858 -1.31764243104908 -1.68181097806678 1.15539361079624 6.80858625933342 0.210234612775139 1.34745836190996 -1.02881238296754 -6.92415683759054 0.242542358148057 0.203636696940521
"127" -0.718244618003155 -3.64248409595712 8.30579265701999 -5.82410578223789 2.45305878135446 -4.52991134709737 -1.35080131485711 -0.0844347791605742 1.63792858773439 8.66634278741458 0.210431754991305 1.28158107573108 -1.58382630507458 -8.32863360257033 0.417878542903054 0.0312529431248549
"128" -1.47049573714912 -3.39613964658201 8.42584715573548 -8.30978654931096 2.83685511991962 -5.39859724089183 -1.23015383805102 2.01215405246967 2.02979586500442 10.0477597483414 0.18792377458567 1.11293185428076 -2.07726123617249 -9.12312197826418 0.552319588350656 -0.352867817127844
"129" -2.13724154635247 -2.78755923116114 7.77390800466492 -10.3735210529521 3.00611683342447 -6.00625033575216 -0.969296212681684 4.2972440566075 2.27225335738814 10.8820891340338 0.144768935460206 0.909480080255889 -2.44738587300185 -9.33852826789007 0.655180022658897 -0.93511385016609
"130" -2.58232145459237 -1.87321775859527 6.43874727970751 -11.705117351823 2.93515248486563 -6.31459305226235 -0.598338084740703 6.40014965884984 2.31786139061899 11.1317032020097 0.0858264451899231 0.725907109415857 -2.64057679593157 -9.05822157353236 0.733586898193607 -1.64301240892382
"131" -2.69796149424246 -0.740936894137121 4.57603213022958 -12.0437332595611 2.62319116807043 -6.29640730478604 -0.159696146521128 7.95126878305814 2.13975077792293 10.7872870118172 0.018227707531878 0.591323994885897 -2.62119534344947 -8.3947158651074 0.789057463465724 -2.35230327164754
"132" -2.4273518368127 0.502735852858677 2.38794644140035 -11.2276158829482 2.09669857407459 -5.93541949891096 0.297507090966747 8.64544942835096 1.73827576144379 9.86236932282827 -0.0494424283490389 0.507222868443932 -2.37918778932089 -7.4650627782537 0.816288062756939 -2.91075610075495
"133" -1.77830047942552 1.74769011334138 0.098713388930264 -9.23417419033649 1.40776075462406 -5.2272989842113 0.723636564651088 8.29717227337142 1.14361776075577 8.3890923664012 -0.108128183176632 0.455584416922648 -1.933760434845 -6.36994785376692 0.804334071784979 -3.17428526349249
"134" -0.825149735185505 2.89589809806421 -2.07080759601195 -6.20256858167704 0.628367277673192 -4.18216177087561 1.07448280899723 6.87826167095523 0.413600591538284 6.41667766017144 -0.14929668181685 0.414027289240039 -1.33216254403033 -5.18061372349689 0.739690805592545 -3.04701495164772
"135" 0.301634723105508 3.87540638274822 -3.92637447679044 -2.43331517320621 -0.15880718806261 -2.828497679252 1.31617821051566 4.53154352787737 -0.373175092318945 4.01322986918422 -0.165794662007102 0.372903739145841 -0.643536304456575 -3.93606536800417 0.610312041644647 -2.51516594307031
"136" 1.43644262785119 4.65076833208332 -5.31889281011672 1.63717946164979 -0.871778504043277 -1.2178906246786 1.42851218105875 1.55763829259081 -1.12792278885331 1.27047802091784 -0.152453507440896 0.348816033278126 0.0511960702601755 -2.65083296332818 0.409436971614923 -1.66550125362119
"137" 2.40625317886429 5.22850285146797 -6.1564500682307 5.48524484444715 -1.44086441185198 0.570610966013646 1.4063266946215 -1.62368807305916 -1.76432967834131 -1.69001269907949 -0.106384311392276 0.390177993496764 0.671533254935412 -1.33126715273443 0.138251711727207 -0.68237781629432
"138" 3.0599260607944 5.65683139632347 -6.40904340111865 8.56591688742628 -1.81833646000143 2.42797313116307 1.25896279266954 -4.532159215928 -2.21119124153415 -4.7114840667673 -0.0269703207611656 0.572766881814459 1.14920508852288 0.00364845574335959 -0.193188930439646 0.177644656025223
"139" 3.29339554274361 6.01968019237665 -6.10615921767931 10.3872803622799 -1.98404803220581 4.21609618054481 1.00799961293671 -6.69695429100557 -2.42283334487536 -7.6002441004257 0.0843760972188647 0.986006268110941 1.4369772804464 1.3022603194936 -0.566846173063823 0.629431140449014
"140" 3.06570905532931 6.42563416548182 -5.32820180193494 10.5823787317895 -1.94555097809473 5.77352076104944 0.68373954518529 -7.72748344304205 -2.38541218961592 -10.1301600145562 0.224584667214003 1.71321755490499 1.51226903318252 2.46654287214824 -0.958991252926353 0.41261819578358
"141" 2.40245486627873 6.99310861032518 -4.19337668779735 8.96772889811109 -1.73219801396613 6.92666388836142 0.321018425176021 -7.37420958929488 -2.11781314823594 -12.0552201142891 0.389307783273352 2.81063802288554 1.3744064130708 3.34941479371332 -1.34321461861691 -0.656182799459202
"142" 1.38552151454223 7.83341021540127 -2.84196260150884 5.57907279223582 -1.38398872980474 7.50642221260887 -0.0450527328580392 -5.57017039778407 -1.66678261058405 -13.1306423537953 0.573210866392628 4.2902785223414 1.03578366191232 3.76581508742947 -1.69339050816052 -2.64306649604987
"143" 0.130949826292408 9.03357019548002 -1.41995452654828 0.678125692324102 -0.937234091181494 7.36889035367585 -0.382871679937352 -2.44670758710095 -1.09700004404323 -13.1412637707845 0.770117633088717 6.11069246358238 0.508842760584912 3.51756238734265 -1.98599500188357 -5.47665094368858
"144" -1.24062748420192 10.6408570375297 -0.0638728038397858 -5.27173315090477 -0.41020807900054 6.41785019150757 -0.667245827339457 1.67924388813663 -0.477858289806363 -11.9341102697863 0.973014265747111 8.17778133951651 -0.20774820861925 2.42899603844216 -2.20148674219672 -8.95207872944593
"145" -2.63438191771888 12.6507407160507 1.11182227240033 -11.6582887007571 0.207464370463867 4.6258060098171 -0.881175651569492 6.34470770147459 0.130438642061108 -9.45047611323935 1.17397467613114 10.3554137097672 -1.13942852420905 0.387640322926927 -2.32481519470093 -12.7583298393438
"146" -4.00504755473889 14.9998143069597 2.02371841181366 -17.7950114827345 0.958103716151868 2.04988063946485 -1.01646795454394 11.0014567934729 0.688438348647537 -5.75189253999361 1.36411169447251 12.483482971802 -2.33829672036518 -2.61777663871021 -2.34540806877703 -16.5234399579349
"147" -5.36722913133258 17.5648046778615 2.62432232920946 -23.0071295147409 1.90941698548386 -1.16098471894156 -1.0732865376068 15.0892805086403 1.18381816979854 -1.0343220218665 1.53367443426691 14.3995747528243 -3.87468879466178 -6.47020561629142 -2.2571208972804 -19.8690074888582
"148" -6.78775900287337 20.1683291004992 2.90274278345623 -26.7172736863431 3.13740477264207 -4.77028661143777 -1.05886571611791 18.1111186429125 1.63055829069719 4.37406672186262 1.67239449086014 15.9599459005985 -5.81677522234781 -10.9153137892702 -2.05857121265217 -22.4640697667928
"149" -8.35929965243167 22.5914767256618 2.88151058268977 -28.5186569250764 4.70048763582236 -8.47099325133286 -0.985677489140471 19.699193411004 2.06028027790632 10.0341332700782 1.77013457657256 17.0560600939498 -8.20014509787575 -15.5753472873168 -1.75404896812688 -24.069167261041
"150" -10.1268852374581 24.5641367828021 2.61639193742622 -28.2474953702076 6.57486594619945 -11.8615687013803 -0.871550888018533 19.6767528139319 2.49916143860929 15.3509756451085 1.81747934403916 17.6192855138943 -10.94337452273 -19.9180663217649 -1.36217842518454 -24.564874309217
"151" -12.1475040542343 25.9083149510825 2.16919336146884 -25.9720166475345 8.74264372851371 -14.691888483344 -0.730280614242474 18.0676284944843 2.97513850169673 19.9546819954239 1.80949518741158 17.6536089508299 -13.9861295844819 -23.5810583210314 -0.892808033058827 -23.9816834637604
"152" -14.3142027198141 26.394025590509 1.61596237880576 -21.9603025622309 11.0325603698471 -16.624229744325 -0.57850361203964 15.0587376581216 3.46622900091967 23.3249813376224 1.74194166392181 17.1759515400918 -17.0604390537135 -26.0798315326085 -0.377034073670075 -22.4274711079197
"153" -16.4019102023951 25.8633133255844 1.03017196142491 -16.6711498906952 13.19411732737 -17.4334588972042 -0.429975316812147 11.0021346498932 3.90579053807664 25.0995037884968 1.61538719314581 16.2439067603846 -19.8058883344363 -27.0788482932073 0.149140262819856 -20.1076489106053
"154" -18.0491854625009 24.2319403032288 0.475666365600773 -10.6843466284372 14.8989674707003 -17.0070404495186 -0.295531462349345 6.35678786312201 4.17358508651967 25.0741434533829 1.43507725994141 14.93793222979 -21.7713992295833 -26.4066211255672 0.643889825019869 -17.2818467954639
"155" -18.7864695281785 21.5053168535815 0.000240913700508827 -4.62471869873843 15.7790512037444 -15.3648937986277 -0.182609522738062 1.62533279283321 4.10247581857158 23.2361843083563 1.21094133386396 13.351716213394 -22.4667488645341 -24.091025242468 1.06360535573549 -14.2279333719343
"156" -18.0957986181468 17.7853573205448 -0.368013671116842 0.915946495431854 15.4819315191691 -12.6618488901536 -0.0951803729443554 -2.71175075772067 3.49770731277169 19.7723745314424 0.956977283228525 11.5844226400804 -21.4352605708984 -20.3648055781066 1.36822081486025 -11.2092764720437
"157" -15.495466945222 13.2664297212577 -0.621258008130553 5.44805036092657 13.7350832908445 -9.17111083509189 -0.0340239511242544 -6.25481243372928 2.16726509461057 15.0490350095506 0.690031744045427 9.73510620435991 -18.3371042555177 -15.6383122127056 1.52696594104418 -8.44915282086004
"158" -10.6368414384935 8.21997082143207 -0.769446214008894 8.63526059708965 10.4074605039248 -5.25024031296789 0.00273438919418822 -8.72846165007581 -0.0406009641947094 9.56585165198703 0.428103937642391 7.89867110345222 -13.0283738722096 -10.4424842283011 1.52342929314182 -6.11413336690748
"159" -3.3960321831546 2.96902277661866 -0.835431524216801 10.3216689787332 5.55534855795406 -1.29427003845876 0.0189178860015318 -10.0045845520806 -3.19862781674908 3.88966411026558 0.18839518432128 6.16230292948603 -5.61947596560503 -5.35096732298689 1.3588305693047 -4.30638905460364
"160" 6.05849017612422 -2.14438371339202 -0.848600294038079 10.5332151970943 -0.559031288424194 2.31690037465887 0.0195150361562355 -10.1033943472642 -7.26778642968742 -1.42158421839304 -0.0146122957066837 4.60145859935437 3.5018504661823 -0.894740586063563 1.05269356906138 -3.06360463501187
"161" 17.2392823771793 -6.79476849472303 -0.838242951383108 9.45554367059231 -7.48337508557097 5.2683264746679 0.00990736930612002 -9.17453956893428 -12.0779749030299 -5.89238532589843 -0.170749672163765 3.27514717892336 13.6922547053302 2.51535586846194 0.640617965527781 -2.36469926437712
"162" 29.3655934429164 -10.706793022171 -0.827892084762425 7.39368271989588 -14.6262466420084 7.34874830582476 -0.00481236424889175 -7.46315892077268 -17.3284901709656 -9.18843459964683 -0.2751707570294 2.22107882380078 24.1204829263029 4.64391967703796 0.16944449114817 -2.1396865149145
"163" 41.4436533831022 -13.6822334168282 -0.831629681974391 4.72093924038199 -21.3362435779127 8.47177588358227 -0.0203676404564703 -5.26747255926671 -22.6119368360008 -11.1509060001172 -0.328608090411535 1.45192935745581 33.8728650537114 5.45408623719072 -0.309352032763854 -2.2824247792305
"164" 52.3930049735952 -15.6166902660225 -0.852918471955491 1.82505084299555 -26.9957823513002 8.67633875552929 -0.0336293243472028 -2.89490412834425 -27.461042410891 -11.8011313551151 -0.336835270766642 0.954161826681229 42.0796362284525 5.09500403678385 -0.746850850086048 -2.66534190246603
"165" 61.1994296135013 -16.5040411285199 -0.885938939156858 -0.940922545516514 -31.1118074886864 8.1072368767168 -0.0427362066213846 -0.622994649871089 -31.4126708973926 -11.3163718826381 -0.309437618154789 0.690444483465399 48.0393546827572 3.85775814157932 -1.10316700300245 -3.15522473909368
"166" 67.066900667855 -16.4285958780802 -0.918851325678133 -3.29695346423796 -33.3855839448371 6.98053833473614 -0.0470204600638908 1.33016331697445 -34.0783032480041 -9.98304719987573 -0.25812192163994 0.605817143412423 51.3176276957299 2.11040060451137 -1.35211560936659 -3.62883365327434
"167" 69.5383476761865 -15.5468068268419 -0.937997359576002 -5.05968958063568 -33.7479047491182 5.54141422019347 -0.046780801028774 2.82319855010451 -35.2069762259657 -8.13798986147822 -0.194880457258137 0.636685899909935 51.8008337727993 0.226731137634033 -1.48334984625399 -3.98664989946701
"168" 68.5596009135254 -14.0618856613146 -0.931919554632032 -6.14980001141885 -32.3536810693756 4.02305687724697 -0.0429652642588962 3.79572998207743 -34.7266562012556 -6.10997269353857 -0.13034167475837 0.7208524267553 49.6948553830084 -1.47619013756571 -1.50179661506263 -4.16282980091637
"169" 64.4725335091405 -12.195546899803 -0.894240600403919 -6.58389439039274 -29.5390284721165 2.61433050125993 -0.0368322516112585 4.26084896561576 -32.753983370772 -4.17251781772529 -0.0725826519091015 0.806430091724906 45.4708466400008 -2.7801521280312 -1.42475546169044 -4.12971798435319
"170" 60.0446568350559 -10.7589637412566 -0.848077260600803 -6.54243467368178 -26.925882629062 1.7534896402658 -0.0317809674091336 4.31989690518299 -30.5996092202514 -2.96114117492834 -0.0385757570954866 0.847742075224232 41.5408265665494 -3.40200435209601 -1.32591355712066 -3.98300907823432
