"V1" "V2" "V3" "V4" "V5" "V6" "V7" "V8" "V9" "V10" "V11" "V12" "V13" "V14" "V15" "V16"
"1" -63.1555298894827 10.3836366168821 1.17787346095707 3.40081545727207 45.9129295541378 -1.60436274315924 -0.00510101461782142 -1.82951562012863 27.0976452264143 1.61137098270137 -0.0149009076484958 0.891072830980193 -60.0674514391071 8.157419353406 2.00910733869523 0.845988445857074
"2" -66.697239422957 11.7587460332538 1.16551201628408 3.98993287037865 48.882600503391 -2.8343231970432 -0.00735601029650468 -2.30235119924328 28.9370777974365 3.24144932109766 0.00199056711815615 0.931547207979747 -63.5141937232037 6.71040314445679 2.22300773814004 1.07992132827712
"3" -57.7025560969671 11.3363576479228 0.878727207737597 4.22484428769258 42.0801101208252 -4.16415585424602 -0.0102522142481689 -2.69745182725342 25.9055214920755 5.11886714038428 0.0271055570788974 0.69703365067835 -54.100647687863 2.70276032766878 2.04275229089217 1.37196940831564
"4" -44.7497491666385 9.87567218727327 0.547379962230991 4.15134258592207 31.7561680549555 -4.87333228070918 -0.0125649581735274 -2.88205600674451 21.2760789818734 6.18827061783554 0.0445389347859759 0.344264507937623 -40.2912006991446 -1.09549929023296 1.66616391779189 1.62808660441806
"5" -21.7107767414453 6.46144185056073 0.0277865429363828 3.68414151541765 12.6262450172902 -5.03699327095092 -0.015559955605255 -2.89163901763823 13.0097550282159 6.58799345216903 0.0583928388877553 -0.361405839692452 -15.0510637716359 -6.17002850835252 0.864569809447858 2.02143549347238
"6" 0.0593473049526665 2.09860724980126 -0.370131681093994 2.76788171344288 -6.32493927340539 -3.71285740503993 -0.0169159335879954 -2.45254108538961 5.17985184334657 4.92587332873063 0.0486416766628963 -1.14842222170046 9.64366128319205 -8.70119078347363 -0.0771352053588998 2.32212959228491
"7" 14.1002439216111 -2.3813296202984 -0.492322751984261 1.47746728408674 -19.276301215268 -0.718527904743723 -0.0149917069525998 -1.51309904589175 -0.0708769823983459 0.900846085499552 0.0093615936751803 -1.784753145781 26.2264498656829 -6.96028708006361 -0.930751886783582 2.35711968176474
"8" 17.2770537762428 -6.18254235242239 -0.301423140713098 0.127277852882798 -22.8106287434679 3.52760345972547 -0.00873310421411588 -0.305142771160945 -1.84654999508498 -4.90554731837597 -0.055361717991957 -2.07135602404742 30.350210715564 -0.845580010281765 -1.49354473395397 2.04470576798485
"9" 10.3507431526788 -8.65678085709715 0.109702688745472 -0.697517806893302 -16.8933320267586 8.03663783233162 0.00170333806775602 0.622873293870953 -0.512860380559971 -11.0636632033611 -0.131803552922094 -1.92067588694772 22.0903243515119 7.92412495025667 -1.63376032800807 1.48702189077449
"10" -2.98771996691875 -9.37427914547266 0.562129062891302 -0.311224270461935 -4.38689834963981 11.5306799977309 0.0149235052015797 0.580663895001408 2.73050321371721 -15.7103453721456 -0.200479379438406 -1.3795355989314 5.26044069119155 16.4269099580175 -1.31142930450369 0.94930896290316
"11" -17.8782259819114 -8.17525124237932 0.867790084870137 1.74626596291273 10.412200897988 12.8604513253676 0.0288719446183165 -0.938634198457976 6.41852263650767 -17.1727443070224 -0.241681856484547 -0.592063760384917 -14.5028743337899 21.6465104185804 -0.578011914916715 0.728167182434845
"12" -30.0149277005341 -5.19446288651284 0.903007474797676 5.39389778177519 23.4087709653039 11.3819678715801 0.0416353768721365 -3.94644553773878 9.30553978924706 -14.5339104229727 -0.240547303191363 0.268094679231581 -31.8536662112795 21.5522435469535 0.439004336453763 0.986683202092536
"13" -36.7493417079488 -0.840957975941365 0.649005975522755 9.88841079082158 31.8496844005733 7.14729980585776 0.0519931505351678 -7.83231124412055 10.6526953273252 -7.91842078149602 -0.190274027837575 1.05631587951575 -43.2073678539269 15.7145869638392 1.56179574716498 1.65499186835223
"14" -37.3878172546493 4.27365319591422 0.188518700296015 13.9840471839934 34.711258416115 0.859391959567006 0.0594494534244632 -11.5007207118506 10.2969986465741 1.58015462600019 -0.0931356347730343 1.68036548336022 -47.2419409176184 5.29495659198233 2.59461532365003 2.4523746150735
"15" -32.8359514735456 9.44550689563744 -0.332637325212659 16.3137013303749 32.456369108323 -6.36110981801312 0.0638363642990498 -13.7148830371023 8.54337529266229 12.2575738312305 0.0403892090399438 2.08767957142118 -44.5811605496474 -7.47029590298212 3.35844946330326 3.01599709710354
"16" -24.90425894113 14.0006536112705 -0.758882433425185 15.8337600716268 26.4644070237431 -13.2936203629296 0.0648131164839185 -13.5023535780258 5.95633777010067 22.2843972030689 0.193782327255434 2.23351943985108 -37.045416407958 -20.0172409725702 3.72175084979153 3.07106992972331
"17" -15.583336192325 17.3996894664974 -0.972645867370773 12.167187461343 18.4223768862939 -18.9128420432684 0.0615903509009286 -10.4713131953424 3.13618610954848 30.1538400255276 0.347311529244223 2.05012439817801 -26.8471971557834 -30.153791488169 3.62078846523036 2.57031816316885
"18" -6.49897500719186 19.3029101604463 -0.923024830216889 5.7385816767428 9.85731530493797 -22.5851124109396 0.0530547993301411 -4.94051186838465 0.547744512796839 34.9749143725121 0.48092762907541 1.43154705798952 -15.9737332602485 -36.5207326168641 3.06536232155577 1.75345868289514
"19" 1.35976774318681 19.5874689390937 -0.630817875703315 -2.3244921473015 1.87773069181782 -24.1327585642296 0.0382869275911162 2.1404622285188 -1.56254620139262 36.5608481950849 0.57675001690663 0.243653207911848 -5.84934194054085 -38.7400013570443 2.13003767722694 1.10625938731027
"20" 7.64529267466224 18.3224410982773 -0.173305518753239 -10.4780526679369 -4.88713027733888 -23.7741029413099 0.0173167319787524 9.43864611774143 -3.15925585937904 35.3259139815964 0.620811578055594 -1.63484376257475 2.73866630344651 -37.2777825171614 0.93590906377176 1.22368126562287
"21" 12.4627759371291 15.7182046369176 0.342759558923944 -17.1418534530985 -10.2046119351961 -21.9774141166552 -0.00813728782574685 15.5676214344267 -4.3445391147807 32.0511736994767 0.603941357137501 -4.24187540415369 9.52523260760324 -33.1199266943506 -0.369488856340467 2.60578395526318
"22" 16.0970052853664 12.0698761047304 0.809873904699714 -21.0605827756117 -14.083603987807 -19.2838882254645 -0.034245286846982 19.4000623183815 -5.25739881128442 27.6054445581829 0.521918089611518 -7.44859120773253 14.5591579526487 -27.3892173517482 -1.62804118552413 5.44117228345203
"23" 18.7653977322281 7.71045348457164 1.14189693434929 -21.5486756309328 -16.6162869234329 -16.1556663445377 -0.0552221640865866 20.2792619672123 -5.98602820491632 22.7088054236685 0.375262031703016 -10.8968291505116 17.9922972788069 -21.0275963259027 -2.68160317710863 9.45226614426429
"24" 20.4688226349954 3.02447572426922 1.28500781986827 -18.6080991027002 -17.8647152885 -12.9200388813722 -0.0641826154523812 18.1209049859553 -6.51929923288182 17.8465374784548 0.171274496212675 -13.9735819656853 19.9252256194792 -14.6841335648024 -3.3771473278357 13.8341311033619
"25" 21.0512209751507 -1.78182964364828 1.22103314877114 -12.644577254041 -17.861293193935 -9.61848072330247 -0.0546919693284735 13.1921823078662 -6.77512112219921 13.051060593619 -0.0858078452496045 -16.0215487727328 20.422651910773 -8.43330986658702 -3.60417867219712 17.5928339322854
"26" 20.2059939689523 -6.31458340096037 0.955352642017203 -4.59068467027009 -16.5779230355959 -6.32090517465497 -0.0220596509994095 6.20699075923631 -6.6136598296803 8.37903841766206 -0.376492861466289 -16.2715737788421 19.440719165289 -2.39613250415391 -3.27159864669193 19.4734451570985
"27" 17.7698243166232 -10.2927939665901 0.521322455587097 4.46913989352652 -14.0907406173529 -3.01780984940615 0.0341993469504303 -1.94800244540306 -5.9445261520134 3.75922781236955 -0.676879101190707 -14.2691849267321 17.0517219089489 3.47145966365269 -2.38766582958124 18.6102678567622
"28" 13.8336637709916 -13.4889027562249 -0.0275029846689563 13.4382734633637 -10.6212723803432 0.248805884630997 0.109603285077156 -10.3181220719041 -4.77369445826034 -0.800641195797652 -0.955064072002529 -10.0143463973291 13.4900445052717 9.12927247025971 -1.07431772244672 14.7664900958771
"29" 8.78908342839247 -15.7459111269186 -0.618600909709301 21.2885346240382 -6.55817710749102 3.35181113322597 0.194707196044561 -17.9377022484241 -3.22243945510917 -5.15833827642859 -1.17211389246256 -4.05542069628427 9.18338610817614 14.4001697837782 0.42213782141971 8.48125220691873
"30" 3.26421927255228 -16.9889039914942 -1.16247361114006 27.085153029243 -2.41497889428234 6.09418817388928 0.276253451063212 -23.8564582799058 -1.50458344058077 -9.05797377182103 -1.28548289136012 2.56258749936023 4.70683266901528 19.0067773980866 1.75162943376472 0.997854166853358
"31" -2.01088578731049 -17.2266423542501 -1.55997607419863 30.0144745078587 1.26032241595902 8.25673162023827 0.339317183974771 -27.1877123300112 0.123645722548275 -12.2004085355729 -1.25524936728345 8.49470667329661 0.676965244263329 22.6555275021086 2.51731514707535 -6.00974582899653
"32" -6.35465598939686 -16.5407590157938 -1.71811370358046 29.4696710992921 3.99204422016049 9.65213889212612 0.370104410667523 -27.2229748059624 1.4215284992479 -14.3218756207471 -1.05279835532104 12.3988522383661 -2.37464330898888 25.1118586877309 2.36435151114347 -10.8429980879882
"33" -9.25827326285309 -15.0634152844241 -1.57348206799531 25.2092270085805 5.46940260822436 10.1643689259694 0.358937204857114 -23.6177169480491 2.21420170056305 -15.2482947367889 -0.670650436067206 13.2810804218716 -4.1088235478004 26.2287020786683 1.08540085492314 -12.2238412456209
"34" -10.4632598745848 -12.9487456250968 -1.11760497782836 17.5454213181865 5.6053131879454 9.76500629930615 0.302855350320357 -16.5996677236149 2.42661311599173 -14.9142119012909 -0.131124278923551 10.8038275551189 -4.44263042130012 25.9257234963952 -1.2822120180108 -9.67809380229301
"35" -9.98744313919508 -10.34678233978 -0.414776645398092 7.4747419061132 4.55266484045433 8.50999235760924 0.207179685291493 -7.10959969405303 2.09673191128189 -13.3544962013373 0.50924325303049 5.47012862311385 -3.56109248631799 24.146725350098 -4.39969432661019 -3.75721370288375
"36" -8.10270882277689 -7.38871917626057 0.39746926293617 -3.34792576922064 2.67572619323886 6.52552032544827 0.0854103997113498 3.22324590917492 1.36635183245983 -10.6855478872665 1.16258374373405 -1.39470988316316 -1.87712027649786 20.8334260342994 -7.64138821608049 3.98718889340671
"37" -5.27240677036309 -4.18891963397709 1.13145846235523 -12.8547860448543 0.479168993824715 3.99146028480743 -0.0429053891746207 12.3331100206397 0.450533493711987 -7.09090279470865 1.72167842060367 -7.90572142424207 0.0553101740915736 15.9444944691385 -10.1985694355444 11.3188011245948
"38" -2.06022244855581 -0.862945298083105 1.59473391760662 -19.0196700331926 -1.49558084345131 1.12702837707764 -0.156172017697514 18.1839915941223 -0.409465325006011 -2.81791063755736 2.08022318520852 -12.0984120984613 1.66231662294854 9.5255652634786 -11.264196009598 15.8869864271037
"39" 0.973237525641252 2.44606971653366 1.6471650202559 -20.4200048551847 -2.78725937827005 -1.82092808155255 -0.235773301950132 19.3450312247173 -1.00042387134255 1.81773967744903 2.15732309795294 -12.5154344999391 2.48263830928931 1.80840297222267 -10.2582257179538 15.9213290612461
"40" 3.36652037239435 5.54553644489079 1.25208310178118 -16.7333736081218 -3.11761599433191 -4.58991683729903 -0.270754873960414 15.4977077639146 -1.1857732344742 6.43042611673582 1.91959848429099 -8.72304377757973 2.27966714117019 -6.70369960459902 -7.02793612182541 10.8447586685943
"41" 4.82691194857273 8.18966329009254 0.502246099674835 -8.98126615987167 -2.45218039019005 -6.91808708129702 -0.260670939968236 7.6832882825147 -0.935648019545425 10.5789700125479 1.39379215245117 -1.56997986022179 1.10067850200176 -15.2121922402454 -1.95318574128487 1.58823651643615
"42" 5.26045804669559 10.1027780689078 -0.392558464490662 0.608492928269698 -1.00029745235747 -8.56764195307414 -0.215554117288633 -1.84025100363624 -0.329721931193291 13.8060304813102 0.664986949367972 6.93667706388078 -0.737539207436384 -22.6940863215243 4.0908931613385 -9.5379095571916
"43" 4.75992233546015 11.0296577672293 -1.15759803220419 9.13288525162534 0.846954114815503 -9.35524440241852 -0.152857404471888 -10.1432145102417 0.468046668971567 15.7028271520489 -0.140144803429052 14.1456446977609 -2.73657790402035 -28.0697988565795 9.91778121153038 -19.4237369300026
"44" 3.55940401231851 10.8026803440998 -1.53294141546269 13.8198577769308 2.62361007247898 -9.18566737245419 -0.0922106909659419 -14.4483740379746 1.255225710486 15.9893109286727 -0.880907670825593 17.5410496584082 -4.355134689848 -30.4361316725635 14.3160714097303 -25.0468101591978
"45" 1.97167003616858 9.40781773133767 -1.35882087630034 12.8925331453647 3.9101143270118 -8.08171127311221 -0.0495496032953042 -13.0110218704772 1.84394811974164 14.5916313857379 -1.43352735433558 15.5669653154255 -5.16006692809401 -29.3064379154739 16.360444042517 -24.4139794320363
"46" 0.32503297532196 7.02812010133812 -0.64074213784852 6.2359967820048 4.43574270142494 -6.20116341137054 -0.0323812653560935 -5.79281087786512 2.10655381632449 11.6943258904512 -1.71728458614899 8.24495589784055 -4.94722957327394 -24.7894246244114 15.6594330881162 -17.2728177186582
"47" -1.08854925051253 4.04486860338147 0.428857985811533 -4.3648690061018 4.13553279167763 -3.83069603218155 -0.0376453058104858 5.30688863182741 2.00221803842641 7.74463250242979 -1.70934318026639 -2.63179542064609 -3.79718249278721 -17.6436377878281 12.4672817375904 -5.35388313202566
"48" -2.05016175624883 0.983151654742414 1.50718861585722 -15.567799854929 3.14830413921845 -1.3481661163687 -0.0529514131742985 16.8147038930629 1.57866978369833 3.39171025520864 -1.44500849202279 -13.8535958846478 -2.04735103302482 -9.16530545867181 7.61998786715594 7.98772665271099
"49" -2.43738595964226 -1.59863002858947 2.19646335262723 -23.4071406231305 1.75864430946365 0.848999342007573 -0.0610754802515885 24.6505298804359 0.949880855438835 -0.642805136713378 -1.00394113922141 -21.6867413468135 -0.184846486949482 -0.904787826968686 2.29993957895385 18.7103663809976
"50" -2.23777963056875 -3.25601706491307 2.17847341751838 -24.6284412579644 0.301848782971206 2.4390502946419 -0.0465816846319171 25.5004288043101 0.257282428352653 -3.7422999911073 -0.486518450356243 -23.1129001435474 1.31071444835197 5.73656108881801 -2.31510437162979 23.3957439845108
"51" -1.55204282307932 -3.79989501822274 1.34670226896492 -18.0089261454632 -0.937688038296983 3.26802912915264 -0.00247934555864049 18.1696128869021 -0.372706310804404 -5.57022192899512 0.0125504103608591 -17.0372503032122 2.12504531328136 9.91226322176612 -5.41368079988024 20.5346398271213
"52" -0.581114638711142 -3.37407852624438 -0.119156514311953 -5.11458002709514 -1.80160851254789 3.40061976827496 0.0657040721690691 4.35259769387858 -0.860382059710673 -6.17237815834187 0.425046617799467 -4.97415383693442 2.21252967828491 11.581161235951 -6.79109295376657 11.2808641601587
"53" 0.410222272557803 -2.41946032523538 -1.78259941043234 9.96468284370349 -2.28062864232015 3.09704996218784 0.140626890116152 -11.6504385426683 -1.18285230489357 -5.94672922513064 0.717746227863017 9.20499788259622 1.80173235622124 11.4685707141634 -6.85850599868718 -0.756650714189163
"54" 1.15378000498845 -1.51541203596116 -3.09241866082925 21.9866793208748 -2.47596473444139 2.71073715913917 0.199124055248205 -24.3591909738052 -1.36009478948381 -5.47011010415235 0.886496835040361 20.5484011831941 1.2884747212272 10.7121708484885 -6.39350046585059 -10.7799408814171
"55" 1.44894331613659 -1.1492699210603 -3.59116906897907 26.5789501904437 -2.51420723182991 2.54104054340792 0.221470594547213 -29.2106997224046 -1.4248225575796 -5.24221255181874 0.940244653388277 24.916459907472 1.04758404218387 10.3217943371078 -6.12700815818607 -14.7153230077674
"56" 1.21930527971881 -1.5116296848546 -3.10067435563542 22.0376004729787 -2.45734311647504 2.70453175872763 0.19983861101008 -24.4262207072265 -1.39185502637486 -5.45949922909358 0.884589582641865 20.682216378169 1.2446315515067 10.6972830052368 -6.35973875927994 -10.9473832261574
"57" 0.53260508399876 -2.41413722266952 -1.79634534375077 10.0457130947234 -2.25912423165721 3.0849103114972 0.141780231275618 -11.7585444451629 -1.24389904263404 -5.92661636756156 0.714733467192559 9.42394625063025 1.74657789339517 11.4388247819609 -6.80393240429476 -1.03115037980024
"58" -0.42169824567759 -3.37024492741784 -0.133896294316401 -5.03846003683975 -1.7957959538403 3.3845392021899 0.0669169223202744 4.24544986457431 -0.943008701886072 -6.14685438214201 0.422070284964661 -4.73999455675948 2.18543256651151 11.5411597443904 -6.73434620404805 10.9845146522275
"59" -1.38489140361048 -3.79925984568217 1.33500365818509 -17.9679272825178 -0.954774223261325 3.25183367536692 -0.00148163647321553 18.0992013917526 -0.4629121645483 -5.54585077065531 0.0104403513423676 -16.8425577454254 2.14351122639255 9.87172509384231 -5.36903483168317 20.2821328732098
"60" -2.09226721076266 -3.25786415491166 2.17136666399392 -24.6285476068479 0.269428903027119 2.42630006376112 -0.0458756005774603 25.4757375606837 0.175757359159832 -3.72439231415819 -0.48761899393935 -22.9765726599653 1.36255492378928 5.70442312888849 -2.28660249071254 23.2108603916859
"61" -2.33145628272962 -1.60077922875098 2.19296987719383 -23.4309996787943 1.72487928741759 0.841033017953578 -0.0605953862366277 24.6551648337113 0.888629786160095 -0.632625938883848 -1.00440722453214 -21.5983425719969 -0.126033246920542 -0.925527248875369 2.31647232566684 18.5836397701205
"62" -1.98563027252521 0.982364811853586 1.50548875264906 -15.5937042682817 3.12316296462916 -1.35215096711886 -0.0526052980789586 16.8267114102355 1.54046289366306 3.39614004885107 -1.44527351206233 -13.7943793458835 -2.00170911905525 -9.17684241660982 7.6305349794693 7.8997851910608
"63" -1.05569537771089 4.04558169593611 0.42777306214748 -4.38193988039711 4.12114404413319 -3.83227267164784 -0.0373839914614109 5.31457657103192 1.982493272059 7.74600194503637 -1.70960632353592 -2.5897065626923 -3.77028581064042 -17.649542712873 12.4752048739247 -5.41622781351907
"64" 0.338977479917276 7.02947925263015 -0.641544276817058 6.22763167108496 4.42919855086757 -6.20160774484384 -0.0321945733462599 -5.79029479990731 2.09816152072051 11.6944765325934 -1.71753799569609 8.27404426428984 -4.93465542688568 -24.7922792760685 15.6653880663216 -17.3150521826901
"65" 1.97657757922514 9.40900405605498 -1.35933417150466 12.8889772462644 3.90768366225768 -8.08173880605523 -0.0494336078011202 -13.0107543927979 1.84101811471339 14.5914382857904 -1.43371403517574 15.58470683005 -5.15523284863434 -29.3076728342016 16.3642997954339 -24.4393514439798
"66" 3.56080457937026 10.8033902848401 -1.53319182056998 13.8182461256583 2.62284342543671 -9.18559032242661 -0.0921505311684996 -14.4483863213595 1.25438185863669 15.9890929773483 -0.881012075856233 17.5501049908125 -4.35350293039983 -30.4365457545323 14.3181014482052 -25.0597238355622
"67" 4.76020331810707 11.0299742912916 -1.15768297775514 9.13202083733086 0.846737459286601 -9.35516834894975 -0.15283180193336 -10.1430414929741 0.467828345048531 15.7026671059111 -0.140189633682496 14.1494189686564 -2.73600619658328 -28.0698609545839 9.91863224753251 -19.4291839185826
"68" 5.26043978260077 10.1028845603146 -0.392570950327581 0.607993856270696 -1.00035418630273 -8.56758872382056 -0.215545278328278 -1.84000564287317 -0.329799085112768 13.8059288390391 0.664972499021019 6.93793750608165 -0.737256945099034 -22.69404283622 4.091168523335 -9.53979327455454
"69" 4.82682850025333 8.18968948432575 0.502254166118973 -8.98155098285679 -2.45219452737422 -6.91805314070939 -0.260668526800799 7.68348961659558 -0.935702263784066 10.5789079429144 1.39378917916451 -1.56965479886276 1.1008907549392 -15.2121427322908 -1.95312510075473 1.58770362330688
"70" 3.36642953841465 5.54554025974085 1.25209268289905 -16.7335373142942 -3.11761751816277 -4.58989141476229 -0.270754409118751 15.4978423811676 -1.18581822505132 6.4303815224589 1.91959852349481 -8.72298042635521 2.27984431039931 -6.70366137112103 -7.02793353278321 10.8446222299317
"71" 0.9731305485966 2.44606432746286 1.64717353944184 -20.4201272838254 -2.78723506301503 -1.82088432160424 -0.23577330049568 19.3451328731026 -1.00045038381202 1.81766865483769 2.15732305151255 -12.5153916190247 2.48275122966106 1.80847293655256 -10.2582273205544 15.9212331115414
"72" -2.06045288477401 -0.862980846166465 1.59474947317392 -19.0198937406221 -1.49543416952577 1.12718625226387 -0.156172192981074 18.1841636747063 -0.409459372680743 -2.81815811915999 2.08022093479195 -12.0982337906244 1.66226827824062 9.52584611704117 -11.2641771721419 15.8866739243094
"73" -5.27315506467778 -4.18909110547202 1.13151139169759 -12.8555312944954 0.47984774360043 3.99208805782973 -0.0429062905849094 12.3336706386826 0.45057357991908 -7.09188012884829 1.7216681994243 -7.90503136368352 0.0547272381454604 15.9456546187589 -10.1984845055586 11.3176287905007
"74" -8.10521628452545 -7.38943425115576 0.39765435712286 -3.35044645307516 2.6784842140957 6.52784696151059 0.0854058181531627 3.22513650352153 1.3663113727078 -10.6891593038586 1.16254520603479 -1.3923256783055 -1.87968825670669 20.8377862089285 -7.64109531244503 3.98315294703934
"75" -9.9953126738734 -10.3494062480481 -0.414196216242658 7.46709847770398 4.56256178526615 8.51786695065312 0.207159728257039 -7.10390886403297 2.09606116849739 -13.3666861958332 0.509109582381711 5.47768050729428 -3.57053934241389 24.1615417066703 -4.39876656883371 -3.76991203321086
"76" -10.4864462111419 -12.9572337368595 -1.11597110456762 17.5246931611528 5.63640207437408 9.78931671691328 0.302780102150507 -16.584448597813 2.42402146195664 -14.9517538850914 -0.13155109982489 10.8258844046068 -4.47295584693268 25.9712810976365 -1.27947191478506 -9.71478050678706
"77" -9.32322017969545 -15.0877246083501 -1.56927653654066 25.1583167436838 5.55462435595194 10.2329471423664 0.35868568473191 -23.5810491320633 2.20925439434643 -15.3540002929201 -0.671894761445856 13.3404373884623 -4.19396325820389 26.3557586626638 1.09286130938654 -12.3213777848068
"78" -6.52734346493025 -16.6029934164844 -1.70806393925136 29.355271536454 4.19689387978133 9.82933391989593 0.369346197240191 -27.1424306067154 1.42322873515309 -14.59465147983 -1.05609885315465 12.5455807950457 -2.58490098150617 25.434517481644 2.38285637986701 -11.0814627149157
"79" -2.43985414555721 -17.3711207505112 -1.53753674837299 29.7782318045347 1.69749585401388 8.67716823796036 0.337238048766153 -27.0255506910553 0.172367030989903 -12.8470885395914 -1.26322934901293 8.82718929203475 0.214730519364025 23.4053986106292 2.55893243271112 -6.54522097752488
"80" 2.28707935659247 -17.2979389437555 -1.11572677355127 26.6367961731294 -1.57118130664168 7.01266353488757 0.27105457960738 -23.5575215901381 -1.30295159551127 -10.4698383379884 -1.30316025457205 3.2537751444579 3.78765368321308 20.6103088006929 1.83675344250969 -0.107037739799125
"81" 6.7720845228979 -16.3629403585155 -0.528170803593866 20.5081499392063 -5.05454927840162 5.20388787254376 0.182846806945378 -17.4358640947135 -2.66779487581138 -8.00381647849963 -1.20819931862968 -2.73259863565909 7.50341414302488 17.5703867798537 0.581741865201366 6.38086009569815
"82" 10.0722318712275 -14.6466536859402 0.134303753198196 12.1968743652333 -8.10676558017576 3.70413674545 0.0848705091041211 -9.55806763791884 -3.57563043684698 -6.10656950134717 -1.02324838904451 -7.67433391660961 10.6356201365857 14.9433318358575 -0.797855836988674 11.0761143528362
"83" 11.4124415391466 -12.3354185244584 0.788796936920107 2.67515566541897 -10.1181370071046 2.9588594258089 -0.013150500892408 -0.92593096457108 -3.77141704173039 -5.41381705008075 -0.79639952868223 -10.4359622008196 12.5243285334998 13.3812396264507 -1.94419284427113 12.6087030597701
"84" 10.4138936672255 -9.69537913905879 1.36443127225721 -6.92024341006618 -10.6678189058877 3.28182058558662 -0.105789066794586 7.39015423115848 -3.17237386391309 -6.35288851260157 -0.570873443046196 -10.4676864693611 12.7538407646008 13.3171935027882 -2.61721333606692 10.4562515355792
"85" 7.2458274928041 -7.02114073152393 1.80168161796092 -15.3091313436471 -9.65756113880445 4.7402771605141 -0.19230862773847 14.2878560276847 -1.8979685836091 -8.97077991768515 -0.378759802797731 -7.94558196329672 11.2875478901002 14.7639469289826 -2.7311658834933 5.14293709262711
"86" 2.64024753028446 -4.57657397018352 2.05220664764323 -21.1864091276248 -7.36479256029764 7.10017335646035 -0.275461607973966 18.7341398390465 -0.247122435875184 -12.8566699950513 -0.23721314530431 -3.7373163429329 8.49917649867336 17.229899067513 -2.35629232126757 -1.83140452668886
"87" 1.0618281902357 -3.88381424233967 2.0865968793147 -22.3354904930929 -6.46167570361763 7.95968315088942 -0.301669651286204 19.4934060681251 0.28870166357305 -14.2286053825831 -0.203638792537049 -2.26247788901674 7.44747708698935 18.0846742206742 -2.16442904689575 -4.05223877816752
"88" -3.66801698053348 -2.00689547908223 2.0421722725672 -23.3143045927927 -3.4092335222889 10.7269983772386 -0.385508766935828 19.5875167155309 1.80668190429751 -18.5331669412274 -0.12920581902668 2.12448937794397 3.99456957502673 20.4942094419881 -1.447337625199 -10.0115395665853
"89" -7.08667525825848 -0.628510278189196 1.76163694582431 -20.0509312891818 -0.629215001148168 13.0839361312392 -0.469771071983303 16.1347286902187 2.76399695752693 -22.0392931279378 -0.0917026150607114 5.09874892832522 0.963578406221473 21.687388422792 -0.75199948604677 -12.9349281668983
"90" -8.34860236158562 0.301459379303651 1.25971271635541 -12.9088496312315 1.27298442932005 14.5072931040105 -0.547726707539141 9.59029199917768 2.90994120942756 -23.9642642004526 -0.073863900486316 5.7975508215095 -1.01446272551959 20.9401715596417 -0.277589510752478 -11.7299257540872
"91" -7.19545913188693 0.898091564141851 0.570928432880464 -2.97096612841051 1.98467808328871 14.7100673769062 -0.605787636804394 0.960442695591837 2.19521552349474 -23.9120151899328 -0.060743951808945 4.04772902297555 -1.6365331323982 18.0365059507217 -0.124010140131759 -6.44826741684665
"92" -3.96964984170643 1.30029866520908 -0.258437810457963 8.17425187863046 1.53347942808722 13.6883477931881 -0.625057000576163 -8.3916281010745 0.766592690177532 -21.936205582256 -0.0441968709774869 0.382398512814689 -0.973670023747786 13.3117771203141 -0.272440941147579 1.74307499805582
"93" 0.554346591573903 1.63562681189387 -1.17958726927043 18.7558789861641 0.220398389956245 11.6803517561925 -0.58479953154793 -17.0144728482512 -1.08885622601196 -18.4658352567412 -0.0243730435888665 -4.12896462919889 0.598590422232405 7.52461489564359 -0.599574235939144 10.8819909290178
"94" 5.41404246672857 1.99938094565277 -2.14620166462493 27.154053129032 -1.51023504413956 9.06925162982043 -0.467266239655061 -23.6321234191641 -3.02021737115518 -14.1447373648111 -0.00821088822999627 -8.170709052858 2.5442805325348 1.62702438763984 -0.918197718476222 18.7046056772306
"95" 9.68201646830687 2.4456351767426 -3.11164789930297 32.1657459706903 -3.20166224572512 6.27235082074947 -0.263173139797516 -27.3416929378088 -4.68585238460429 -9.65214538554392 -0.00567920000196409 -10.5202736667379 4.32372035970559 -3.47786394628372 -1.03424595416527 23.1914277768228
"96" 12.6245407814397 2.98256879164774 -4.01906135617708 33.1634718133173 -4.47938410476519 3.65005082143909 0.0230983705137362 -27.7173840516341 -5.80993329734821 -5.55670103167449 -0.0249970998610252 -10.3703615498016 5.51317364298552 -7.12252611261454 -0.808572866684699 23.06219340596
"97" 13.7914101497723 3.56830224572968 -4.78945053427594 30.1427629595119 -5.10180122970786 1.45052731813576 0.369866144819412 -24.8241345908393 -6.21738958248253 -2.2289295428609 -0.0682661822515342 -7.56968323713227 5.86763924516958 -8.97626513386308 -0.209155130548424 18.1269922481442
"98" 13.0463802437555 4.11062961386051 -5.31567919157021 23.674593040987 -4.97414465330002 -0.209151150505704 0.737608817040979 -19.1617942932071 -5.84782176975051 0.186254939659648 -0.128916335363328 -2.71895488614246 5.33227804383807 -9.06259522122389 0.662286589609721 9.40835187588527
"99" 10.5501872953084 4.47778642648973 -5.46970079293999 14.7847997544714 -4.13649120093794 -1.33289396092914 1.07282730220533 -11.5644127996447 -4.75220176674014 1.74816518562602 -0.192018997673699 2.92740214487276 4.01817540837408 -7.71053747147153 1.58283782583567 -1.02975841535226
"100" 6.70865801238676 4.52480452928648 -5.12618258152838 4.78155792160396 -2.73539884391226 -2.01601212050252 1.31664574014394 -3.0742546106901 -3.07714715513654 2.6650473460902 -0.237770913106317 7.76336716124206 2.1571950451488 -5.4612031681977 2.26444684266153 -10.5537911616484
"101" 2.09801563191218 4.13280968567506 -4.19869503521704 -4.94792687161953 -0.986747272738228 -2.40520390274833 1.41690404931552 5.19633448408558 -1.04095017093675 3.22000795593976 -0.247385213977964 10.2819891386353 0.0469875971800775 -2.95006247977426 2.44276125149554 -16.650093170465
"102" -2.62183360259144 3.25087808952503 -2.67771082904619 -13.1464534237648 0.863922898984242 -2.65630551286574 1.34086077155683 12.2054645348842 1.09555241335937 3.69320184773051 -0.20959455430841 9.5527017321474 -2.00475494595742 -0.784718425706046 1.97272220505783 -17.6540801938318
"103" -6.79669228723287 1.92591763248083 -0.656211833196949 -18.872046289328 2.57810300872171 -2.89730526247877 1.08476936087405 17.114434083632 3.06097345715904 4.29490066253697 -0.125461001493079 5.56894877384184 -3.72844765461548 0.562312553359561 0.897064487948228 -13.2916627973245
"104" -9.86200233766806 0.307959044456766 1.6688974976156 -21.6295472492266 3.9537886144326 -3.20272403324475 0.677122034924594 19.3997915028672 4.60614247992993 5.12157940166594 -0.00955330693909673 -0.666870858054608 -4.9265607433457 0.828953318232152 -0.540972976193189 -4.8380560626465
"105" -11.4145077561788 -1.37407521235627 4.02346047437084 -21.4251305624221 4.84555984787079 -3.58288891460438 0.174239487303311 18.9292237799118 5.53536744330134 6.1418275676258 0.113241226744208 -7.37400602759953 -5.4905084530368 -0.00351315729778889 -1.95167102519918 5.18692135538004
"106" -11.2664937422867 -2.8607820503762 6.10458634055522 -18.732761422516 5.17554829912132 -3.98828023363387 -0.350628165801766 15.9857311962944 5.73365938281435 7.21183601889584 0.214432352781955 -12.4859757698687 -5.40225095813787 -1.72176507505105 -2.90710262209723 13.7155249386342
"107" -9.47866615173416 -3.92120720052662 7.63711986964029 -14.3782324523381 4.93721451126589 -4.32598622263708 -0.821522659730903 11.2297874075803 5.18708495862302 8.11366490697333 0.270083077872016 -14.2632747960597 -4.72564168128986 -3.92924196032618 -3.07200596881921 18.0209252592758
"108" -6.36734636184121 -4.40562485706187 8.42228539818962 -9.36280391065429 4.19376713766582 -4.48340639990386 -1.1734630849943 5.59907715314671 3.99283503289237 8.60571822272391 0.267883959213066 -11.8467413059625 -3.59269231420069 -6.1202928961718 -2.31795271087685 16.541702965289
"109" -2.47953713771926 -4.27809392448353 8.36658773793613 -4.65619641529338 3.07148253730378 -4.35449380163448 -1.36248761226622 0.152982347009583 2.35487258101145 8.4753695314289 0.2110150207576 -5.5905371004992 -2.18720424044488 -7.76806963729109 -0.78598180121935 9.40965954474086
"110" 1.47228719484508 -3.62067692429628 7.48609942169946 -0.98575395314765 1.7465687717775 -3.86554174131447 -1.37058188643726 -4.12903659170502 0.561010461886667 7.58747995669091 0.117553547261878 2.93098014973657 -0.725025470093556 -8.41969805508234 1.12490446905576 -1.47246737049136
"111" 4.72129716298366 -2.60833611694488 5.88931541812917 1.34449843842867 0.423688098151331 -2.99806222902612 -1.20569877940224 -6.57260931789779 -1.06099248402907 5.92428714628181 0.0153364946270358 11.2774070550186 0.571135011766728 -7.79260038916993 2.84958909443321 -12.8595548658777
"112" 6.5992869477102 -1.4610628174114 3.74933728409951 2.53543921551773 -0.695352795608926 -1.80333270396341 -0.898119657067269 -6.99183213400715 -2.20681943203644 3.60723396085564 -0.0664369290523723 16.8117142053561 1.50399328283788 -5.85279914653336 3.81467762993179 -21.0537614889254
"113" 6.71017345421365 -0.386724594071438 1.27935576794732 3.18353940369707 -1.45242811417592 -0.400224312433238 -0.494646638334302 -5.72905350907445 -2.67054303649306 0.886196340350807 -0.106292475247301 17.5427881138967 1.94130255253344 -2.84151171859571 3.62436398343198 -23.085519349057
"114" 5.07975330617455 0.468309210862117 -1.2807246593253 3.96330030835361 -1.77717566261487 1.04763491343772 -0.0518116781145466 -3.49434468584786 -2.41352911742823 -1.90984127566389 -0.0972260012918014 12.8959957275692 1.85792986333445 0.773039091454166 2.21688286053632 -17.8571313643624
"115" 2.21719237098262 1.04570495556163 -3.67170866627362 5.24306268683176 -1.7178194599984 2.36759986996549 0.371154045311471 -1.0746546454568 -1.59923810640473 -4.44446587611515 -0.0487921903788902 4.10494154378466 1.36459258272134 4.40393257221831 -0.0707103785534855 -6.7938174962037
"116" -0.973583071418034 1.37078551531749 -5.63015148866441 6.87185813789984 -1.4362360395171 3.41079452830911 0.719147385884099 0.923785354470283 -0.564722063555848 -6.43657634221313 0.0163202294834264 -6.02734473628516 0.698664445435043 7.46915167320594 -2.5731633619298 6.40461352528655
"117" -3.44736698319969 1.51908884771274 -6.91970101776371 8.28807922914439 -1.15470522733659 4.07007926198594 0.947439316927557 2.17241267322788 0.280676804167371 -7.69124336943219 0.0704051996157204 -14.0326003850096 0.16065980805547 9.49076706461494 -4.50180825443931 17.0012089289812
"118" -4.36734253216662 1.56651467235952 -7.37336513983996 8.8854967642701 -1.06708529217519 4.28330661733833 1.02684964318132 2.55824811345929 0.601426019197731 -8.09989288618817 0.091020206791768 -17.0618667122035 0.00750336199530466 10.1584218482424 -5.22130895922055 21.046855347784
"119" -3.41195821990243 1.54381481397286 -6.92988361207745 8.3964120522578 -1.25162202570192 4.03114939377087 0.947239171388873 2.07182085059867 0.26645933908938 -7.62990467422924 0.0696622521482482 -14.0164811119175 0.343467958907695 9.36737193354031 -4.48930767506954 17.0065802094105
"120" -0.899015860469149 1.41674085161458 -5.64732437216571 7.04410209425259 -1.62899499268673 3.33805420418105 0.718766292239678 0.762378199960267 -0.597162977145445 -6.32301106284899 0.0152264347463529 -5.99901905425941 1.06224090340356 7.23938023452138 -2.55204102922107 6.40844197229308
"121" 2.33284038593183 1.10339272366537 -3.68838521410737 5.37934029329608 -1.99168359894884 2.27580333469029 0.370660638781516 -1.20713505762956 -1.65419011411518 -4.30393448287987 -0.0493962291277512 4.13698729460157 1.87909159415199 4.11648120340112 -0.0496934625662107 -6.80716236637818
"122" 5.22933854686744 0.522533310991093 -1.28619445379627 3.92657654725281 -2.09487213389963 0.961501383596442 -0.0522891244236519 -3.47431713579999 -2.4904269419344 -1.78359119598326 -0.0962411267687457 12.920403009437 2.44844666772724 0.508985095841012 2.22576347732138 -17.9090221010774
"123" 6.87476007760961 -0.350568238840424 1.29379296055424 2.87025581626222 -1.76259550960316 -0.455826549186213 -0.494968493070843 -5.46241633206228 -2.76109938049885 0.957867857982137 -0.102953370012528 17.5506771655237 2.50691081164177 -3.00149658201235 3.61170584923002 -23.1910878085619
"124" 6.7536642412764 -1.44896310914646 3.78414408359822 1.95533508860171 -0.953501380609566 -1.81729709757394 -0.898213812770223 -6.48576185548586 -2.29705946705286 3.60825677504022 -0.0609414950342853 16.8020313398374 1.96139763148904 -5.8745092791238 3.78027534597732 -21.2077022429439
"125" 4.8446572944415 -2.61531515907927 5.93544749862974 0.632201018933301 0.23880640759927 -2.97841048127202 -1.20559914756453 -5.94629930807673 -1.13725650606585 5.87111850266206 0.0217799201424214 11.2571166890921 0.886235484324516 -7.70555799187423 2.80331786690112 -13.0336129026109
"126" 1.556216599815 -3.63597032613598 7.53057285369323 -1.64945655932479 1.63179063965691 -3.83146281209622 -1.37039179134123 -3.54350220310221 0.506311491781815 7.5146360027768 0.123411828909468 2.90972138327925 -0.538583620846566 -8.28979264462305 1.08043020635796 -1.62992291197588
"127" -2.4309298653892 -4.29250532350488 8.40006226020671 -5.1468662684274 3.00946118785077 -4.32317224137751 -1.36230659633597 0.586509321797166 2.32158477807201 8.4124712690766 0.215279217324678 -5.60633726912783 -2.09180376399286 -7.65303832400468 -0.819154403679931 9.29396837113745
"128" -6.343388075946 -4.41515374372329 8.44251757555116 -9.65630855307154 4.16461151183131 -4.46260286816243 -1.1733401125297 5.85855008954218 3.9756589101342 8.56504662190855 0.270406266779219 -11.8557549526267 -3.55031610570506 -6.04506547628068 -2.33776572100942 16.4721106907746
"129" -9.46862230327395 -3.92607649593947 7.64707409168579 -14.5217102816796 4.92535561058469 -4.315221195768 -0.821458179493163 11.3566389654309 5.17957683237498 8.09290789494389 0.271305153294236 -14.2673455402728 -4.70931311563754 -3.89061560010498 -3.08162490693394 17.9865101116811
"130" -11.2629199645675 -2.86277572805511 6.10860358481602 -18.7904074359749 5.17141543854729 -3.98380989999328 -0.350601373157531 16.0366875669683 5.73088094554723 7.20328419533939 0.214919683672008 -12.4874591650914 -5.39682515215497 -1.70579118534397 -2.91093074893979 13.701506504578
"131" -11.4134430720791 -1.37473839700306 4.02479699822652 -21.4442364353654 4.84434182369921 -3.58137769808764 0.174248383068743 18.946107266016 5.53450190417013 6.13895054583691 0.113401717168585 -7.37444863575729 -5.48896726959788 0.00187550264286074 -1.95292642991444 5.18221208589239
"132" -9.86178948721863 0.307790993540493 1.66926500908937 -21.6347810026909 3.95348558906431 -3.20230706398343 0.677124487232931 19.4044132665038 4.60594106697695 5.12078712432435 -0.00950964473776139 -0.666965498116042 -4.92617303582244 0.83043631673354 -0.541309347534479 -4.83938172624767
"133" -6.79685695905255 1.92593380100971 -0.656130197512198 -18.8732159304773 2.57802264126497 -2.89721922752528 1.08477034181556 17.1154586214104 3.06103576987607 4.29473352644709 -0.125451629664326 5.5690002773481 -3.72829275145693 0.562605015283793 0.897007816727637 -13.2920587713961
"134" -2.62249616912106 3.25104607162848 -2.67770205983197 -13.1466310706519 0.863857504370174 -2.65631247538784 1.34086247199082 12.2055935041449 1.0958890639119 3.69320341684829 -0.209594236879695 9.55294237094495 -2.00450718861907 -0.78479450269424 1.97277103406213 -17.6544598676992
"135" 2.09630031463712 4.13325619217767 -4.19870595884902 -4.94795769321718 -0.986837561678783 -2.40523615104235 1.41690851101072 5.19628415186367 -1.04007832310396 3.22004643930404 -0.247387834091285 10.2826629011106 0.0474991132081186 -2.95033831997739 2.44292177908028 -16.6510232863875
"136" 6.70484423499965 4.52580089465209 -5.12619017922145 4.78106393786129 -2.73536885508759 -2.01597437215537 1.31665679490115 -3.0740162222105 -3.07525798484534 2.66495321132152 -0.237772440163326 7.76506169505228 2.15793696347623 -5.4615356804353 2.26481175832851 -10.5562320216704
"137" 10.5424222347026 4.47986257781577 -5.46964259286756 14.7820387934762 -4.13564314426941 -1.33244625574298 1.07285397578411 -11.5624712247268 -4.74852867166399 1.7473544215693 -0.192003361327011 2.93156672836994 4.01832594362315 -7.7102271805943 1.58360027912204 -1.03613848535315
"138" 13.03077892878 4.11510250799392 -5.31536302407528 23.6639607132875 -4.97024537064516 -0.207319882274305 0.737675001535848 -19.1536904163881 -5.84090565372782 0.183046044625371 -0.128824963312184 -2.70841576916428 5.32872968911067 -9.05941497056449 0.66390388837408 9.39132515816891
"139" 13.7585463748521 3.57898135294545 -4.78838960448843 30.1089317593969 -5.088886442925 1.45599473435777 0.370036253972557 -24.7976793104126 -6.20372608009328 -2.23851431446087 -0.0679197596620043 -7.54216518181784 5.85169544902521 -8.96484422530739 -0.205436794144589 18.0811326944386
"140" 12.552049506931 3.0100912024991 -4.0161937923171 33.0688595433876 -4.44329664773181 3.66344484732986 0.0235353828806524 -27.6428466616571 -5.7809866211831 -5.58055942603528 -0.0239084575626407 -10.2989077209386 5.4636466445927 -7.09219732575002 -0.799420820474552 22.9417624806374
"141" 9.52232814507613 2.51682215434676 -3.10494684129355 31.9270677862205 -3.11188088558833 6.30002654731732 -0.262095128335403 -27.1536038157656 -4.623178145667 -9.70302098611819 -0.0026530278838095 -10.3426285022979 4.19386255450127 -3.4113303082687 -1.01152587325487 22.8920219746578
"142" 5.07705667712639 2.17514335447186 -2.13231118917315 26.6047185060233 -1.3068582274222 9.1165221994662 -0.464776003521365 -23.2003981977623 -2.88925742541201 -14.2369185517157 -0.000587057127688695 -7.75727732207088 2.24125334755104 1.74964976406852 -0.86404375751772 18.011377062372
"143" -0.114916242888228 2.04153003524743 -1.15381531843235 17.5964880200445 0.643436716712756 11.7405153203318 -0.579478755588269 -16.1069215908465 -0.832709230337258 -18.6003482502983 -0.00676674385999831 -3.23770279720338 -0.0400524804319957 7.70650166972052 -0.478827494812322 9.39829980082868
"144" -5.21601287433134 2.17182619132973 -0.215597038081228 5.92426125112888 2.34236512338225 13.7172393325195 -0.614606833221359 -6.63807489040778 1.23166790809421 -22.0639588769943 -0.00666333030034139 2.15383195470349 -2.19236033673246 13.4900315847497 -0.0236286269573611 -1.18260047781223
"145" -9.36779378523562 2.6352098779621 0.634342511648867 -6.9938507475872 3.40233898934213 14.5806768765876 -0.586998756226848 4.08242137004277 2.97980071611286 -23.8655478246251 0.0134967778550958 7.28641007578699 -3.74291883984756 17.9897636637119 0.347105050420396 -11.7547506914925
"146" -11.8718466725347 3.51427744995613 1.34183751935632 -19.5460380841869 3.54133835457202 13.9460774540098 -0.516927896626925 14.7219058693295 4.14149820445186 -23.359044864198 0.0629042795344503 11.2368017165827 -4.31898982323912 20.1555914255679 0.539963046649973 -20.5730682705471
"147" -12.3590014910273 4.88705325027377 1.85079450868062 -30.1677802262948 2.67676774750515 11.6044206789153 -0.424003888413182 23.9340663605333 4.55948208347067 -20.166746906601 0.143613246780859 13.479938187189 -3.76691564597354 19.2203860384832 0.547049113004505 -26.4591805882155
"148" -10.8940605014258 6.79363290841025 2.11392293955714 -37.5737837426459 0.986895356434275 7.59313318874877 -0.324434524408929 30.5618937520221 4.22662664652839 -14.2942419807505 0.249695024716118 13.9537832607239 -2.24093754302567 14.8898692423219 0.442203535895715 -28.9598673343935
"149" -7.97984444958627 9.19715789201177 2.10578026578708 -40.9346321392914 -1.08711126315984 2.22112413924992 -0.229754124253787 33.8075025345761 3.28936586018227 -6.1736623046861 0.368206382788117 12.9918532539232 -0.224605697612219 7.44746198144821 0.3513330706337 -28.3061471119981
"150" -4.51763154054038 11.9053886219642 1.84018258830503 -40.0217490687946 -2.88362182604732 -3.85400677419398 -0.148095407560902 33.3780169365014 2.03863718824948 3.21188639534989 0.479974621198039 11.1900283600735 1.51343379527259 -2.08081475948734 0.403699963713734 -25.2761382271237
"151" -1.41306917792258 14.7302304392028 1.35715310674709 -35.1306218967175 -3.75809039812998 -10.0793824505154 -0.0802168369330332 29.4685334610231 0.772430349825129 13.0267765655265 0.570021916497609 9.08323558257325 2.17862263055281 -12.6481040275047 0.687728945472372 -20.7085071320071
"152" 0.318887722412057 17.2931243234136 0.738010248213868 -27.0220594051998 -3.05556549754851 -15.6188805342081 -0.0274431520288658 22.6987158166389 -0.163228469175721 21.9851478071373 0.621636919740183 7.12943485122014 0.959291458022221 -22.6282826346103 1.22063043333674 -15.4834703571942
"153" -0.125989237251247 19.1834541449434 0.0901887916818964 -16.8806937309737 -0.336208594287143 -19.7095275636761 0.0112396032946549 14.0969451716585 -0.478741124066829 28.8952231910471 0.624429201941012 5.56823108653407 -2.71065322676964 -30.4143062982538 1.9372903202011 -10.2987051565833
"154" -3.2186570580597 19.9978253472625 -0.466944051491396 -6.1719411763288 4.52047613199272 -21.7040491554245 0.0376655761795348 4.96352720032178 0.0234659461362696 32.7242825173209 0.574972146921084 4.44704118761729 -9.00792691675861 -34.568869578946 2.70499506763099 -5.66244748087047
"155" -8.95029195906648 19.4124914803897 -0.823848759428927 3.54917300262605 11.2068606690951 -21.1698401628607 0.0540560191015516 -3.31288501357062 1.40126903115831 32.7519002747333 0.477316079204058 3.68507061563287 -17.5690419298887 -34.0746253413568 3.35522096844034 -1.92332074478327
"156" -16.6983279087727 17.2525979237944 -0.906172516212564 10.8910451329248 18.9064745663509 -17.9886737815608 0.0627005093650723 -9.49398990494706 3.52224745002516 28.7272986103478 0.342360735470464 3.14505577646196 -27.3690138512419 -28.589255228251 3.7231764020089 0.704897940719093
"157" -25.1510790204643 13.5462925371517 -0.698105918972828 14.9044714804622 26.2776679910697 -12.4394687140506 0.0656515093218104 -12.7486256589789 6.02822442194417 21.0035887264391 0.186275438435615 2.68512573967746 -36.6842477865713 -18.6543599286604 3.68591892370023 2.15153918603392
"158" -32.3714233376263 8.55304386572993 -0.255779944857636 15.3115952657899 31.5588015213836 -5.23103848901451 0.0644508054346318 -12.8579082409567 8.34744244430993 10.5967555466721 0.0282249983633562 2.18619890207992 -43.2251735742999 -5.77284335790068 3.19179497587356 2.51600553995377
"159" -36.0780181343218 2.75671159501167 0.297151483696041 12.5948557180682 32.853877931213 2.55203203180429 0.0599949732632581 -10.2888641015393 9.78075559970929 -0.889162307942343 -0.112306576527544 1.56526786681206 -44.5203030057183 7.73628240852838 2.27597365286783 2.07485420005833
"160" -34.1692666493547 -3.18440765888431 0.795975534297895 7.88175755067914 28.6201229590209 9.61372647703206 0.0526505794934451 -6.08109454737178 9.65968431122306 -11.507986239395 -0.218311670857048 0.787083208069816 -38.5681105847275 19.1572622060032 1.05873853993944 1.23409447837548
"161" -25.4100434278446 -8.53448781887664 1.08056473023549 2.62406620200545 18.2903696003332 14.7135113596357 0.0426435104601808 -1.54806791910164 7.53537396353306 -19.3767881793196 -0.277916251882544 -0.120403141499992 -24.6457901495372 26.0364144983554 -0.274466400653182 0.417954202683177
"162" -10.0674596200761 -12.6186084620913 1.04822027120508 -1.84651781727462 2.83753567424134 16.9839188935941 0.0306060693058896 2.12978439305584 3.33051171657272 -23.15999185995 -0.286610522690154 -1.0515569636591 -4.01579478777364 26.9285440265593 -1.50864821922733 -0.078590115881525
"163" 9.80644024484184 -14.9786822387146 0.694239295656757 -4.73047296079585 -15.0192898743497 16.2017444276518 0.0180219008123004 4.27684909533809 -2.6061711896557 -22.4822696653894 -0.248605533351736 -1.82329775745893 19.8328303862124 21.9699477080495 -2.44374970030094 -0.213358468907245
"164" 30.6866218492351 -15.4980882509035 0.120222154430735 -5.96225410265924 -31.2650103435197 12.8947720699064 0.0072282537646231 4.89762420687134 -9.55490109696862 -18.0899906899535 -0.176641386660378 -2.20965409653945 41.7538716028769 12.9819325089074 -2.93880773459477 -0.220736612740438
"165" 48.4819105992794 -14.4333764049693 -0.499550870000917 -6.08816417826347 -41.7859433384744 8.19905823918157 0.000730588641886243 4.55579498052634 -16.5411314264536 -11.6343148262522 -0.0895978627534078 -2.02453762634468 56.4332616311532 2.92362119877248 -2.94662498269008 -0.48253203274362
"166" 59.7350903793536 -12.3161922301579 -0.984164464595324 -5.85950978262099 -43.9858557642117 3.47977268746399 -3.54028254321292e-05 3.99664023877904 -22.4538571458208 -5.10020229711972 -0.00790636150975388 -1.23623671692621 60.4101282191403 -5.19857769300108 -2.52967769400402 -1.27275137190009
"167" 62.6532188237165 -9.75598638482643 -1.2160950745531 -5.76113494482252 -38.0434004524405 -0.143477401281302 0.00419762404092694 3.71223387659666 -26.1831583364438 -0.0996488461717036 0.052058706400544 -0.0481646422304038 53.6822975093841 -9.50460489405884 -1.84701662594944 -2.51744973479799
"168" 57.5847394068468 -7.24325263002197 -1.18071349957677 -5.77698661957311 -26.9442162293711 -2.14793732097257 0.0105207525137416 3.71817420238949 -26.8784187602429 2.63835168970309 0.0824599984574093 1.14068254602535 39.8194751188229 -9.87105307132481 -1.10627861209196 -3.76479898419711
"169" 46.790551638908 -5.05712674583674 -0.955439822277469 -5.55384075751863 -15.0230225836006 -2.66500696993631 0.015308617659926 3.68681223865337 -24.3445484655292 3.33036022092222 0.0852916232199732 1.91908023254473 24.2310947947745 -7.64293141817984 -0.49162237364817 -4.4460500228306
"170" 37.4776012656373 -3.76495758529518 -0.745436058523524 -5.08213021367283 -8.09275243910685 -2.42460331001746 0.0164309020318996 3.46136860655668 -20.9638115967352 3.00795244430742 0.0755212361700046 2.09985831409358 14.7565117776846 -5.50443522289902 -0.189904892248251 -4.40195004997804
