"V1" "V2" "V3" "V4" "V5" "V6" "V7" "V8" "V9" "V10" "V11" "V12" "V13" "V14" "V15" "V16"
"1" -144.15169298578 16.1602702808664 2.92735864041038 11.2773450996956 97.4905169978549 5.86229799785747 0.00539743516770841 -6.64688019419282 61.1460730105529 -8.65464152259437 -0.173422866643818 -1.0719615167618 -130.607056385217 31.7566751981115 3.14244472987775 6.56664937355526
"2" -159.610848254522 18.7345792151918 3.04691371200511 14.5704280273967 108.096435875595 5.22740872944019 0.00220744984477506 -9.22293531581818 68.1097825438284 -7.78994749465528 -0.188783030390255 -1.17664092658379 -144.358171623378 32.6855985485422 3.68590979633882 7.88908153808734
"3" -145.158916372558 18.4054679422125 2.4374513318877 16.8006811252999 96.0289774378425 2.71514956684268 -0.00635717091410015 -11.5436970907849 63.6262805667237 -4.18784061543738 -0.165524682987211 -1.30974354302452 -127.894817828879 25.0703363716452 3.57321709746248 8.52190667729883
"4" -117.755793029126 16.2977386101184 1.62843761076545 17.3046898733955 73.5187487103813 0.16306669505957 -0.0155250733962475 -12.6172440795781 54.1669173793365 -0.502712688648899 -0.126914843962254 -1.53061169224384 -97.8289352942038 15.1256715720151 3.0192167608493 8.56251435181184
"5" -64.9946313576261 11.2753842659495 0.280588302095794 15.9668533536096 28.9272866452084 -3.34930112719576 -0.0303446199076234 -12.6094142552793 36.0042269393361 4.58463574112102 -0.0545864059060932 -2.13166849639674 -38.7853242027231 -1.58634044910832 1.65124351642589 8.15313531790162
"6" -12.7658462531986 5.06637391649565 -0.800259981400586 11.8331332078233 -16.9914865024662 -5.09640503824176 -0.0421771799612998 -10.0691691402626 18.2683026272891 7.12552724109992 0.0150059989324518 -3.0327696808381 21.5299990574213 -15.2406508178328 -0.107003232758871 7.26806151872734
"7" 22.1492451077934 -0.93541115912285 -1.1609928575308 5.14737474054346 -48.8297873729161 -3.75270436997153 -0.0450609097460983 -4.83504068020375 6.25285431339125 5.20661221526916 0.0563535648027482 -3.99370205278683 62.9649839426738 -19.8908663988805 -1.80864165458479 5.93057902008877
"8" 31.3268714279548 -5.64436748991648 -0.676171848682202 -2.64911299900268 -57.046600055538 0.774606376053725 -0.0359073118829656 1.99021503535732 2.03199994841702 -1.26439908240172 0.0529971346251159 -4.68887844031269 73.288875934617 -13.2841970740697 -3.01469841165454 4.30235183885088
"9" 16.3715635266467 -8.39284809756919 0.398792768959993 -8.89723810816577 -41.1249891547041 7.19987877673657 -0.0164943691925714 7.99404726143439 4.57404063737295 -10.347645175254 0.00162349029631059 -4.8888914330455 52.0948823095778 2.1240128906511 -3.41114449687302 2.87749874987639
"10" -13.7241349542501 -8.88930779972088 1.55612184373012 -10.4709216751617 -8.46676877483469 13.3459071757861 0.00710453028710845 10.188458845354 11.0173431203352 -18.8043998598632 -0.0882244694665815 -4.56919180411205 9.20560212271357 20.3800277719251 -2.87450417579203 2.42813628166914
"11" -47.221464546805 -7.16168848026518 2.26553906695824 -5.07800347120428 29.6073287348731 16.9914179930965 0.0273292382669865 6.26937544236353 18.1018523854635 -23.3710157822852 -0.197013108170154 -3.8865237965947 -40.531604307535 34.6365801807028 -1.48500768884333 3.66159954157774
"12" -73.948971678826 -3.52266496246375 2.19108420849568 7.5192114534766 62.3667823917881 16.6747576143589 0.0386121973361355 -4.21162455111335 23.2097790356316 -21.9650112709905 -0.299338346234322 -3.05095642073138 -83.053194705878 39.7974696900214 0.504608495968569 6.76865729427664
"13" -87.8620611202716 1.47026935619942 1.30569433942776 25.0043940750074 82.745515724466 12.1348474636097 0.0397023749996492 -19.3561263768461 24.8964071638663 -14.3383599403269 -0.368708506339999 -2.18591995172028 -109.100514333566 34.0967415953196 2.731091556705 11.1398254764354
"14" -87.5716601750994 7.08913104838302 -0.125260365886788 43.0144578232575 88.3011125392723 4.28381673992635 0.0337117856587383 -35.3565216657989 22.9721123698805 -2.01433794305922 -0.382558949277723 -1.27786353252304 -115.558947092409 19.2171720080955 4.79508530966814 15.4579328250984
"15" -75.3830005481807 12.5463389152474 -1.66211996554091 56.4617548413626 80.4928142541346 -5.19064446691664 0.0260132273336922 -47.6750231744118 18.2409619263408 12.3431176246222 -0.326843437759067 -0.253771774521738 -104.556782911696 -0.765239591194131 6.33097313302096 18.1703224202502
"16" -55.6384516458877 17.1179632496378 -2.85085409256556 61.1418449767807 63.145539400258 -14.3896334151964 0.0211824332931201 -52.4831815584803 12.0323923274615 25.8122426097825 -0.199336793837233 0.864444479557278 -81.3894926555204 -20.9764491642145 7.06170455317078 18.134212027755
"17" -33.0310634476355 20.2454837269615 -3.36471323377691 55.0367076557632 40.8477173101721 -21.7287660737102 0.0204619641538102 -47.8359333156041 5.6920244732587 36.0274926710617 -0.0108068449537768 1.82119565769972 -52.3017670689605 -37.2460510777937 6.83286201831652 15.1538181826327
"18" -11.3273740490883 21.5921049525696 -3.08687026283883 38.9034683634818 17.7243005241376 -26.2818328491144 0.0207732714156919 -34.2169288309033 0.18750263893196 41.7000682897578 0.216396206575041 2.07685594012582 -22.7944084315959 -47.088314902242 5.62265814031707 10.2009528671188
"19" 7.2778340761954 21.0500877224904 -2.11972979742563 16.0259210545446 -3.24732585973834 -27.8825926629083 0.0156034289551599 -14.3465519247238 -4.07358503841567 42.7528006496332 0.452038487885602 0.880056879803305 3.28707928343101 -49.9997956525835 3.53000939540289 5.23964551882818
"20" 22.1543639644919 18.7134969368162 -0.731070506838478 -8.72396323857174 -20.4021152941223 -27.0029191457484 -0.00250535948731567 7.61623511640755 -7.198051678497 40.1014198896983 0.662907225686808 -2.53276123910473 23.9328292215487 -47.1421349867437 0.751155216050392 2.68879136061878
"21" 33.7340770905723 14.8378015837952 0.736120431550489 -30.183463141122 -33.1713289711793 -24.4826062215648 -0.0385911751911863 27.1852543476252 -9.5919556302124 35.2049561985268 0.817486651703234 -8.63762649973796 38.6375941503129 -40.633625462724 -2.44082262481425 4.65066561226558
"22" 42.788360882867 9.8023899065638 1.95747152415652 -44.1557685839689 -41.6729833693471 -21.2145089496044 -0.0920981784164496 40.6231136880633 -11.6807142174622 29.5526920956809 0.889326408788975 -17.2973043985112 47.828174131113 -32.7361894842879 -5.70559333480924 12.1169505149446
"23" 49.7899754598886 4.0791035860284 2.69733167877735 -48.2800711497548 -46.2914483576183 -17.8855175384706 -0.155078806482209 45.6881207283604 -13.6773879192673 24.2489685133223 0.858927370128981 -27.5308104519354 52.2878022305467 -25.1980545021506 -8.64046461014914 24.4139106714429
"24" 54.5600762308 -1.74854006768237 2.84241220764875 -42.4204870574904 -47.3902600544834 -14.8687930408837 -0.212259302590098 41.971223369821 -15.4664684752382 19.8420932787385 0.716743691728539 -37.4266595680238 52.7565371513938 -18.9683210562503 -10.7842696388052 38.9848119998351
"25" 56.5082062508627 -7.28919170157133 2.3911592661068 -27.9341524558258 -45.1959709681664 -12.1066717013587 -0.246370402115986 30.3561352072775 -16.729682034773 16.1752224207385 0.455967142252803 -44.8558780890598 49.7110580228646 -13.9679576421986 -11.7441162122268 52.5456400076073
"26" 54.6751776997307 -11.9414615039077 1.42798125324202 -7.70834964421374 -39.8647912823822 -9.4609492426257 -0.238669238117154 13.0137855557314 -16.9734200186529 12.9188995561035 0.0887349801519122 -47.2584678587737 43.4762579928365 -9.83185148047778 -11.1316168238372 60.8345413889474
"27" 48.5428891231259 -15.3265225690184 0.102924584292623 14.9281460888742 -31.7493859913779 -6.70115221637388 -0.178606810634278 -7.36288869976306 -15.8545279392474 9.58970922805111 -0.357948893295202 -43.0236338170362 34.4840266733227 -5.92057776637648 -8.82603288927749 60.7692649321689
"28" 38.304294381966 -17.2504965755161 -1.39985888912815 36.7937232812874 -21.5194924708958 -3.70340549076946 -0.0672817965823924 -28.0146745023503 -13.3055595053056 5.87430668062098 -0.837772846605731 -31.9486385400378 23.4566921343094 -1.76379808253841 -5.03668396296416 51.2481512041559
"29" 24.9620220401616 -17.7365065119793 -2.87222830733208 55.1495226098232 -10.2098778866171 -0.513794394249544 0.0809261389217681 -46.3324173664241 -9.5855384409565 1.73712855260601 -1.28503925707184 -15.539178641935 11.4957962287608 2.80401063839872 -0.349465932107705 33.6396704615036
"30" 10.1561619141462 -17.0165780065536 -4.08665374449947 67.7421000098439 0.885481320744475 2.67529707019276 0.240248689475948 -59.9136055075196 -5.22510325856229 -2.6124934635327 -1.61973305271715 3.15063149209891 -0.0194250070398994 7.6957607639888 4.32113430427489 11.5676594164397
"31" -4.17780552906515 -15.4803306506792 -4.80991936046144 72.7829679997012 10.4321944476146 5.60138101265329 0.378556145508583 -66.6269943061761 -0.900798643045619 -6.83583867642028 -1.75890434315113 20.1254988273722 -9.68169108353868 12.7139197394781 7.88452227069502 -9.93734791461611
"32" -16.1951015269046 -13.5853285081166 -4.8374901488462 69.0613141551257 17.3050731325684 8.011855169309 0.464393327838366 -64.8420275722401 2.71948861218175 -10.5830892218655 -1.63382500510204 31.3743940162531 -16.3492504284914 17.6582558634245 9.31299362055506 -25.6891845326172
"33" -24.4731750564811 -11.7436481054874 -4.04889513363855 56.269242168346 20.7935598989866 9.71214948131137 0.474551078266245 -53.8653700431332 5.12156015605728 -13.5578556041573 -1.21028438661278 33.9144959097175 -19.3796971892461 22.3226436161722 7.923386505081 -31.7022010745568
"34" -28.2317976391255 -10.2101354222241 -2.47005610478664 35.4461458274563 20.7217655540185 10.573379158559 0.400569479724595 -34.4674384612445 6.04927379100582 -15.517367884212 -0.507229553268303 26.7147086283949 -18.7458718178241 26.3898519706627 3.63526576523145 -26.3473407851707
"35" -27.4205339283467 -9.00511541988089 -0.317263705784853 9.30869828141294 17.4708539209182 10.5147186011191 0.252536990938438 -9.25472916182662 5.54935856878251 -16.2380997467726 0.392615298029796 11.243307194818 -15.0246521425997 29.3058635975394 -2.8748923337771 -11.0174799463712
"36" -22.6771485145018 -7.90255886909563 2.00479513757 -17.8066067091277 11.9054027426973 9.48611338270393 0.0587449840925274 17.3875376048181 3.95144349109069 -15.4936027863332 1.34646414970939 -8.58809385332279 -9.27547454453634 30.2409668128885 -10.2002156931667 9.94000814136234
"37" -15.1762289081266 -6.50098230124786 3.96871083625911 -40.5720122010971 5.21381444786857 7.47259037029426 -0.139555851836803 39.9629442835521 1.78846381593394 -13.0821406567093 2.17320846931659 -27.2036669319932 -2.83305567625848 28.2160035727557 -16.4538670394431 30.1395857260213
"38" -6.39884936281942 -4.36960584707049 5.05048291510366 -53.8504766114493 -1.31443656034253 4.52685519193892 -0.297766757683803 53.114367850465 -0.32828485251207 -8.91366353257126 2.69159100559455 -38.7844838769815 2.95431893208297 22.4017940036656 -19.7216940645412 42.8153469089302
"39" 2.13505419961302 -1.23283594703025 4.88699628542531 -54.1650166068866 -6.53509454268396 0.819022966480134 -0.379792046880425 53.1741672089247 -1.85424470635462 -3.13119999474384 2.7666769031066 -39.0039892167988 6.99564239617757 12.5145005614768 -18.6153585021166 42.8381860529189
"40" 9.1218957143783 2.86654702758096 3.4154979219843 -40.9951299180393 -9.6661035661723 -3.32140354971489 -0.368740262772803 39.5306580527758 -2.44204344075047 3.78489148669996 2.35133951100488 -26.557702485632 8.67846094802007 -0.836085639486555 -12.7615808682131 28.4957642251684
"41" 13.6685926475702 7.48891421901317 0.941688580468053 -17.3991923943904 -10.4222982970982 -7.39983175727866 -0.272864446341146 15.2869032777089 -2.02137313400499 10.9881126713826 1.50852679084437 -3.93638970173197 7.9823861899049 -16.0032809089535 -3.05232851650726 2.40706705811317
"42" 15.3915092030884 11.8467091811162 -1.90004173497164 10.3815435166252 -9.03279342008045 -10.8069726821295 -0.124287291225414 -13.1466406764957 -0.803949030000922 17.3528774237129 0.404605057212848 22.9259173113533 5.44865766026851 -30.4741156718001 8.46223572902454 -28.846872228547
"43" 14.411413551577 14.9835872190288 -4.29745626086356 34.3711541066805 -6.13832623650978 -12.9269676585955 0.0297089283910736 -37.5580653348916 0.789110625539024 21.6810100912135 -0.727142204764959 46.1495970795077 2.0087404150263 -41.3641012027811 19.0465356438726 -56.3964928395289
"44" 11.2626946999922 16.0421660569718 -5.48828519762151 47.0432732964618 -2.60056736388287 -13.2839437709108 0.140571042020497 -50.2045194574348 2.25634163062455 22.9891444904515 -1.64407342585923 58.1876406705269 -1.28293158196539 -46.1350087089195 26.0050763307954 -71.6427150624222
"45" 6.75273322155817 14.5458560101979 -5.00291335549969 43.6598567025067 0.720915024556234 -11.6909992628362 0.173503149069916 -46.2370980991473 3.16337329122757 20.8054458954593 -2.15706287451621 54.2388005211687 -3.53809122549501 -43.349517789522 27.4596621513047 -68.9672050364316
"46" 1.80885537586209 10.6085290038754 -2.84916741651591 24.0751809374851 3.16387051888978 -8.35721005336836 0.119076844051619 -25.5611785675719 3.26616691638151 15.3884537145241 -2.18092537670145 34.0615477595711 -4.26589033856726 -33.2410233059309 22.9500735516194 -47.7681975504966
"47" -2.66301444313649 4.99638210239027 0.426057688400533 -6.62598183128284 4.38456582721301 -3.9091063043752 -0.00236079795308797 6.51937491985518 2.57550497997863 7.78423640081928 -1.7575509336848 2.56454510500771 -3.48374341391718 -17.8937698259533 13.6646496466674 -13.1347314361192
"48" -5.90244337574859 -1.00387009891892 3.83993046410433 -39.0761420689159 4.38367898100933 0.705576239131915 -0.145516008299182 40.2992520135267 1.34472562144651 -0.338442657628548 -1.04346695945424 -31.180657337507 -1.67801623754531 -0.895012425229652 2.19047395502639 25.2108799287525
"49" -7.40529877748395 -5.90906112499579 6.24331861299243 -62.2030058021555 3.44221271080187 4.43796678965919 -0.253848592597251 64.3427038485897 -0.017814771715166 -7.08536998169984 -0.262499125256227 -56.4614132507704 0.376510343970949 13.5563257702188 -8.20700136424421 55.6289530203212
"50" -7.0167256207742 -8.49075345064739 6.7022938800244 -66.9263907714121 1.99465172820328 6.44375775715434 -0.278972687729265 69.2933636387061 -1.09073674042247 -10.8954037034946 0.365272747586005 -64.4362241270137 1.8915416456548 21.9146682152041 -14.6161066827735 68.3331582984829
"51" -4.98275283655767 -8.21861774031095 4.87406217817579 -49.8287982391266 0.481176450683051 6.38259363130601 -0.199827889599874 51.6462241921472 -1.59483355665998 -11.0917198715106 0.696708109558585 -51.5731830721488 2.35320522262919 22.5434040518085 -15.5112438027718 59.0819281949953
"52" -1.9277183217373 -5.51609262513921 1.22058928857859 -15.2540714388451 -0.774078005671981 4.58455488297841 -0.0340531232750436 15.901358419298 -1.5012841438006 -8.19493088643685 0.713466365072463 -21.6307849658479 1.71833726930527 16.443889823373 -11.3817756126373 31.3356100026285
"53" 1.26423775218063 -1.67393508157329 -3.07199794905137 25.460956676834 -1.62035411767283 1.97774533861957 0.164889263583518 -26.2280377932475 -1.03415937363707 -3.80497226393891 0.52148646741216 14.9987102937303 0.424813881911177 7.02447510776619 -4.61561140955018 -4.36657841314445
"54" 3.66007460568835 1.60958003984524 -6.491948393033 57.8383566011835 -2.05936734327588 -0.239453410942588 0.32631611412603 -59.7827895614901 -0.552158963453621 -0.0210108381997998 0.2968703464594 44.8343020096654 -0.812014423980145 -1.16472643617089 1.43655882145686 -34.0947428663494
"55" 4.5413817407707 2.90778989614046 -7.78496455408367 69.8794765910134 -2.16539123108214 -1.07148536215209 0.390460504410157 -72.3553262991336 -0.365270526158383 1.4028164699539 0.198921844497136 56.5751610797015 -1.33904291932413 -4.29472415712371 3.89050960160966 -46.0723617123149
"56" 3.63647560927711 1.66696124933515 -6.4693822623185 57.0141456545898 -1.99254044733698 -0.141031279335948 0.333719614753591 -59.2023414664036 -0.583645289135802 -0.199585497028238 0.291085967998924 45.7971966553305 -0.881953397192774 -0.902649864763589 1.61126537354721 -35.6440577806206
"57" 1.21783353197316 -1.55946177421902 -3.03775582137223 24.0307282071299 -1.52323614683246 2.14947528295579 0.178630695473203 -25.2413810875078 -1.07192362038177 -4.11712118379364 0.50978104278488 16.8028888281842 0.318970530479419 7.46926881517356 -4.28160160682455 -7.23819064331474
"58" -1.98944150299212 -5.35604780733593 1.25316312472023 -16.9508903571987 -0.692492806528207 4.78924817485131 -0.0163042469077936 17.0385911522135 -1.51985131666561 -8.56811900154571 0.696884515710281 -19.2748245569528 1.62347264346317 16.9534370861729 -10.9356486499964 27.6325773750141
"59" -5.04458940651784 -8.0415089903272 4.89752425541064 -51.4593390013106 0.521522593499867 6.57918707999761 -0.181397166382112 52.7072245001182 -1.58924334770154 -11.451590906021 0.678217677617795 -49.1043962048716 2.30144712139372 23.0121384236936 -15.0351778886106 55.241810591222
"60" -7.06391896481909 -8.33176179247675 6.716561462762 -68.2588087395488 1.9965769125638 6.60305721272925 -0.263092905330041 70.1412775962635 -1.0736034695733 -11.1883817011403 0.34865140066313 -62.2968847674492 1.8859917363261 22.2805275912388 -14.1989586846285 65.0272281510988
"61" -7.43221981822626 -5.79211112046141 6.25170386941704 -63.1443590469862 3.42437522350338 4.54866097598278 -0.242391580339699 64.9360149735076 -0.00301595003361399 -7.28995649372155 -0.274667015936302 -54.9145042531309 0.398528417954367 13.8043920442806 -7.90421154385695 53.244221081899
"62" -5.91300711214262 -0.932738397463254 3.84531589253697 -39.656271870801 4.36350598898298 0.772216268560442 -0.138544723818313 40.6667237539805 1.35194951130347 -0.462182250295882 -1.05078378440612 -30.2404505829618 -1.65042047760471 -0.746718804036391 2.37391506758649 23.7590030128777
"63" -2.66466697406941 5.03259393489134 0.429886377795356 -6.94349158310069 4.37023414878695 -3.87367822415854 0.00126675015621913 6.72464137355564 2.57692084130076 7.71819253258582 -1.76119811654576 3.05152903820272 -3.46308383884752 -17.8137742353474 13.7585804599184 -13.8915698967176
"64" 1.81038535437028 10.6241971133604 -2.8462842840529 23.9138536513565 3.15593616851947 -8.33982725903024 0.120736908038339 -25.4528040189034 3.26509022233404 15.3559647452385 -2.18243803892256 34.2821884613368 -4.25427024291275 -33.2000553491471 22.9915669919501 -48.1160015801725
"65" 6.75469118559022 14.5516575674828 -5.00067137856536 43.5777610263322 0.717084989452815 -11.6825058713393 0.174202362245069 -46.1786918204052 3.16182996306225 20.7895634419219 -2.15756593215133 54.329812500946 -3.53267632964616 -43.3279423329195 27.4758523799683 -69.1150167312007
"66" 11.2642208166894 16.0439222309269 -5.48656175931569 46.9987808483056 -2.60236222556978 -13.27952285841 0.140856232740248 -50.1707574245302 2.25505777969147 22.9808905128757 -1.6441752119847 58.2232478885562 -1.28062479720302 -46.1227211187006 26.0106784150994 -71.7040009060584
"67" 14.412390547925 14.9839148147385 -4.2962363563197 34.3460499934226 -6.13919884618508 -12.9245494682245 0.0298245824201331 -37.5379922605607 0.7882273527905 21.6765055704036 -0.727116883455892 46.1630426329357 2.00974492415116 -41.3568609549475 19.0481572192512 -56.4219539918995
"68" 15.3920264954559 11.8466532066977 -1.89929292587567 10.3679696403415 -9.03321947123231 -10.8056896443804 -0.124240993580997 -13.1354179319969 -0.804476365713526 17.3504916668371 0.404648740204038 22.930793665917 5.4491466331101 -30.4700927218846 8.46255543025109 -28.8573544213432
"69" 13.6687800871964 7.48883508624203 0.942073634381359 -17.4057588805299 -10.4224867537873 -7.39921535930443 -0.272846138145042 15.2924257126542 -2.02164956984439 10.9869677713059 1.50855558427156 -3.93463392785634 7.98267942880011 -16.0013145768598 -3.05231618274775 2.40282357513206
"70" 9.12186039461722 2.86652454712021 3.41566138068288 -40.9979021614563 -9.66615846407376 -3.32113583378577 -0.36873255738135 39.5329893555208 -2.44217570662568 3.78439620260087 2.35135160102323 -26.556955526321 8.67869239151696 -0.835259540578591 -12.761576867204 28.493963742425
"71" 2.13480927077899 -1.23281464784486 4.8870577844632 -54.1661289587355 -6.53503302338595 0.819169192960089 -0.379787786925249 53.1750719184056 -1.8542816320537 -3.13145890492797 2.76667863546686 -39.0034735180234 6.99580717542176 12.5148715943415 -18.6153101103118 42.8371653828362
"72" -6.39960270562233 -4.36956334254319 5.05052959436171 -53.8513002286127 -1.31410773236757 4.52711931789327 -0.297762237515713 53.1149908893221 -0.328101651310817 -8.91409160773037 2.69158563254382 -38.7837337309029 2.9541584237968 22.4023407301947 -19.7215777782585 42.8140837384854
"73" -15.1788671703357 -6.50091646483816 3.96885200622455 -40.5741128240988 5.21500788024468 7.47354601428151 -0.139545455976645 39.9645324141402 1.78957070140723 -13.0836553537301 2.17318913836823 -27.2016320311523 -2.83451032078847 28.2179940677252 -16.4535445682304 30.1361981192604
"74" -22.6864958972883 -7.90241063540543 2.00531305978234 -17.8139103599533 11.9093307814915 9.48960323905658 0.0587777688667757 17.3931169698826 3.9561146633971 -15.4991190601713 1.34639791912775 -8.5813336539577 -9.28141460008192 30.2482753139921 -10.1991673212578 9.92866238500574
"75" -27.4513944519813 -9.00469636551497 -0.315554397549477 9.28485671423186 17.4830057868626 10.5264112184659 0.252641482693548 -9.23652107117596 5.56594835617375 -16.2565663146552 0.392392593642853 11.2654610678874 -15.0447964412188 29.3302287633651 -2.87146073103941 -11.0546470624104
"76" -28.3252626114631 -10.2089785178996 -2.46499900740923 35.3756978362981 20.7576600838288 10.6091225006107 0.400878658693273 -34.4139210067206 6.10056357865892 -15.5737622244442 -0.507932474305107 26.7822126279207 -18.8068904513411 26.4637073847398 3.64583115393543 -26.4600176199165
"77" -24.7332286492428 -11.7408390473074 -4.03532628269909 56.0806831077025 20.8949126374696 9.81203817762253 0.475379468791175 -53.7231407308409 5.26156528490469 -13.7152423699144 -1.21232186811028 34.1024814667471 -19.5468708218414 22.5270452844943 7.95318904978558 -32.0139748381625
"78" -16.8606045099723 -13.5798384218569 -4.80416097999569 68.6022578477932 17.5754214068415 8.26768774282846 0.466380527906722 -64.4981746134927 3.06076932846304 -10.9855195424661 -1.63919730654277 31.8498437578091 -16.7657489489766 18.1765454077786 9.38914090492108 -26.4730699094653
"79" -5.74174492322709 -15.4736289099683 -4.73449584505693 71.7620017368463 11.102417933459 6.20331345122804 0.382797328916126 -65.8666419916681 -0.149659328505777 -7.78095090853367 -1.77176443723317 21.2164348595834 -10.631697666834 13.9217167069182 8.06019887025832 -11.7278388069972
"80" 6.79039354040606 -17.021372847822 -3.92884301085064 65.6586884911885 2.41016423512883 3.97930450258627 0.248271489371632 -58.3684355689638 -3.71756637949898 -4.65605413529556 -1.64775863101784 5.42737447621766 -2.01759710821989 10.2896795862262 4.68793019226723 7.84210187946155
"81" 18.3425462747887 -17.7969143865803 -2.56655266209054 51.2332520115669 -7.04778415141618 2.09288324555837 0.0943226494705414 -43.4359595394089 -6.8057199826992 -2.34031322100782 -1.34093870347056 -11.1967400745343 7.59864781632587 7.94990793497163 0.347456478117238 26.5454207600415
"82" 26.4137491371184 -17.4766213706971 -0.851943008556418 29.9950763539964 -15.5488961882811 1.11405915975593 -0.0477341797118243 -22.9969844323568 -8.57387162445139 -1.64826114532389 -0.940428307485149 -24.3391476624383 16.3895455446291 7.68198678636827 -3.82388943584374 38.8253792819305
"83" 29.0107728129528 -15.9379903166919 1.01080973815226 4.02417378203245 -21.4690946498586 1.54453983102985 -0.15443732293943 0.666652135691038 -8.40089542256146 -3.2656438252925 -0.532349923037259 -30.7262124747795 22.5710091465407 10.1397358525514 -6.88399507652321 40.6996563006833
"84" 25.2608178943633 -13.3031464173591 2.81772318954154 -23.8368959000181 -23.6820082747345 3.63102812812667 -0.215848032501412 24.8561040957484 -6.09474386257239 -7.46199438168696 -0.185972561406516 -28.9207894743304 24.8573338375027 15.479339960888 -8.26942299850271 30.9136859903228
"85" 15.7907546698575 -9.91718796188525 4.35750310342189 -49.8707618063163 -21.8639738725929 7.20546757240072 -0.237863939636782 46.4072397705986 -2.0182995753546 -13.8475984598654 0.0551238287675915 -19.7120406166505 22.8471886754696 23.0296764714326 -7.8852806551804 11.5162571950495
"86" 2.70020689858484 -6.27064383435936 5.41797465855893 -69.7666099470043 -16.6009400820844 11.6385218640971 -0.240101742747129 61.9174098141739 2.93860264271916 -21.3149810923642 0.17679821722129 -5.96590743806155 17.1885828647364 31.217655563767 -6.09098446932148 -12.4165237162524
"87" -1.70763107602852 -5.14889171212872 5.62257040114571 -74.0961083896145 -14.4230311543256 13.0680214133545 -0.240945541439146 65.05242800835 4.49836724983709 -23.648528359462 0.191936126297378 -1.33293110464001 14.8699400744117 33.5967072500493 -5.33559667904592 -19.8416338455281
"88" -14.7639788295978 -1.94946349451675 5.78380631774905 -79.8450777662401 -6.78883307015349 17.128037035 -0.257468978848124 68.1557844425661 8.7704616914807 -30.0491553516904 0.180395686587985 11.9336641775153 6.84245701149484 39.2937426571793 -2.76497901133735 -39.2589998708281
"89" -24.0614305949275 0.437301807776748 5.16046810927685 -72.1478917668028 0.548420247986087 19.7242465789968 -0.309573521158427 60.1219146821913 11.2294431872841 -33.7574062001677 0.108920907564311 20.0492303338251 -0.693450374873464 40.7309168939823 -0.529500993387046 -47.9473686326965
"90" -27.3629254443895 1.81772634527988 3.79251997546839 -51.3571328626058 5.97819888356389 20.1652819241613 -0.402489256077274 41.6278396979451 11.2335732757206 -33.7383385419744 0.0184012745602331 20.4556743313296 -6.06300423226912 36.7970664574868 0.762075581889803 -42.497682590154
"91" -23.9779923678057 2.22663753492452 1.83711037775197 -20.4500472314357 8.54966989535296 18.2742247888896 -0.521876919366605 15.3629208260263 8.73290098523557 -29.8265170268724 -0.0585068322142206 12.8377137515636 -8.3405801786239 27.6525108879323 0.85302643732939 -23.3020900956617
"92" -14.8179419931953 1.89489266095825 -0.464606697546401 15.5632503105662 8.15579584208581 14.4107195969532 -0.63561089162522 -14.4999944018145 4.21629534179692 -22.7388661043024 -0.105193894014974 -0.843950582508114 -7.50104911697235 14.6926171759992 -0.11379774600573 5.5591969070083
"93" -1.966401904127 1.17635150167916 -2.8401804289158 50.7240712675084 5.41221581275522 9.33450151457009 -0.700839977162332 -43.1873846747367 -1.46460920719392 -13.8310848739684 -0.12315738598295 -16.9292464783939 -4.28163379174657 0.147488549370337 -1.65972734205752 37.40724214488
"94" 11.9672904090789 0.462357041380528 -5.03673288489836 79.3395636619498 1.34211363714894 3.98179165342617 -0.674368427515446 -66.2710894396623 -7.30753794225211 -4.71746878461272 -0.128407247138853 -31.019493223168 0.152322503709911 -13.501685448945 -3.11631037578263 64.6207877723646
"95" 24.4452538904106 0.0997966076483863 -6.85228004094506 97.0147788856048 -2.96135222981138 -0.762395187534821 -0.524228455453112 -80.4318782935552 -12.3509906363304 3.11040887312447 -0.143458480911931 -39.0842827489687 4.58572151567023 -24.0845846144966 -3.81810933555607 80.446344842363
"96" 33.4234400587716 0.317349114488024 -8.14189331454622 101.328112341984 -6.5806269018899 -4.23783970069144 -0.240345208536041 -83.9145286434104 -15.8196757685846 8.57229137844934 -0.187084731475807 -38.501899184761 8.04271911821616 -30.1419785088692 -3.30346549971364 80.6205461124191
"97" 37.5904580234228 1.16694222100887 -8.80577774629251 92.1054399355016 -8.89975520857706 -6.10499486391564 0.157993066921222 -76.66322537628 -17.216043029541 11.1568059672745 -0.264797807308469 -28.8279404239875 9.92991062268356 -31.1161812828759 -1.47777280692753 64.5079636763257
"98" 36.4555600100207 2.49635280191796 -8.77355148313063 71.3209269466242 -9.63428121233756 -6.36449131084282 0.620300536427294 -60.1903766088526 -16.3599546346568 10.9491348245092 -0.363293574709473 -12.0904577476613 10.0519169626377 -27.3497855100659 1.30990094329172 35.4821899441158
"99" 30.321784054689 3.9707742587525 -7.99879970967299 42.6771592853693 -8.80031890663213 -5.31312064771419 1.0706532745188 -37.2471773877405 -13.3850931973877 8.54827720637059 -0.451438992900989 7.54223751921381 8.54910152276352 -19.9371598553835 4.31637920363937 0.351049641569261
"100" 20.1757941179681 5.15053880302094 -6.47129595873162 10.9301316522324 -6.65152297445911 -3.45288672524703 1.42142396852125 -11.3576464644702 -8.70272317413014 4.90054708001026 -0.488593084119088 24.7454168797994 5.80171448172678 -10.4755450121093 6.59026009898662 -32.1901463082759
"101" 7.51976922230551 5.61247257816831 -4.24390648729081 -18.9479682675956 -3.60291607804265 -1.37205166943295 1.59282960850328 13.7261103214278 -2.94153178810961 1.08210834649981 -0.438452184870016 34.4943395480514 2.32776387987815 -0.760421487492749 7.25850113068736 -53.8042799579416
"102" -5.83572390348672 5.08213290788262 -1.46134402770554 -42.6356182838172 -0.153121748965532 0.379842425194511 1.5335093792163 34.5835069057393 3.13050014941746 -1.92901676956171 -0.284069735565026 33.6056464091671 -1.31112050186221 7.528638308072 5.8318650737674 -58.8846612655179
"103" -18.0025823270566 3.53351964294598 1.62675093066855 -57.1988004265077 3.18786848482705 1.3993689351737 1.2359759496735 48.6270983417235 8.69755311724452 -3.4468161272689 -0.0384385448832063 21.867860391867 -4.58845588247004 13.1035482186935 2.4236857763135 -46.3241242154909
"104" -27.2544131463796 1.21886421098861 4.68248288505197 -61.5490669365645 5.96092940799645 1.49847021732785 0.74165887215986 54.4729488148023 12.9955470540485 -3.19793356855189 0.254065659852927 2.33792269005789 -7.07270127797983 15.2614326676567 -2.20748369292778 -20.0548543600016
"105" -32.2567526757666 -1.38663678460125 7.32929428685952 -56.5290670954746 7.80773386553801 0.723682558069868 0.133349122116442 52.1202105914399 15.4130269711829 -1.34688856837874 0.527069204404711 -19.3672288096423 -8.46757349480595 13.9676835027776 -6.82565788753345 11.9036750584492
"106" -32.2685211596959 -3.71057404905605 9.22379438998587 -44.6130717069427 8.50800909672262 -0.674729363104234 -0.48304692193426 42.9057123726416 15.5847530557712 1.57319928502329 0.710159363930188 -36.6193952569447 -8.63521105400741 9.82024803848981 -10.0569649746103 39.6650492330955
"107" -27.2927041373964 -5.24067616279535 10.1287181053397 -29.2892962211808 8.00473182856103 -2.31305732972078 -1.00218234206079 29.2303347941852 13.4676050916955 4.80254643465832 0.749970841002551 -43.7236274061434 -7.60599850672679 3.90727149529903 -10.8020402372931 54.3323859595112
"108" -18.1504611208084 -5.66567733160355 9.96370476778429 -14.2475407379789 6.41694801153744 -3.76680150576249 -1.34182101914337 14.0866090390628 9.38586534024489 7.53523661108738 0.627780563018405 -37.6935553611984 -5.57772319245305 -2.41521260594618 -8.59773727815627 50.6770300337521
"109" -6.44623873683167 -4.95920385283443 8.81730084424726 -2.52646174150505 4.03677834164 -4.66716402773272 -1.45868906716089 0.450540424300925 4.02894482977558 9.10179718380641 0.36803792466867 -19.3478936711472 -2.90267623013551 -7.79082889734491 -3.81922257141923 28.8940029004298
"110" 5.61381596144474 -3.38453516111713 6.91619982837983 4.2082673288096 1.30295950997515 -4.7841192364026 -1.35445480961494 -9.3619321497099 -1.61878596633255 9.12030854026307 0.0347907536710181 6.60964248309028 -0.0556838397624233 -11.1355946326139 2.34565098882013 -5.07791639634524
"111" 15.5779599956877 -1.41893229968991 4.56208409100009 6.06553940118465 -1.25913503402353 -4.07952604144839 -1.07132082944361 -14.2273099729391 -6.43234782707714 7.5849178934277 -0.283918852161378 32.6465216086362 2.42780213261722 -11.8665832055976 8.1660997313229 -40.8871474900516
"112" 21.2660106648268 0.385001550924244 2.05842666757212 4.81730102637084 -3.13697707602796 -2.71364655515072 -0.678887734695081 -14.449033775787 -9.38149880568994 4.86190731893385 -0.500420633839099 50.4680425912666 4.05105051235023 -10.0246725128427 11.8415737580981 -66.6309273349179
"113" 21.3615436831883 1.56636406513189 -0.346128140874725 3.1679912710315 -3.96082683801751 -0.993925654466238 -0.255645503768278 -11.5348941199973 -9.80913432943203 1.5756531311963 -0.554314962780722 53.6695632002375 4.48444368554465 -6.23336719163217 12.0732288798899 -72.6937308959896
"114" 15.9142062988285 1.90191626611704 -2.47969084011447 3.55064650544227 -3.63057800706611 0.725896553190978 0.130103356001769 -7.52250072859533 -7.67643317576176 -1.59540522483258 -0.433656392708144 40.2103902680828 3.68822903883392 -1.48327228103335 8.56477789402561 -55.476055668958
"115" 6.53939483904151 1.47696263579564 -4.23532215789123 6.93694572039385 -2.38469068903123 2.15955747377711 0.434249793325421 -4.12041373447937 -3.67316726706463 -4.13826034764043 -0.182281677024889 13.7214158760034 1.97346589874542 3.18292507954902 2.25219298087177 -19.5270391376107
"116" -3.87059698858548 0.645149922976088 -5.54409234311856 12.3160353590647 -0.758490801213156 3.16145902317885 0.641071204661671 -2.10556293333138 0.900240261225463 -5.83606060130842 0.111572499859221 -17.1839778546855 -0.0505526972247026 6.94533300914736 -4.89135672885459 23.236547287117
"117" -11.963123133989 -0.117259698873568 -6.35508377268616 17.2450680148759 0.583046507978906 3.72225160809012 0.756304256237172 -1.31159787280194 4.50582067021946 -6.74078165810442 0.343813652906874 -41.7286825496412 -1.65441624529012 9.32216658342986 -10.481483325555 57.519436786999
"118" -15.051739155761 -0.409873540683293 -6.63223350070803 19.2555711094974 1.08994925069419 3.8961103498641 0.792858321139875 -1.17044207523031 5.89811946283089 -7.0110270388941 0.431159055002695 -51.0193996844464 -2.24283172550076 10.1129479378906 -12.5822435445589 70.5557745840051
"119" -12.1031056244901 -0.0788044683522457 -6.36133153405558 17.3108890093354 0.548138968381409 3.71428309012663 0.756907388024956 -1.38449039599982 4.59471780607396 -6.72743314483978 0.341989436678887 -41.6232726868766 -1.58464244077732 9.27393459511131 -10.4521350160358 57.3919360795699
"120" -4.1249401194932 0.714627210042636 -5.5538635537016 12.413247199489 -0.828796626270105 3.14825662730664 0.642161085258181 -2.21788717537129 1.06173410325755 -5.81449421913931 0.108481828239974 -16.9955054255843 0.0880472554918015 6.86142743553864 -4.84021574614599 23.0026850539143
"121" 6.22811639778547 1.5606924435333 -4.24246048702548 6.98546718610305 -2.48531891709081 2.14840598316232 0.435621009350598 -4.19554034900102 -3.47526309967679 -4.12176101653858 -0.185461917166776 13.9497014238586 2.16624075409254 3.095860481204 2.3097371177173 -19.8299048450717
"122" 15.6248079690172 1.97687257483267 -2.47590637377152 3.44000048135058 -3.74680660676177 0.727892850920398 0.131539738802985 -7.45593480124808 -7.49184183757734 -1.60382538264366 -0.435424965371794 40.4276490828051 3.90042592010741 -1.52464280874847 8.60970096079109 -55.8082939654996
"123" 21.1597212770594 1.61363629176776 -0.325560351412378 2.81937156213098 -4.07250774774593 -0.969852814245769 -0.25428874534839 -11.2520814701911 -9.67996741776869 1.52672358858945 -0.553610795915915 53.8395198956423 4.67412075490302 -6.18886606432807 12.0920245987727 -73.0267973942391
"124" 21.1720462073085 0.399600000045211 2.09449976359269 4.25125225677039 -3.2279052835197 -2.6679398248848 -0.677676721634839 -13.9667503996916 -9.32173034323773 4.77397415204359 -0.497304071413964 50.5815134969307 4.19065250857693 -9.89185785314021 11.8333963146688 -66.9460786381678
"125" 15.5661510329933 -1.42786472993521 4.6050997469456 5.40656520953053 -1.32307293318581 -4.02312736133035 -1.07029605072432 -13.6568052582315 -6.42637305557264 7.47839146020215 -0.279520676852599 32.7149128432502 2.51391056515877 -11.6849742280019 8.14144255579959 -41.1653900805686
"126" 5.64036681859079 -3.40245010388207 6.95542961247088 3.61238355894602 1.26339001953374 -4.7317076407985 -1.35365945674027 -8.8429616486992 -1.63835709777959 9.02211202966191 0.0390308732675066 6.64965052698972 -0.00996168161509559 -10.9602746606797 2.31818211701466 -5.29902833237429
"127" -6.41504125299298 -4.97525311059781 8.84581078594783 -2.95854374111877 4.01494590605944 -4.6286351696167 -1.45814485657456 0.827574682387421 4.00636601315455 9.02989000931848 0.371176153601596 -19.3241597001906 -2.88103807717744 -7.65987295647938 -3.84038495102141 28.7411139791948
"128" -18.1288576683887 -5.67585407402748 9.98052082662025 -14.502680600639 6.40618905335668 -3.74389802138194 -1.34150152542441 14.3092294587332 9.37016804059681 7.49256765283099 0.629635195358105 -37.6796439192694 -5.56832171237875 -2.3368569282602 -8.61025644429901 50.5869601323793
"129" -27.2814161248375 -5.24569364780109 10.1368392617139 -29.4129724430313 8.00003194934789 -2.30192667607207 -1.00202361411584 29.3381082212109 13.4593989628386 4.7818225267456 0.750860290724631 -43.7160689455923 -7.60223417786165 3.9454308364584 -10.807916854541 54.2876283104706
"130" -32.2636859874051 -3.71256875602558 9.22701636177726 -44.6624658053588 8.50620086599429 -0.670287250401088 -0.482980610626669 42.9486553408442 15.581301692589 1.56492624107796 0.710507623581748 -36.6157822938403 -8.63386871858256 9.83548221444653 -10.0591725762133 39.646365325927
"131" -32.2549353529416 -1.38729212342605 7.33034198505493 -56.5453056028018 7.80711207385957 0.725134356068338 0.133372241840334 52.1342799248923 15.4118156168033 -1.34959637843258 0.52718050415649 -19.365761682624 -8.46718440616769 13.9726701225763 -6.82631815284549 11.8971521845378
"132" -27.2537505550026 1.21867824229867 4.68275854931312 -61.5534201263836 5.9607254579073 1.49885190569785 0.741665424488474 54.4767030856128 12.9951799415064 -3.19864848778889 0.254094579958064 2.33840757182043 -7.07264047700482 15.2627578546953 -2.20763918311059 -20.0567270001629
"133" -18.002331886174 3.53347078807019 1.62680855696635 -57.1997471180111 3.18780301397555 1.39944877825837 1.23597742357481 48.6279093119447 8.69745801461545 -3.4469669147793 -0.0384323389192787 21.8679912764346 -4.58849225687845 13.1038360264592 2.42365785878792 -46.3245649273886
"134" -5.83570367893617 5.08213478112066 -1.46132787961005 -42.6359234193988 -0.153104511838137 0.379878925869434 1.53351035329888 34.5837576214617 3.13051160568398 -1.92908188637193 -0.284068323454676 33.6057702284306 -1.31121476973749 7.52875244083043 5.83187467906464 -58.8849130421004
"135" 7.51936593970868 5.61255753715159 -4.24386834742086 -18.9487480999705 -3.60270823237443 -1.37192375523864 1.59283383033835 13.7267230309753 -2.94136440919397 1.08188885065192 -0.438451092545279 34.4948948270758 2.32746659091299 -0.760085510749377 7.25858079915997 -53.8052492542774
"136" 20.1740253715843 5.15091520907754 -6.47114763609329 10.9270441624867 -6.65064247547798 -3.4523820320901 1.42144159286113 -11.3552362838436 -8.70204487231786 4.89968032022352 -0.48859005871725 24.7477337423188 5.80059305588657 -10.4742348122663 6.59060423899791 -32.1941467052966
"137" 30.3155367032582 3.97218228902875 -7.99827620804967 42.665994405761 -8.79713234609198 -5.31134650024114 1.07071834720387 -37.2384941021428 -13.3827225240457 8.54521919581475 -0.451428561038597 7.55081340420293 8.54502926901478 -19.9325249709109 4.31767375309209 0.336317780442187
"138" 36.4358614590979 2.50113037670053 -8.77188074895548 71.284225298099 -9.62387009275471 -6.35886674110407 0.620518648484904 -60.1619441492749 -16.3524973013796 10.9393938144021 -0.363258941882464 -12.0616112022544 10.0383411502007 -27.3349466653317 1.31432344982386 35.4328889310418
"139" 37.5343599624166 1.18177015347283 -8.80093829915518 91.9954492407996 -8.86881123001558 -6.0888730394845 0.158659641775671 -76.5783731701449 -17.1948530876077 11.1287161700511 -0.264689102494344 -28.7394224994787 9.88858649462509 -31.0731114669634 -1.46398987224165 64.3574688210792
"140" 33.2785484579031 0.359549093179339 -8.12912994872431 101.027034181465 -6.49670404215158 -4.19604568529667 -0.238486646674914 -83.6832351664416 -15.7651898951692 8.4989141209071 -0.186757734394973 -38.2540351902135 7.92791088263129 -30.0285344403264 -3.26430106708722 80.2012576251436
"141" 24.1035374058479 0.210322027947768 -6.82152740942252 96.2606583278357 -2.75316323394873 -0.664426242856734 -0.519496773732953 -79.8548359228807 -12.223696551036 2.93672653093836 -0.142512998903726 -38.4505502011889 4.29520087790479 -23.8133582003275 -3.71664167484778 79.3792844051204
"142" 11.2237361519669 0.73007039494405 -4.96884215227942 77.6084235470407 1.81498213283703 4.18912750113122 -0.663354349462224 -64.9512112032062 -7.03529135046574 -5.08971558233225 -0.125808548641771 -29.5379718182521 -0.514102144374192 -12.9138849571705 -2.87631619624881 62.1367389089282
"143" -3.47583839306981 1.77888113605059 -2.702627512194 47.0775199594464 6.39403459773393 9.72899050996557 -0.677361862549219 -40.4163217562418 -0.925833241288274 -14.5515537323436 -0.116471511411305 -13.7565149213042 -5.65856755541154 1.29780945968787 -1.14039041174874 32.1083852329466
"144" -17.6955311428665 3.15827935095331 -0.208864743285289 8.50907667542924 10.0107230862955 15.0792616821768 -0.589716787342695 -9.15650032848862 5.21429408869585 -23.9902010860542 -0.0892670896967047 5.39196035871282 -10.0474863229538 16.710886175832 0.916857432910547 -4.81562140492315
"145" -29.1198192496718 4.69430418652701 2.27257100205838 -32.9879662646199 11.7167103264919 19.2639875871087 -0.439553978168419 24.8293634611437 10.4764459448099 -31.7519451308845 -0.0235074422756725 24.101717937403 -12.5352021199724 30.787829447469 2.73243126649504 -41.9682353447861
"146" -35.8962371091511 6.29881945848592 4.46926400529026 -71.8347405379936 10.8286070732888 21.3904727181252 -0.26704258539678 57.0354442403732 14.1056438775987 -36.2940041394659 0.0894731637199584 39.1618178385543 -12.1971198277088 41.0097603189811 3.9138235560622 -73.3668704044394
"147" -37.0724854711821 7.98836066860986 6.1161246205304 -102.873520412948 7.17007093080019 20.8384685723559 -0.105524342405829 83.1555589252748 15.6541110079344 -36.5004808591148 0.242800468746509 48.5907834000536 -8.63531432367199 45.3737434992954 4.33003213514894 -94.8369172516395
"148" -32.8530402465431 9.85375905228739 7.00334845884913 -122.167401178587 1.23947972327551 17.4069785513857 0.0230789950390999 99.7639393612244 15.0704179615421 -31.9293837821206 0.415120861179503 51.8782386357343 -2.22770295594 42.8234041178926 4.11623476590466 -104.568819031905
"149" -24.5872638443586 11.9917325285714 7.01881073763798 -127.540469389187 -5.76860145088085 11.3777157667023 0.109238352342174 104.822653976389 12.6991247249317 -22.9242833416019 0.575678174453287 49.8127198641741 5.77592013833601 33.4979387243402 3.59798231204331 -103.033682188383
"150" -14.6647722786288 14.3815798584801 6.19472752622846 -119.036190825522 -12.0288088736261 3.62231165816229 0.153327174573406 98.1396491483429 9.2603856707965 -10.7927614548926 0.69049328014296 44.1153222419671 13.2629864485134 19.0188994150349 3.16807997283104 -92.6129824009986
"151" -5.42519729371907 16.9705642285189 4.65562500238752 -98.1918060264361 -15.7902442425261 -5.00518875624994 0.16414127195128 80.8656210618083 5.48927211169314 3.14324472976932 0.737370750538389 36.4527032763726 18.0694176919314 1.33568763149742 3.12165437044314 -76.0272694504965
"152" 0.497210161487146 19.4696098820905 2.65572405700277 -68.1858576405975 -15.1865478461641 -13.2183594939665 0.151078865154375 55.6243907325097 2.26812453531966 16.8514207821017 0.701478419356363 28.3833216890343 17.7611490596501 -16.5311692790474 3.60394971393362 -56.3201799757662
"153" 1.02525398684816 21.4817696547216 0.529578076925986 -33.3675904681113 -8.92122159667406 -19.7733768827961 0.124291462717281 26.1510928026728 0.370691626814619 28.3221929730598 0.584953344163637 20.9166209659234 10.4828876335641 -31.4531142678384 4.54916072431479 -36.1111921839183
"154" -5.07724080445951 22.5517519670548 -1.35058436936959 1.21141105789502 3.44379162853465 -23.5680369838342 0.092784725779552 -3.13823047837468 0.381920338828763 35.7266862050974 0.405273803534669 14.5490016713156 -4.62158849454318 -40.5447781093703 5.71352222138012 -17.5150948088267
"155" -17.8533738698479 22.2598501191942 -2.63880546419887 30.452586949923 21.1815522055613 -23.8173087557611 0.0639522622219033 -27.7593502607779 2.57519284662237 37.6970376336803 0.191537957584615 9.41429059416987 -26.9386826765522 -41.6832295722893 6.75202112749139 -2.16526520755724
"156" -35.8260224372368 20.316324855421 -3.09117493797578 50.0474591756138 42.1780460449622 -20.2368769488066 0.0432469277105838 -43.9357540622841 6.77334489451573 33.6260073465273 -0.0216553767232881 5.46096891810157 -54.0060060683877 -34.0523554434321 7.31571169378913 8.77621827006806
"157" -55.8174431808302 16.6393678853901 -2.63769270721491 57.3786716550458 62.8816306383374 -13.2004335990996 0.0335924254821975 -49.4171404851295 12.2449866968725 23.9320783358671 -0.201248504235423 2.56701445100043 -81.3606699063566 -18.602083973235 7.14200405401607 14.7122204160696
"158" -73.1347157890066 11.4068210246514 -1.42576228527867 52.2333745094074 78.5666966074932 -3.80600669973091 0.0346863366163461 -44.1101167813304 17.7216461772774 10.1857913397516 -0.322072773471859 0.572116619958251 -102.818373004679 1.76717553448179 6.11776480151639 15.7676762191695
"159" -82.3065561386334 5.07051760805189 0.189702375450793 37.0258460222467 84.073824801334 6.22126782379473 0.042771625301441 -30.2544323730035 21.5945350719031 -5.02067320626065 -0.37112797217253 -0.734377791297447 -111.415954140791 22.5075364755339 4.30557161548313 12.8757597125659
"160" -78.3607804973065 -1.68583209471672 1.72310843625417 16.3092898374998 75.1110438363262 14.8337768183446 0.0515162824930258 -11.9589657648194 22.2615374189101 -18.5331021021548 -0.349033468432481 -1.60670386940183 -101.154040322209 38.3459980996013 1.93382574157658 7.64696554650436
"161" -58.3606716744086 -8.06345052088818 2.69308954040957 -4.42647335835863 49.9680070357435 20.1506738803942 0.0542411537433622 5.89269773771957 18.4994168841489 -27.3906552658373 -0.268666572517759 -2.27202239276085 -69.3444229517363 44.7495602371787 -0.642270972197366 1.95632982536335
"162" -22.7148571953016 -13.332589796184 2.77949664010998 -20.3772188214243 11.118221237602 21.0180254640809 0.0469455735959627 19.0955454752238 9.7187740356876 -29.7003995289697 -0.151610439554133 -2.80788853972626 -18.8196532535731 39.5528491191817 -3.00217737861931 -2.66099733517331
"163" 24.2633538067848 -17.0294406426046 1.94531802767142 -28.901850172515 -34.1726027347204 17.4436700059805 0.0307444972065696 25.4308160511446 -3.93533808063057 -25.3253809830967 -0.0233148987477989 -3.04850122527569 41.2086382950438 24.093964579366 -4.74058460749438 -5.55112415716576
"164" 74.9024084359803 -19.0708289205904 0.464674348473409 -30.2024237814985 -75.1317897351773 10.6886573522324 0.012047196922822 25.2529191292742 -21.5121629080832 -16.0467279051818 0.0920585064378656 -2.62869011849398 96.7963682720583 3.15993909952249 -5.56185637824092 -7.09988531377167
"165" 119.815792295439 -19.6990721803031 -1.17315834958163 -26.7950898473464 -100.914792160579 2.88772008699107 -0.000387363655704576 20.997496309823 -41.0493052034617 -5.00108079602433 0.176148008667496 -1.21669048558397 133.665909913378 -16.5921532987049 -5.37114037698484 -8.32332432160911
"166" 150.236976119041 -19.2589756851212 -2.4570335734943 -21.9492246398768 -105.129375388748 -3.71973564477003 -0.000490747158437443 15.7701569624714 -59.3315676322434 4.48171509596978 0.219427931825294 1.1561593303777 142.96653254919 -29.2997510061487 -4.32739158743789 -10.0452805390087
"167" 160.449295436369 -17.9552619650331 -3.05900674691588 -17.9483296146027 -89.0605144912533 -7.62646937501813 0.0110171018397978 11.7661559702028 -72.1692547646659 10.1457241167964 0.222216921572908 3.90751049872779 125.449728886661 -32.3764548362433 -2.81486005960323 -12.1898835403263
"168" 149.674156750743 -15.8062862315628 -2.94627798427052 -15.2543382883559 -61.1810784739112 -8.53839266851583 0.0267596982741338 9.47507532621057 -75.77969514596 11.5325861566553 0.193430979281743 6.08941190203768 91.114693414519 -27.3346933617208 -1.31240335914299 -13.7750143934536
"169" 122.627968931295 -12.8556534321965 -2.34237796079458 -13.0380190860924 -32.6736073077082 -7.24630749813582 0.0375619995159013 8.1009281206143 -68.901411029621 9.78218263504823 0.147219428806125 6.91423608853074 53.913531674254 -18.3846068270727 -0.203754388270681 -13.6950114198262
"170" 98.2755587267573 -10.4389781798091 -1.79585572455494 -11.2556076185465 -16.8205188096119 -5.68819752579225 0.0392210594976632 7.13241812353226 -58.8992716570668 7.63966196891306 0.112045754094027 6.56962911138544 32.0566985182309 -12.0817197921142 0.253212432433429 -12.4182707333675
