"V1" "V2" "V3" "V4" "V5" "V6" "V7" "V8" "V9" "V10" "V11" "V12" "V13" "V14" "V15" "V16"
"1" -2.30686807258652 2.41864864312206 -0.177356411274188 -1.0037844164644 3.82462698867676 -3.00590324891897 -0.0111847090424355 0.853019534662616 2.27085747593007 3.05890088951366 0.0679294227257117 0.0569530685921791 -3.14531983017379 -2.70884672848222 -0.233084337906106 -0.00312859604150617
"2" -2.47118252398547 2.92646088655383 -0.237539240826369 -1.25989002082036 4.54602358307528 -3.77724296074724 -0.0113190883145409 1.06382690393459 2.74170212805728 3.86633409019247 0.0885007686893573 0.0654984109679617 -3.52461614942331 -3.54167455899264 -0.313667198774368 0.00158116542593234
"3" -2.09172129685292 2.98133522162227 -0.276343544953253 -1.35658028930857 4.58497880529222 -4.08422529204098 -0.00861924445254303 1.13359757854775 2.86612201469059 4.20278089487738 0.0993401553128841 0.0579892735063368 -3.19780834100259 -4.0323116602633 -0.369439079398063 0.0130020022913868
"4" -1.51543508055812 2.66253203609037 -0.280570097705702 -1.28904663688135 4.14196485208243 -3.90049968928033 -0.00534714743854181 1.06437385652188 2.71693099173451 4.0199186338666 0.0973163104581882 0.0403611279057259 -2.51622327500381 -4.03551710892535 -0.381111121298943 0.0245496471013666
"5" -0.459363859663434 1.70405623380641 -0.244789971904069 -0.987655556474721 2.97888727647413 -3.0186761582947 -0.000195188429957582 0.789158072191221 2.23515465296651 3.08354570749719 0.0776581321100682 -0.000490888079411889 -1.0963818162996 -3.43566938706614 -0.346325701661726 0.041003704548757
"6" 0.556690206845335 0.275501902884386 -0.159394857556784 -0.478984861421822 1.50750545519241 -1.48428020869813 0.00364641955937728 0.338820847888734 1.584248343216 1.40588682505415 0.0385574752723432 -0.0519614279360212 0.483294913398215 -2.11393733750922 -0.247909398404602 0.0485509158536388
"7" 1.20451316197472 -1.37666075095088 -0.0355765932544685 0.153561176179437 0.134002267851042 0.473330238175567 0.00477525564868486 -0.21067554668268 0.938541868566854 -0.778327163210975 -0.0146801402854333 -0.100406363599177 1.77464206398323 -0.225667183794618 -0.0953992009221452 0.0379276119633687
"8" 1.30769803871878 -2.9468119393818 0.104968188334521 0.797806937022472 -0.829037418196496 2.50853763719034 0.00341056500340642 -0.759189424277821 0.421362634216854 -3.06886501670404 -0.0718078381967757 -0.131798998816521 2.45198284207468 1.89021038685201 0.088606293640737 0.00702649179720538
"9" 0.881913341766568 -4.13054676352894 0.235320863080972 1.33623448929777 -1.24630294176067 4.2215994530418 0.00146150846013704 -1.20332163035504 0.0803732004510187 -4.9659674617879 -0.119573447977086 -0.136337793086341 2.39687240037863 3.76481137004902 0.273045758146139 -0.0354237671961073
"10" 0.0929059338987361 -4.68015788937458 0.329657544794635 1.66732776531086 -1.15645032347487 5.23996664165336 0.00178105487817959 -1.45507972208649 -0.101246028290267 -5.97949377180715 -0.144800272787288 -0.110825908799143 1.68860546627094 4.90944383398832 0.42469564234969 -0.0719124725617348
"11" -0.828161544490309 -4.45033963772262 0.368811631019327 1.72210414969157 -0.710949222034467 5.30418632393474 0.00699984655592978 -1.45602823119297 -0.176652112150074 -5.75627830309675 -0.137766507802286 -0.0583467933636257 0.533362146251312 4.95192244268378 0.514497348428705 -0.0831859828633696
"12" -1.66772132530405 -3.42571541901741 0.343874891874528 1.4735465307071 -0.0977526259392518 4.33211520289685 0.0184554767082714 -1.18524139919365 -0.206499690398422 -4.18129342697032 -0.0948234611418286 0.0139227411256115 -0.821443315717275 3.74802506946892 0.522626323807543 -0.0567901896392868
"13" -2.28213411785582 -1.72299767887496 0.257406984224477 0.938238900968031 0.517386010035242 2.43907074053942 0.0356068705055081 -0.660642427725538 -0.238506106037637 -1.414715942994 -0.0194716812410434 0.0972458395350486 -2.15282490037101 1.42588776467743 0.441669406388968 0.00710423818827621
"14" -2.61242445327332 0.433210820408235 0.122441414748199 0.171413769069034 1.01970126819863 -0.0921375556039763 0.0560760578486397 0.0653185968256942 -0.298177779085602 2.1467444619239 0.0783131820163447 0.182838864433165 -3.29550727449219 -1.64900843598335 0.277723372876068 0.0954538233656876
"15" -2.67087587064822 2.75467397220214 -0.0401728028228376 -0.742598000376006 1.34914646568694 -2.87993166733805 0.0762322233136175 0.914169203870589 -0.389213540607909 5.96788597357425 0.184153078834978 0.261921840777404 -4.14833280397538 -4.97008334310451 0.0494905349895873 0.18766797883336
"16" -2.51423907674146 4.94234594899127 -0.205402976039434 -1.70272044464102 1.49034669229728 -5.5296174993807 0.0921040795323229 1.79270729337639 -0.499964647351401 9.49927992241784 0.282041156893623 0.324906231249884 -4.66588329790937 -8.01174015992753 -0.214330265054173 0.263780567126787
"17" -2.2158003582886 6.73473070672131 -0.347927666464557 -2.60463035427867 1.45827231733221 -7.7124101818588 0.100376336700875 2.60562872488092 -0.611944661493604 12.2919135904635 0.357047217157376 0.360710668601541 -4.84531947139065 -10.3402415651865 -0.478899695543305 0.311813080483034
"18" -1.84382831522972 7.9412388579477 -0.445686537706102 -3.35352909952744 1.28492228802672 -9.21937456922093 0.0992525588598712 3.26771253778861 -0.707208914088296 14.0744124189274 0.397352982782001 0.356917730759619 -4.71363243259941 -11.6860053156479 -0.707795875165687 0.331612870717663
"19" -1.44967167597026 8.45564575451435 -0.482688731018381 -3.87429043551512 1.00905441199669 -9.98077941567787 0.0890096987109787 3.71365791849388 -0.772849686782726 14.7788275721791 0.395329432103354 0.301094866170615 -4.31684751701394 -11.9653188202209 -0.867649552624385 0.334056760818157
"20" -1.06537597146265 8.25141382840842 -0.450929457221495 -4.11761954092881 0.66924388112721 -10.0512380949684 0.0721159295501792 3.90404671584145 -0.802313321048586 14.5158484845415 0.347714983164106 0.183379264611403 -3.71113641248656 -11.2553371742758 -0.932190985908306 0.335913356683022
"21" -0.708197720709405 7.36575263113451 -0.351425783575777 -4.06180623666106 0.299826226013185 -9.56946062229663 0.0528491284487407 3.82672882278683 -0.794342379284855 13.5128407049045 0.255219066866225 0.000153764665355993 -2.9556508440455 -9.73837528407817 -0.885170499851796 0.351828003846549
"22" -0.388098253861351 5.88099239078417 -0.194380027632885 -3.71068169182723 -0.0709114915969025 -8.70688923720349 0.0364587876383551 3.49397763123511 -0.750882671923691 12.036134498034 0.121975065566247 -0.241912076092376 -2.10725429156264 -7.63725167737813 -0.721959622381178 0.385949749588235
"23" -0.11433922227001 3.90982278569236 0.00165142646771343 -3.08920775323375 -0.420964163528811 -7.62088696096628 0.0280465562528533 2.93677444596878 -0.675244482343021 10.3210329594181 -0.0448270359912044 -0.522852243580132 -1.21746790193534 -5.16195560304329 -0.450064172860124 0.426345567301041
"24" 0.0997964909658346 1.60913926140022 0.209894144391701 -2.24719728914891 -0.731327509056363 -6.43634504259831 0.0313520614251726 2.20567338097739 -0.572379782405968 8.54494859881206 -0.233209479942833 -0.806595143241907 -0.339544937895511 -2.5056109799502 -0.0926877987412809 0.44502971355746
"25" 0.246446170293831 -0.932558989108145 0.407967006413188 -1.21359478537676 -0.998218455513573 -5.18481807438157 0.0483396736127215 1.32948008829353 -0.444126814861078 6.73962482263027 -0.435086817996334 -1.05688707679462 0.50973041420843 0.279420887516292 0.328898563471967 0.404689438292053
"26" 0.31159421428125 -3.50981981956932 0.565342128176638 -0.0654555962082384 -1.2090423235363 -3.91322767448275 0.0783243088757892 0.373458514372786 -0.298972162682694 4.95466615538047 -0.630857153003319 -1.22184929009052 1.28020530543667 3.05165091844097 0.765087677984866 0.269655670000475
"27" 0.293415119628595 -5.94569695665407 0.66100323017951 1.12292854991779 -1.36160327068567 -2.63716417116001 0.118184342436251 -0.605282355431608 -0.146972292088967 3.19005178784802 -0.8011775350245 -1.26171010642133 1.94179448078308 5.71727333816579 1.15959440944084 0.0227998464820303
"28" 0.201028200454536 -8.06543293660992 0.683669415519493 2.26781100084904 -1.45866101264919 -1.38463792186159 0.162953531122303 -1.54610427026743 -0.00146743701975627 1.46489253915274 -0.924833639989943 -1.15314581643656 2.47007527808148 8.168330168437 1.4453350143109 -0.323143164567682
"29" 0.0540880754530662 -9.70934687814957 0.633607905854475 3.27766773707401 -1.5075635477283 -0.208801928566192 0.20654876147769 -2.38454185720054 0.121872573672587 -0.161579229377026 -0.980289355688623 -0.894980197030236 2.84721801536088 10.278976862338 1.54815334413456 -0.721229015431163
"30" -0.120578883588781 -10.7469143415731 0.522201205752825 4.05823817848082 -1.51892965399976 0.814739732071324 0.242526843486749 -3.05440726693128 0.207049076239622 -1.59261847175235 -0.947995591143822 -0.5088954087405 3.06274655600164 11.9166360500829 1.39456536449177 -1.09580461990299
"31" -0.29388915288612 -11.0901959039651 0.369504307039676 4.52204463406349 -1.50432579777609 1.60279896972147 0.264815997837317 -3.49349113716393 0.240445966984309 -2.71501940717079 -0.813475216615398 -0.0353828306144806 3.11381025222754 12.9617422415733 0.924436357878051 -1.35724036762144
"32" -0.439438675242076 -10.7051189978169 0.200423656917646 4.60212620696231 -1.47326226779684 2.08454023388053 0.268443631236778 -3.65276553739051 0.213864295662892 -3.42765881315162 -0.571021930298048 0.473581039559804 3.00497065295134 13.3274659139143 0.108150146674802 -1.42296473399324
"33" -0.537387483785118 -9.6194597185864 0.0403047093424611 4.26799617378086 -1.43008389987289 2.21948932424766 0.250275300689731 -3.50755445204586 0.127404404745568 -3.66700624686466 -0.227538513285676 0.963176087727788 2.74771021537134 12.9729648630147 -1.03417482635535 -1.24046616652299
"34" -0.576781135370606 -7.926279998525 -0.0892860769114137 3.54006550112246 -1.37148884619194 2.00910813263447 0.209700018892432 -3.06781383902514 -0.00844421180602151 -3.42322683338283 0.194372844376971 1.38381403347648 2.35985163199931 11.9079922539625 -2.41618736230896 -0.807079347509671
"35" -0.5562219539244 -5.78105385520099 -0.173871132563214 2.49749549925434 -1.2855226675725 1.5000950344494 0.149100574591163 -2.38378672496236 -0.172252774972506 -2.74487007481763 0.655315587239514 1.69704634950767 1.864930475528 10.1902878554127 -3.87811477957024 -0.180929970746547
"36" -0.483046695191788 -3.3904229350489 -0.207881512596259 1.27445794797495 -1.15285701622367 0.779315378213667 0.0739008872343518 -1.54339216592918 -0.333314695193008 -1.73286047401828 1.1012913309705 1.87811647632043 1.29145410380458 7.91871432076923 -5.19557491280892 0.52206329707542
"37" -0.371289313314886 -0.991354640136365 -0.194643099555982 0.0418474780018414 -0.95078471265818 -0.0386862548257483 -0.00796920657785805 -0.659284914461303 -0.455845392667455 -0.525762699521366 1.46995500820049 1.91467256039664 0.67196190937803 5.22483512252226 -6.10835249506647 1.14784490768852
"38" -0.238800934912685 1.17819479247568 -0.144563042545563 -1.02431662230771 -0.659592822409068 -0.829638570773085 -0.0872050179049673 0.153370976137829 -0.505395998492217 0.720933240782827 1.70059012142742 1.8022619113101 0.0418226158909683 2.2645068378974 -6.36744227691742 1.53871959587423
"39" -0.104014412507286 2.91280433553339 -0.0720084960255392 -1.7813365048616 -0.270014200779591 -1.47982582170469 -0.154669177495601 0.80353939597628 -0.456327271029005 1.85791637199763 1.74604233392814 1.53853505278971 -0.56228552313997 -0.790120895994367 -5.79157499918784 1.57525130108024
"40" 0.0170610120064154 4.07034131016844 0.00824326063802516 -2.15452878936964 0.21028784852121 -1.90461761877609 -0.202991794768851 1.24748921252527 -0.298520995994193 2.76327161871204 1.58371514053038 1.11907027201369 -1.10425706860049 -3.7585925465989 -4.31883110608385 1.21370485681973
"41" 0.113040599711226 4.5924139148906 0.0839643381747379 -2.15673543120465 0.753356493702644 -2.06114414165349 -0.227817894839186 1.50012354448647 -0.0413854080348113 3.35764748456602 1.22249283587349 0.537790235366856 -1.55080889086876 -6.46074767381968 -2.03782648769322 0.506421639049677
"42" 0.178167608166671 4.50921498936862 0.147028012453504 -1.88474511622229 1.31213905281545 -1.95232068219372 -0.228382767893528 1.6288083599053 0.286178179950689 3.6105543469354 0.703391625982199 -0.206223685661826 -1.87401365237811 -8.72628424728273 0.8123128307559 -0.403402048274984
"43" 0.212047805267186 3.9278216581763 0.193225035133239 -1.49164495445893 1.82634921965765 -1.62177902193444 -0.207305778826619 1.72934284656882 0.640014426601356 3.53731227990242 0.093568365723673 -1.09589378743067 -2.05391507362101 -10.4050659881883 3.87480035221449 -1.31324649294447
"44" 0.218390221046928 3.00775356252171 0.220614379568893 -1.14187536715878 2.23168083817863 -1.1417708174452 -0.169733902449721 1.88968842463068 0.968080473860681 3.18865821950847 -0.524715629746581 -2.08022983300066 -2.08090558365154 -11.3774284458663 6.73263077583226 -2.0112318243041
"45" 0.203264635305491 1.93068512401615 0.227173960068697 -0.961495269076408 2.4701622808726 -0.597734597556595 -0.122137277686576 2.15166994898848 1.21906958012274 2.63666147161237 -1.06731553080495 -3.06056010400766 -1.95746296882174 -11.563557600301 8.97606463309 -2.33059143567561
"46" 0.173422161240087 0.871495355439777 0.208771645296082 -0.998197428106607 2.49940471380657 -0.0733579440647887 -0.0710989943810194 2.48285094798681 1.35038821672571 1.96078657587103 -1.46067531112505 -3.88565797964134 -1.69881387238284 -10.9313087738469 10.2652266966591 -2.19322458927445
"47" 0.135063523999353 -0.0244127730335606 0.158453138880802 -1.20385131450479 2.29923752208895 0.361241751972109 -0.0223555607698298 2.7699281469157 1.33423151035989 1.23679802402171 -1.65160797944198 -4.36286052514242 -1.33214003688447 -9.50243679521413 10.3778264381739 -1.6298913675796
"48" 0.0931771627393481 -0.655922777218962 0.0677506356549316 -1.44748595376848 1.87527865657337 0.657373137083958 0.019804729521951 2.84128931947964 1.1614138609225 0.529445261083183 -1.61383706936458 -4.29060301100662 -0.8940938467452 -7.35765351347377 9.23903799214014 -0.770716508063288
"49" 0.0513637252099741 -0.974129458751065 -0.0698573811207126 -1.55905033723792 1.25975966428293 0.792176634094119 0.0528100908789 2.51931892846698 0.843237556126713 -0.111577492661596 -1.35172056458473 -3.51269151561519 -0.426661508102889 -4.64061761333675 6.93560348393834 0.192658988738003
"50" 0.0120180709318056 -0.984962403819537 -0.254069818711955 -1.39418692610906 0.510010413239618 0.770358931867619 0.0758231311287361 1.69219901720455 0.41165643269365 -0.653404082903165 -0.901552281507094 -1.98517656338072 0.0281824655750498 -1.55951374712066 3.7164770906403 1.06379891614188
"51" -0.0232330934813696 -0.746717100585784 -0.473210548181207 -0.899390237258842 -0.29552646674423 0.623259209977867 0.0895722374511969 0.382304061301369 -0.0825837246509558 -1.0800856836905 -0.329886789539909 0.165372199867306 0.434049296155884 1.61742298598969 -0.0219004650949728 1.70024646675392
"52" -0.053018534328622 -0.360731652986516 -0.702409695068411 -0.150354748181144 -1.06447052304705 0.404242241519562 0.0960087305912367 -1.21990368583047 -0.57469692457332 -1.39085290058634 0.272727326539489 2.62189514915462 0.764444639921109 4.57788519302142 -3.77249689837288 2.05355151247659
"53" -0.0759314651427445 0.0469890955750998 -0.906570934557941 0.659144563478776 -1.70148283536606 0.179278738530826 0.0977794370173051 -2.78267158013672 -0.994235212668078 -1.59612003857724 0.804180054562551 4.92080872340966 1.00428445936452 6.99744415203144 -6.98335666416438 2.17294534200391
"54" -0.0906212260784898 0.352824294126947 -1.04841913841972 1.28184781213622 -2.12245212915489 0.012952673450414 0.0975465351395854 -3.92440505601117 -1.27672947117319 -1.71129495046192 1.16903893240129 6.56338694154056 1.14800518226233 8.58648639482162 -9.14962624578402 2.16796232381876
"55" -0.0960836160351377 0.466005107777477 -1.09931434898213 1.51260517963357 -2.26932750695942 -0.0473833903539997 0.0972755511772547 -4.34131735260353 -1.37647444791431 -1.74954330418895 1.29896537880369 7.16386858322494 1.19530048005873 9.14261408261337 -9.91431979661331 2.1448982733491
"56" -0.0918606846805616 0.353150567110617 -1.04853869122628 1.27294259613984 -2.12152057101165 0.015537651864193 0.0976839974741921 -3.91845424602368 -1.27681930940594 -1.71574114960021 1.16907532313854 6.57660628154281 1.14685239625856 8.59248714135502 -9.14822541865033 2.14790747535426
"57" -0.0781007119778963 0.0476914959370163 -0.906901681010808 0.644092147261574 -1.70007761045119 0.183914226638237 0.09803247475174 -2.77300087558321 -0.994241932028279 -1.60408835422358 0.804229184335902 4.94572944162655 1.00246064879489 7.00796226898882 -6.98056415658868 2.1355882085204
"58" -0.0555684195021584 -0.359636295007022 -0.703010608725073 -0.167591672069591 -1.06318689043088 0.409926394497468 0.0963345050611899 -1.2094517088243 -0.574480887074837 -1.40062526254545 0.272757939387652 2.65463792475157 0.762634945495954 4.59039578246392 -3.76855809736821 2.00509106107165
"59" -0.0255637871971324 -0.745342147931609 -0.47400354630723 -0.915407835131191 -0.294740566109105 0.628797699563272 0.0899133976228512 0.391441905680729 -0.0821920609468396 -1.0896255887169 -0.329891029499208 0.199812875370299 0.432775152358325 1.62924041824693 -0.0174569728999359 1.64973228906865
"60" 0.0103105942675121 -0.983555286265585 -0.254868737886241 -1.40700474189072 0.51026812627826 0.774808339294516 0.0761233468709221 1.69920413097023 0.412051986174546 -0.661101668142621 -0.901582423053892 -1.95530909015633 0.0275900669584672 -1.55026120011775 3.72056549002161 1.02016043955336
"61" 0.050358764688113 -0.972950937418176 -0.0704896504849657 -1.56808710297088 1.25968475422951 0.795162268220416 0.0530332304676264 2.52421535306397 0.843504289113953 -0.116781248073934 -1.35175418133461 -3.49113576568516 -0.42674795242894 -4.63450407407127 6.93868273142778 0.16113283566574
"62" 0.0927063111172401 -0.655108902291289 0.0673538692482865 -1.45315696287417 1.87509633469759 0.659059888583045 0.0199446372558132 2.84444943833726 1.16153485757461 0.526472760871556 -1.61385856541932 -4.27755511365172 -0.893956589662857 -7.35420012767513 9.24094635917277 -0.789900174314425
"63" 0.134891721950741 -0.0239425455219191 0.15826020793321 -1.20707845092437 2.29908333625106 0.362051924739959 -0.0222816170691207 2.771833778214 1.33426225958164 1.23534836277626 -1.65161646572106 -4.35614879928971 -1.33198339468294 -9.50074286489945 10.3788158151675 -1.63986293484459
"64" 0.173376475463492 0.871728300815789 0.208708443310336 -0.999944190868518 2.49931506836808 -0.0730214597905032 -0.0710659978492885 2.48397045011822 1.35038555300018 1.96017212207573 -1.46067744641299 -3.88265721671041 -1.69871400903713 -10.9305688606713 10.2656733265416 -2.19777824936045
"65" 0.203258895720424 1.93078773661117 0.227173576038965 -0.962464697111329 2.47012132556431 -0.597609909863159 -0.122124827424123 2.15235391314534 1.21906197657706 2.63642740764331 -1.06731645035802 -3.0593582020033 -1.95741551433386 -11.5632561347829 8.97625258085992 -2.33250253591814
"66" 0.218393400566018 3.00779555463231 0.22063464216275 -1.1424501249839 2.23166422013501 -1.14172736535682 -0.169729975375828 1.8901308261188 0.968075122671188 3.18857328809629 -0.524716642201749 -2.07978838837653 -2.08088574896527 -11.3773047055215 6.73270884957179 -2.01200592450641
"67" 0.212051424727765 3.92783822841506 0.193245487331382 -1.49199174184207 1.82634201046818 -1.62176376817395 -0.207304809631429 1.72962627817029 0.640011160726957 3.53728060375408 0.093567608121699 -1.09574587160864 -2.0539060330401 -10.4050108184728 3.87483168069161 -1.31355634250622
"68" 0.178169819241187 4.50922140430919 0.147041835864272 -1.8849401256752 1.31213536553394 -1.95231487255457 -0.228382633328689 1.62897331003856 0.286176141462779 3.61054141773752 0.703391316197724 -0.206179623256503 -1.87400852325908 -8.72625756289302 0.812323944387515 -0.403523647543807
"69" 0.113041277780905 4.59241631384459 0.0839715720632839 -2.15683130219816 0.753354484783089 -2.0611411808011 -0.22781792703263 1.50020591034497 -0.0413866954739941 3.35764099300945 1.22249279823237 0.537802771493261 -1.55080525702705 -6.46073430749747 -2.03782321247775 0.506374520253303
"70" 0.0170604976285205 4.07034184547578 0.00824624660338458 -2.15456829263371 0.210286712918982 -1.90461364774485 -0.202991884698546 1.24752295457855 -0.298521852791876 2.76326465593357 1.58371514984149 1.11907580590901 -1.10425358386209 -3.75858411662241 -4.31883004697784 1.21368498088486
"71" -0.10401600934334 2.91280235467471 -0.0720074768138161 -1.78134774672469 -0.270015110428729 -1.47981223526277 -0.154669566189398 0.803547859278936 -0.456327691699397 1.85789531160631 1.74604217842156 1.53854045202661 -0.562280645006581 -0.79010631130706 -5.7915736445168 1.57523937093174
"72" -0.238805072516481 1.17818323859542 -0.144562153717636 -1.02430833467253 -0.659594688987384 -0.82958197880513 -0.0872067794135614 0.153359737847666 -0.505394576056967 0.720847147455189 1.70058921947038 1.80227082326633 0.0418332811087581 2.26456133455324 -6.36743759909598 1.5387041464553
"73" -0.371302831938749 -0.991405470824247 -0.194639460007998 0.0418969727953709 -0.950792434009826 -0.0384593574937142 -0.00797639596514976 -0.659342577991829 -0.455835407947334 -0.526107025829873 1.46995108133083 1.91469582152854 0.671996062138412 5.22505368408164 -6.10833443065053 1.14780363962655
"74" -0.483091933368659 -3.39061871769849 -0.207866553905049 1.27464712337161 -1.15289079701101 0.780155346755031 0.0738741652457868 -1.54360968866949 -0.33327133647877 -1.73413473875534 1.10127620618032 1.8781913413884 1.29157711840554 7.91952648297274 -5.19550804352161 0.521925697727511
"75" -0.556360293136827 -5.78172813583789 -0.173817964210023 2.4981494934546 -1.28565219387194 1.50294380324667 0.149009531352217 -2.38453546022333 -0.172098108036906 -2.74919219951477 0.655262985798991 1.69728803500698 1.86535631107349 10.1930405433594 -3.87788460583351 -0.181380803720003
"76" -0.577162121817455 -7.92837880426228 -0.0891159646275241 3.54214207075782 -1.3719176687388 2.01795165471108 0.20941509472078 -3.07018391889938 -0.00796741890093466 -3.43664744868338 0.19420674675521 1.38454380420262 2.36121190178193 11.916504792593 -2.4154582737653 -0.808448109530445
"77" -0.538338928716286 -9.62541378517886 0.0408080813472687 4.27404814053619 -1.43132771749163 2.2446421745458 0.249455126287774 -3.5144465728143 0.128698710346389 -3.70518913331357 -0.228016338493287 0.965192089560787 2.75170040525942 12.9970449040159 -1.03206089584717 -1.24425684211815
"78" -0.441593192483026 -10.7206205709147 0.201821137892278 4.61830872317654 -1.4764832006227 2.15019038625998 0.266269271785715 -3.67117312156372 0.216999498444661 -3.5273508919688 -0.572278784759366 0.47863070408971 3.01573071404632 13.3899490400549 0.11375122487101 -1.43248913676007
"79" -0.298245232633143 -11.1274409830003 0.373157663715727 4.56177141709009 -1.5119157001887 1.76033610496524 0.259500936465829 -3.53867899519459 0.247306245602156 -2.95432310168921 -0.816511275925414 -0.02394978204984 3.14051746989744 13.1108585444728 0.938020680727789 -1.37893921114687
"80" -0.128160239309832 -10.8298273158682 0.53116018863949 4.14790440758162 -1.53548480848295 1.16300145991493 0.230534043095723 -3.15651239891804 0.220757662772507 -2.12180588962664 -0.954761928933952 -0.485474920669731 3.12384292285673 12.2447284075234 1.42483617502342 -1.14075551247947
"81" 0.0436324415879561 -9.88074643928049 0.654075208544072 3.46410416279025 -1.54140929379693 0.501940501266471 0.181539277982793 -2.59730682951874 0.147092523397982 -1.24191230919178 -0.994256402567828 -0.851415772707014 2.97626877381855 10.9459632770528 1.61039883787186 -0.806316031788356
"82" 0.192648271923515 -8.39467467831669 0.726959859962058 2.62576145097216 -1.5239341679637 -0.0427457905192021 0.114679181616873 -1.95590181598206 0.0414556429109503 -0.575576629927617 -0.951601209124398 -1.07923064166971 2.72233840196934 9.42355838132916 1.56386701612496 -0.471059324993803
"83" 0.30191182250643 -6.53314831793078 0.745453299849611 1.75924441103768 -1.48047816523258 -0.288402866020427 0.0317750067623095 -1.33668119674614 -0.07924022350559 -0.383305440043557 -0.848847058086173 -1.14697543103193 2.39933590883351 7.9079396901051 1.36906368787291 -0.214086492542492
"84" 0.367821856036285 -4.48270374299618 0.717094847838499 0.984760667991992 -1.41315311142357 -0.0936997776446731 -0.0654157050205697 -0.839295109731587 -0.199825469569626 -0.860662662986442 -0.709731018364934 -1.05916004376763 2.05245650461219 6.60326672352678 1.10884762016155 -0.0795787949873556
"85" 0.402257929842204 -2.42710393969575 0.659265347665027 0.399855633827372 -1.32819045474996 0.598796274088386 -0.174394872704881 -0.543227960284963 -0.309650277381229 -2.07590331107522 -0.55628171502277 -0.848078521111574 1.72665275770656 5.63805874187102 0.85266690132994 -0.0666143117234697
"86" 0.429637552686335 -0.519451695952171 0.593722846797409 0.0652479974041569 -1.23396294229239 1.73721176714779 -0.290898731109237 -0.493146931227443 -0.404029179138252 -3.93384314321283 -0.406098183236043 -0.569158962689244 1.4573486676212 5.03283931757959 0.647838024531751 -0.130626178587363
"87" 0.441626395812703 0.034991959001033 0.574590121179138 0.0152709216607718 -1.2036253399724 2.167212261589 -0.328283476097374 -0.52977659758983 -0.430690581813193 -4.61848310298711 -0.361321978317866 -0.477622942896232 1.38748829814999 4.9048356173657 0.597882409282022 -0.15543975915034
"88" 0.504615736088768 1.60140772964982 0.525308095156383 0.0258723445999181 -1.10996841955295 3.64161668891666 -0.443747810179642 -0.795495186120469 -0.506901121972323 -6.92472086414703 -0.232092409187777 -0.212120707028362 1.21801521466646 4.6278162533567 0.489004301696099 -0.207192381437153
"89" 0.621395612404035 2.8693566789526 0.492741931665989 0.254629599889427 -1.02470183479528 5.10460918404224 -0.546408814441852 -1.23721282251261 -0.575123685951532 -9.16250267140006 -0.123863291598335 -0.0268365152136312 1.11961488434781 4.41004660360466 0.444678908770584 -0.163903658572963
"90" 0.798263342136085 3.85426648101956 0.461344899561603 0.629399561543352 -0.952167740552035 6.32822150589807 -0.62326066565883 -1.76256560497568 -0.640639141046869 -10.9897321942172 -0.0363557889635011 0.0423186160987825 1.07162831174632 4.09057718991406 0.440885767320793 0.0167227974079651
"91" 1.02163459856488 4.59453153602541 0.398039831349223 1.06720058811993 -0.89380576128122 7.14186187951533 -0.660097767574998 -2.26516326269577 -0.70658661609899 -12.1570567143045 0.0324305257766646 -0.00969566814615064 1.04601688861758 3.56969423700637 0.4490992415665 0.330737207591937
"92" 1.26049925792933 5.13133638191967 0.257469879987653 1.49229903949285 -0.848406124626295 7.45948715300613 -0.643088045265852 -2.64405820314067 -0.77307519010224 -12.5468938346987 0.0841210408933151 -0.158233980701652 1.01497177398917 2.83491733166009 0.445267060016391 0.727218360495044
"93" 1.47423831607175 5.49507953397897 -0.00838822449548715 1.84822872404732 -0.813162316471955 7.27960201695219 -0.560735670519025 -2.8194511537792 -0.837296745436478 -12.1707426122788 0.118799642361843 -0.357248874823426 0.956781447251316 1.95432473498236 0.415575388429716 1.1209629005491
"94" 1.6222085650166 5.70037231379965 -0.43742717892793 2.10148344260026 -0.784596062539428 6.66545651542391 -0.406252997074825 -2.74259469106538 -0.894013653088745 -11.1364434488085 0.135023700691367 -0.55145587820175 0.85884266541585 1.04532522688023 0.358153239832461 1.41387339805556
"95" 1.67182852194775 5.74759540109366 -1.04303847640779 2.23788026642438 -0.758464733181584 5.71767430679949 -0.18027461457255 -2.4003157132177 -0.935970088818065 -9.60428205874943 0.130831879569218 -0.689425779529756 0.717874200139022 0.233710598867107 0.281129251498044 1.51977927608846
"96" 1.60384435140668 5.62738453509013 -1.80057238859762 2.25468091901857 -0.728693503909819 4.5497052948941 0.106461859130725 -1.8156146845524 -0.954128284526239 -7.74795737991434 0.105260615664667 -0.735337310893783 0.538260627656346 -0.383154140287218 0.198336223291392 1.38778557486489
"97" 1.4148559026773 5.32533226720514 -2.63818769206703 2.15217773086181 -0.686182006551334 3.27116766409171 0.431270379753217 -1.0453544471389 -0.937925705962404 -5.72839627622134 0.0597871441330966 -0.677390735150766 0.329707265483442 -0.760391366702853 0.124306554465363 1.01935394980569
"98" 1.11749024264603 4.82620540734298 -3.43647226578656 1.92796621917719 -0.618503203283384 1.97911004645408 0.75960815350027 -0.174965771908717 -0.875941844964552 -3.68085950046861 -0.000814987730901606 -0.530910514354673 0.10506299461932 -0.913758803503331 0.0700416732822191 0.474447467880964
"99" 0.738496309766823 4.11844947912276 -4.04061541924283 1.57596117559677 -0.511195995348062 0.754557423965945 1.04809582032332 0.690574905977524 -0.757385659327781 -1.71170472268664 -0.0685423322261869 -0.334603537566181 -0.121376751658627 -0.912454470912637 0.0405526124615676 -0.13678375884183
"100" 0.31503774119966 3.1998792090053 -4.28612632112869 1.09058135778122 -0.350789357347169 -0.338560394121735 1.25077701368486 1.4398756268891 -0.574567031812203 0.0995414369510783 -0.133229523171568 -0.139800710581312 -0.335167640018874 -0.859488627753418 0.0345464058593166 -0.677323738733321
"101" -0.110348043161984 2.08442505496525 -4.03445903070121 0.474643734806449 -0.129014267185625 -1.25390283197576 1.32778997637957 1.97142264816031 -0.326022577755618 1.69606002614321 -0.18440309781807 0.00526123497434128 -0.522804992317194 -0.864429823751786 0.0459993971347785 -1.0175416838681
"102" -0.495403954239244 0.808415404851687 -3.21013031744736 -0.252130115606121 0.152960323848117 -1.96308738928218 1.25445476746349 2.21047338901916 -0.0194382740277921 3.03937904201544 -0.213439053665748 0.0717489000089699 -0.672709003786878 -1.01496150783285 0.066829473008795 -1.07156554030507
"103" -0.803541469163342 -0.565969404718473 -1.82843382700415 -1.04775713823119 0.481717484664025 -2.45547158259765 1.02816494863311 2.12296108776226 0.326754738783597 4.10551761914629 -0.215407169820615 0.0615809678854475 -0.776086123675888 -1.35427417292578 0.0895994044949475 -0.824498349705891
"104" -1.00814333406969 -1.95215237914071 -0.00445519357076307 -1.84869931207245 0.831399656011566 -2.73665697719062 0.670838832044382 1.7230443792773 0.684032377181294 4.88180518457919 -0.190062014922201 0.0091445529703833 -0.827578635410127 -1.86997287566583 0.109267869946848 -0.340805186259331
"105" -1.09526033718658 -3.24622828886974 2.06034068936818 -2.57730513282229 1.16654977790619 -2.82538080104807 0.226003398667604 1.0724218685996 1.01695020258445 5.36433693058252 -0.141722183573211 -0.0283689242112359 -0.825629455281053 -2.49685770578884 0.123441391209042 0.250156336325972
"106" -1.06460533076051 -4.33850725355987 4.11040467031614 -3.15391678837418 1.44741623632505 -2.74909292291042 -0.248682668874709 0.271647176402709 1.28827757842994 5.55601332920592 -0.0781539872089674 0.0101227972036213 -0.772554418671728 -3.13176138038104 0.131198914912602 0.787963317972299
"107" -0.929095298594035 -5.1269824227292 5.87802847597241 -3.5096278867193 1.63638608394387 -2.53906026598388 -0.691288551905732 -0.554507538458431 1.46489091341629 5.46517840784195 -0.00887959008047545 0.166814222404582 -0.674373365873802 -3.65533810936166 0.131108936925841 1.12455262752178
"108" -0.713288417029851 -5.52985979076443 7.12399361414595 -3.59552445993546 1.70398475965399 -2.22604062220874 -1.04525317709467 -1.27478104165992 1.52303594761408 5.10496008562466 0.0565640335681294 0.445212047116911 -0.540452828395466 -3.95461990312953 0.119338921965209 1.16483610214277
"109" -0.450863174551028 -5.49517710835701 7.66880817228171 -3.38602719519241 1.63323172729822 -1.83737541860194 -1.26682655255595 -1.76969109376103 1.4518675924483 4.49349964312629 0.110002321455962 0.799644983732378 -0.382939058631269 -3.94147703652905 0.0887210241615435 0.893434119155245
"110" -0.180946933966247 -5.00708803479243 7.41179192382299 -2.87694214898363 1.421841992073 -1.39592016313144 -1.32956648514679 -1.94866202056124 1.25477582613706 3.65532214241549 0.14547320176343 1.13854331355014 -0.215855909176394 -3.56488367875958 0.0293737549024513 0.380388734410417
"111" 0.0570375428591312 -4.08966279424946 6.34036804602696 -2.08181959258792 1.08247245158261 -0.920795879086342 -1.22633536759187 -1.76481206274255 0.948647302349064 2.62409473805518 0.159637505627121 1.34330997944403 -0.0537203051736945 -2.81759787976325 -0.0689078886969696 -0.236508497074055
"112" 0.22995501957562 -2.80921707529056 4.53405979764602 -1.03174570694722 0.641624279066177 -0.429616898645548 -0.969790091824668 -1.22561957527765 0.561664349991197 1.44675036272183 0.151967291489928 1.30110926242583 0.0903144389461907 -1.73916167918971 -0.212771543646568 -0.790219652374162
"113" 0.318029649956088 -1.27502377441007 2.16564192279609 0.217953760343505 0.13774143807068 0.0584901738936665 -0.592019286545638 -0.396604398145861 0.130331630185787 0.188097813591057 0.124875938840283 0.945085834143583 0.206493840993637 -0.416335055690684 -0.400839640260585 -1.13566757043736
"114" 0.320494813048914 0.363577537201849 -0.503316793588432 1.57617525374548 -0.381459820166564 0.520233838976999 -0.142992521444931 0.604832191433047 -0.303877280853371 -1.06638703268774 0.0837447566717593 0.289937055209521 0.29015436370139 1.02028703609803 -0.620220100689608 -1.19927158217092
"115" 0.257364087974281 1.92699743221559 -3.14019775293859 2.90872706555626 -0.862922761788627 0.927347731672477 0.3134592837373 1.62624616773853 -0.698260112851518 -2.2129465710192 0.0365732465083966 -0.55281066887801 0.342469857361213 2.40675281399586 -0.845875464969879 -1.00814082557736
"116" 0.165200020072696 3.22497998581137 -5.38007415211641 4.04704030061436 -1.25390427004189 1.24870190532043 0.707450863203016 2.50535773402348 -1.01308159474416 -3.13968880847546 -0.00706978656322121 -1.39269717726893 0.369694763701585 3.56603145797295 -1.04419384618461 -0.682898013588101
"117" 0.0864807178051095 4.08557088790057 -6.88571778869972 4.81866971939343 -1.50904357319385 1.45519583456879 0.974619031126966 3.09873871739901 -1.21593588012483 -3.74405239022785 -0.037869699632509 -2.01273384464662 0.380658121370988 4.33702667710156 -1.18057751094227 -0.390851817829798
"118" 0.0552531073092588 4.38777288124686 -7.41671926996238 5.09235307986216 -1.59752642350816 1.525914358759 1.06920588834187 3.30805632174616 -1.28561609795091 -3.95327007573863 -0.0489827445668709 -2.24077171368776 0.383052629699012 4.60624394757891 -1.22892044192196 -0.275431353300064
"119" 0.0846355347514027 4.0877926167836 -6.88568545191883 4.81874744879707 -1.50847745576981 1.45328304375915 0.974603578335586 3.09844489257939 -1.21479326284354 -3.74104653072803 -0.0378857793156548 -2.01137341075287 0.380009775976948 4.33281443868759 -1.17953786648258 -0.392801838610922
"120" 0.161894400711752 3.22905512159359 -5.37996030766324 4.04678089569785 -1.25296483108079 1.24516232617123 0.707417136655819 2.50517345346227 -1.01100679441584 -3.13413375796347 -0.00709729896587419 -1.39032768198103 0.368672379182691 3.55824951064927 -1.04230383143329 -0.686423990930052
"121" 0.253397188168051 1.93208024987044 -3.1399101124488 2.90721447727651 -0.861950906706041 0.922882916722848 0.313404865577908 1.62705716417547 -0.695711179610898 -2.20596273152275 0.0365466754817376 -0.550103860052104 0.341513541055164 2.39701353597529 -0.843570956463282 -1.01254169992444
"122" 0.316889856155409 0.368483547282707 -0.502755159062446 1.57221506526759 -0.380812639341937 0.515878932796447 -0.143066034294327 0.607789922695034 -0.301473411638089 -1.05962709626564 0.0837385177473635 0.292209151147745 0.289663668951707 1.01100481827243 -0.618112798104221 -1.20374975024583
"123" 0.315579937238379 -1.27131020978159 2.16651730577936 0.210818397728588 0.13787052454622 0.0551741375025117 -0.592105356797445 -0.39078191519377 0.132071135598365 0.193155676377586 0.124907270332187 0.946417428517179 0.206623626611485 -0.422988151731346 -0.399449016922347 -1.13964916467353
"124" 0.228853560213711 -2.80706331711423 4.53517023788216 -1.04152313113553 0.641296261814706 -0.43152833416621 -0.969879204893264 -1.2173742615382 0.562563733893771 1.4495403588226 0.152038849025004 1.30147944439523 0.0909220322998969 -1.74238384464498 -0.212258980031777 -0.793479976822027
"125" 0.0569220775341179 -4.08877401523559 6.34152764439994 -2.09242468345462 1.08192391374543 -0.921550415511568 -1.22641772830281 -1.75575240708385 0.948883953676149 2.62504555832459 0.159733160677696 1.34307152961196 -0.0529396849828139 -2.81811220631174 -0.0690543896038207 -0.23904135521002
"126" -0.180624065207308 -5.00689802121491 7.41279535444279 -2.88622979406983 1.42131517329923 -1.39603699991206 -1.32963420429802 -1.94069572335823 1.25467576096435 3.65529884023072 0.145567361502337 1.13812059642055 -0.21517104220797 -3.564089632266 0.0289487481817901 0.378536772808957
"127" -0.450500194684945 -5.49523163856878 7.66953041507355 -3.39266680659841 1.63285655184026 -1.83728169623284 -1.26687546956954 -1.76399987946401 1.45169225782868 4.49320482850486 0.110075003414018 0.79930467792974 -0.382472232445849 -3.94049787997384 0.0883158480138491 0.8922019998829
"128" -0.713042791573585 -5.5299392489878 7.12442710357145 -3.59942359002335 1.70377230569876 -2.22594273514992 -1.04528377593374 -1.27145131279493 1.5229050867752 5.10472064484957 0.0566091784383254 0.445025015636247 -0.540194116435668 -3.95394423631104 0.119074631083777 1.16411526545198
"129" -0.928968695368869 -5.12703001753552 5.87824592648807 -3.51151568632031 1.6362874308087 -2.53900643762277 -0.691304952364673 -0.552905659237211 1.46482143103477 5.46505331157232 -0.00885672405996374 0.166740875586811 -0.674254320791622 -3.65499642983031 0.13097670159982 1.12418991328605
"130" -1.06455122635862 -4.33852804090091 4.11049610071972 -3.15467152852648 1.44737788026225 -2.74907157864622 -0.24869017069088 0.272281593863511 1.28824833342444 5.55596419085338 -0.0781444520064412 0.0101041994844309 -0.772508486892878 -3.13162595397196 0.131146169382362 0.787808184196592
"131" -1.09523969572252 -3.24623571902039 2.0603730427888 -2.57755400170581 1.16653690425521 -2.82537447172593 0.226000458204506 1.07262815039869 1.01693986638415 5.36432212522729 -0.141718859165248 -0.0283701178414049 -0.825614612492437 -2.49681505762373 0.123424261391847 0.250100526021924
"132" -1.00813552581168 -1.95215442683534 -0.0044455411451132 -1.84876652937407 0.831395642092568 -2.73665576392949 0.670837827524302 1.72309885746711 0.684029082060865 4.88180204817918 -0.190060984655723 0.00914599733300747 -0.827574778525484 -1.86996264076825 0.109263093088202 -0.340821595131274
"133" -0.803538393220631 -0.565968751112862 -1.82843158521767 -1.0477720044959 0.481716233029243 -2.4554711927671 1.02816462548458 2.12297266864319 0.326753655588225 4.10551668288194 -0.215406753798415 0.0615819906170145 -0.776085763738109 -1.35427273927875 0.0895978279914971 -0.824502122221929
"134" -0.495403782308067 0.80842128229267 -3.21013090333709 -0.252134559228153 0.152960486148205 -1.96308490723692 1.25445459225526 2.21047680012012 -0.0194387375470524 3.03937476213385 -0.213438408332117 0.0717509822754892 -0.672710961192074 -1.01496205013115 0.0668277845935563 -1.07156772121539
"135" -0.110353661164829 2.0844520196558 -4.03446392876618 0.474633662665781 -0.129010996223204 -1.25389149750827 1.32778957400268 1.97143101527714 -0.32602307003555 1.69604076218604 -0.184400676415517 0.0052705503044308 -0.522814192359725 -0.864433042603938 0.0459940511373702 -1.01755105161328
"136" 0.315012830441432 3.19999106011318 -4.28614665271209 1.09054027046034 -0.350774624803844 -0.338518395869745 1.25077554711195 1.4399102006125 -0.574568801673936 0.0994694407598686 -0.133219751518755 -0.139762248169063 -0.335206035423784 -0.859507217367083 0.034525654334459 -0.677363033646088
"137" 0.738406376173504 4.11887523047754 -4.04069124091054 1.57580482314762 -0.511139596744291 0.754693708585876 1.04809069383926 0.690706940499773 -0.757393828224781 -1.71194205661783 -0.0685054700088124 -0.334460643242664 -0.12152416215454 -0.912549754505209 0.0404753285412198 -0.136928321255027
"138" 1.11719877100807 4.82769276148991 -3.43673086766987 1.92742100199268 -0.618307071729603 1.97949801161658 0.759591766390161 -0.174504032519813 -0.875976624331943 -3.68155154571254 -0.000687111753737923 -0.530426577392745 0.104543779535291 -0.91418376592118 0.0697760899516311 0.473965800170163
"139" 1.4139972843563 5.33010222149075 -2.63899524549442 2.1504323279114 -0.685557003543221 3.27211931069833 0.431222635810929 -1.04387222289294 -0.938058070321121 -5.73016073128103 0.0601946061338197 -0.675892947422653 0.328029269903794 -0.76206028143932 0.123467210445938 1.01789310906679
"140" 1.6015328371763 5.64143493000415 -1.80288317449541 2.24954362789603 -0.726863381655046 4.5516347439697 0.10633508994114 -1.81123993316544 -0.954578124086439 -7.75179599348807 0.106454156740826 -0.731098595138974 0.533281394308833 -0.388981268064086 0.195892492359405 1.38375231364262
"141" 1.66610123429177 5.7856454582782 -1.04910366078593 2.22395762871841 -0.753528922779314 5.72053632766896 -0.180581492283226 -2.38842597856358 -0.937336184707567 -9.61100106488536 0.13404937228573 -0.678447362139195 0.704298943098554 0.215478145855553 0.274564257328223 1.5096399782858
"142" 1.60903686537709 5.79524185937086 -0.452047364028882 2.06669012309723 -0.77231287558684 6.66676610575326 -0.406931043972145 -2.71279718817901 -0.897725651667667 -11.1441237477294 0.143015729224251 -0.525392221755965 0.824816771039711 0.993842606713079 0.341865371382198 1.39064317975067
"143" 1.44591997032026 5.71323094718126 -0.040798292571818 1.76793324489969 -0.784934560553574 7.26945255655574 -0.562106233273907 -2.75049986280365 -0.846347864640324 -12.1678775650549 0.137116535543752 -0.30042070131185 0.878311088370555 1.82231638145362 0.37823803766986 1.07239742302386
"144" 1.20343712137052 5.59486576736022 0.191297471017823 1.32092579986659 -0.7885128832938 7.4106000171708 -0.64563278804045 -2.49655147701036 -0.792984842334332 -12.4980907144542 0.122916670183058 -0.0442116930892098 0.848224671858169 2.5259129728198 0.36614446406557 0.634489100962128
"145" 0.914162655565523 5.50643134755779 0.273402725994124 0.728419635354612 -0.776496246857003 6.99347425503388 -0.66446585995713 -1.97302847270302 -0.746405265029062 -11.9791368868803 0.108503804803163 0.201192485051251 0.718771654945126 2.90646878460765 0.293945196208682 0.169084013939482
"146" 0.610082559324324 5.51871845049413 0.244409335375398 0.00801256707575249 -0.739825879446455 5.96541812123318 -0.630258566023967 -1.22608210253104 -0.713743969408696 -10.5200576830974 0.102029973279402 0.402299583870104 0.476574356577263 2.78045101773095 0.158904250654274 -0.239937783179585
"147" 0.316263377383441 5.69439598240443 0.143218200406562 -0.804934086822016 -0.668286128780097 4.33943778630836 -0.557008969463436 -0.321898106057294 -0.699550843998741 -8.12843627298298 0.110207933371706 0.540725174119643 0.113100079298942 2.02015639828117 -0.031266706104077 -0.532949660532495
"148" 0.0462895697405692 6.07099944000529 0.00314028029236013 -1.65754130418193 -0.552118712011141 2.20715112327996 -0.459174278609752 0.658630752668344 -0.704846596543496 -4.93068043887899 0.13692075336882 0.614889143660321 -0.37244984685606 0.589132652820556 -0.258638718491028 -0.682704825450173
"149" -0.199308273966873 6.6438107004214 -0.149814362244186 -2.48300067063764 -0.383979812661518 -0.262640832453268 -0.350214510385661 1.62666224890744 -0.726572140898202 -1.17016499314886 0.182171648429749 0.636747649733024 -0.970302462233331 -1.43734052254057 -0.497098461559375 -0.693716121313628
"150" -0.427471182717648 7.34185068174642 -0.293636505897947 -3.19631200610451 -0.165326680977635 -2.79826822729946 -0.243299586740647 2.48021074376032 -0.757183864498843 2.75160411816594 0.24057737597882 0.625422115061042 -1.6458521164099 -3.82968541718722 -0.712640422806544 -0.59674380771412
"151" -0.66145603628342 8.07175283381375 -0.417001811460697 -3.74618144325393 0.104888124732225 -5.20945579267239 -0.144191763404693 3.16429612379654 -0.787670813872499 6.55842807651813 0.305498184985961 0.598589055629873 -2.38019830464107 -6.37473514998197 -0.881307357308884 -0.430137301931836
"152" -0.917345046562776 8.67458969318685 -0.505692851296356 -4.06412947723035 0.412289326370084 -7.21319325528929 -0.059801382163859 3.60727892336086 -0.806678685408047 9.82945209710183 0.365746080675342 0.567943748494258 -3.11832546315529 -8.72272604318729 -0.975852594098029 -0.235694963586184
"153" -1.20832656015732 8.97761750073464 -0.548968385968998 -4.10759294008307 0.734679684891355 -8.57497997728796 0.0064655152199915 3.76817226869468 -0.803786264733577 12.2133792140783 0.409787893225925 0.537376925656076 -3.79965525759556 -10.530046772206 -0.980293115102967 -0.0490350973495879
"154" -1.53654381539436 8.81882341521403 -0.539227055995799 -3.8595086548099 1.04011431334615 -9.11091469618811 0.0532942985038645 3.6326068524909 -0.771585286154436 13.4290012130312 0.427392587500957 0.504504739928393 -4.35554123782978 -11.4861775274099 -0.890650484171459 0.103135264232151
"155" -1.88727518972109 8.07971697570932 -0.473825484237715 -3.33216834949945 1.28777642092224 -8.71191932649541 0.0810525205438646 3.21477028673079 -0.708156379270305 13.3001173819106 0.411647063591372 0.464089861196385 -4.71372085056422 -11.3640896687386 -0.715827468728207 0.203473774422946
"156" -2.22400928317585 6.71427516633763 -0.356726263733432 -2.56752549002789 1.43018967668772 -7.36712258096406 0.0914925756695224 2.55651560932478 -0.619194332296222 11.7901326865393 0.360472144264858 0.411441878443043 -4.80372178116882 -10.0690851389052 -0.476320905840993 0.243682849717516
"157" -2.48660161090481 4.76860411046832 -0.199179509901143 -1.63394419831377 1.41755841608244 -5.18299802641023 0.0875584645537142 1.72369019323756 -0.518764978588302 9.03133234351721 0.277370321370009 0.344499038587514 -4.56370225333085 -7.67768421163464 -0.201101325732509 0.224615375646636
"158" -2.59589867133679 2.38719429044332 -0.0190612789765403 -0.619965881313504 1.20549721550905 -2.39092216245555 0.0731906547141756 0.800131409259986 -0.42745750975308 5.33742345485528 0.171266191974969 0.264304284734635 -3.94983649594933 -4.45435070421799 0.0766029607519272 0.156641324227394
"159" -2.46773303032853 -0.196927771126909 0.16107909438875 0.374056752779097 0.767336792569984 0.665585921650784 0.0530000821996337 -0.12000728073723 -0.367272453723352 1.18567806788427 0.0554092438047835 0.174436441704415 -2.94965330740056 -0.833293179319913 0.323753207923744 0.0590402427003482
"160" -2.03629392133296 -2.68953455003056 0.316969903575568 1.24585209638545 0.11070016662945 3.57048416153563 0.0317370698611628 -0.941131499974951 -0.354084775085141 -2.84113382378952 -0.0546031609123414 0.0803127716803829 -1.59955758510305 2.64280712715324 0.51156421200622 -0.0430407567778275
"161" -1.28215311737486 -4.77974773175781 0.42623097767007 1.9026886061616 -0.705556999028623 5.90255026558755 0.0135834949384401 -1.57637292065377 -0.390407837934297 -6.15319350614012 -0.143517486316416 -0.010978279715232 -0.00272583495621603 5.42513260711935 0.619019673252922 -0.124669500397431
"162" -0.255542230160806 -6.19820517482741 0.47231896373814 2.27477076234103 -1.56284753917294 7.3222915313943 0.00141044560005277 -1.95943314850769 -0.462227229874313 -8.27826120895464 -0.199479710974819 -0.0904376654741554 1.66257437240176 7.08523272827523 0.635929699743429 -0.169029371213583
"163" 0.916663566225909 -6.77915143006707 0.448350678886193 2.32992567776967 -2.29455961365301 7.65866057239535 -0.00376826198566427 -2.05759861464449 -0.542627113929111 -8.98148495382605 -0.216831764980602 -0.147504112487695 3.157957047866 7.43228315860603 0.565402705602366 -0.17387502928068
"164" 2.04897299084717 -6.5093411630947 0.360049770871139 2.08630531202513 -2.72610997552783 6.96573519870057 -0.00290061615900328 -1.88310426268079 -0.601625031225143 -8.33696942861496 -0.197787465962037 -0.17221905800875 4.23249906537892 6.57717357242337 0.42501367063204 -0.152477786512691
"165" 2.94035423832781 -5.54286554796909 0.226655562857044 1.61693569108311 -2.73830436496671 5.51923030515863 0.00158210551628457 -1.49745405608715 -0.617655440888813 -6.71131710854043 -0.152151823833325 -0.159478164292295 4.69739049925233 4.90610883611227 0.245399088011936 -0.126800422510996
"166" 3.43088473923191 -4.16677838187577 0.0783312783720653 1.03926052975123 -2.32902637599804 3.73955006258629 0.00673640982044965 -1.00264544224069 -0.584486081118602 -4.64784664848393 -0.0947153211622336 -0.113637976595783 4.50127166622477 2.95697175280737 0.0649954663446124 -0.115139652086782
"167" 3.45241708024485 -2.71978838378153 -0.0510092052733953 0.486689424628338 -1.63401776610882 2.06013069858223 0.0102103801801725 -0.516556894267438 -0.510239297323921 -2.68717069611875 -0.0408335367767982 -0.0499374449940433 3.7653442029544 1.23823653154268 -0.0793038365835059 -0.121406388967216
"168" 3.05308781233289 -1.49002611160142 -0.134519847348702 0.0683621907296867 -0.878424117095702 0.792075836818608 0.0109886858317649 -0.137747844115342 -0.410900609094075 -1.19950154255968 -0.00169300727987043 0.0102360746603836 2.74611907788852 0.0673968257930433 -0.163346378308773 -0.134069133775711
"169" 2.38203247360743 -0.634991361977747 -0.162412170426929 -0.165648720722459 -0.274355710944426 0.0463097615089971 0.0094414325495924 0.0854780205670096 -0.303802847262511 -0.305010140946933 0.0186922183843485 0.0490227125649199 1.73293366814635 -0.496000702469221 -0.183662086035895 -0.136360503126753
"170" 1.84890444312411 -0.264458063039172 -0.153335908175896 -0.227614073455968 -0.000984376631036232 -0.201953197629937 0.00756767486703325 0.153564139831653 -0.231579449737828 0.0154505058910956 0.0231978450454253 0.0597536481936345 1.13806925236478 -0.602731314121686 -0.167935574887551 -0.12638421877682
