-1.035573822476893291e+01
-8.464408569488982792e+00
-7.145738186621960253e+00
-8.630913937953639703e+00
-7.145738186621960253e+00
5.209473811095204354e-01
8.187632948841001124e+00
1.613895739062490264e+01
-1.035573822476893291e+01
-1.509948199288173143e+00
7.335841826192586623e+00
1.618163185167334461e+01
2.502742187715410438e+01
3.418381716674821291e+01
4.228176691127888631e+01
4.898069042930971051e+01
5.576907362384280731e+01
6.356029564919564478e+01
6.609490871979144799e+01
7.470101892901575980e+01
8.094407969049044027e+01
8.880131882432979751e+01
9.661637195759226415e+01
1.062405969280926286e+02
1.159913566968082250e+02
1.236927369370828416e+02
1.307401904796869303e+02
1.401805769803361841e+02
1.489812874854184201e+02
1.584736375720165711e+02
1.677846883034347059e+02
1.722122961679693276e+02
1.816906458591187459e+02
1.908641942280343073e+02
1.996324332879287340e+02
2.082753235724784986e+02
2.156456144796966612e+02
2.229941849200866386e+02
2.318077403815881325e+02
2.379270403215685974e+02
2.450159383666043595e+02
2.543903466278456165e+02
2.638875281620001942e+02
2.735836546491427725e+02
2.824668736622922438e+02
2.916597573424256780e+02
3.010472089809736076e+02
3.091729089180196297e+02
3.172312288388128536e+02
3.252039804421553413e+02
3.297468758903326602e+02
3.334190988624225156e+02
3.333986937574596823e+02
3.375021924872938826e+02
3.457199056826079868e+02
3.535341430281799262e+02
3.564571076147762483e+02
3.597808830589335685e+02
3.641029529037658108e+02
3.709987208316489955e+02
3.773024545194612074e+02
3.802869583512467102e+02
3.818708588164235493e+02
3.803234579937081890e+02
3.858065726819747852e+02
3.862907871825126449e+02
3.838439452729739969e+02
3.816884230480588940e+02
3.794367259591892889e+02
3.781806549464400291e+02
3.802979537392523639e+02
-1.035573822476893291e+01
-7.780116293951687467e+00
-5.204494363134442025e+00
-2.284319230531068001e+00
5.574958124610329691e-01
1.334261355614367872e+00
-3.397678930730823055e-01
-4.837746549493855852e+00
-1.045375016221946041e+01
-1.640102679163838317e+01
-1.986771120366014998e+01
-2.375535003634992393e+01
-3.014947160943730609e+01
-3.506956158531983903e+01
-4.055976857429166671e+01
-4.477755160371659571e+01
-4.997074692451906941e+01
-5.490573746182948156e+01
-5.490573746182948156e+01
-5.997666503199626931e+01
-6.380919047213343021e+01
-6.819426300492578719e+01
-7.151658673697131974e+01
-7.171573883512049008e+01
-8.033656083858409147e+01
-8.568448023215906062e+01
-9.043450434713906816e+01
-9.582235404493381736e+01
-1.008382425941486957e+02
-1.048198154844760523e+02
-1.108623435441377580e+02
-1.184371863440674559e+02
-1.226652496479556760e+02
-1.292646966996233573e+02
-1.340363479099856931e+02
-1.424100396795907670e+02
-1.513245815021758744e+02
-1.609985446939994063e+02
-1.702026791074726759e+02
-1.787679536032074452e+02
-1.876106025810663027e+02
-1.958193036967604428e+02
-2.044575447631143277e+02
-2.115358361887453782e+02
-2.200382588458587634e+02
-2.268423170071189077e+02
-2.348000202470092574e+02
-2.395868269126772248e+02
-2.466837260462198742e+02
-2.542850705356248682e+02
-2.621953488307942166e+02
-2.698310784664136577e+02
-2.752245008502230803e+02
-2.828055750347366484e+02
-2.908937888871589053e+02
-2.996441258758466120e+02
-3.086857247970345384e+02
-3.125982025866253480e+02
-3.195238457927311515e+02
-3.247565280239003869e+02
-3.305316388278565682e+02
-3.374311895735322082e+02
-3.445014653434274692e+02
-3.514370429132659410e+02
-3.547925141264100830e+02
-3.599770701544995291e+02
-3.641784457017707837e+02
-3.707697358729582220e+02
-3.751726339999758011e+02
-3.086857247970345384e+02
-3.166130051645259300e+02
-3.262427812950398334e+02
-3.360532498285519978e+02
-3.445177447201407972e+02
-3.525134046961172203e+02
-3.605194932563344423e+02
-3.688542620806169907e+02
-3.780265465595274463e+02
-3.852407854394765536e+02
-3.921847119550267848e+02
-3.999867519428229912e+02
-4.089707344112334226e+02
-4.152064594428160831e+02
-4.210375125831026821e+02
-4.280869453367789674e+02
-4.357112645900564871e+02
-7.171573883512049008e+01
-6.966734485651720377e+01
-6.830034450752863506e+01
-6.623743095153287186e+01
-6.522445467436185140e+01
-6.417144552234952926e+01
-6.305448171204223939e+01
-6.378720842972467153e+01
-6.164795483468555659e+01
-5.971586231590199390e+01
-5.922249363532858268e+01
-5.771731136684598340e+01
-5.318328093750580621e+01
-4.977555870109223690e+01
-4.705146714949013642e+01
-4.456332123766610209e+01
-4.070794308064672862e+01
-3.772521516255260110e+01
-3.695459186877712199e+01
-3.436037047452604298e+01
-3.228991458201470266e+01
-2.989734025031143716e+01
-2.778627765989095622e+01
-2.416552255097978730e+01
-2.120912880398287825e+01
-1.799490140873093580e+01
-1.446501456059089108e+01
-1.263205457800555287e+01
-1.078298731144184686e+01
-8.382317682378248591e+00
-9.338272461718599260e+00
-6.875210932217152404e+00
-4.537415130983442069e+00
-5.688962993965143156e+00
-5.827575221263567862e+00
-5.316578749634774503e+00
-7.012151802808963552e+00
-9.310200126898958928e+00
-8.774487407401450056e+00
-8.267138455819175391e+00
-9.075853350616522874e+00
-8.973503999392683284e+00
-9.434644459249067694e+00
-1.143780600268231495e+01
-8.346827915079213511e+00
-2.004551136785313048e+00
3.930268041485279085e+00
9.021757844357518152e+00
1.556719356241823071e+01
2.447399318320546513e+01
3.102295168662222835e+01
3.361282591965716904e+01
2.957667396215838096e+01
2.635646233386169968e+01
2.309046016005466839e+01
2.110493097416579644e+01
1.723975166667777614e+01
1.130786827848657161e+01
1.334261355614367872e+00
6.436502059980243828e+00
1.098141821102314175e+01
1.558998182834082691e+01
1.895366455971418418e+01
2.334426253817051844e+01
2.452944749462186280e+01
2.735426085970372156e+01
2.915535651497842906e+01
3.023441733121531882e+01
3.121200362621483748e+01
3.514865213021407442e+01
4.057330983841718108e+01
4.757287299972738026e+01
5.284440120851827771e+01
5.753752975667249103e+01
6.410184256898160982e+01
6.997250365346201306e+01
7.649661796678947212e+01
8.124100786161875476e+01
8.468299193956116255e+01
9.074166413182713598e+01
9.535898193442585580e+01
1.003000115175260589e+02
1.021159474181745423e+02
1.047572744998547307e+02
1.113492071496435614e+02
1.152953765030592734e+02
1.208149512177769935e+02
1.261142629959341974e+02
1.275523252086170061e+02
1.288871364394668717e+02
1.342640849350057408e+02
1.399102269979671291e+02
1.450953189413129394e+02
1.497385979940857226e+02
1.535850245539206469e+02
1.600442556717154332e+02
1.615736806551408620e+02
1.659237350937411861e+02
1.708712481965833661e+02
1.742472724301176470e+02
1.806333534987285248e+02
1.843567592262412234e+02
1.865545724980686941e+02
1.894426178691078348e+02
1.970802750935275753e+02
2.024609419947581159e+02
2.043090924198977234e+02
2.065828127772109895e+02
2.103167399362109506e+02
2.149230893556762965e+02
2.230448721549936693e+02
2.289682355065578179e+02
2.333307050000937011e+02
2.343985309689323344e+02
2.400738865406439686e+02
2.440942327238391840e+02
2.473185045642100874e+02
2.518049255286977370e+02
2.518786745129235385e+02
2.515889002923256328e+02
2.529398679469671549e+02
2.499342703201529332e+02
2.430356714228761916e+02
2.352945670019183524e+02
2.272893139357145458e+02
2.211909726362428898e+02
2.499342703201529332e+02
2.503604525093890345e+02
2.483920202870307605e+02
2.474142507889029332e+02
2.490260081180958025e+02
2.510016279744105816e+02
2.519146501016065542e+02
2.528546870233645620e+02
2.563248532375000650e+02
2.621622856977869560e+02
2.694219631478565589e+02
1.600442556717154332e+02
1.553911550101931311e+02
1.528498540822900509e+02
1.512354227801005777e+02
1.482264855284222733e+02
1.261142629959341974e+02
1.343372428423755025e+02
1.429321643290486463e+02
1.509169342769419586e+02
1.591835842330436890e+02
1.667537275657009843e+02
1.742939554371511974e+02
1.804746920836031734e+02
1.882494027829436050e+02
1.967456776699171996e+02
2.044349467220157806e+02
2.134958775625207466e+02
2.217322233026604010e+02
2.308854135464947603e+02
2.396987663919132103e+02
2.493830465046092684e+02
2.589861427003443168e+02
2.682740035230970079e+02
2.768656428489882728e+02
2.862769107606330863e+02
2.959283558877089604e+02
3.055395202026413699e+02
3.139420664105685432e+02
3.214158666220024543e+02
3.293855404540166774e+02
3.339176791241780506e+02
3.390741590915795314e+02
3.459430207454895481e+02
3.538215212088426824e+02
3.627219345215744966e+02
2.735426085970372156e+01
3.336490793607226379e+01
4.095530339601610592e+01
4.629371494748730242e+01
5.423431806548902756e+01
6.238032059517163219e+01
7.129069622407551776e+01
8.012381788234279156e+01
8.926340506600293168e+01
9.802265608344310976e+01
1.069949957087850123e+02
1.151817884986097766e+02
1.223798019048432622e+02
1.283942617752310582e+02
1.283942617752310582e+02
1.373478072795058154e+02
1.471155448339054601e+02
1.569882034592265825e+02
1.648380621754776882e+02
1.736458263336169523e+02
1.811825282021859209e+02
1.891321466797589039e+02
1.982345610694444531e+02
2.055341641812823070e+02
2.090115103591444665e+02
2.128290103785729457e+02
2.191816824949739555e+02
2.246823596234582112e+02
2.322603576825809455e+02
2.414926971580620148e+02
2.503762116235528481e+02
2.580818862669491978e+02
2.633581663251965210e+02
2.711387704506863656e+02
2.804334745496881851e+02
2.896538697787526075e+02
2.976801279684556221e+02
3.053672287642107790e+02
3.139842581131217116e+02
3.190645159189967330e+02
3.231876462481242811e+02
3.293020319538624108e+02
3.367227779064886590e+02
3.456470390188902684e+02
3.519694375621449467e+02
3.578974166713678642e+02
3.661515450283512791e+02
3.733873065337685944e+02
3.801842703201529616e+02
3.889059540709561134e+02
3.979050899912244290e+02
4.069234611902721213e+02
4.146747785164389484e+02
4.202011800898079628e+02
4.254935609731037971e+02
4.317239127154539915e+02
3.801842703201529616e+02
3.865548883358756598e+02
3.922793990668019433e+02
3.982716818529335683e+02
4.051078526832364446e+02
4.099811557937764519e+02
4.116528079810847203e+02
3.139842581131217116e+02
3.222252166372230135e+02
3.303465502313026150e+02
3.397643403246711387e+02
3.481221083081981647e+02
3.566442617752310866e+02
3.566442617752310866e+02
3.592457406325569877e+02
3.580342764236685866e+02
2.334426253817051844e+01
3.302752827950479286e+01
4.201027517172140335e+01
5.020940505524569630e+01
5.981906095592173500e+01
6.900015148577051605e+01
7.673105630339482275e+01
-1.035573822476893291e+01
-8.549153106129251611e+00
-6.742567987489568537e+00
-4.935982868849886351e+00
-4.305062975978357187e+00
3.301720737051159205e-01
3.464578887119433404e+00
7.390299224561092117e+00
1.157828131601864818e+01
1.455264825992165889e+01
1.626155544546846698e+01
1.791426223299473719e+01
1.721048581142386524e+01
1.532421283704873183e+01
1.328355525485752686e+01
9.188574940350713760e+00
3.493781988130269411e+00
-2.575738014960583300e+00
-7.998687779683227639e+00
-1.472015889434376845e+01
-1.992888530243723011e+01
-2.356804352236008526e+01
-2.530792561867903601e+01
-2.874170922115135340e+01
-3.429792986640875085e+01
-3.671170225067005077e+01
-3.932829936097384405e+01
-4.416898366415113486e+01
-4.637011775695771831e+01
-4.782144469976919510e+01
-5.400376489247324940e+01
-5.875613247128791272e+01
-6.360804843384521234e+01
-6.948129981565077173e+01
-7.398468334439590421e+01
-7.884427892849036823e+01
-8.442475797055490716e+01
-8.839749779899480586e+01
-9.400046253912171323e+01
-1.003575137471171956e+02
-1.076148256912351400e+02
-1.158336505389027735e+02
-1.247804691420877390e+02
-1.330037491506563754e+02
-1.405695851085469883e+02
-1.491502281219221402e+02
-1.585077127937300929e+02
-1.676086957104693624e+02
-1.750746612151048680e+02
-1.825195985406676868e+02
-1.897605214706707386e+02
-1.961815301845149975e+02
-2.575738014960583300e+00
-6.294908255364476624e+00
-8.866847516291466391e+00
-9.391354748967506438e+00
-5.723965619532255467e+00
6.689524808548021895e-01
7.269133051552065794e+00
1.458671539162475206e+01
2.171418132742746820e+01
2.842461119289011862e+01
3.419501552772316444e+01
3.843213954005010180e+01
4.097574358085058321e+01
4.294069938011751475e+01
4.452821682430440120e+01
4.728827892289639578e+01
5.348094833772144341e+01
5.999768193106380210e+01
6.819060683393563238e+01
7.719098910170789907e+01
8.312462249423072080e+01
8.999941198127578446e+01
9.323346915451075745e+01
9.861424537015393810e+01
1.053700679034952117e+02
1.137071363282538101e+02
1.219360260916511862e+02
1.308844723892764819e+02
1.398457925599394684e+02
1.438137343413536087e+02
1.473187069019743944e+02
1.499181132703078561e+02
1.514070756873611288e+02
1.511178272160333904e+02
1.531400103549241294e+02
1.791426223299473719e+01
2.244119548879488235e+01
2.580356630079982239e+01
3.121538839752859928e+01
3.736941679649702053e+01
4.433667006776608588e+01
5.010857975779136808e+01
5.695918720251871292e+01
6.239738970655795214e+01
6.762546508710853743e+01
7.246743056183355236e+01
7.657863934044344489e+01
8.270848592906514796e+01
8.891536970060627709e+01
9.614746271790981780e+01
1.036354542895758613e+02
1.117049669766131927e+02
1.196735223609238261e+02
1.248646617018422234e+02
1.309321751878422617e+02
1.385262779288477475e+02
1.464050936671588659e+02
1.530135335070024780e+02
1.602845553242613903e+02
1.672520037734584548e+02
1.741587624662801943e+02
1.799953017654954408e+02
1.872754934875642618e+02
1.924824115516769325e+02
1.956443609164736586e+02
1.971033965891095647e+02
1.966550534975494315e+02
1.950312818123365162e+02
1.909336487739819290e+02
1.894895219205608328e+02
1.877087993999416824e+02
1.843311768908697275e+02
1.824284735004447668e+02
1.798235339207544996e+02
1.785241069061177654e+02
1.772100467461936830e+02
1.758276330474277813e+02
1.756335397208295319e+02
1.796419937390066366e+02
1.837229035214857618e+02
1.882800574927493074e+02
1.923139975256607954e+02
1.960504248097834079e+02
1.941191878186943427e+02
1.906790691311057913e+02
1.871483637032958143e+02
1.860289066358654679e+02
1.859965111218292861e+02
1.872932746150292189e+02
-1.035573822476893291e+01
-1.094931448352744496e+01
-1.154289074228595879e+01
-1.483777266050755017e+01
-1.817118343641074318e+01
-2.759056370599189734e+01
-3.703505090177124259e+01
-4.631405520542735132e+01
-5.538624625583825178e+01
-6.460809083527399821e+01
-7.433359449928664731e+01
-8.410573822476892758e+01
-8.834280803048763175e+01
-8.410573822476892758e+01
-9.265629670404344154e+01
-1.014822323971949061e+02
-1.090135565601913612e+02
-1.172857385299447088e+02
-1.231361501444091999e+02
-1.310118857079473855e+02
-1.385833942608518043e+02
-1.470324234296172108e+02
-1.551863568424824109e+02
-1.632031070675150772e+02
-1.704893750730084605e+02
-1.753186965829383155e+02
-1.807519394901841849e+02
-1.892004294074746156e+02
-1.172857385299447088e+02
-1.244623702350974526e+02
-1.331128007311554597e+02
-1.415802834403925488e+02
-1.502809202986774153e+02
-1.577391236025742103e+02
-1.670030324943992071e+02
-1.754153770415412339e+02
-1.852673872781831790e+02
-1.937808237255524091e+02
-2.033567762655037825e+02
-2.114712491191393440e+02
-2.187645893999300313e+02
-2.275449150093491824e+02
-2.361380114943238766e+02
-2.435776145522020215e+02
-2.514798215984372405e+02
-2.573602266084088797e+02
-2.640131165669245092e+02
-2.671631428765770124e+02
-2.721762884441069446e+02
-2.791281758930667820e+02
-2.865483695454121857e+02
-2.955862769770367890e+02
-3.046106889922336336e+02
-3.134676622846081386e+02
-3.226756232350181790e+02
-3.304957574342059843e+02
-3.397545413713027642e+02
-3.495341941289475471e+02
-3.586440266408463913e+02
8.253535854074728562e+00
5.751692171307150936e+00
1.533536063883078171e+00
-1.278452848602444902e-01
1.533536063883078171e+00
-4.100675587068813854e-01
-2.353671181296840942e+00
-4.665716023379891553e+00
8.253535854074728562e+00
4.676241833787312174e+00
1.098947813499894899e+00
-2.478346206787522377e+00
-6.055640227074938764e+00
-9.127149174247021435e+00
-1.170158854089448930e+01
-9.213077293673412882e+00
-2.137883767074541197e+00
2.807758553473220786e+00
1.155689155555768188e+01
1.575047594559176289e+01
2.001718240455931763e+01
2.435940673610825513e+01
2.719657368815960297e+01
2.832842196289116288e+01
3.012806151559549050e+01
2.744195814924016474e+01
2.327138100928032571e+01
2.584052505834195301e+01
2.927951208796288540e+01
3.029491954226998018e+01
3.362772301445732381e+01
4.198178890167163502e+01
4.292517935354455716e+01
4.435085051653336308e+01
4.834158108933846165e+01
4.637428534627689203e+01
4.628819193619546013e+01
5.265008147143350925e+01
5.443676110072041041e+01
4.764606202994795581e+01
4.103514992011062645e+01
3.780832545491726648e+01
3.514656515286832672e+01
3.419399453217502582e+01
3.124442557276024957e+01
2.817495425405466136e+01
2.506375773031975029e+01
2.275659444983010360e+01
2.179817990865459620e+01
2.717724183193016785e+01
3.596943596143165678e+01
4.508038688403600247e+01
5.419101786778111318e+01
6.045649483396800861e+01
6.255878119306495933e+01
6.865713248644770772e+01
7.745918103605313831e+01
8.619404275549416639e+01
9.506096203646717413e+01
1.021896994121518105e+02
1.095950138624202310e+02
1.190468004918081988e+02
1.286622942911563996e+02
1.384546431092398393e+02
1.460890162950823878e+02
1.555890765072985289e+02
1.651947783353010379e+02
1.748360973668694101e+02
1.842863947585413484e+02
1.935454135529496398e+02
2.027952488049683097e+02
8.253535854074728562e+00
8.291914328321205119e+00
8.330292802567681676e+00
1.287403914031412988e+01
2.041223738980971092e+01
2.812353669330812522e+01
3.580110975066352097e+01
4.428453202433593106e+01
4.999807267791020848e+01
5.737948287528649871e+01
6.634604388841995615e+01
7.331309498001644442e+01
7.922243386710854907e+01
8.747258756855460149e+01
9.428763494391313316e+01
1.016966808022304178e+02
1.090510316937145774e+02
1.157435337178442580e+02
1.157435337178442580e+02
1.208288191556415541e+02
1.283877219016096092e+02
1.356659642267458707e+02
1.436162392739113329e+02
1.522035328023169143e+02
1.568723445545813888e+02
1.649349999781187250e+02
1.733859705975139320e+02
1.815168249946890739e+02
1.899929349535351832e+02
1.990478367424200314e+02
2.067759798173670447e+02
2.131678908108316932e+02
2.221115150363081057e+02
2.293803595443956169e+02
2.368939088923306713e+02
2.408308701414687789e+02
2.431248269670991817e+02
2.431116933454546825e+02
2.419015838519759711e+02
2.414424640341942734e+02
2.459276737722648534e+02
2.498425279774355090e+02
2.537654812271250648e+02
2.590548871817445615e+02
2.640394031074024497e+02
2.707356467449578190e+02
2.764295077722385940e+02
2.811837060481798858e+02
2.881143043496421114e+02
2.944073582789108059e+02
3.003661694698006954e+02
3.067014244471350821e+02
3.141310901875674517e+02
3.191981266934707264e+02
3.248197517176280371e+02
3.293397797628994113e+02
3.332935443989966302e+02
3.412994330732278740e+02
3.475204362827757336e+02
3.557180887683238097e+02
3.635453375586819789e+02
3.695709814833862765e+02
3.733053181417268434e+02
3.789734472884387060e+02
3.864278515555202489e+02
3.935601636609184766e+02
4.013945338274299388e+02
4.069461654250965807e+02
4.143150583723241880e+02
3.332935443989966302e+02
3.292747092514911174e+02
3.294660516472718541e+02
3.296427444254840111e+02
3.296688702053414772e+02
3.315643873199136920e+02
3.319391074649834081e+02
3.327237907993744557e+02
3.359233840685894847e+02
3.399916219625159783e+02
3.434708919671276703e+02
3.471369350435681440e+02
3.484337889851586283e+02
3.524737488031087196e+02
3.584700630761009279e+02
3.630691801280023583e+02
3.691347964819152025e+02
1.522035328023169143e+02
1.602608510306691869e+02
1.687125827388869084e+02
1.773123495793595339e+02
1.858776294473289568e+02
1.955468234210784146e+02
2.051244325402137747e+02
2.148525055732134206e+02
2.243297020873548320e+02
2.335765366314412574e+02
2.420049049522570215e+02
2.503364025355543276e+02
2.589720465134456617e+02
2.675871405789407618e+02
2.767337731380965806e+02
2.847610256339835928e+02
2.922740775552655919e+02
3.007287617563982849e+02
3.099807386511678260e+02
3.194624024926293373e+02
3.290707565712342557e+02
3.368430635654754610e+02
3.463564334719513909e+02
3.553175437450559002e+02
3.646023758389300156e+02
3.738501299600143284e+02
3.813845879962811409e+02
3.907804906255298079e+02
3.992974219904571669e+02
4.076864361606007492e+02
4.173646210296529944e+02
4.259278324283895358e+02
4.347121468014915990e+02
4.444343742666443404e+02
4.527890439105491396e+02
4.625691145667339015e+02
4.721525907774646384e+02
4.816860317623407468e+02
4.914800501825898777e+02
5.012744369743148809e+02
5.110048896109903467e+02
5.206457208818187610e+02
5.290854179992849140e+02
5.383857734800357093e+02
5.474481735612065449e+02
5.532268385198425449e+02
5.596978964555086122e+02
5.677777577808725482e+02
5.733119191297413408e+02
5.773561251827705973e+02
5.820740192326109081e+02
5.893040169736625558e+02
5.982080698908413297e+02
6.071093257165773593e+02
6.144149672516019791e+02
6.239306699571916397e+02
6.329592072321331671e+02
6.407039977148903063e+02
2.812353669330812522e+01
3.323503454036735860e+01
3.851436344604687179e+01
4.394556345795133012e+01
5.148677913628871750e+01
5.827353631183839866e+01
6.580556976558239057e+01
7.401353799030519554e+01
8.349015103578308583e+01
9.177721296674755536e+01
1.011053336250312924e+02
1.099247106503176781e+02
1.175093083967691001e+02
1.237193445574344537e+02
1.299784421980477873e+02
1.362905835626861233e+02
1.407628645047213638e+02
1.474452575929365992e+02
1.538774407746882105e+02
1.617676520090139718e+02
1.706622611355923311e+02
1.779300069913325331e+02
1.862730524832843173e+02
1.935045580249107502e+02
2.029868985754561379e+02
2.122367400698995255e+02
2.190257710361247234e+02
2.277545049042473977e+02
2.355389188943287877e+02
2.435735431782934768e+02
2.529866327068412204e+02
2.621634952181557310e+02
2.700291901306836166e+02
2.771098499704292522e+02
2.848323891064088684e+02
2.922300753411556116e+02
3.005375086231404680e+02
3.074135395161841302e+02
3.163222641045640557e+02
3.246102226535741124e+02
3.329654573283635841e+02
3.420566551479902273e+02
3.488647871066698372e+02
3.576779761764794898e+02
3.670976830496995831e+02
3.761074069524540278e+02
3.821069272308192808e+02
3.900926521939700251e+02
3.992055075131128206e+02
4.054583468061307485e+02
4.133051326582354932e+02
4.213458993084017266e+02
4.244596174595585012e+02
4.317448010489275703e+02
4.393018235292539657e+02
4.486375978296928793e+02
4.543388907648431996e+02
4.612471137137389974e+02
4.682681355676007797e+02
4.764457515788973865e+02
4.854340219974683350e+02
4.951766546711237993e+02
5.047221282991084195e+02
5.133735309712621984e+02
5.158317063484994378e+02
5.171933596040751127e+02
5.161623619320503167e+02
5.129159673112709470e+02
5.133735309712621984e+02
5.205914861523898480e+02
5.275236722438862671e+02
5.352342905655966661e+02
5.422712903221380429e+02
5.502924129281999512e+02
5.580041708501887570e+02
5.669050420295541244e+02
5.734110908702199367e+02
5.802886623042734300e+02
5.845792064257591392e+02
3.074135395161841302e+02
3.148574446939767313e+02
3.215359646572685506e+02
3.283252629516821344e+02
3.329617887694640785e+02
2.435735431782934768e+02
2.477985523339644942e+02
2.524671622003541245e+02
2.559881098228368899e+02
2.588961130554805550e+02
2.642601314939179815e+02
2.660704621149577065e+02
2.725368854719570209e+02
2.785010007703212409e+02
2.823267045030455620e+02
2.879195024297583814e+02
2.905802228291697133e+02
2.932895417976010890e+02
2.963903913933698959e+02
3.003567571546270756e+02
3.004694612998532079e+02
3.005295571145866802e+02
3.035193132630229229e+02
3.060014860839073094e+02
3.083412680906675973e+02
3.093041304423817337e+02
3.111414166144974160e+02
3.122464205527837748e+02
3.137129004537955552e+02
3.144513731452067304e+02
3.186873942296394944e+02
3.218667873846272300e+02
3.271238039933638220e+02
3.307313282988897640e+02
3.326948588159912674e+02
7.401353799030519554e+01
7.895336815109818929e+01
8.425902943540995693e+01
9.122886126851847166e+01
9.473497255558457653e+01
9.779052580094443670e+01
1.002821368338795622e+02
1.025543464681271502e+02
1.034088813246879823e+02
1.055490828362371047e+02
1.064176405316721912e+02
1.047524479068672179e+02
1.049210985174385087e+02
1.114235340230200393e+02
1.114235340230200393e+02
1.122467327979714184e+02
1.138844761122114022e+02
1.127820434764016255e+02
1.145284315276854983e+02
1.166485877960807187e+02
1.202018836479042250e+02
1.251388187930686371e+02
1.289948292915184709e+02
1.325090109783319292e+02
1.389900988306841327e+02
1.470788174534048096e+02
1.531100356457367013e+02
1.593349066183181435e+02
1.654191468940593097e+02
1.689185918848396284e+02
1.731945860642795765e+02
1.776032657826528407e+02
1.839022756023529723e+02
1.847798480515198207e+02
1.817073866882793993e+02
1.781660315427043315e+02
1.739494085352104378e+02
1.709404059795057833e+02
1.670435291402075393e+02
1.603263708348391958e+02
1.530726434506601663e+02
1.465257796880918590e+02
1.441462695428390361e+02
1.432935461011544760e+02
1.395335654033860067e+02
1.342013214933452048e+02
1.335251798644255814e+02
1.384421992932778949e+02
1.428235431782934768e+02
1.449622671401619414e+02
1.448136111870528566e+02
1.448644408929787915e+02
1.405961823060275151e+02
1.338304586403190228e+02
1.275847540395598543e+02
1.211086088845389668e+02
1.428235431782934768e+02
1.494279301467967116e+02
1.549487791490678887e+02
1.608557926471856661e+02
1.666162048746550681e+02
1.737532967969889057e+02
1.821218216181626417e+02
1.670435291402075393e+02
1.707964607076686150e+02
1.756215585546936779e+02
1.763628808181562988e+02
1.791016672600639197e+02
1.827335315816137893e+02
1.827335315816137893e+02
1.879542963899800441e+02
1.936301559359928035e+02
5.827353631183839866e+01
5.787493569437386753e+01
5.436940715327543217e+01
5.262913078663500954e+01
5.297134580924006286e+01
5.333053936934582140e+01
5.183500172086304048e+01
8.253535854074728562e+00
7.463244226190113295e-02
-8.104270969550929848e+00
-1.628317438136375728e+01
-2.549660447133764762e+01
-3.410281592759176306e+01
-4.338691111959598601e+01
-5.226550715614028064e+01
-6.051194483907200095e+01
-6.986000967355796831e+01
-7.951630715175063813e+01
-8.919646109416746071e+01
-9.717361242634007112e+01
-1.055828077076371443e+02
-1.141860932411376837e+02
-1.215059437974230434e+02
-1.280074178688923610e+02
-1.335264629252221482e+02
-1.412159735280552582e+02
-1.481742274790495344e+02
-1.564200753381283278e+02
-1.654690945713453516e+02
-1.745690132460482857e+02
-1.836018031986171195e+02
-1.914262091059862883e+02
-2.008614032798570292e+02
-2.102573404507709824e+02
-2.186937430191898670e+02
-2.282119295261103673e+02
-2.378584604485435534e+02
-2.454034979148418358e+02
-2.539385954141673949e+02
-2.623120815076805457e+02
-2.694444977771325398e+02
-2.781127218354548063e+02
-2.863141323128963904e+02
-2.938332070491481431e+02
-3.027583515258816078e+02
-3.107539867930175888e+02
-3.181539217022003641e+02
-3.246584753321380390e+02
-3.287732602514888640e+02
-3.319252454966218124e+02
-3.369057413604737121e+02
-3.419622138384701202e+02
-3.458151362581249941e+02
-3.479778995127030043e+02
-3.503189446734377839e+02
-3.566044831191685489e+02
-3.629286086956022359e+02
-3.694458549130330312e+02
-3.768086333856351189e+02
-1.335264629252221482e+02
-1.308593167926342176e+02
-1.312604472903967405e+02
-1.353824855777115204e+02
-1.416429238619844284e+02
-1.463331947394876238e+02
-1.520570417409836921e+02
-1.571462578926351057e+02
-1.635055353954771249e+02
-1.672296581406420160e+02
-1.752445836650403805e+02
-1.840899776259870748e+02
-1.916863263647032340e+02
-2.012564585355399913e+02
-2.106588084374431844e+02
-2.188175486815881357e+02
-2.260185220373824677e+02
-2.309308903409700804e+02
-2.310611740118338275e+02
-2.339414251840969712e+02
-2.377168707199621167e+02
-2.436232204613074828e+02
-2.510000130449328424e+02
-2.589436224342725268e+02
-2.644982255470033579e+02
-2.693564494974877448e+02
-2.716496048074585588e+02
-2.743365150102047210e+02
-2.755580498984689939e+02
-2.831714451234573175e+02
-2.924305409875704527e+02
-3.016828262889583812e+02
-3.104278005227243398e+02
-3.194466658402637904e+02
-3.262482581419003509e+02
-8.919646109416746071e+01
-9.521225027098985549e+01
-1.026471720799814022e+02
-1.080584807476571427e+02
-1.136386240722300442e+02
-1.191076840712287890e+02
-1.251295187251869265e+02
-1.320242071829717645e+02
-1.389782770651046349e+02
-1.472589354241957551e+02
-1.557412460786003408e+02
-1.635432314909824925e+02
-1.710198507862006636e+02
-1.769569300134085381e+02
-1.835305091554077137e+02
-1.883933798716864203e+02
-1.933879097560650848e+02
-1.979746623999000974e+02
-2.048186396574320156e+02
-2.100691975611559030e+02
-2.162574185794482560e+02
-2.221273538296300956e+02
-2.277168017694244497e+02
-2.342331740537284759e+02
-2.411005943947533297e+02
-2.457340198196552876e+02
-2.520670769920729128e+02
-2.562087079368337754e+02
-2.613109585840302884e+02
-2.700274401943742077e+02
-2.783220215107547801e+02
-2.880801544438787687e+02
-2.977710175381075715e+02
-3.065806467499714927e+02
-3.141729801400161364e+02
-3.208523539110956904e+02
-3.285668670824232436e+02
-3.349664285835362421e+02
-3.416553660205062783e+02
-3.496460807649371532e+02
-3.582742590907301974e+02
-3.665685867196579579e+02
-3.739394394331714011e+02
-3.817118907263715641e+02
-3.888687035030762331e+02
-3.959597178020090382e+02
-4.049194735172637252e+02
-4.137400349591217719e+02
-4.232504722468718228e+02
-4.317011806445413526e+02
-4.403817147574693536e+02
-4.490405607126747896e+02
-4.588535215863840904e+02
-4.685978191972985201e+02
8.253535854074728562e+00
4.934455386869171178e+00
1.615374919663612907e+00
5.399490806418576483e+00
4.431055119517680829e+00
4.894933173951931948e+00
6.287552899068316492e+00
4.845617237896146179e+00
5.334671434048673611e+00
1.932938827952303207e+00
8.758585656625204052e-01
1.003535854074728562e+00
5.901783359363738768e+00
1.003535854074728562e+00
-2.163289601181741517e-01
-5.074576644742307963e-01
2.522099556421526501e-01
-1.176464451101052688e+00
6.371117888554644004e+00
1.025171312896760512e+01
1.563660352395738684e+01
1.901170345860001021e+01
2.398653805205667311e+01
2.928657869526447399e+01
3.238759903098178228e+01
3.969002060723639858e+01
4.696108426709235317e+01
5.170100587233348932e+01
-1.176464451101052688e+00
-6.006123055494324348e+00
-8.302392586971580002e+00
-8.245164756324330213e+00
-9.640993341488124813e+00
-9.648362988965589082e+00
-1.188819294146906991e+01
-1.277603665215048245e+01
-1.195380286717824170e+01
-1.137755871614570502e+01
-1.266706174853665523e+01
-1.587738111545881559e+01
-2.040956299130562712e+01
-2.456353223880704917e+01
-2.841723113695107372e+01
-3.313365644776148855e+01
-3.785323263916961878e+01
-4.351356705460479191e+01
-4.710898716622599380e+01
-4.660714758426235704e+01
-5.024860321681234154e+01
-5.354753806778553837e+01
-5.775210809091110775e+01
-6.020075702830469311e+01
-6.437192593140426311e+01
-6.867095581890492895e+01
-6.781070018260858490e+01
-6.285176503534472658e+01
-5.969494174692304966e+01
-5.951214961578406815e+01
-6.314523305506892825e+01
-9.319409046373309025e+00
-5.555817622200700079e+00
-3.069409046373309025e+00
3.055975237052276583e+00
-3.069409046373309025e+00
-2.639768252438834395e-01
2.541455395885542146e+00
3.180590953626690975e+00
-9.319409046373309025e+00
-6.612618851789623164e+00
-3.905828657205937304e+00
-1.199038462622251444e+00
1.507751731961434416e+00
3.180590953626690975e+00
6.300590839185773007e+00
1.255059179286008941e+01
1.255059179286008941e+01
1.317671798526570015e+01
1.568059095362669098e+01
1.585287030064557001e+01
2.193059095362669098e+01
1.997161418531358379e+01
1.607533969165543297e+01
1.568059095362669098e+01
1.568059095362669098e+01
1.226546385479895207e+01
9.430590953626690975e+00
9.430590953626690975e+00
7.523176252575964895e+00
6.300590839185773007e+00
6.300590839185773007e+00
6.300590839185773007e+00
6.364496061671557570e+00
9.430590953626690975e+00
9.430590953626690975e+00
1.044969240482103601e+01
9.430590953626690975e+00
9.430590953626690975e+00
9.430590953626690975e+00
6.300590839185773007e+00
6.300590839185773007e+00
6.300590839185773007e+00
6.300590839185773007e+00
6.300590839185773007e+00
4.097564455385397153e+00
3.180590953626690975e+00
3.180590953626690975e+00
4.939650011389639772e+00
6.300590839185773007e+00
6.300590839185773007e+00
6.300590839185773007e+00
6.300590839185773007e+00
7.574480659403349136e+00
1.106220635070020819e+01
1.568059095362669098e+01
1.568059095362669098e+01
1.436551480016339610e+01
1.255059179286008941e+01
1.255059179286008941e+01
1.255059179286008941e+01
1.255059179286008941e+01
1.255059179286008941e+01
1.255059179286008941e+01
1.255059179286008941e+01
1.255059179286008941e+01
1.255059179286008941e+01
1.255059179286008941e+01
1.255059179286008941e+01
1.255059179286008941e+01
1.491455662973995189e+01
1.568059095362669098e+01
-9.319409046373309025e+00
-5.861745600723970995e-01
8.147059926228511273e+00
1.446347389091852875e+01
1.866273310539946095e+01
2.193059095362669098e+01
2.505058988551145660e+01
2.505058988551145660e+01
2.818059095362669098e+01
2.818059095362669098e+01
2.818059095362669098e+01
3.036377067030421983e+01
2.818059095362669098e+01
2.818059095362669098e+01
2.918318177450544937e+01
3.130058988551145660e+01
3.130058988551145660e+01
3.443059095362669098e+01
3.443059095362669098e+01
3.443059095362669098e+01
3.443059095362669098e+01
3.443059095362669098e+01
3.443059095362669098e+01
3.443059095362669098e+01
3.443059095362669098e+01
3.443059095362669098e+01
3.443059095362669098e+01
3.443059095362669098e+01
3.443059095362669098e+01
3.443059095362669098e+01
3.443059095362669098e+01
3.443059095362669098e+01
3.443059095362669098e+01
3.443059095362669098e+01
3.755058988551145660e+01
3.675221213534075559e+01
3.443059095362669098e+01
3.443059095362669098e+01
3.655101078321018093e+01
4.068059095362669098e+01
4.068059095362669098e+01
3.780017893998978451e+01
3.755058988551145660e+01
3.443059095362669098e+01
3.443059095362669098e+01
3.443059095362669098e+01
3.443059095362669098e+01
2.818059095362669098e+01
2.818059095362669098e+01
2.818059095362669098e+01
2.818059095362669098e+01
2.818059095362669098e+01
3.008703619149673614e+01
3.130058988551145660e+01
3.130058988551145660e+01
3.130058988551145660e+01
3.130058988551145660e+01
2.965542685880811291e+01
2.818059095362669098e+01
2.818059095362669098e+01
2.818059095362669098e+01
2.961483189065350530e+01
3.501116261620768455e+01
3.755058988551145660e+01
3.473240532584532758e+01
3.269809576069314261e+01
3.130058988551145660e+01
3.443059095362669098e+01
3.130058988551145660e+01
3.130058988551145660e+01
2.818059095362669098e+01
2.818059095362669098e+01
2.818059095362669098e+01
2.525926868497820976e+01
2.572092352347922173e+01
2.633555954123297482e+01
2.818059095362669098e+01
2.818059095362669098e+01
3.039112709030500525e+01
3.130058988551145660e+01
3.443059095362669098e+01
3.662209945439764169e+01
3.644011746030462717e+01
3.443059095362669098e+01
3.755058988551145660e+01
3.755058988551145660e+01
3.443059095362669098e+01
3.755058988551145660e+01
4.068059095362669098e+01
4.380058988551145660e+01
4.673530199614283021e+01
4.693059095362669098e+01
4.693059095362669098e+01
4.693059095362669098e+01
4.693059095362669098e+01
4.693059095362669098e+01
4.380058988551145660e+01
4.693059095362669098e+01
4.693059095362669098e+01
4.693059095362669098e+01
4.693059095362669098e+01
5.005058988551145660e+01
4.693059095362669098e+01
4.693059095362669098e+01
4.693059095362669098e+01
4.693059095362669098e+01
4.693059095362669098e+01
4.380058988551145660e+01
4.380058988551145660e+01
4.380058988551145660e+01
4.380058988551145660e+01
4.380058988551145660e+01
4.068059095362669098e+01
4.068059095362669098e+01
3.755058988551145660e+01
3.445910200835862724e+01
3.443059095362669098e+01
3.650471447391478108e+01
3.755058988551145660e+01
3.755058988551145660e+01
3.448614765802388149e+01
3.443059095362669098e+01
3.443059095362669098e+01
3.443059095362669098e+01
3.443059095362669098e+01
3.443059095362669098e+01
3.443059095362669098e+01
3.443059095362669098e+01
3.130058988551145660e+01
3.130058988551145660e+01
3.130058988551145660e+01
3.443059095362669098e+01
3.705820413319831630e+01
3.755058988551145660e+01
3.443059095362669098e+01
3.443059095362669098e+01
3.726117957419508286e+01
3.755058988551145660e+01
3.755058988551145660e+01
3.665517040505401525e+01
3.755058988551145660e+01
3.755058988551145660e+01
3.755058988551145660e+01
3.755058988551145660e+01
2.193059095362669098e+01
2.590072414008090362e+01
2.991233605326539191e+01
3.130058988551145660e+01
3.130058988551145660e+01
3.130058988551145660e+01
3.443059095362669098e+01
3.443059095362669098e+01
3.443059095362669098e+01
3.130058988551145660e+01
3.130058988551145660e+01
3.130058988551145660e+01
3.130058988551145660e+01
3.130058988551145660e+01
3.443059095362669098e+01
3.130058988551145660e+01
3.443059095362669098e+01
3.443059095362669098e+01
3.443059095362669098e+01
3.443059095362669098e+01
3.443059095362669098e+01
3.443059095362669098e+01
3.443059095362669098e+01
3.443059095362669098e+01
3.443059095362669098e+01
3.443059095362669098e+01
3.443059095362669098e+01
3.443059095362669098e+01
3.443059095362669098e+01
3.443059095362669098e+01
3.443059095362669098e+01
3.443059095362669098e+01
3.443059095362669098e+01
3.695981278497480105e+01
3.812053954783598897e+01
4.195444973402923239e+01
4.380058988551145660e+01
4.380058988551145660e+01
4.621490210039399926e+01
4.693059095362669098e+01
4.693059095362669098e+01
4.693059095362669098e+01
4.693059095362669098e+01
4.693059095362669098e+01
4.693059095362669098e+01
4.693059095362669098e+01
4.693059095362669098e+01
4.693059095362669098e+01
4.607408653979543800e+01
4.531980671285687379e+01
4.380058988551145660e+01
4.380058988551145660e+01
4.068059095362669098e+01
4.089716705088365956e+01
4.380058988551145660e+01
4.396026119427841650e+01
4.693059095362669098e+01
4.855143554320768828e+01
4.996432766281594695e+01
5.005058988551145660e+01
5.318059095362669098e+01
5.318059095362669098e+01
5.318059095362669098e+01
5.318059095362669098e+01
4.997842886604278334e+01
4.693059095362669098e+01
4.417782233464859587e+01
4.068059095362669098e+01
5.318059095362669098e+01
4.773617022941025567e+01
4.948583121164146092e+01
4.693059095362669098e+01
4.503133369058902247e+01
4.693059095362669098e+01
4.380058988551145660e+01
4.380058988551145660e+01
4.693059095362669098e+01
4.693059095362669098e+01
4.693059095362669098e+01
4.380058988551145660e+01
4.380058988551145660e+01
4.709577186380235503e+01
4.887021552306806882e+01
4.841374666401453908e+01
3.443059095362669098e+01
3.130058988551145660e+01
3.130058988551145660e+01
3.443059095362669098e+01
3.755058988551145660e+01
3.667629708786694920e+01
3.755058988551145660e+01
4.068059095362669098e+01
4.068059095362669098e+01
4.275057591721083128e+01
4.380058988551145660e+01
4.380058988551145660e+01
4.102276072879966762e+01
4.068059095362669098e+01
4.068059095362669098e+01
4.068059095362669098e+01
4.068059095362669098e+01
4.068059095362669098e+01
4.345449420007346930e+01
4.380058988551145660e+01
4.380058988551145660e+01
4.380058988551145660e+01
4.693059095362669098e+01
5.213121546212811808e+01
5.468983326301177783e+01
6.179789601315533787e+01
6.945318940620134640e+01
7.193059095362669098e+01
7.505059370020872223e+01
7.505059370020872223e+01
3.443059095362669098e+01
3.755058988551145660e+01
3.755058988551145660e+01
3.879176701063530430e+01
4.068059095362669098e+01
4.068059095362669098e+01
4.068059095362669098e+01
4.068059095362669098e+01
4.068059095362669098e+01
4.068059095362669098e+01
4.068059095362669098e+01
3.763265193139294951e+01
3.724967885395098932e+01
3.755058988551145660e+01
3.755058988551145660e+01
3.443059095362669098e+01
3.443059095362669098e+01
3.443059095362669098e+01
3.290648236068032872e+01
3.369740744668042254e+01
2.959262056917680894e+01
2.818059095362669098e+01
2.818059095362669098e+01
3.130058988551145660e+01
3.755058988551145660e+01
4.068059095362669098e+01
4.380058988551145660e+01
4.693059095362669098e+01
4.693059095362669098e+01
4.693059095362669098e+01
4.693059095362669098e+01
4.397863935506915567e+01
4.068059095362669098e+01
3.755058988551145660e+01
3.755058988551145660e+01
3.755058988551145660e+01
3.968741077517649529e+01
4.335323844487675871e+01
4.380058988551145660e+01
4.528556578219708229e+01
4.693059095362669098e+01
4.693059095362669098e+01
5.005058988551145660e+01
5.005058988551145660e+01
5.377546186416029883e+01
5.630059370020872223e+01
5.630059370020872223e+01
5.571677749178479644e+01
5.318059095362669098e+01
5.318059095362669098e+01
5.318059095362669098e+01
5.318059095362669098e+01
5.318059095362669098e+01
5.238036236845550775e+01
5.005058988551145660e+01
5.005058988551145660e+01
5.318059095362669098e+01
5.318059095362669098e+01
5.005058988551145660e+01
4.782859304206506579e+01
4.693059095362669098e+01
4.807291737305635593e+01
5.005058988551145660e+01
4.380058988551145660e+01
4.143919648548022394e+01
4.068059095362669098e+01
4.068059095362669098e+01
3.829564449651399372e+01
3.755058988551145660e+01
3.755058988551145660e+01
3.219392748189790154e+01
2.818059095362669098e+01
3.130058988551145660e+01
3.130058988551145660e+01
3.130058988551145660e+01
3.443059095362669098e+01
3.443059095362669098e+01
3.536650304608981799e+01
3.956146012158068004e+01
-9.319409046373309025e+00
-4.188707347027023076e+00
9.419943523192646495e-01
6.072696051665550598e+00
9.378472567493073342e+00
9.430590953626690975e+00
9.430590953626690975e+00
9.430590953626690975e+00
1.255059179286008941e+01
1.255059179286008941e+01
1.255059179286008941e+01
1.255059179286008941e+01
1.747791909741716054e+01
2.147162461729413963e+01
2.493620014774045046e+01
2.934899294728310792e+01
3.296378147255729374e+01
3.755058988551145660e+01
4.017811900973111250e+01
4.068059095362669098e+01
4.068059095362669098e+01
4.068059095362669098e+01
3.763914227917347688e+01
3.755058988551145660e+01
3.755058988551145660e+01
3.755058988551145660e+01
3.755058988551145660e+01
3.755058988551145660e+01
3.755058988551145660e+01
3.755058988551145660e+01
3.755058988551145660e+01
3.755058988551145660e+01
3.792679266796238835e+01
4.068059095362669098e+01
4.068059095362669098e+01
3.967386253256167805e+01
3.755058988551145660e+01
3.755058988551145660e+01
3.755058988551145660e+01
3.755058988551145660e+01
3.755058988551145660e+01
3.576338680597054775e+01
3.443059095362669098e+01
3.510894124733056998e+01
3.658766668205451822e+01
3.443059095362669098e+01
3.443059095362669098e+01
3.443059095362669098e+01
3.443059095362669098e+01
3.443059095362669098e+01
3.443059095362669098e+01
3.443059095362669098e+01
3.755058988551145660e+01
4.619759969363050800e+01
5.495991809167880149e+01
6.255059370020872223e+01
6.579294456064349106e+01
6.880059370020872223e+01
7.049977050126719291e+01
7.193059095362669098e+01
7.193059095362669098e+01
6.880059370020872223e+01
6.880059370020872223e+01
6.880059370020872223e+01
6.568059095362669098e+01
6.568059095362669098e+01
6.637253708427296317e+01
6.880059370020872223e+01
6.880059370020872223e+01
7.193059095362669098e+01
6.880059370020872223e+01
6.880059370020872223e+01
6.382913793388124191e+01
6.255059370020872223e+01
6.193389740028675305e+01
6.255059370020872223e+01
5.943059095362669098e+01
5.943059095362669098e+01
5.630059370020872223e+01
5.630059370020872223e+01
5.630059370020872223e+01
5.943059095362669098e+01
5.943059095362669098e+01
6.017013189091861136e+01
6.255059370020872223e+01
6.388169672136683630e+01
6.880059370020872223e+01
1.255059179286008941e+01
1.879515744910789721e+01
2.312960725484168023e+01
2.794054599626113600e+01
3.177290824228808930e+01
3.443059095362669098e+01
3.755058988551145660e+01
3.755058988551145660e+01
4.068059095362669098e+01
4.068059095362669098e+01
4.085464865408459190e+01
4.380058988551145660e+01
4.380058988551145660e+01
4.693059095362669098e+01
4.693059095362669098e+01
4.457367561943381418e+01
4.380058988551145660e+01
4.512789539412847262e+01
4.490207404753100917e+01
4.693059095362669098e+01
4.693059095362669098e+01
4.693059095362669098e+01
5.005058988551145660e+01
5.005058988551145660e+01
5.005058988551145660e+01
5.318059095362669098e+01
5.576949258487185546e+01
5.943059095362669098e+01
6.439156670424493711e+01
6.568059095362669098e+01
6.880059370020872223e+01
6.880059370020872223e+01
6.880059370020872223e+01
6.880059370020872223e+01
6.499824958422149734e+01
5.943059095362669098e+01
5.630059370020872223e+01
4.921765367340483266e+01
4.380058988551145660e+01
3.898448475998765161e+01
3.936461020968030766e+01
3.812881767788804410e+01
4.100141950735526564e+01
4.380058988551145660e+01
4.070725366236049325e+01
3.755058988551145660e+01
3.755058988551145660e+01
3.755058988551145660e+01
3.755058988551145660e+01
3.559187554631408545e+01
3.443059095362669098e+01
3.130058988551145660e+01
3.130058988551145660e+01
3.130058988551145660e+01
-9.319409046373309025e+00
-4.478037181217686680e-02
9.229848302748955291e+00
1.362945426558348316e+01
2.100949653813442808e+01
2.193059095362669098e+01
2.193059095362669098e+01
2.327556691948986156e+01
2.505058988551145660e+01
2.505058988551145660e+01
2.505058988551145660e+01
2.505058988551145660e+01
2.505058988551145660e+01
2.505058988551145660e+01
2.505058988551145660e+01
2.505058988551145660e+01
2.768274026508207442e+01
2.818059095362669098e+01
2.859696397400999501e+01
3.130058988551145660e+01
3.285737127937234447e+01
3.443059095362669098e+01
3.443059095362669098e+01
3.443059095362669098e+01
3.312784187371237010e+01
3.304969481209314353e+01
3.130058988551145660e+01
3.130058988551145660e+01
2.818059095362669098e+01
2.517290512220665022e+01
2.780617295830031566e+01
2.505058988551145660e+01
2.818059095362669098e+01
2.818059095362669098e+01
2.818059095362669098e+01
3.130058988551145660e+01
3.130058988551145660e+01
2.818059095362669098e+01
2.818059095362669098e+01
2.505058988551145660e+01
2.818059095362669098e+01
2.910221178450026969e+01
3.130058988551145660e+01
3.443059095362669098e+01
3.699662130259406467e+01
4.240952689253096253e+01
4.810041742068091253e+01
5.535689304365203611e+01
6.276536441671719047e+01
6.900099427617188041e+01
7.322799742483056207e+01
7.505059370020872223e+01
7.505059370020872223e+01
7.505059370020872223e+01
7.751024304771131312e+01
7.818059095362669098e+01
7.818059095362669098e+01
7.818059095362669098e+01
7.818059095362669098e+01
