5.070893504116886774e+00
5.070893504116886774e+00
6.734871322722927545e+00
6.734871322722927545e+00
8.392027117889393040e+00
8.392027117889393040e+00
8.392027117889393040e+00
8.392027117889393040e+00
9.918253215157061931e+00
9.918253215157061931e+00
9.918253215157061931e+00
9.918253215157061931e+00
9.918253215157061931e+00
9.918253215157061931e+00
9.918253215157061931e+00
9.918253215157061931e+00
9.918253215157061931e+00
9.918253215157061931e+00
9.918253215157061931e+00
9.918253215157061931e+00
9.918253215157061931e+00
9.918253215157061931e+00
9.918253215157061931e+00
9.918253215157061931e+00
9.918253215157061931e+00
9.918253215157061931e+00
9.918253215157061931e+00
9.918253215157061931e+00
9.918253215157061931e+00
9.918253215157061931e+00
9.918253215157061931e+00
9.918253215157061931e+00
9.918253215157061931e+00
9.918253215157061931e+00
9.918253215157061931e+00
9.918253215157061931e+00
9.918253215157061931e+00
9.918253215157061931e+00
9.918253215157061931e+00
9.918253215157061931e+00
9.918253215157061931e+00
9.918253215157061931e+00
9.918253215157061931e+00
9.918253215157061931e+00
9.918253215157061931e+00
9.918253215157061931e+00
9.918253215157061931e+00
9.918253215157061931e+00
9.918253215157061931e+00
9.918253215157061931e+00
9.918253215157061931e+00
9.918253215157061931e+00
9.918253215157061931e+00
9.918253215157061931e+00
9.918253215157061931e+00
9.918253215157061931e+00
9.918253215157061931e+00
9.918253215157061931e+00
9.918253215157061931e+00
9.918253215157061931e+00
9.918253215157061931e+00
9.918253215157061931e+00
9.918253215157061931e+00
9.918253215157061931e+00
9.918253215157061931e+00
9.918253215157061931e+00
9.918253215157061931e+00
9.918253215157061931e+00
9.918253215157061931e+00
9.918253215157061931e+00
9.918253215157061931e+00
9.105201031855790106e+00
9.105201031855790106e+00
9.105201031855790106e+00
9.105201031855790106e+00
9.105201031855790106e+00
9.614283005830573714e+00
9.614283005830573714e+00
9.614283005830573714e+00
9.614283005830573714e+00
9.614283005830573714e+00
9.614283005830573714e+00
9.614283005830573714e+00
9.614283005830573714e+00
9.614283005830573714e+00
9.614283005830573714e+00
9.614283005830573714e+00
9.614283005830573714e+00
5.938167108966752039e+00
8.629557065153962370e+00
8.629557065153962370e+00
8.629557065153962370e+00
8.629557065153962370e+00
8.629557065153962370e+00
9.922680451985334216e+00
9.922680451985334216e+00
9.922680451985334216e+00
9.922680451985334216e+00
9.922680451985334216e+00
9.922680451985334216e+00
9.922680451985334216e+00
9.922680451985334216e+00
9.922680451985334216e+00
9.922680451985334216e+00
9.922680451985334216e+00
9.922680451985334216e+00
9.922680451985334216e+00
9.922680451985334216e+00
9.922680451985334216e+00
9.922680451985334216e+00
9.922680451985334216e+00
9.922680451985334216e+00
9.922680451985334216e+00
9.922680451985334216e+00
9.922680451985334216e+00
9.922680451985334216e+00
9.922680451985334216e+00
9.922680451985334216e+00
9.922680451985334216e+00
9.922680451985334216e+00
9.922680451985334216e+00
9.922680451985334216e+00
9.922680451985334216e+00
9.922680451985334216e+00
9.922680451985334216e+00
9.922680451985334216e+00
9.922680451985334216e+00
9.729495257216020931e+00
9.729495257216020931e+00
9.729495257216020931e+00
9.729495257216020931e+00
9.729495257216020931e+00
9.729495257216020931e+00
9.729495257216020931e+00
9.729495257216020931e+00
9.729495257216020931e+00
9.729495257216020931e+00
9.729495257216020931e+00
9.729495257216020931e+00
9.729495257216020931e+00
9.828575602827463342e+00
9.828575602827463342e+00
9.828575602827463342e+00
9.828575602827463342e+00
9.828575602827463342e+00
9.828575602827463342e+00
9.828575602827463342e+00
9.828575602827463342e+00
9.828575602827463342e+00
9.828575602827463342e+00
9.828575602827463342e+00
9.828575602827463342e+00
9.828575602827463342e+00
9.828575602827463342e+00
9.828575602827463342e+00
9.828575602827463342e+00
9.828575602827463342e+00
9.835283377545726680e+00
9.835283377545726680e+00
9.835283377545726680e+00
9.835283377545726680e+00
9.835283377545726680e+00
9.835283377545726680e+00
9.835283377545726680e+00
9.835283377545726680e+00
9.835283377545726680e+00
9.835283377545726680e+00
9.835283377545726680e+00
9.835283377545726680e+00
9.835283377545726680e+00
9.835283377545726680e+00
9.835283377545726680e+00
9.835283377545726680e+00
9.835283377545726680e+00
9.835283377545726680e+00
9.835283377545726680e+00
9.835283377545726680e+00
9.835283377545726680e+00
9.835283377545726680e+00
9.835283377545726680e+00
9.835283377545726680e+00
9.835283377545726680e+00
9.835283377545726680e+00
9.835283377545726680e+00
9.835283377545726680e+00
9.835283377545726680e+00
9.835283377545726680e+00
9.835283377545726680e+00
9.835283377545726680e+00
9.835283377545726680e+00
9.835283377545726680e+00
9.835283377545726680e+00
9.835283377545726680e+00
9.835283377545726680e+00
9.835283377545726680e+00
9.835283377545726680e+00
9.835283377545726680e+00
9.835283377545726680e+00
9.835283377545726680e+00
9.835283377545726680e+00
9.835283377545726680e+00
9.835283377545726680e+00
9.835283377545726680e+00
9.835283377545726680e+00
9.835283377545726680e+00
9.835283377545726680e+00
9.835283377545726680e+00
9.835283377545726680e+00
9.835283377545726680e+00
9.835283377545726680e+00
9.835283377545726680e+00
9.835283377545726680e+00
9.835283377545726680e+00
9.835283377545726680e+00
9.835283377545726680e+00
8.257392897296302436e+00
8.257392897296302436e+00
8.257392897296302436e+00
8.257392897296302436e+00
8.257392897296302436e+00
9.076813515369986263e+00
9.076813515369986263e+00
9.658094801554788944e+00
9.658094801554788944e+00
9.658094801554788944e+00
9.658094801554788944e+00
9.658094801554788944e+00
9.658094801554788944e+00
9.658094801554788944e+00
9.658094801554788944e+00
9.658094801554788944e+00
9.658094801554788944e+00
9.658094801554788944e+00
9.658094801554788944e+00
9.658094801554788944e+00
9.658094801554788944e+00
9.658094801554788944e+00
9.658094801554788944e+00
9.658094801554788944e+00
9.658094801554788944e+00
9.658094801554788944e+00
9.658094801554788944e+00
9.658094801554788944e+00
9.658094801554788944e+00
9.545736601328556503e+00
9.545736601328556503e+00
9.545736601328556503e+00
9.545736601328556503e+00
9.545736601328556503e+00
9.545736601328556503e+00
9.545736601328556503e+00
9.545736601328556503e+00
9.755045103286063224e+00
9.755045103286063224e+00
9.755045103286063224e+00
9.755045103286063224e+00
9.755045103286063224e+00
9.755045103286063224e+00
9.755045103286063224e+00
9.755045103286063224e+00
9.755045103286063224e+00
9.755045103286063224e+00
9.755045103286063224e+00
9.755045103286063224e+00
9.755045103286063224e+00
9.755045103286063224e+00
9.755045103286063224e+00
9.755045103286063224e+00
9.755045103286063224e+00
9.755045103286063224e+00
9.755045103286063224e+00
9.755045103286063224e+00
9.755045103286063224e+00
9.755045103286063224e+00
9.755045103286063224e+00
9.755045103286063224e+00
9.755045103286063224e+00
9.755045103286063224e+00
8.756519536659126857e+00
8.756519536659126857e+00
8.756519536659126857e+00
8.756519536659126857e+00
8.756519536659126857e+00
9.140968279230053284e+00
9.140968279230053284e+00
9.140968279230053284e+00
9.140968279230053284e+00
9.140968279230053284e+00
9.140968279230053284e+00
9.140968279230053284e+00
9.140968279230053284e+00
9.140968279230053284e+00
9.140968279230053284e+00
9.140968279230053284e+00
8.802890394678488661e+00
8.802890394678488661e+00
8.802890394678488661e+00
8.802890394678488661e+00
8.802890394678488661e+00
9.813122569980199827e+00
9.813122569980199827e+00
9.813122569980199827e+00
9.813122569980199827e+00
9.813122569980199827e+00
9.813122569980199827e+00
9.813122569980199827e+00
9.813122569980199827e+00
9.813122569980199827e+00
9.813122569980199827e+00
9.813122569980199827e+00
9.813122569980199827e+00
9.813122569980199827e+00
9.813122569980199827e+00
9.813122569980199827e+00
9.813122569980199827e+00
9.813122569980199827e+00
9.813122569980199827e+00
9.813122569980199827e+00
9.813122569980199827e+00
9.813122569980199827e+00
9.813122569980199827e+00
9.813122569980199827e+00
9.813122569980199827e+00
9.813122569980199827e+00
9.813122569980199827e+00
9.813122569980199827e+00
9.813122569980199827e+00
9.813122569980199827e+00
9.813122569980199827e+00
9.416996548825515845e+00
9.416996548825515845e+00
9.416996548825515845e+00
9.416996548825515845e+00
9.416996548825515845e+00
9.416996548825515845e+00
9.416996548825515845e+00
9.416996548825515845e+00
9.416996548825515845e+00
9.416996548825515845e+00
9.416996548825515845e+00
9.416996548825515845e+00
9.416996548825515845e+00
8.145632380283011287e+00
9.986309353096411101e+00
9.986309353096411101e+00
9.986309353096411101e+00
9.986309353096411101e+00
9.986309353096411101e+00
9.986309353096411101e+00
9.986309353096411101e+00
9.986309353096411101e+00
9.986309353096411101e+00
9.986309353096411101e+00
9.986309353096411101e+00
9.986309353096411101e+00
9.986309353096411101e+00
9.986309353096411101e+00
9.986309353096411101e+00
9.986309353096411101e+00
9.986309353096411101e+00
9.986309353096411101e+00
9.986309353096411101e+00
9.986309353096411101e+00
9.986309353096411101e+00
9.986309353096411101e+00
9.986309353096411101e+00
9.986309353096411101e+00
9.002785390613398775e+00
9.002785390613398775e+00
9.002785390613398775e+00
9.002785390613398775e+00
9.002785390613398775e+00
9.002785390613398775e+00
9.002785390613398775e+00
9.002785390613398775e+00
9.002785390613398775e+00
9.002785390613398775e+00
9.030292293510971291e+00
9.030292293510971291e+00
9.030292293510971291e+00
9.030292293510971291e+00
9.030292293510971291e+00
9.030292293510971291e+00
9.030292293510971291e+00
9.030292293510971291e+00
9.309441785083652832e+00
9.309441785083652832e+00
9.309441785083652832e+00
9.309441785083652832e+00
9.309441785083652832e+00
9.309441785083652832e+00
9.309441785083652832e+00
9.779320836217280544e+00
9.779320836217280544e+00
9.779320836217280544e+00
9.779320836217280544e+00
9.779320836217280544e+00
9.608842622589889970e+00
8.125836623889091115e+00
8.125836623889091115e+00
8.125836623889091115e+00
9.701405175443351681e+00
9.701405175443351681e+00
9.701405175443351681e+00
9.701405175443351681e+00
9.701405175443351681e+00
9.701405175443351681e+00
9.701405175443351681e+00
9.822540951216682359e+00
9.822540951216682359e+00
9.822540951216682359e+00
9.822540951216682359e+00
9.822540951216682359e+00
9.822540951216682359e+00
9.822540951216682359e+00
9.822540951216682359e+00
9.822540951216682359e+00
9.822540951216682359e+00
9.822540951216682359e+00
9.498645666860324965e+00
9.498645666860324965e+00
9.498645666860324965e+00
9.498645666860324965e+00
9.498645666860324965e+00
9.498645666860324965e+00
9.769384099063694649e+00
9.769384099063694649e+00
9.769384099063694649e+00
9.769384099063694649e+00
9.769384099063694649e+00
9.769384099063694649e+00
9.769384099063694649e+00
9.769384099063694649e+00
9.769384099063694649e+00
9.769384099063694649e+00
9.769384099063694649e+00
9.769384099063694649e+00
9.769384099063694649e+00
9.769384099063694649e+00
9.769384099063694649e+00
9.769384099063694649e+00
9.769384099063694649e+00
9.769384099063694649e+00
9.769384099063694649e+00
9.769384099063694649e+00
9.769384099063694649e+00
9.769384099063694649e+00
9.769384099063694649e+00
9.769384099063694649e+00
9.769384099063694649e+00
9.769384099063694649e+00
9.769384099063694649e+00
9.769384099063694649e+00
9.769384099063694649e+00
9.769384099063694649e+00
9.769384099063694649e+00
9.769384099063694649e+00
9.769384099063694649e+00
9.769384099063694649e+00
9.769384099063694649e+00
9.927705681542748906e+00
9.927705681542748906e+00
9.927705681542748906e+00
9.927705681542748906e+00
9.927705681542748906e+00
9.927705681542748906e+00
9.927705681542748906e+00
9.927705681542748906e+00
9.927705681542748906e+00
9.927705681542748906e+00
9.927705681542748906e+00
9.927705681542748906e+00
9.927705681542748906e+00
9.927705681542748906e+00
9.927705681542748906e+00
9.927705681542748906e+00
9.927705681542748906e+00
9.927705681542748906e+00
9.927705681542748906e+00
9.927705681542748906e+00
9.927705681542748906e+00
9.927705681542748906e+00
9.927705681542748906e+00
9.927705681542748906e+00
9.927705681542748906e+00
9.927705681542748906e+00
9.927705681542748906e+00
9.927705681542748906e+00
9.927705681542748906e+00
9.927705681542748906e+00
9.927705681542748906e+00
9.927705681542748906e+00
9.927705681542748906e+00
9.927705681542748906e+00
9.927705681542748906e+00
9.831802372376023058e+00
9.831802372376023058e+00
9.831802372376023058e+00
9.831802372376023058e+00
9.831802372376023058e+00
9.831802372376023058e+00
9.831802372376023058e+00
9.831802372376023058e+00
9.831802372376023058e+00
9.831802372376023058e+00
9.831802372376023058e+00
9.831802372376023058e+00
9.831802372376023058e+00
9.831802372376023058e+00
9.831802372376023058e+00
9.831802372376023058e+00
9.831802372376023058e+00
9.831802372376023058e+00
9.831802372376023058e+00
9.831802372376023058e+00
9.831802372376023058e+00
9.831802372376023058e+00
9.831802372376023058e+00
9.831802372376023058e+00
9.831802372376023058e+00
9.831802372376023058e+00
9.831802372376023058e+00
9.831802372376023058e+00
9.831802372376023058e+00
9.831802372376023058e+00
9.831802372376023058e+00
9.831802372376023058e+00
9.831802372376023058e+00
9.831802372376023058e+00
9.831802372376023058e+00
9.831802372376023058e+00
9.831802372376023058e+00
9.831802372376023058e+00
9.831802372376023058e+00
9.831802372376023058e+00
9.831802372376023058e+00
9.831802372376023058e+00
9.831802372376023058e+00
9.831802372376023058e+00
9.831802372376023058e+00
9.831802372376023058e+00
9.831802372376023058e+00
9.831802372376023058e+00
9.831802372376023058e+00
9.831802372376023058e+00
9.831802372376023058e+00
9.831802372376023058e+00
9.831802372376023058e+00
9.831802372376023058e+00
9.868503684639266638e+00
9.868503684639266638e+00
9.868503684639266638e+00
9.868503684639266638e+00
9.868503684639266638e+00
9.868503684639266638e+00
9.868503684639266638e+00
9.868503684639266638e+00
9.868503684639266638e+00
9.868503684639266638e+00
9.868503684639266638e+00
7.078067783123931811e+00
7.078067783123931811e+00
8.879107412933850085e+00
8.879107412933850085e+00
8.879107412933850085e+00
8.879107412933850085e+00
9.746723660746432927e+00
9.746723660746432927e+00
9.746723660746432927e+00
9.746723660746432927e+00
9.746723660746432927e+00
9.746723660746432927e+00
9.746723660746432927e+00
9.746723660746432927e+00
9.746723660746432927e+00
9.746723660746432927e+00
9.746723660746432927e+00
9.941772311987485011e+00
9.941772311987485011e+00
9.941772311987485011e+00
9.941772311987485011e+00
9.941772311987485011e+00
9.941772311987485011e+00
9.941772311987485011e+00
9.941772311987485011e+00
9.941772311987485011e+00
9.941772311987485011e+00
9.941772311987485011e+00
9.941772311987485011e+00
9.941772311987485011e+00
9.941772311987485011e+00
9.941772311987485011e+00
9.941772311987485011e+00
9.941772311987485011e+00
9.941772311987485011e+00
9.941772311987485011e+00
9.941772311987485011e+00
9.941772311987485011e+00
9.941772311987485011e+00
9.941772311987485011e+00
9.941772311987485011e+00
9.941772311987485011e+00
9.941772311987485011e+00
9.941772311987485011e+00
9.941772311987485011e+00
9.941772311987485011e+00
9.941772311987485011e+00
9.941772311987485011e+00
