-6.500000000000000000e+01
-6.499949200214393841e+01
-6.499909558051605529e+01
-6.499876744115742611e+01
-6.499848689519427580e+01
-6.499824191972017218e+01
-6.499802463324940049e+01
-6.499782950171122309e+01
-6.499395682042231215e+01
-6.498180071897763810e+01
-6.495874291117161192e+01
-6.492448646873859275e+01
-6.488015147998122245e+01
-6.482739313298246486e+01
-6.476790095918212842e+01
-6.470320009643155856e+01
-6.463460794915340557e+01
-6.456324928700104238e+01
-6.449008443516902389e+01
-6.441593478803601158e+01
-6.434150260323021087e+01
-6.426738610925168871e+01
-6.419409156810978345e+01
-6.412204351730952112e+01
-6.405159389579156937e+01
-6.398303038882409055e+01
-6.391657716148203150e+01
-6.385239335690612705e+01
-6.379060941531130169e+01
-6.373132539571366095e+01
-6.367461262917142051e+01
-6.362051657208909461e+01
-6.356905999802978613e+01
-6.352024614605367958e+01
-6.347406165425854141e+01
-6.343047921029086211e+01
-6.338945990263451336e+01
-6.335095528235513029e+01
-6.331490915699789923e+01
-6.328125914297152832e+01
-6.324993800350458173e+01
-6.322087479805339427e+01
-6.319399586693200632e+01
-6.316922567249970655e+01
-6.314648751578700114e+01
-6.312570414512058647e+01
-6.310679827119169971e+01
-6.308969300112262601e+01
-6.307431220242209235e+01
-6.306058080626662843e+01
-6.304842505828255383e+01
-6.303777272391064912e+01
-6.302855325449164781e+01
-6.302069791939652532e+01
-6.301413990882297611e+01
-6.300881441127385330e+01
-6.300465866921035740e+01
-6.300161201592082705e+01
-6.299961589625574732e+01
-6.299861362140403998e+01
-6.299855051528709282e+01
-6.299937470311179766e+01
-6.300103665397178077e+01
-6.300348846415294446e+01
-6.300668373626393759e+01
-6.301057819204982735e+01
-6.301512954821483703e+01
-6.302029743177383381e+01
-6.302604331071420773e+01
-6.303233043126270019e+01
-6.303912375816904046e+01
-6.304638991640901224e+01
-6.305409713362050184e+01
-6.306221518303112106e+01
-6.307071532685498738e+01
-6.307957026023936464e+01
-6.308875405588496221e+01
-6.309824210947513734e+01
-6.310801108604452025e+01
-6.311803886740539582e+01
-6.312830450073467148e+01
-6.313878814840781928e+01
-6.314947103915069704e+01
-6.316033542056503336e+01
-6.317136451307022327e+01
-6.318254246529176754e+01
-6.319385431091627225e+01
-6.320528592702314086e+01
-6.321682399389516149e+01
-6.322845595630268178e+01
-6.324016998625017294e+01
-6.325195494716824385e+01
-6.326380035952990966e+01
-6.327569636786586926e+01
-6.328763370915032027e+01
-6.329960368252611147e+01
-6.331159812033598655e+01
-6.332360936042461219e+01
-6.333563021967514572e+01
-6.334765396874255572e+01
-6.335967430794573829e+01
-6.337168534427961930e+01
-6.338368156950840415e+01
-6.339565783930122223e+01
-6.340760935337134896e+01
-6.341953163658088499e+01
-6.343142052097279304e+01
-6.344327212869335142e+01
-6.345508285576823937e+01
-6.346684935669653527e+01
-6.347856852982775422e+01
-6.349023750348784034e+01
-6.350185362282096690e+01
-6.351341443731505620e+01
-6.352491768897994717e+01
-6.353636130114792024e+01
-6.354774336786765332e+01
-6.355906214386347131e+01
-6.357031603503278916e+01
-6.358150358945581360e+01
-6.359262348889244265e+01
-6.360367454074231830e+01
-6.361465567044499636e+01
-6.362556591429819264e+01
-6.363640441267286008e+01
-6.364717040360496014e+01
-6.365786321674445958e+01
-6.366848226764324892e+01
-6.367902705236410554e+01
-6.368949714239407456e+01
-6.369989217984610974e+01
-6.371021187293369081e+01
-6.372045599170387931e+01
-6.373062436401495745e+01
-6.374071687174544110e+01
-6.375073344722193980e+01
-6.376067406985399089e+01
-6.377053876296445623e+01
-6.378032759080489456e+01
-6.379004065574553550e+01
-6.379967809563031977e+01
-6.380924008128778979e+01
-6.381872681418912663e+01
-6.382813852424506962e+01
-6.383747546773399506e+01
-6.384673792535368619e+01
-6.385592620038984535e+01
-6.386504061699466916e+01
-6.387408151856932648e+01
-6.388304926624426372e+01
-6.389194423745190221e+01
-6.390076682458627744e+01
-6.390951743374473892e+01
-6.391819648354689321e+01
-6.392680440402635611e+01
-6.393534163559109373e+01
-6.394380862804837307e+01
-6.395172300794648379e+01
-6.395797859570581778e+01
-6.396119891157268000e+01
-6.396018295511573371e+01
-6.395416707111780141e+01
-6.394287648675971525e+01
-6.392644911549916742e+01
-6.390531408396551427e+01
-6.388007409001032499e+01
-6.385141173790144364e+01
-6.382002333517777259e+01
-6.378657640680004448e+01
-6.375168518310506016e+01
-6.371589864412314341e+01
-6.367969679753369405e+01
-6.364349203099057206e+01
-6.360763335762824511e+01
-6.357241211373314371e+01
-6.353806819482987578e+01
-6.350479627702459595e+01
-6.347275170934035060e+01
-6.344205591653526000e+01
-6.341280124784435657e+01
-6.338505526469844398e+01
-6.335886449319198732e+01
-6.333425768397498956e+01
-6.331124862935480735e+01
-6.328983858864637568e+01
-6.327001837073181889e+01
-6.325177011897896051e+01
-6.323506883910629028e+01
-6.321988370585898309e+01
-6.320617917980963796e+01
-6.319391596139565337e+01
-6.318286748875321734e+01
-6.317257521987180979e+01
-6.316248940817337854e+01
-6.315213325992197468e+01
-6.314119032792827113e+01
-6.312951400713831873e+01
-6.311709498325013357e+01
-6.310401746564505743e+01
-6.309042019159011261e+01
-6.307646727328765479e+01
-6.306232859734721075e+01
-6.304816769516369845e+01
-6.303413487228437617e+01
-6.302036381488500183e+01
-6.300697039548328604e+01
-6.299405281497593023e+01
-6.298168953685293303e+01
-6.296994238115509290e+01
-6.295886220392062427e+01
-6.294848891799763635e+01
-6.293885226283329359e+01
-6.292997285430278964e+01
-6.292186330804868533e+01
-6.291452933718615270e+01
-6.290797077652020874e+01
-6.290218251239759439e+01
-6.289715531196164733e+01
-6.289287655350383233e+01
-6.288933086373940995e+01
-6.288650066979352005e+01
-6.288436667439174244e+01
-6.288290826274597123e+01
-6.288210384923051066e+01
-6.288193117134660071e+01
-6.288236753778900123e+01
-6.288339003672400196e+01
-6.288497570970331907e+01
-6.288710169599443844e+01
-6.288974535151601941e+01
-6.289288434603129474e+01
-6.289649674177314154e+01
-6.290056105624907445e+01
-6.290505631160015554e+01
-6.290996207255924588e+01
-6.291525847476795974e+01
-6.292092624496249442e+01
-6.292694671432323617e+01
-6.293330182609616941e+01
-6.293997413843376876e+01
-6.267697859562181151e+01
-6.239944431202896880e+01
-6.215764842242879951e+01
-6.195435473266829973e+01
-6.178497198579572824e+01
-6.164439408771958284e+01
-6.152820864065456874e+01
-6.143275283711817281e+01
-6.135500456095114430e+01
-6.129246015758916855e+01
-6.124302965805139110e+01
-6.120495338704531463e+01
-6.117673730741012150e+01
-6.115710323017560768e+01
-6.114495034658781236e+01
-6.113893070875073477e+01
-6.113749380525651134e+01
-6.113919895046058173e+01
-6.114292612310578789e+01
-6.114791225527124396e+01
-6.115368817499872023e+01
-6.115999078337105743e+01
-6.116668733035582761e+01
-6.117372146370662733e+01
-6.116995678633574585e+01
-6.115244439790836850e+01
-6.112308469809941869e+01
-6.108484558455014479e+01
-6.104044488746193764e+01
-6.099208896828223203e+01
-6.094150047026374040e+01
-6.088998656971155299e+01
-6.083856967018591888e+01
-6.078804598009423898e+01
-6.073903255209698671e+01
-6.069200390600872907e+01
-6.064732046931163012e+01
-6.060525081748500753e+01
-6.056598923350963304e+01
-6.052966970640533617e+01
-6.049637718943088771e+01
-6.046615672378025863e+01
-6.043902088070795031e+01
-6.041495586547827656e+01
-6.039392654704029439e+01
-6.037588061875224810e+01
-6.036011322676089463e+01
-6.034552465039612912e+01
-6.033113423478826576e+01
-6.031633093605586282e+01
-6.030087535605060367e+01
-6.028479983212515236e+01
-6.026829997243908821e+01
-6.025165120963576726e+01
-6.023515390375124667e+01
-6.021910077057758315e+01
-6.020375938265987514e+01
-6.018936407183831250e+01
-6.017611339026192496e+01
-6.016417070177098481e+01
-6.015366642852882961e+01
-6.014470107909136942e+01
-6.013734855119469103e+01
-6.011185670609928167e+01
-6.006893665198884946e+01
-6.001590360690724424e+01
-5.995861074420799497e+01
-5.990051856042762779e+01
-5.984352076508132967e+01
-5.978865321981282932e+01
-5.973649568740068361e+01
-5.968738421505938874e+01
-5.964151995727171141e+01
-5.959902480120413060e+01
-5.955997018096817897e+01
-5.952439246252915694e+01
-5.949230161339369261e+01
-5.946368650268777856e+01
-5.943851848552515804e+01
-5.941675408186094387e+01
-5.939833714362413275e+01
-5.938320070129809380e+01
-5.937126858420976561e+01
-5.936245686331849214e+01
-5.935667514433190206e+01
-5.935382772937656171e+01
-5.935381466094588632e+01
-5.935653265953256152e+01
-5.936187596493675045e+01
-5.936973709018334944e+01
-5.938000749607516582e+01
-5.939257819358753210e+01
-5.940734028055883442e+01
-5.942418541845228930e+01
-5.944300625435872831e+01
-5.946369679287852250e+01
-5.948405583693979537e+01
-5.950173037533994602e+01
-5.951566248268810000e+01
-5.952603171237394974e+01
-5.953367366053508647e+01
-5.953960065280811875e+01
-5.954474549878972311e+01
-5.954986573210616996e+01
-5.955553182502059428e+01
-5.956215004925874723e+01
-5.956999481045358635e+01
-5.957923961782454825e+01
-5.958998301068310610e+01
-5.960226891659964821e+01
-5.961610210008741717e+01
-5.963145966503776663e+01
-5.964829952835617632e+01
-5.966656662527461208e+01
-5.968619743748757855e+01
-5.970712328862032336e+01
-5.972927273552943461e+01
-5.975257329620539792e+01
-5.977695269025112879e+01
-5.980233972061339642e+01
-5.982866489087953710e+01
-5.985586082748952919e+01
-5.988386255803696656e+01
-5.991260768354453603e+01
-5.994203647284158620e+01
-5.997209189997148115e+01
-6.000271964022179816e+01
-6.003386590698538328e+01
-6.006545744638007278e+01
-6.009743730482627910e+01
-6.012975791372618772e+01
-6.016237763947206219e+01
-6.019525891686757291e+01
-6.022836719394022253e+01
-6.026167031853805156e+01
-6.029513817126145625e+01
-6.032874243691783533e+01
-6.036245645390972925e+01
-6.039625510727125857e+01
-6.043011474596668364e+01
-6.046401311356894581e+01
-6.049792928629776867e+01
-6.053184361516725431e+01
-6.056573767055819957e+01
-6.059959418840069389e+01
-6.063339701762556189e+01
-6.066713106878885498e+01
-6.070078226389286158e+01
-6.073433748747643079e+01
-6.076778453905966160e+01
-6.080111208702236070e+01
-6.083430962398126951e+01
-6.086736742371460451e+01
-6.090027649966553014e+01
-6.093302856504136145e+01
-6.096561599451180768e+01
-6.099803178749866817e+01
-6.103026953303990609e+01
-6.106230383644624737e+01
-6.109412022702570511e+01
-6.112571122383750577e+01
-6.115707299975382938e+01
-6.118820365438394049e+01
-6.121910229357266076e+01
-6.124976853905118901e+01
-6.128020227254657470e+01
-6.131040350788828164e+01
-6.134037233214866092e+01
-6.137010888301920630e+01
-6.139961334427037087e+01
-6.142888594938945346e+01
-6.145792698813158239e+01
-6.148673681331166563e+01
-6.151531584659432639e+01
-6.154366458280757968e+01
-6.157178359270367451e+01
-6.159967352428173371e+01
-6.162733510286597749e+01
-6.165476913015358917e+01
-6.168197648243757669e+01
-6.170895810818833382e+01
-6.173571502515187603e+01
-6.176224831709716767e+01
-6.178855913032176517e+01
-6.181464867000445196e+01
-6.184051819647640258e+01
-6.186616902146781882e+01
-6.189160250437503663e+01
-6.191682004858326849e+01
-6.194182309787199614e+01
-6.196661313292359807e+01
-6.199119166795036762e+01
-6.201556024745065088e+01
-6.203971233069060531e+01
-6.206364177317273345e+01
-6.208734763121531586e+01
-6.211083146573408698e+01
-6.213409600807199951e+01
-6.215714447408063137e+01
-6.217998021220929417e+01
-6.220260652938483759e+01
-6.222502661186679518e+01
-6.224724349610630014e+01
-6.226926006504260869e+01
-6.229107905649125598e+01
-6.231270307649182172e+01
-6.233413461392033383e+01
-6.235537605455716204e+01
-6.237642969381914071e+01
-6.239729774789855554e+01
-6.241798236331863592e+01
-6.243848562503676902e+01
-6.245880956327163602e+01
-6.247895615923619772e+01
-6.249892734994635646e+01
-6.251872503225529698e+01
-6.253835106624249818e+01
-6.255758930808671892e+01
-6.257594158200676304e+01
-6.259276827848589164e+01
-6.260747387229952210e+01
-6.261962929125746058e+01
-6.262901347226782889e+01
-6.263559871921162880e+01
-6.263950933245051544e+01
-6.264097414789089413e+01
-6.264028388437358075e+01
-6.263775743947779517e+01
-6.263371753966165301e+01
-6.262847448343647727e+01
-6.262231621589918262e+01
-6.261550303497612902e+01
-6.260826550945510860e+01
-6.260080451294548709e+01
-6.259329257106784183e+01
-6.258587595681444782e+01
-6.257867714993574992e+01
-6.257179740833949921e+01
-6.256531929306778750e+01
-6.255930905301490697e+01
-6.255381881907519670e+01
-6.254888858598540224e+01
-6.254454797829830426e+01
-6.254081780798485113e+01
-6.253771143744441474e+01
-6.253523596483790925e+01
-6.253339324977088154e+01
-6.253218079720809186e+01
-6.253159251661300289e+01
-6.253161937201421239e+01
-6.253224993722829339e+01
-6.253347086895404061e+01
-6.253526730898180830e+01
-6.253762322538246110e+01
-6.254052170127786070e+01
-6.254394517865890180e+01
-6.254787566370692531e+01
-6.255229489918518482e+01
-6.255718450868940295e+01
-6.256252611687006038e+01
-6.256830144915388559e+01
-6.257449241398643380e+01
-6.258108117018305450e+01
-6.258805018160204270e+01
-6.259538226103335035e+01
-6.260306060492224844e+01
-6.261106882031240417e+01
-6.261939094519230053e+01
-6.262801146325725199e+01
-6.263691531395279810e+01
-6.264608789853996740e+01
-6.265551508281571103e+01
-6.265305156566432032e+01
-6.263664993322208829e+01
-6.260973819953223085e+01
-6.257612339698219728e+01
-6.253859288786468795e+01
-6.249897767846225349e+01
-6.245846382462917745e+01
-6.241783948068044907e+01
-6.236099427144387874e+01
-6.228368075547424354e+01
-6.219013138503363791e+01
-6.208644059050711661e+01
-6.197783765365465314e+01
-6.186815157615289706e+01
-6.175997008330568860e+01
-6.165502096949732191e+01
-6.155442299122712768e+01
-6.145887392926672987e+01
-6.136878290423538829e+01
-6.128436143598097630e+01
-6.120568575730260363e+01
-6.113273951080179103e+01
-6.106544312521809559e+01
-6.100367413099537828e+01
-6.094728128505916231e+01
-6.089605648242591229e+01
-6.084980198243458460e+01
-6.080832622543339028e+01
-6.077144062799027324e+01
-6.073895855143419453e+01
-6.071069518209178284e+01
-6.068646779060095042e+01
-6.066609612514967154e+01
-6.064940282462114141e+01
-6.063621380135812444e+01
-6.062635857459397215e+01
-6.061967055062493870e+01
-6.061598725251446496e+01
-6.061515050465200005e+01
-6.061700657799510594e+01
-6.062140630142761211e+01
-6.062820514394078231e+01
-6.063726327156788898e+01
-6.064844558229851401e+01
-6.066162172161033084e+01
-6.067666608078918955e+01
-6.069345777984885615e+01
-6.071188063659293732e+01
-6.073182312316227893e+01
